Wavelength_microns Throughput
0.5481500244140625 0.0
0.5491500244140625 0.0
0.5501500244140625 5.44747140475988e-10
0.5511500244140625 8.039740597045387e-10
0.5521500244140625 1.0604436311203464e-09
0.5531500244140625 1.3914661150960248e-09
0.5541500244140625 1.4836428661819403e-09
0.5551500244140625 1.6682114094628641e-09
0.5561500244140625 1.774195685153797e-09
0.5571500244140625 1.9297618008391118e-09
0.5581500244140625 1.5861896212900984e-09
0.5591500244140625 9.471236504886016e-10
0.5601500244140625 9.235646758181049e-10
0.5611500244140625 1.1068569682068335e-09
0.5621500244140625 1.0750562183266307e-09
0.5631500244140625 1.1214052560056912e-09
0.5641500244140625 1.3567391053827603e-09
0.5651500244140625 1.8489295395914023e-09
0.5661500244140625 2.6310616221995386e-09
0.5671500244140625 3.079485767464165e-09
0.5681500244140625 4.049209205696795e-09
0.5691500244140625 4.013425934810769e-09
0.5701500244140625 4.875444935690705e-09
0.5711500244140625 4.970834731185773e-09
0.5721500244140625 5.770802963284154e-09
0.5731500244140625 5.08742667258661e-09
0.5741500244140625 4.750464920445148e-09
0.5751500244140625 4.486447701260084e-09
0.5761500244140625 5.122818166906315e-09
0.5771500244140625 5.630359248095238e-09
0.5781500244140625 5.67247857428765e-09
0.5791500244140625 5.893216148235171e-09
0.5801500244140625 6.8896419624322186e-09
0.5811500244140625 8.510762719688485e-09
0.5821500244140625 9.85585418531172e-09
0.5831500244140625 1.1188931836813455e-08
0.5841500244140625 1.161408963279892e-08
0.5851500244140625 1.2047996717084901e-08
0.5861500244140625 1.238389703773071e-08
0.5871500244140625 1.5916626630481417e-08
0.5881500244140625 1.9056903967871067e-08
0.5891500244140625 2.1548387576343455e-08
0.5901500244140625 2.4491815050770836e-08
0.5911500244140625 2.6828949557275786e-08
0.5921500244140625 3.139109581889515e-08
0.5931500244140625 3.4038257805441376e-08
0.5941500244140625 4.27356153127525e-08
0.5951500244140625 4.8899296970569885e-08
0.5961500244140625 5.8022485405734255e-08
0.5971500244140625 8.896041302925488e-08
0.5981500244140625 2.0412188875311753e-07
0.5991500244140625 7.080310448191356e-07
0.6001500244140625 2.444099880565756e-06
0.6011500244140625 9.137737497370554e-06
0.6021500244140625 4.417018180533201e-05
0.6031500244140625 0.00018827259435748314
0.6041500244140625 0.0007485830537922596
0.6051500244140625 0.0024667898436860577
0.6061500244140625 0.006196372817465825
0.6071500244140625 0.012339802297986313
0.6081500244140625 0.020408836499573844
0.6091500244140625 0.0290981755627546
0.6101500244140625 0.03703706497436823
0.6111500244140625 0.04337661941432315
0.6121500244140625 0.04810011171747467
0.6131500244140625 0.05153040373265494
0.6141500244140625 0.05427951669613201
0.6151500244140625 0.05674762871058836
0.6161500244140625 0.05926635306569856
0.6171500244140625 0.06191664831078099
0.6181500244140625 0.06460015982065757
0.6191500244140625 0.06725252957738158
0.6201500244140625 0.06986460526724875
0.6211500244140625 0.0720072555967616
0.6221500244140625 0.07372786042832594
0.6231500244140625 0.07494176889139532
0.6241500244140625 0.07639174483933989
0.6251500244140625 0.07778527682438666
0.6261500244140625 0.0788561891664402
0.6271500244140625 0.07973466536563545
0.6281500244140625 0.08047102134519805
0.6291500244140625 0.0811057574860298
0.6301500244140625 0.08157406205820238
0.6311500244140625 0.0819816981980933
0.6321500244140625 0.08262728059400118
0.6331500244140625 0.08381019584648415
0.6341500244140625 0.08556914292201952
0.6351500244140625 0.0876854157791579
0.6361500244140625 0.08989608859547196
0.6371500244140625 0.09197725379113773
0.6381500244140625 0.09375594131168923
0.6391500244140625 0.09536564605749026
0.6401500244140625 0.09691550197785377
0.6411500244140625 0.0985631582817595
0.6421500244140625 0.10022364532644917
0.6431500244140625 0.10184295245920444
0.6441500244140625 0.10331960150542105
0.6451500244140626 0.10457980215014165
0.6461500244140626 0.10571408108717817
0.6471500244140626 0.10694042941839639
0.6481500244140626 0.10841234336811488
0.6491500244140626 0.11011370131038883
0.6501500244140626 0.11191234674503997
0.6511500244140624 0.11360873879119002
0.6521500244140624 0.11511286671228818
0.6531500244140624 0.11623443805632096
0.6541500244140624 0.11712544867614291
0.6551500244140624 0.11786062125193819
0.6561500244140624 0.11852242328831118
0.6571500244140625 0.11910307326888371
0.6581500244140625 0.11975261503422527
0.6591500244140625 0.12069602032001521
0.6601500244140625 0.12196407101403188
0.6611500244140625 0.12362415757094378
0.6621500244140625 0.1257464726181825
0.6631500244140625 0.1282725930763081
0.6641500244140625 0.1309660681984355
0.6651500244140625 0.13365138622257566
0.6661500244140625 0.1359823133974187
0.6671500244140625 0.13766959709944443
0.6681500244140625 0.13874197749612022
0.6691500244140625 0.13952725977999308
0.6701500244140625 0.14024215597219478
0.6711500244140625 0.1408404247266547
0.6721500244140625 0.14131795778081038
0.6731500244140625 0.14188903269277714
0.6741500244140625 0.14252391885275206
0.6751500244140625 0.14330153881592717
0.6761500244140625 0.14428393624319275
0.6771500244140625 0.14550326851745787
0.6781500244140625 0.14711956346528923
0.6791500244140625 0.14909456041907107
0.6801500244140625 0.15135244622610794
0.6811500244140625 0.1536351201106191
0.6821500244140625 0.15565985342256383
0.6831500244140625 0.15728865193503028
0.6841500244140625 0.15872686307540304
0.6851500244140625 0.1600733274137734
0.6861500244140625 0.1613822742629492
0.6871500244140625 0.16269801193546915
0.6881500244140625 0.16419630078007952
0.6891500244140625 0.1658183338628795
0.6901500244140625 0.16719317205707296
0.6911500244140625 0.1677998555060741
0.6921500244140625 0.16750648148537547
0.6931500244140625 0.166169041282675
0.6941500244140625 0.16402183989068822
0.6951500244140625 0.16170403584660722
0.6961500244140625 0.1598762729568853
0.6971500244140625 0.15929744648808247
0.6981500244140625 0.16014905165928667
0.6991500244140625 0.16238243887200693
0.7001500244140625 0.16547998030322364
0.7011500244140625 0.1688520537080533
0.7021500244140625 0.17181376529563963
0.7031500244140625 0.17408921872465286
0.7041500244140625 0.17541001342319162
0.7051500244140625 0.17615433480170364
0.7061500244140625 0.17656322128012128
0.7071500244140625 0.17715223867750457
0.7081500244140625 0.177959301403862
0.7091500244140625 0.17889237051492585
0.7101500244140625 0.179207309936452
0.7111500244140625 0.1784891203214994
0.7121500244140625 0.17675337494191318
0.7131500244140625 0.17455793576115222
0.7141500244140625 0.1730157071776214
0.7151500244140625 0.172374932538598
0.7161500244140625 0.1725045421877539
0.7171500244140625 0.17244748402091425
0.7181500244140625 0.17151331159422925
0.7191500244140625 0.16960699444945046
0.7201500244140625 0.167324672330179
0.7211500244140625 0.16576160187112668
0.7221500244140625 0.16598499318690677
0.7231500244140625 0.16831604086567467
0.7241500244140625 0.17226925204963311
0.7251500244140625 0.1767639953404571
0.7261500244140625 0.1810942600965368
0.7271500244140625 0.1844921067801084
0.7281500244140625 0.1867757482580709
0.7291500244140625 0.18799968949948362
0.7301500244140625 0.18848985247989053
0.7311500244140625 0.1879166853306846
0.7321500244140625 0.1865252712364811
0.7331500244140625 0.18454378087826187
0.7341500244140625 0.1820817319015496
0.7351500244140625 0.17944573140291
0.7361500244140625 0.17717112044470787
0.7371500244140625 0.17569622835109647
0.7381500244140625 0.17507537021086375
0.7391500244140625 0.17514714176057214
0.7401500244140625 0.1754617272741206
0.7411500244140625 0.17572907785707678
0.7421500244140625 0.17601460214371414
0.7431500244140625 0.17679410788038977
0.7441500244140625 0.17836352134446426
0.7451500244140625 0.18084933863850344
0.7461500244140625 0.18375888566067047
0.7471500244140625 0.18648541886218434
0.7481500244140625 0.18848151455006715
0.7491500244140625 0.18982934634592774
0.7501500244140625 0.19049559537575816
0.7511500244140625 0.1907138638626684
0.7521500244140625 0.19030317623025822
0.7531500244140625 0.18885170170303356
0.7541500244140625 0.18631030641326665
0.7551500244140625 0.18293100578765184
0.7561500244140625 0.17937881412756052
0.7571500244140625 0.1764888667943871
0.7581500244140625 0.17476930855860942
0.7591500244140625 0.1741702920999931
0.7601500244140625 0.1742209867232013
0.7611500244140625 0.1747818953123574
0.7621500244140625 0.1756311931259495
0.7631500244140625 0.17714970153516904
0.7641500244140625 0.1795649024958012
0.7651500244140625 0.18312089933648396
0.7661500244140625 0.18681623162942973
0.7671500244140625 0.19001044664248878
0.7681500244140625 0.19159705462945045
0.7691500244140625 0.19182236642090084
0.7701500244140626 0.19053211300709516
0.7711500244140626 0.1886937908821195
0.7721500244140626 0.1864663041859721
0.7731500244140626 0.18371627684374328
0.7741500244140626 0.18023129827589593
0.7751500244140626 0.1761670467607576
0.7761500244140624 0.17134338005666297
0.7771500244140624 0.1643907693923516
0.7781500244140624 0.15402693368710957
0.7791500244140624 0.13934169400511948
0.7801500244140624 0.12107986488952574
0.7811500244140624 0.100640973708344
0.7821500244140625 0.08010508945061313
0.7831500244140625 0.06101769905973366
0.7841500244140625 0.04466001326054556
0.7851500244140625 0.031494690205655665
0.7861500244140625 0.02151433824654938
0.7871500244140625 0.014381991728995748
0.7881500244140625 0.009569978420211336
0.7891500244140625 0.006443928418803781
0.7901500244140625 0.00445540757725521
0.7911500244140625 0.0031271159920374055
0.7921500244140625 0.0022492194483027714
0.7931500244140625 0.0016018545157450424
0.7941500244140625 0.0011521957054569248
0.7951500244140625 0.000839309216719899
0.7961500244140625 0.0006167782665872468
0.7971500244140625 0.0004567150340044031
0.7981500244140625 0.0003396882601361004
0.7991500244140625 0.00025521428448011457
0.8001500244140625 0.00019442162227837083
0.8011500244140625 0.00014838614510771274
0.8021500244140625 0.00011368168422864308
0.8031500244140625 8.78450933679696e-05
0.8041500244140625 6.870149296038123e-05
0.8051500244140625 5.456799795512203e-05
0.8061500244140625 4.389430781230157e-05
0.8071500244140625 3.5731063091300305e-05
0.8081500244140625 2.93558494888079e-05
0.8091500244140625 2.4355942873332273e-05
0.8101500244140625 2.041508061309657e-05
0.8111500244140625 1.716952538940929e-05
0.8121500244140625 1.4665596096364018e-05
0.8131500244140625 1.2634336530600951e-05
0.8141500244140625 1.10978407969702e-05
0.8151500244140625 9.889334897095203e-06
0.8161500244140625 9.020575141558121e-06
0.8171500244140625 8.251070729187475e-06
0.8181500244140625 7.597686136741037e-06
0.8191500244140625 6.965168980925658e-06
0.8201500244140625 6.500760163364749e-06
0.8211500244140625 6.1127481736112724e-06
0.8221500244140625 5.838197608846113e-06
0.8231500244140625 5.559335111754385e-06
0.8241500244140625 5.340416789172617e-06
0.8251500244140625 5.095612145623019e-06
0.8261500244140625 4.9332355607691016e-06
0.8271500244140625 4.8152818736414725e-06
0.8281500244140625 4.7660243306612335e-06
0.8291500244140625 4.676597289165035e-06
0.8301500244140625 4.50562453969483e-06
0.8311500244140625 4.325780454157723e-06
0.8321500244140625 4.238201453422361e-06
0.8331500244140625 4.290562513955779e-06
0.8341500244140625 4.352700917772964e-06
0.8351500244140625 4.265976749472224e-06
0.8361500244140625 3.979516796719139e-06
0.8371500244140625 3.6054617086412794e-06
0.8381500244140625 3.2590370250893344e-06
0.8391500244140625 3.1221267245808144e-06
0.8401500244140625 3.2112353176604883e-06
0.8411500244140625 3.475547909785787e-06
0.8421500244140625 3.7209103197446903e-06
0.8431500244140625 3.7717128701503222e-06
0.8441500244140625 3.7093144893031698e-06
0.8451500244140625 3.4409023926083574e-06
0.8461500244140625 3.1806107914799818e-06
0.8471500244140625 2.821923578557291e-06
0.8481500244140625 2.5552892423821906e-06
0.8491500244140625 2.360264251324813e-06
0.8501500244140625 0.0
0.8511500244140625 0.0
