Wavelength_microns Throughput
0.5501500244140625 1.9172672325784305e-09
0.5511500244140625 1.992490043503762e-09
0.5521500244140625 3.2343112063433166e-09
0.5531500244140625 4.6388717749666575e-09
0.5541500244140625 4.743874177341171e-09
0.5551500244140625 4.693145852281836e-09
0.5561500244140625 4.5220590921137234e-09
0.5571500244140625 5.759799479941526e-09
0.5581500244140625 7.1790291702270205e-09
0.5591500244140625 7.426907791542791e-09
0.5601500244140625 6.592344416320069e-09
0.5611500244140625 6.213870205070144e-09
0.5621500244140625 6.0627871948840586e-09
0.5631500244140625 6.55607892344941e-09
0.5641500244140625 6.735633877544088e-09
0.5651500244140625 7.606281016580374e-09
0.5661500244140625 8.676767336525332e-09
0.5671500244140625 8.917081728032495e-09
0.5681500244140625 1.0221056840854374e-08
0.5691500244140625 9.340532861791911e-09
0.5701500244140625 1.1018927325782112e-08
0.5711500244140625 1.092407231141505e-08
0.5721500244140625 1.2539664761643672e-08
0.5731500244140625 1.0455873984937842e-08
0.5741500244140625 1.121380156861276e-08
0.5751500244140625 1.1880591464514618e-08
0.5761500244140625 1.5248568125992714e-08
0.5771500244140625 1.8064800109202795e-08
0.5781500244140625 2.110520307381614e-08
0.5791500244140625 2.5332576949756127e-08
0.5801500244140625 3.122055612595276e-08
0.5811500244140625 3.654563415552548e-08
0.5821500244140625 3.935055597065159e-08
0.5831500244140625 4.01066210488323e-08
0.5841500244140625 3.9613375904125856e-08
0.5851500244140625 3.992643596311963e-08
0.5861500244140625 4.057564953115071e-08
0.5871500244140625 4.876852904712639e-08
0.5881500244140625 5.28124540857953e-08
0.5891500244140625 5.7275898320819516e-08
0.5901500244140625 6.3249269077602e-08
0.5911500244140625 6.46601067317416e-08
0.5921500244140625 7.263965664716776e-08
0.5931500244140625 7.426315733168413e-08
0.5941500244140625 8.851882538672226e-08
0.5951500244140625 9.446755610879282e-08
0.5961500244140625 1.031166394099733e-07
0.5971500244140625 1.2526718052415576e-07
0.5981500244140625 1.9715615418943442e-07
0.5991500244140625 5.197320619145825e-07
0.6001500244140625 1.8679150812284822e-06
0.6011500244140625 6.8816965397137455e-06
0.6021500244140625 2.277422051887954e-05
0.6031500244140625 0.00011087457301670734
0.6041500244140625 0.00046097688536711544
0.6051500244140625 0.0014849261988487768
0.6061500244140625 0.004549567762776624
0.6071500244140625 0.01117056681808398
0.6081500244140625 0.022692382035230396
0.6091500244140625 0.038585479242938564
0.6101500244140625 0.056438857792895834
0.6111500244140625 0.07325443218535055
0.6121500244140625 0.08608619468515803
0.6131500244140625 0.09389996144678925
0.6141500244140625 0.09794249739349725
0.6151500244140625 0.09965658147234967
0.6161500244140625 0.10172780560913204
0.6171500244140625 0.10518872890874065
0.6181500244140625 0.10968056699446657
0.6191500244140625 0.11480688601816467
0.6201500244140625 0.11958235409799196
0.6211500244140625 0.12399564197507526
0.6221500244140625 0.1279223117694848
0.6231500244140625 0.13107585994109588
0.6241500244140625 0.1336286189014343
0.6251500244140625 0.1353515468323158
0.6261500244140625 0.13666196968410307
0.6271500244140625 0.13744973815995534
0.6281500244140625 0.13787751627461806
0.6291500244140625 0.1380333136837557
0.6301500244140625 0.1378570049444869
0.6311500244140625 0.1374432768960342
0.6321500244140625 0.13670544868640597
0.6331500244140625 0.1369798146036435
0.6341500244140625 0.13851013733069137
0.6351500244140625 0.14101399999355435
0.6361500244140625 0.14448327946558803
0.6371500244140625 0.14790715268040325
0.6381500244140625 0.1508030926707463
0.6391500244140625 0.15325032093355914
0.6401500244140625 0.15482312997649886
0.6411500244140625 0.156321393772836
0.6421500244140625 0.15783051210618995
0.6431500244140625 0.15930688026417447
0.6441500244140625 0.16096994988809374
0.6451500244140626 0.16232936617844826
0.6461500244140626 0.1631365193274171
0.6471500244140626 0.16370997983225574
0.6481500244140626 0.1642934221968805
0.6491500244140626 0.16500613696966843
0.6501500244140626 0.16617161127118873
0.6511500244140624 0.1668521462308292
0.6521500244140624 0.16738136474533316
0.6531500244140624 0.16802530023217882
0.6541500244140624 0.16874542183724514
0.6551500244140624 0.16939870708943192
0.6561500244140624 0.17022302590189087
0.6571500244140625 0.1706084227637868
0.6581500244140625 0.1711045293988488
0.6591500244140625 0.1720599065478866
0.6601500244140625 0.1735378099840647
0.6611500244140625 0.17487859868314223
0.6621500244140625 0.17653750928465647
0.6631500244140625 0.17854070197659122
0.6641500244140625 0.18106179294305
0.6651500244140625 0.18361228335847238
0.6661500244140625 0.18599240337270195
0.6671500244140625 0.18739905768082918
0.6681500244140625 0.18796864531848595
0.6691500244140625 0.18782266982688428
0.6701500244140625 0.18695666575408645
0.6711500244140625 0.1856645964196374
0.6721500244140625 0.1843051627832462
0.6731500244140625 0.18321385794690986
0.6741500244140625 0.18222059245244404
0.6751500244140625 0.18152713872564472
0.6761500244140625 0.1817225947616275
0.6771500244140625 0.1825894764229042
0.6781500244140625 0.18367802346285464
0.6791500244140625 0.18554094896803036
0.6801500244140625 0.1882660604172361
0.6811500244140625 0.191312255320898
0.6821500244140625 0.193954151566313
0.6831500244140625 0.195854516545124
0.6841500244140625 0.19772202796201074
0.6851500244140625 0.19903097826298424
0.6861500244140625 0.20027295070855441
0.6871500244140625 0.20106340929949457
0.6881500244140625 0.2018679265792807
0.6891500244140625 0.20306247784067338
0.6901500244140625 0.2041699717910191
0.6911500244140625 0.20474135534646343
0.6921500244140625 0.2042572076894396
0.6931500244140625 0.2026470557301908
0.6941500244140625 0.2002499285046484
0.6951500244140625 0.19728921693657814
0.6961500244140625 0.19482227449194228
0.6971500244140625 0.19342345974240183
0.6981500244140625 0.1933997943980966
0.6991500244140625 0.19504503629543266
0.7001500244140625 0.19811304908947303
0.7011500244140625 0.2022022496278206
0.7021500244140625 0.2056603061786586
0.7031500244140625 0.20896921915791067
0.7041500244140625 0.21139552855827018
0.7051500244140625 0.2125583200291459
0.7061500244140625 0.21354723102143758
0.7071500244140625 0.21385618146511173
0.7081500244140625 0.2145175898408653
0.7091500244140625 0.21556889914125843
0.7101500244140625 0.21600957748687147
0.7111500244140625 0.21625481784013448
0.7121500244140625 0.21506418501054694
0.7131500244140625 0.21288407252531275
0.7141500244140625 0.21034795661061806
0.7151500244140625 0.208715442683186
0.7161500244140625 0.2085375896227915
0.7171500244140625 0.20980516384596481
0.7181500244140625 0.21142151892141015
0.7191500244140625 0.21174994324174035
0.7201500244140625 0.2103151694588546
0.7211500244140625 0.207721320226953
0.7221500244140625 0.20600085610461066
0.7231500244140625 0.20674667437381003
0.7241500244140625 0.21013702465897152
0.7251500244140625 0.21561315647924517
0.7261500244140625 0.22172644037279438
0.7271500244140625 0.227115860894206
0.7281500244140625 0.23108882514736886
0.7291500244140625 0.23376460391360845
0.7301500244140625 0.23542653374738662
0.7311500244140625 0.23577619338457712
0.7321500244140625 0.23623951927001874
0.7331500244140625 0.23600921186073284
0.7341500244140625 0.23459989718102686
0.7351500244140625 0.23248385187195075
0.7361500244140625 0.22999299925371128
0.7371500244140625 0.22756336140805003
0.7381500244140625 0.22615493179624804
0.7391500244140625 0.22608305256032293
0.7401500244140625 0.2268797306416876
0.7411500244140625 0.22826645379003577
0.7421500244140625 0.2289280135777512
0.7431500244140625 0.22928106727230418
0.7441500244140625 0.23030556726911142
0.7451500244140625 0.23271120966462608
0.7461500244140625 0.23592397716241573
0.7471500244140625 0.2403700995577834
0.7481500244140625 0.24387110529720787
0.7491500244140625 0.24656456070978716
0.7501500244140625 0.24766867218052996
0.7511500244140625 0.24820286444956657
0.7521500244140625 0.24897987044795
0.7531500244140625 0.24877497242093435
0.7541500244140625 0.24784480624066152
0.7551500244140625 0.2444253858547708
0.7561500244140625 0.23917089793959956
0.7571500244140625 0.23347723435753145
0.7581500244140625 0.2293360294211071
0.7591500244140625 0.22728376063535105
0.7601500244140625 0.22775427697171408
0.7611500244140625 0.2293720891249098
0.7621500244140625 0.23062151181636825
0.7631500244140625 0.23216056660334908
0.7641500244140625 0.23400071551785617
0.7651500244140625 0.23747102751813698
0.7661500244140625 0.24202903478887725
0.7671500244140625 0.24667410828245806
0.7681500244140625 0.24923070827286414
0.7691500244140625 0.24964787898950966
0.7701500244140626 0.24810680609401567
0.7711500244140626 0.2450609127870246
0.7721500244140626 0.24151377912101782
0.7731500244140626 0.2364830142927979
0.7741500244140626 0.23002875821396154
0.7751500244140626 0.22129647292902263
0.7761500244140624 0.2102617439165589
0.7771500244140624 0.19551548503711944
0.7781500244140624 0.17541227372746293
0.7791500244140624 0.1498056759663111
0.7801500244140624 0.12080400223687389
0.7811500244140624 0.09210088603077939
0.7821500244140625 0.06688036837778578
0.7831500244140625 0.04677764114487785
0.7841500244140625 0.03184051384256126
0.7851500244140625 0.02132308163992449
0.7861500244140625 0.01408305824828232
0.7871500244140625 0.009328674280074157
0.7881500244140625 0.006191579121303001
0.7891500244140625 0.004212612614714339
0.7901500244140625 0.002874295644082638
0.7911500244140625 0.002020982827033333
0.7921500244140625 0.0014694977227873091
0.7931500244140625 0.0010941448320838296
0.7941500244140625 0.0008195094695629875
0.7951500244140625 0.0006176722456613731
0.7961500244140625 0.0004697684212860349
0.7971500244140625 0.0003626227629047176
0.7981500244140625 0.000282518991815755
0.7991500244140625 0.00022146936805752683
0.8001500244140625 0.00017505033160888467
0.8011500244140625 0.00013947101480447764
0.8021500244140625 0.00011127223946644514
0.8031500244140625 8.949691541656571e-05
0.8041500244140625 7.191180262931109e-05
0.8051500244140625 5.815536153098176e-05
0.8061500244140625 4.704438457278706e-05
0.8071500244140625 3.812066291459667e-05
0.8081500244140625 3.0935637395825175e-05
0.8091500244140625 2.5361137600019466e-05
0.8101500244140625 2.119309884888985e-05
0.8111500244140625 1.770393551640743e-05
0.8121500244140625 1.4771211173498336e-05
0.8131500244140625 1.2062883197416019e-05
0.8141500244140625 9.917139857711362e-06
0.8151500244140625 8.3578910268772e-06
0.8161500244140625 7.303426317187138e-06
0.8171500244140625 6.3707405752422465e-06
0.8181500244140625 5.462418349477087e-06
0.8191500244140625 4.634945876768625e-06
0.8201500244140625 4.062801215914364e-06
0.8211500244140625 3.6796657863633923e-06
0.8221500244140625 3.3169934771110644e-06
0.8231500244140625 2.8549969084035693e-06
0.8241500244140625 2.3668253681916146e-06
0.8251500244140625 1.9050068184108255e-06
0.8261500244140625 1.6014941355979333e-06
0.8271500244140625 1.4540131475238705e-06
0.8281500244140625 1.3713940007940355e-06
0.8291500244140625 1.3065372524513347e-06
0.8301500244140625 1.1882259920053973e-06
0.8311500244140625 1.0996582587291253e-06
0.8321500244140625 9.763841313810297e-07
0.8331500244140625 8.624169213603335e-07
0.8341500244140625 7.699447842919652e-07
0.8351500244140625 6.945448064273272e-07
0.8361500244140625 6.659299142575822e-07
0.8371500244140625 6.538445140922014e-07
0.8381500244140625 6.255148803920494e-07
0.8391500244140625 5.707100780304799e-07
0.8401500244140625 4.856981665906112e-07
0.8411500244140625 4.3539769672615664e-07
0.8421500244140625 3.966343961660835e-07
0.8431500244140625 3.4968926317997595e-07
0.8441500244140625 3.2533661948739794e-07
0.8451500244140625 2.921246598866843e-07
0.8461500244140625 3.183422129372602e-07
0.8471500244140625 3.283999824732936e-07
0.8481500244140625 3.20994217586568e-07
0.8491500244140625 2.978891311677891e-07
0.8501500244140625 2.7712539626302525e-07
0.8511500244140625 2.3788802917754085e-07
0.8521500244140625 2.2400137936977112e-07
0.8531500244140625 1.9317163468385946e-07
0.8541500244140625 2.027003561385394e-07
0.8551500244140625 1.7458653093761162e-07
0.8561500244140625 1.9324843750115015e-07
0.8571500244140625 1.6064224728923815e-07
0.8581500244140625 1.409333812569077e-07
0.8591500244140625 1.0529150962007627e-07
0.8601500244140625 2.2060720286800692e-07
0.8611500244140625 2.2963396190803887e-07
0.8621500244140625 2.1474787151433968e-07
0.8631500244140625 2.526692154028083e-07
0.8641500244140625 3.3286525034188136e-07
0.8651500244140625 4.4042648743049083e-07
0.8661500244140625 2.81412318924473e-07
0.8671500244140625 2.1851129969841746e-07
0.8681500244140625 2.1823776705874541e-07
0.8691500244140625 2.5325729455379095e-07
0.8701500244140625 3.2538615534700214e-07
0.8711500244140625 2.8758180231970217e-07
0.8721500244140625 2.9327044751517186e-07
0.8731500244140625 2.9296778567358926e-07
0.8741500244140625 3.2147099726222435e-07
0.8751500244140625 3.3033770813849203e-07
0.8761500244140625 2.5861951006964357e-07
0.8771500244140625 1.7061944033754073e-07
0.8781500244140625 1.4395187506215574e-07
0.8791500244140625 4.5796267529664504e-07
0.8801500244140625 5.70291567508148e-07
0.8811500244140625 8.403417799494314e-07
0.8821500244140625 5.261852413540057e-07
0.8831500244140625 8.266087587562564e-07
0.8841500244140625 8.892023149407951e-07
0.8851500244140625 8.329717179025175e-07
0.8861500244140625 5.328732555171482e-07
0.8871500244140625 2.1330711106456747e-07
0.8881500244140625 3.525839893021824e-07
0.8891500244140625 2.79480473944532e-07
0.8901500244140625 5.110525044361634e-07
0.8911500244140625 3.7247814767202415e-07
0.8921500244140625 6.194116063959348e-07
0.8931500244140625 3.835226740280464e-07
0.8941500244140625 5.140835379150771e-07
0.8951500244140626 1.2491740193519383e-06
0.8961500244140626 2.0540292982383093e-06
0.8971500244140626 6.728974273378559e-06
0.8981500244140626 1.0523184938620242e-05
0.8991500244140626 1.4143727270710961e-05
0.9001500244140626 1.3330244239671115e-05
0.9011500244140624 1.282780171134424e-05
0.9021500244140624 1.2537805886402086e-05
0.9031500244140624 1.2623783344659596e-05
0.9041500244140624 1.2435887199945353e-05
0.9051500244140624 1.24025458030355e-05
0.9061500244140624 1.296544727970005e-05
0.9071500244140625 1.3479033209772434e-05
0.9081500244140625 1.3323237551086799e-05
0.9091500244140625 1.2603510266430786e-05
0.9101500244140625 1.1825972699601425e-05
0.9111500244140625 1.1708983698076734e-05
0.9121500244140625 1.147186412430014e-05
0.9131500244140625 1.1096642932119644e-05
0.9141500244140625 1.0853766847051604e-05
0.9151500244140625 1.0793912333581791e-05
0.9161500244140625 1.0471254658387578e-05
0.9171500244140625 1.0451121680305524e-05
0.9181500244140625 1.0064676147270723e-05
0.9191500244140625 9.909427129488042e-06
0.9201500244140625 9.245463941082151e-06
0.9211500244140625 9.123783518406221e-06
0.9221500244140625 9.336129335946373e-06
0.9231500244140625 9.678316788851329e-06
0.9241500244140625 9.585994136973074e-06
0.9251500244140625 8.69417917173643e-06
0.9261500244140625 8.353044359969819e-06
0.9271500244140625 7.987148058601385e-06
0.9281500244140625 8.433905676005809e-06
0.9291500244140625 8.054821557387184e-06
0.9301500244140625 8.021563805934956e-06
0.9311500244140625 7.95492726776225e-06
0.9321500244140625 8.430695637330466e-06
0.9331500244140625 8.58224689976226e-06
0.9341500244140625 8.620460156818574e-06
0.9351500244140625 8.162199831042978e-06
0.9361500244140625 7.76370886121625e-06
0.9371500244140625 7.620563560385186e-06
0.9381500244140625 7.5687173842768735e-06
0.9391500244140625 7.490682067333543e-06
0.9401500244140625 7.61659207904341e-06
0.9411500244140625 7.2637159774614545e-06
0.9421500244140625 7.740746679866727e-06
0.9431500244140625 7.086184488428973e-06
0.9441500244140625 6.971835352836042e-06
0.9451500244140625 6.412934466215712e-06
0.9461500244140625 6.321446334451588e-06
0.9471500244140625 6.466942029566279e-06
0.9481500244140625 6.452753557332896e-06
0.9491500244140625 6.5852509373664575e-06
0.9501500244140625 6.340879942037068e-06
0.9511500244140625 6.375468850098258e-06
0.9521500244140625 6.03584112101987e-06
0.9531500244140625 5.959428501822113e-06
0.9541500244140625 5.436829606838631e-06
0.9551500244140625 5.478650856788015e-06
0.9561500244140625 5.7334603278353295e-06
0.9571500244140625 5.978352496832097e-06
0.9581500244140625 6.143667968209255e-06
0.9591500244140625 5.830029409489935e-06
0.9601500244140625 5.848596742122476e-06
0.9611500244140625 5.508254376197337e-06
0.9621500244140625 5.2986907868430045e-06
0.9631500244140625 5.139511574781891e-06
0.9641500244140625 5.094901464416375e-06
0.9651500244140625 5.351526789431421e-06
0.9661500244140625 5.256717351259109e-06
0.9671500244140625 5.269216567684965e-06
0.9681500244140625 5.092822515568298e-06
0.9691500244140625 4.956115978921002e-06
0.9701500244140625 5.0168726556851275e-06
0.9711500244140625 4.860671051845779e-06
0.9721500244140625 4.724912508913436e-06
0.9731500244140625 4.479469385935432e-06
0.9741500244140625 4.4330627254141425e-06
0.9751500244140625 4.513091358415248e-06
0.9761500244140625 4.515869278592933e-06
0.9771500244140625 4.761328696873495e-06
0.9781500244140625 4.628162572269832e-06
0.9791500244140625 4.649825490031458e-06
0.9801500244140625 4.6283801597262614e-06
0.9811500244140625 4.867430412657931e-06
0.9821500244140625 4.8580160459525245e-06
0.9831500244140625 4.773660169902961e-06
0.9841500244140625 4.708812343505688e-06
0.9851500244140625 4.484453311670859e-06
0.9861500244140625 4.21217402897687e-06
0.9871500244140625 4.016002222220442e-06
0.9881500244140625 4.182841618430154e-06
0.9891500244140625 4.2259742664948836e-06
0.9901500244140625 4.350814550561685e-06
0.9911500244140625 4.449647616293413e-06
0.9921500244140625 4.415963116123278e-06
0.9931500244140625 4.1628962855830055e-06
0.9941500244140625 4.072973956428457e-06
0.9951500244140625 4.0225808359775585e-06
0.9961500244140625 4.217122871770433e-06
0.9971500244140625 4.122047911879068e-06
0.9981500244140625 4.126151099026691e-06
0.9991500244140625 4.0785331674810975e-06
1.0001500244140624 3.938894985896677e-06
1.0011500244140625 3.959684064473556e-06
1.0021500244140624 3.8809061886864495e-06
1.0031500244140625 3.9969137420370804e-06
1.0041500244140624 3.900907629410467e-06
1.0051500244140625 3.925563304800586e-06
1.0061500244140624 3.819934989731665e-06
1.0071500244140625 3.923095119749064e-06
1.0081500244140624 3.859705530728238e-06
1.0091500244140625 4.018364538272567e-06
1.0101500244140624 3.845520967238834e-06
1.0111500244140625 4.0331015647701475e-06
1.0121500244140624 3.758162286120364e-06
1.0131500244140625 3.7977164651956925e-06
1.0141500244140624 3.6505390647604097e-06
1.0151500244140625 3.687315053695079e-06
1.0161500244140624 3.5317323072411816e-06
1.0171500244140625 3.277898383750226e-06
1.0181500244140624 3.329883680593678e-06
1.0191500244140625 3.5811777843328556e-06
1.0201500244140624 3.623751447933977e-06
1.0211500244140626 3.6642091669329848e-06
1.0221500244140624 3.467501015385609e-06
1.0231500244140626 3.3612535504492563e-06
1.0241500244140624 3.308510336226434e-06
1.0251500244140626 3.2977928279400252e-06
1.0261500244140624 3.5468018841332177e-06
1.0271500244140626 3.5538706232655417e-06
1.0281500244140624 3.570430765759241e-06
1.0291500244140626 3.3552211498740178e-06
1.0301500244140624 3.3213714960986993e-06
1.0311500244140626 3.343630562511279e-06
1.0321500244140625 3.4120793465822917e-06
1.0331500244140626 3.208963121874613e-06
1.0341500244140625 3.073213187269041e-06
1.0351500244140626 2.9936471010583742e-06
1.0361500244140625 3.1649940370364144e-06
1.0371500244140626 3.270152464145504e-06
1.0381500244140625 3.2771212740044065e-06
1.0391500244140626 3.3145890682979016e-06
1.0401500244140625 3.2184976756233137e-06
1.0411500244140626 3.244918956985201e-06
1.0421500244140625 3.078010882642078e-06
1.0431500244140626 3.016677819558682e-06
1.0441500244140625 3.082373623138406e-06
1.0451500244140626 3.0436481518148307e-06
1.0461500244140625 2.9615053166023164e-06
1.0471500244140626 2.8264317404375303e-06
1.0481500244140625 2.7858894643965814e-06
1.0491500244140626 2.904105229960759e-06
1.0501500244140625 2.826829080416626e-06
1.0511500244140626 3.0223799611876044e-06
1.0521500244140625 3.074812354539361e-06
1.0531500244140626 3.0372358029380835e-06
1.0541500244140625 3.0433632747648732e-06
1.0551500244140626 3.094274207817401e-06
1.0561500244140625 3.333723945563956e-06
1.0571500244140626 3.278161913169453e-06
1.0581500244140625 3.193238592663045e-06
1.0591500244140626 3.0197931567955702e-06
1.0601500244140625 2.9390960546032885e-06
1.0611500244140626 2.967316283172887e-06
1.0621500244140625 3.0065504151118557e-06
1.0631500244140626 3.1052651056263725e-06
1.0641500244140625 3.008969839291344e-06
1.0651500244140626 3.196924820659998e-06
1.0661500244140625 3.0851912644783074e-06
1.0671500244140626 3.1307295096337866e-06
1.0681500244140625 2.996229687443676e-06
1.0691500244140626 3.0261306341782035e-06
1.0701500244140625 2.922263892306324e-06
1.0711500244140626 3.000700237110435e-06
1.0721500244140625 3.0626987066378566e-06
1.0731500244140626 3.200213687409405e-06
1.0741500244140625 2.9859060788263525e-06
1.0751500244140626 2.7537720370265743e-06
1.0761500244140625 2.6502417487510623e-06
1.0771500244140626 2.702373642883618e-06
1.0781500244140625 2.835378749576974e-06
1.0791500244140626 2.9982391224150053e-06
1.0801500244140625 2.9913017970200113e-06
1.0811500244140626 3.1422551509729547e-06
1.0821500244140625 3.1133160324132844e-06
1.0831500244140626 3.064655798808802e-06
1.0841500244140625 2.8505626743920032e-06
1.0851500244140626 2.8155817837563236e-06
1.0861500244140625 2.800060576085415e-06
1.0871500244140626 2.837417199820348e-06
1.0881500244140625 2.648461209646336e-06
1.0891500244140624 2.822766537150055e-06
1.0901500244140625 2.7155199949185903e-06
1.0911500244140624 2.766332169833929e-06
1.0921500244140625 2.7772651096294277e-06
1.0931500244140624 2.7701714583230077e-06
1.0941500244140625 2.867199013722027e-06
1.0951500244140624 2.6293812424658534e-06
1.0961500244140625 2.789387275399342e-06
1.0971500244140624 2.6538083205001594e-06
1.0981500244140625 2.7451207006722556e-06
1.0991500244140624 2.6723039767221856e-06
1.1001500244140625 2.8312144694430414e-06
1.1011500244140624 2.8699215524743745e-06
1.1021500244140625 2.9589352697083708e-06
1.1031500244140624 2.936399210050386e-06
1.1041500244140625 2.9559223707383315e-06
1.1051500244140624 2.9116909803291213e-06
1.1061500244140625 2.7925040365272054e-06
1.1071500244140624 2.7068328220618943e-06
1.1081500244140625 2.6891608321717053e-06
1.1091500244140624 2.7443944662750883e-06
1.1101500244140625 2.7453269386570463e-06
1.1111500244140624 2.701533362244152e-06
1.1121500244140625 2.744754095768068e-06
1.1131500244140624 2.721792963158635e-06
1.1141500244140625 2.756452517269503e-06
1.1151500244140624 2.762116233053876e-06
1.1161500244140625 2.9551330682769277e-06
1.1171500244140624 3.0325852024810494e-06
1.1181500244140625 3.227496759006921e-06
1.1191500244140624 3.383554446911489e-06
1.1201500244140625 3.6652957531388546e-06
1.1211500244140624 3.882739854896477e-06
1.1221500244140625 4.1107043699413886e-06
1.1231500244140624 4.218219785499807e-06
1.1241500244140625 4.36210591338907e-06
1.1251500244140624 4.7095186040752365e-06
1.1261500244140625 5.038826528385153e-06
1.1271500244140624 5.254615802907607e-06
1.1281500244140625 5.300933822845536e-06
1.1291500244140624 5.4852863072263325e-06
1.1301500244140625 5.649570309074952e-06
1.1311500244140624 5.866924248736861e-06
1.1321500244140625 6.114065508029316e-06
1.1331500244140624 6.449477941907752e-06
1.1341500244140625 6.74792857375731e-06
1.1351500244140624 6.742524421564029e-06
1.1361500244140625 6.8537893205403136e-06
1.1371500244140624 6.7578209006806536e-06
1.1381500244140625 6.825177450709026e-06
1.1391500244140624 6.7281575979729745e-06
1.1401500244140625 6.697344560225423e-06
1.1411500244140624 6.707747806828304e-06
1.1421500244140625 6.589843530562654e-06
1.1431500244140624 6.529791057244283e-06
1.1441500244140625 6.156746065377999e-06
1.1451500244140624 5.926996128552143e-06
1.1461500244140626 5.66954760806105e-06
1.1471500244140624 5.580794699948706e-06
1.1481500244140626 5.425165495784896e-06
1.1491500244140624 5.11967036890543e-06
1.1501500244140626 4.958332058713012e-06
1.1511500244140624 4.695362911500821e-06
1.1521500244140626 4.3889697066383256e-06
1.1531500244140624 4.2225336016528685e-06
1.1541500244140626 3.9784880486358125e-06
1.1551500244140624 3.990302303363202e-06
1.1561500244140626 3.7362871173697115e-06
1.1571500244140625 3.6980147964601505e-06
1.1581500244140626 3.536370519037969e-06
1.1591500244140625 3.548508511412216e-06
1.1601500244140626 3.4846713957509984e-06
1.1611500244140625 3.4155650590569096e-06
1.1621500244140626 3.3698113256275995e-06
1.1631500244140625 3.265885530248132e-06
1.1641500244140626 3.3410155265582706e-06
1.1651500244140625 3.267746614788095e-06
1.1661500244140626 3.2406107641687375e-06
1.1671500244140625 2.983974253779213e-06
1.1681500244140626 2.9078383671152175e-06
1.1691500244140625 2.8026341435005735e-06
1.1701500244140626 2.8784060277740837e-06
1.1711500244140625 2.8326095948914696e-06
1.1721500244140626 2.9988413348253135e-06
1.1731500244140625 3.107184063986982e-06
1.1741500244140626 3.1869197143008166e-06
1.1751500244140625 3.148142192731162e-06
1.1761500244140626 3.121435694367889e-06
1.1771500244140625 3.0458594661225378e-06
1.1781500244140626 3.010988793431944e-06
1.1791500244140625 2.906018086609045e-06
1.1801500244140626 2.9396574064550357e-06
1.1811500244140625 2.9687274614694664e-06
1.1821500244140626 2.9879036609810145e-06
1.1831500244140625 3.002553087066176e-06
1.1841500244140626 3.1189242356091736e-06
1.1851500244140625 3.154004118616495e-06
1.1861500244140626 3.1158172188139918e-06
1.1871500244140625 2.9877438356698545e-06
1.1881500244140626 2.965273157566511e-06
1.1891500244140625 3.105403325056299e-06
1.1901500244140626 3.231384577291022e-06
1.1911500244140625 3.252507021051047e-06
1.1921500244140626 3.192028763995813e-06
1.1931500244140625 3.0921298068901523e-06
1.1941500244140626 3.107136886139095e-06
1.1951500244140625 3.196094263654691e-06
1.1961500244140626 3.31305538177808e-06
1.1971500244140625 3.3340716435233344e-06
1.1981500244140626 3.346842012908547e-06
1.1991500244140625 3.2753412653809593e-06
1.2001500244140626 3.308384075232389e-06
1.2011500244140625 3.347110754638757e-06
1.2021500244140626 3.238149280058106e-06
1.2031500244140625 3.2126455016145886e-06
1.2041500244140626 3.164884713927624e-06
1.2051500244140625 3.3819265350777826e-06
1.2061500244140626 3.3023593511617197e-06
1.2071500244140625 3.299587009362609e-06
1.2081500244140626 3.0725812640125147e-06
1.2091500244140625 3.1866540813443385e-06
1.2101500244140626 3.0175146649101146e-06
1.2111500244140625 3.1286751656592134e-06
1.2121500244140626 3.0584049527142313e-06
1.2131500244140625 3.2199813707884196e-06
1.2141500244140624 3.272820027181522e-06
1.2151500244140625 3.395801377046477e-06
1.2161500244140624 3.405959773216808e-06
1.2171500244140625 3.322381808878984e-06
1.2181500244140624 3.1225188837533915e-06
1.2191500244140625 3.0466684550474106e-06
1.2201500244140624 3.0598319347961812e-06
1.2211500244140625 3.2365657430461023e-06
1.2221500244140624 3.2659794927471897e-06
1.2231500244140625 3.185569663098814e-06
1.2241500244140624 3.1410537017886063e-06
1.2251500244140625 3.1801415339339225e-06
1.2261500244140624 3.3159932896056995e-06
1.2271500244140625 3.3101914415153914e-06
1.2281500244140624 3.1831575930411977e-06
1.2291500244140625 3.129164756582065e-06
1.2301500244140624 2.972120820944497e-06
1.2311500244140625 2.992136056670997e-06
1.2321500244140624 2.8783215314207487e-06
1.2331500244140625 2.989564975568243e-06
1.2341500244140624 3.012519229733949e-06
1.2351500244140625 2.9489623504985374e-06
1.2361500244140624 2.918453238633935e-06
1.2371500244140625 2.8214669254744704e-06
1.2381500244140624 2.9178532861100984e-06
1.2391500244140625 2.8252960602082604e-06
1.2401500244140624 2.9367349598512864e-06
1.2411500244140625 2.8667003315918465e-06
1.2421500244140624 2.9448992766900793e-06
1.2431500244140625 2.824364135047671e-06
1.2441500244140624 2.8562487086184594e-06
1.2451500244140625 2.834204842234312e-06
1.2461500244140624 2.866182283570713e-06
1.2471500244140625 3.0205117729568267e-06
1.2481500244140624 3.0398766609494637e-06
1.2491500244140625 3.0277072816516693e-06
1.2501500244140624 2.8823747602249775e-06
1.2511500244140625 2.933968791191517e-06
1.2521500244140624 3.03944910285945e-06
1.2531500244140625 3.167999991405149e-06
1.2541500244140624 3.3373043052752464e-06
1.2551500244140625 3.487760712068376e-06
1.2561500244140624 3.4769952088642467e-06
1.2571500244140625 3.5419519619368746e-06
1.2581500244140624 3.6181123736537854e-06
1.2591500244140625 3.808936021616396e-06
1.2601500244140624 3.827493214382259e-06
1.2611500244140625 3.860071774946598e-06
1.2621500244140624 3.9901873580347855e-06
1.2631500244140625 4.078954326431723e-06
1.2641500244140624 4.202309977579698e-06
1.2651500244140625 4.201948907665337e-06
1.2661500244140624 4.161439765757514e-06
1.2671500244140625 4.156976170676982e-06
1.2681500244140624 4.013845770361225e-06
1.2691500244140625 4.007711215835652e-06
1.2701500244140624 3.960494786476343e-06
1.2711500244140626 3.989349065482057e-06
1.2721500244140624 4.042134740897611e-06
1.2731500244140626 3.983765859017768e-06
1.2741500244140624 4.196928541947649e-06
1.2751500244140626 4.154519152050553e-06
1.2761500244140624 4.11753445523242e-06
1.2771500244140626 3.895388723599146e-06
1.2781500244140624 3.7107021285434597e-06
1.2791500244140626 3.5645345949687705e-06
1.2801500244140624 3.5388101276556326e-06
1.2811500244140626 3.571637284852985e-06
1.2821500244140625 3.5572039956567116e-06
1.2831500244140626 3.515582287514639e-06
1.2841500244140625 3.3257087633272574e-06
1.2851500244140626 3.313508888253727e-06
1.2861500244140625 3.0632408993727843e-06
1.2871500244140626 3.190439038103677e-06
1.2881500244140625 2.8900871419452595e-06
1.2891500244140626 3.0038148059206716e-06
1.2901500244140625 2.8181743643348145e-06
1.2911500244140626 3.0110655965837433e-06
1.2921500244140625 2.867244039113503e-06
1.2931500244140626 3.0358929914878407e-06
1.2941500244140625 2.9318469112752053e-06
1.2951500244140626 2.9826754428120974e-06
1.2961500244140625 2.892169462564499e-06
1.2971500244140626 3.0044979066532462e-06
1.2981500244140625 3.028491384434994e-06
1.2991500244140626 3.150689039577874e-06
1.3001500244140625 3.1732132067819683e-06
1.3011500244140626 3.263076389351724e-06
1.3021500244140625 3.289524887330656e-06
1.3031500244140626 3.2292589198693716e-06
1.3041500244140625 3.2192185896704825e-06
1.3051500244140626 3.263074803902614e-06
1.3061500244140625 3.5065861450012227e-06
1.3071500244140626 3.668251205154145e-06
1.3081500244140625 3.702722626062742e-06
1.3091500244140626 3.995427204666119e-06
1.3101500244140625 4.177610501525402e-06
1.3111500244140626 4.403112532712855e-06
1.3121500244140625 4.3452375559275e-06
1.3131500244140626 4.430428282743725e-06
1.3141500244140625 4.552711970509515e-06
1.3151500244140626 4.714401554444675e-06
1.3161500244140625 4.83171037833395e-06
1.3171500244140626 4.879815076427141e-06
1.3181500244140625 4.8424832619696435e-06
1.3191500244140626 4.944312715432693e-06
1.3201500244140625 4.914351559686947e-06
1.3211500244140626 4.911256318602138e-06
1.3221500244140625 4.8117089490933864e-06
1.3231500244140626 4.89028414349766e-06
1.3241500244140625 4.94033956703058e-06
1.3251500244140626 4.866689888317508e-06
1.3261500244140625 4.614871175264483e-06
1.3271500244140626 4.526767273460806e-06
1.3281500244140625 4.514735399089101e-06
1.3291500244140626 4.548707307181857e-06
1.3301500244140625 4.4607679824844705e-06
1.3311500244140626 4.304301247780758e-06
1.3321500244140625 4.270652612216671e-06
1.3331500244140626 4.044901904543881e-06
1.3341500244140625 3.886662901226389e-06
1.3351500244140626 3.6881634715385353e-06
1.3361500244140625 3.719306825028584e-06
1.3371500244140626 3.743212882593503e-06
1.3381500244140625 3.5751833754241636e-06
1.3391500244140624 3.556261575330048e-06
1.3401500244140625 3.4627336480700953e-06
1.3411500244140624 3.5123574693209325e-06
1.3421500244140625 3.3880357636729235e-06
1.3431500244140624 3.3585973305891997e-06
1.3441500244140625 3.337332379662277e-06
1.3451500244140624 3.2797341810752076e-06
1.3461500244140625 3.303263634486776e-06
1.3471500244140624 3.3052671040607814e-06
1.3481500244140625 3.4462937308903395e-06
1.3491500244140624 3.515277256586569e-06
1.3501500244140625 3.6031544434763244e-06
1.3511500244140624 3.4610129736655586e-06
1.3521500244140625 3.5722281653484463e-06
1.3531500244140624 3.5760735333453463e-06
1.3541500244140625 3.687555922321649e-06
1.3551500244140624 3.7248956074243482e-06
1.3561500244140625 3.7834596716025684e-06
1.3571500244140624 3.969920012939553e-06
1.3581500244140625 3.786507076865122e-06
1.3591500244140624 3.745627192716142e-06
1.3601500244140625 3.7372951259917174e-06
1.3611500244140624 3.8567242531191535e-06
1.3621500244140625 3.812334179319668e-06
1.3631500244140624 3.85643671402796e-06
1.3641500244140625 3.877041585487667e-06
1.3651500244140624 4.276912414089398e-06
1.3661500244140625 4.197629106899305e-06
1.3671500244140624 4.334781672422988e-06
1.3681500244140625 3.981552652965187e-06
1.3691500244140624 4.070965109673506e-06
1.3701500244140625 4.225197193417955e-06
1.3711500244140624 4.651391093257998e-06
1.3721500244140625 4.6479824820054456e-06
1.3731500244140624 4.560540298506483e-06
1.3741500244140625 4.519548419066345e-06
1.3751500244140624 4.997059189956525e-06
1.3761500244140625 5.35050298271968e-06
1.3771500244140624 5.351626078420048e-06
1.3781500244140625 5.358087167928911e-06
1.3791500244140624 5.121917519021859e-06
1.3801500244140625 5.104903050566094e-06
1.3811500244140624 5.062184287808996e-06
1.3821500244140625 5.239056017004536e-06
1.3831500244140624 5.505745346304717e-06
1.3841500244140625 5.490835550745491e-06
1.3851500244140624 5.414220008853434e-06
1.3861500244140625 5.3950128418219696e-06
1.3871500244140624 5.40147063390721e-06
1.3881500244140625 5.449695603552716e-06
1.3891500244140624 5.178713986075187e-06
1.3901500244140625 4.933448881256271e-06
1.3911500244140624 4.770706443958728e-06
1.3921500244140625 4.7994213641591e-06
1.3931500244140624 4.880251915129887e-06
1.3941500244140625 4.919490330113671e-06
1.3951500244140624 4.966392607348127e-06
1.3961500244140626 4.770600493909397e-06
1.3971500244140624 4.658662310961432e-06
1.3981500244140626 4.4022535954866785e-06
1.3991500244140624 4.484295629211849e-06
1.4001500244140626 4.336461266353749e-06
1.4011500244140624 4.444765523676414e-06
1.4021500244140626 4.3076166259575925e-06
1.4031500244140624 4.24003576391326e-06
1.4041500244140626 4.029063772966904e-06
1.4051500244140624 3.874949311873714e-06
1.4061500244140626 3.860414166267351e-06
1.4071500244140625 3.82425330565661e-06
1.4081500244140626 3.968041342175049e-06
1.4091500244140625 3.824685108840697e-06
1.4101500244140626 4.011846970031687e-06
1.4111500244140625 3.853282474717832e-06
1.4121500244140626 3.8227495115315254e-06
1.4131500244140625 3.72489953950384e-06
1.4141500244140626 3.776821052211299e-06
1.4151500244140625 3.817588749808174e-06
1.4161500244140626 3.6613220911678465e-06
1.4171500244140625 3.5569846805546803e-06
1.4181500244140626 3.627143463791714e-06
1.4191500244140625 3.7471985314621045e-06
1.4201500244140626 3.846669446697882e-06
1.4211500244140625 3.809942291909377e-06
1.4221500244140626 3.7736332215412984e-06
1.4231500244140625 3.6635785218661186e-06
1.4241500244140626 3.875777825368227e-06
1.4251500244140625 3.66505394711017e-06
1.4261500244140626 3.6341875109200545e-06
1.4271500244140625 3.43632773036784e-06
1.4281500244140626 3.637583171408605e-06
1.4291500244140625 3.6819563230527415e-06
1.4301500244140626 3.6281732158146837e-06
1.4311500244140625 3.658074553580755e-06
1.4321500244140626 3.623650175710993e-06
1.4331500244140625 3.713813314905315e-06
1.4341500244140626 3.919005953369289e-06
1.4351500244140625 4.174179584493683e-06
1.4361500244140626 4.365994491312705e-06
1.4371500244140625 4.1303823530727204e-06
1.4381500244140626 3.962654860948437e-06
1.4391500244140625 3.714610247401268e-06
1.4401500244140626 3.951491946728643e-06
1.4411500244140625 4.003690791615287e-06
1.4421500244140626 4.103341670919358e-06
1.4431500244140625 3.857977177850853e-06
1.4441500244140626 3.7324401309150054e-06
1.4451500244140625 3.838867681967709e-06
1.4461500244140626 3.798207939756633e-06
1.4471500244140625 3.898011256104231e-06
1.4481500244140626 3.817683557719338e-06
1.4491500244140625 3.7029994854126788e-06
1.4501500244140626 3.6651030669033977e-06
1.4511500244140625 3.623988402243856e-06
1.4521500244140626 3.7742432206106573e-06
1.4531500244140625 3.717722195999052e-06
1.4541500244140626 3.566531113574291e-06
1.4551500244140625 3.635833022753486e-06
1.4561500244140626 3.6891114027202944e-06
1.4571500244140625 3.8540653772224446e-06
1.4581500244140626 4.0439688751452175e-06
1.4591500244140625 4.100714766227878e-06
1.4601500244140626 4.178957089056963e-06
1.4611500244140625 3.967659590521744e-06
1.4621500244140626 4.03909629783622e-06
1.4631500244140625 3.834414199988677e-06
1.4641500244140624 4.010076377954415e-06
1.4651500244140625 3.93929334172352e-06
1.4661500244140624 4.186797378842801e-06
1.4671500244140625 4.0305834834804e-06
1.4681500244140624 4.050745168945049e-06
1.4691500244140625 4.16935535693469e-06
1.4701500244140624 4.1948365457264425e-06
1.4711500244140625 4.189638138393521e-06
1.4721500244140624 4.027261152332983e-06
1.4731500244140625 4.111724012264461e-06
1.4741500244140624 3.991282828287208e-06
1.4751500244140625 3.9042115917622255e-06
1.4761500244140624 3.821821465882677e-06
1.4771500244140625 4.0194972659591055e-06
1.4781500244140624 4.044368506251213e-06
1.4791500244140625 4.030454319718751e-06
1.4801500244140624 4.014339739955118e-06
1.4811500244140625 3.938073941916252e-06
1.4821500244140624 3.894257959359233e-06
1.4831500244140625 3.8123604515204284e-06
1.4841500244140624 3.868928386564507e-06
1.4851500244140625 3.84577464373375e-06
1.4861500244140624 4.073091539548482e-06
1.4871500244140625 4.116109726394942e-06
1.4881500244140624 4.376076677823616e-06
1.4891500244140625 4.319488688110833e-06
1.4901500244140624 4.330967189442263e-06
1.4911500244140625 4.229217542019047e-06
1.4921500244140624 4.239033743818559e-06
1.4931500244140625 4.36346320662097e-06
1.4941500244140624 4.463720841980049e-06
1.4951500244140625 4.529188820515906e-06
1.4961500244140624 4.406470394973769e-06
1.4971500244140625 4.29072260955353e-06
1.4981500244140624 4.11602889170932e-06
1.4991500244140625 4.132187608162972e-06
1.5001500244140624 4.154292737881531e-06
1.5011500244140625 4.226672650407947e-06
1.5021500244140624 4.198290665851277e-06
1.5031500244140625 4.247298337630662e-06
1.5041500244140624 4.170200217926545e-06
1.5051500244140625 4.347067156322925e-06
1.5061500244140624 4.435771332426017e-06
1.5071500244140625 4.615149188838801e-06
1.5081500244140624 4.592857462799124e-06
1.5091500244140625 4.601759096824344e-06
1.5101500244140624 4.5823555965680896e-06
1.5111500244140625 4.462313219800184e-06
1.5121500244140624 4.31526192448458e-06
1.5131500244140625 4.348311999567249e-06
1.5141500244140624 4.499411524230599e-06
1.5151500244140625 4.713681057202851e-06
1.5161500244140624 4.824271489413085e-06
1.5171500244140625 4.882293231074982e-06
1.5181500244140624 4.756909840682398e-06
1.5191500244140625 4.6681423472540555e-06
1.5201500244140624 4.7808106134460335e-06
1.5211500244140626 5.018377376710903e-06
1.5221500244140624 4.951193879692422e-06
1.5231500244140626 4.898980674032465e-06
1.5241500244140624 4.725673200139033e-06
1.5251500244140626 4.728778476708779e-06
1.5261500244140624 4.7068594466607054e-06
1.5271500244140626 4.763444346485414e-06
1.5281500244140624 4.737938120210531e-06
1.5291500244140626 4.588324173890628e-06
1.5301500244140624 4.341086291338459e-06
1.5311500244140626 4.406713607119146e-06
1.5321500244140625 4.529068468425217e-06
1.5331500244140626 4.7306227899566064e-06
1.5341500244140625 4.719158212381865e-06
1.5351500244140626 4.528223221880775e-06
1.5361500244140625 4.526614613199232e-06
1.5371500244140626 4.525659513599342e-06
1.5381500244140625 4.875773986823159e-06
1.5391500244140626 4.979793858988436e-06
1.5401500244140625 4.8492058375899694e-06
1.5411500244140626 4.647300885917977e-06
1.5421500244140625 4.615444915619252e-06
1.5431500244140626 4.841216604222766e-06
1.5441500244140625 4.813656142317626e-06
1.5451500244140626 4.746861077406789e-06
1.5461500244140625 4.550905519269239e-06
1.5471500244140626 4.460478616953149e-06
1.5481500244140625 4.431899214197254e-06
1.5491500244140626 4.595945196771847e-06
1.5501500244140625 4.756818701144983e-06
1.5511500244140626 4.8279467978648895e-06
1.5521500244140625 4.9310610379507844e-06
1.5531500244140626 4.9448668903629695e-06
1.5541500244140625 5.140379067643625e-06
1.5551500244140626 4.843714430612707e-06
1.5561500244140625 4.958115536167074e-06
1.5571500244140626 4.727026353878535e-06
1.5581500244140625 5.1008170368972365e-06
1.5591500244140626 5.173954238657894e-06
1.5601500244140625 5.260078934012973e-06
1.5611500244140626 5.4691501636867e-06
1.5621500244140625 5.363466544378298e-06
1.5631500244140626 5.549375974331322e-06
1.5641500244140625 5.2290326504919134e-06
1.5651500244140626 5.199432005818394e-06
1.5661500244140625 4.928410109142932e-06
1.5671500244140626 4.762122247255746e-06
1.5681500244140625 4.7717878388021325e-06
1.5691500244140626 4.914860845075927e-06
1.5701500244140625 5.0298087182837156e-06
1.5711500244140626 4.9945170265113774e-06
1.5721500244140625 5.114871109810417e-06
1.5731500244140626 5.289068384371312e-06
1.5741500244140625 5.356262916022647e-06
1.5751500244140626 5.2711107159130365e-06
1.5761500244140625 5.286292345920333e-06
1.5771500244140626 5.438914905100519e-06
1.5781500244140625 5.276305093416954e-06
1.5791500244140626 5.11437521740771e-06
1.5801500244140625 5.214517796635177e-06
1.5811500244140626 5.405337305761454e-06
1.5821500244140625 5.696211292998199e-06
1.5831500244140626 5.4452305365833505e-06
1.5841500244140625 5.460984032282279e-06
1.5851500244140626 5.205624853577515e-06
1.5861500244140625 5.4300277723305004e-06
1.5871500244140626 5.087621707007792e-06
1.5881500244140625 4.980640587427906e-06
1.5891500244140624 4.944709850791815e-06
1.5901500244140625 5.408648590927356e-06
1.5911500244140624 5.519361689865174e-06
1.5921500244140625 5.45627790904702e-06
1.5931500244140624 5.322294417831853e-06
1.5941500244140625 5.506459663005317e-06
1.5951500244140624 5.5544370694291436e-06
1.5961500244140625 5.442802417314351e-06
1.5971500244140624 5.207505183379077e-06
1.5981500244140625 5.1597605602461836e-06
1.5991500244140624 5.190912908313813e-06
1.6001500244140625 5.55189793442313e-06
1.6011500244140624 5.511341510715231e-06
1.6021500244140625 5.460322158792695e-06
1.6031500244140624 5.261709160165689e-06
1.6041500244140625 5.127896865468682e-06
1.6051500244140624 5.204130693122343e-06
1.6061500244140625 4.987023499141034e-06
1.6071500244140624 5.2736334032213635e-06
1.6081500244140625 5.573994387775776e-06
1.6091500244140624 5.860267157822982e-06
1.6101500244140625 5.927923040883909e-06
1.6111500244140624 5.7758290512302755e-06
1.6121500244140625 5.894361402048577e-06
1.6131500244140624 5.681299825638065e-06
1.6141500244140625 5.739205562858415e-06
1.6151500244140624 5.635308872496291e-06
1.6161500244140625 5.787745643161934e-06
1.6171500244140624 5.8884733225393245e-06
1.6181500244140625 5.9865052148676e-06
1.6191500244140624 6.070801645957324e-06
1.6201500244140625 6.0180071918313655e-06
1.6211500244140624 5.901190438220308e-06
1.6221500244140625 5.933566972651105e-06
1.6231500244140624 6.2006383696047825e-06
1.6241500244140625 6.683490252159877e-06
1.6251500244140624 7.246059121543623e-06
1.6261500244140625 7.224623392245433e-06
1.6271500244140624 6.882918386769119e-06
1.6281500244140625 6.576317666893948e-06
1.6291500244140624 6.574998998473879e-06
1.6301500244140625 6.934264661894624e-06
1.6311500244140624 6.820488863263996e-06
1.6321500244140625 7.06003551590223e-06
1.6331500244140624 6.962320130856484e-06
1.6341500244140625 6.973239308317079e-06
1.6351500244140624 6.872491752383622e-06
1.6361500244140625 6.887737257110021e-06
1.6371500244140624 7.1262550036733135e-06
1.6381500244140625 7.186194120583133e-06
1.6391500244140624 7.632462638188652e-06
1.6401500244140625 7.5006589197982995e-06
1.6411500244140624 7.158069612459447e-06
1.6421500244140625 6.7171274147316765e-06
1.6431500244140624 6.8139500204852625e-06
1.6441500244140625 7.177474517019115e-06
1.6451500244140624 7.414479349221813e-06
1.6461500244140626 7.312540585866346e-06
1.6471500244140624 7.209802500692901e-06
1.6481500244140626 7.098643329027403e-06
1.6491500244140624 6.888101430491467e-06
1.6501500244140626 6.963775178966867e-06
1.6511500244140624 6.880493441487906e-06
1.6521500244140626 7.268737072445716e-06
1.6531500244140624 7.21122450046059e-06
1.6541500244140626 7.09903104621883e-06
1.6551500244140624 6.745267829693693e-06
1.6561500244140626 6.394438679871557e-06
1.6571500244140625 6.1477056675153255e-06
1.6581500244140626 5.9168028252832125e-06
1.6591500244140625 5.866337992211794e-06
1.6601500244140626 6.29688442731827e-06
1.6611500244140625 6.853363894234116e-06
1.6621500244140626 7.446103026716367e-06
1.6631500244140625 7.431510012058978e-06
1.6641500244140626 7.108248161629014e-06
1.6651500244140625 6.789671270750902e-06
1.6661500244140626 6.3170254078275175e-06
1.6671500244140625 6.605480047092541e-06
1.6681500244140626 6.51236316396837e-06
1.6691500244140625 6.977386041847285e-06
1.6701500244140626 6.93350329729979e-06
1.6711500244140625 7.119877711025925e-06
1.6721500244140626 7.029197467978917e-06
1.6731500244140625 6.7441094654907254e-06
1.6741500244140626 6.857162623648461e-06
1.6751500244140625 6.730710684735255e-06
1.6761500244140626 6.774484831452997e-06
1.6771500244140625 6.6409728945724754e-06
1.6781500244140626 6.728804278403875e-06
1.6791500244140625 6.71859262457783e-06
1.6801500244140626 6.398202788234092e-06
1.6811500244140625 6.327714275797686e-06
1.6821500244140626 6.567249562718376e-06
1.6831500244140625 6.9001052256711466e-06
1.6841500244140626 7.139022220430706e-06
1.6851500244140625 7.00118037899418e-06
1.6861500244140626 7.459017791264872e-06
1.6871500244140625 7.453729951230807e-06
1.6881500244140626 7.432220354118572e-06
1.6891500244140625 7.052109711778712e-06
1.6901500244140626 6.9691426939441475e-06
1.6911500244140625 6.665363821120166e-06
1.6921500244140626 6.754790273834731e-06
1.6931500244140625 6.722250684752426e-06
1.6941500244140626 7.239403680826639e-06
1.6951500244140625 7.157786664067583e-06
1.6961500244140626 7.148422759306907e-06
1.6971500244140625 7.189263896840714e-06
1.6981500244140626 7.139040765298535e-06
1.6991500244140625 7.0345296939997405e-06
1.7001500244140626 6.869659761187516e-06
1.7011500244140625 6.802131948519911e-06
1.7021500244140626 7.022449698584139e-06
1.7031500244140625 6.963201167951267e-06
1.7041500244140626 7.040991456798939e-06
1.7051500244140625 6.945573512202304e-06
1.7061500244140626 7.1745671178959854e-06
1.7071500244140625 6.818260038028818e-06
1.7081500244140626 7.180299665216553e-06
1.7091500244140625 7.309453988379236e-06
1.7101500244140626 7.475610867015516e-06
1.7111500244140625 7.295538001362097e-06
1.7121500244140626 7.544347407748237e-06
1.7131500244140625 8.018004547298558e-06
1.7141500244140624 8.132535122164067e-06
1.7151500244140625 8.276305190759058e-06
1.7161500244140624 8.421480646609327e-06
1.7171500244140625 8.225322427629487e-06
1.7181500244140624 7.783449383027992e-06
1.7191500244140625 7.673300463813077e-06
1.7201500244140624 8.005028652715355e-06
1.7211500244140625 7.837846641663511e-06
1.7221500244140624 8.061875885627094e-06
1.7231500244140625 7.813722255019089e-06
1.7241500244140624 8.211515318286857e-06
1.7251500244140625 7.88783797009993e-06
1.7261500244140624 7.8427729355283e-06
1.7271500244140625 8.165044590105438e-06
1.7281500244140624 8.249925469863578e-06
1.7291500244140625 8.161434571156111e-06
1.7301500244140624 7.550445409008844e-06
1.7311500244140625 7.493014421592e-06
1.7321500244140624 7.569353990250587e-06
1.7331500244140625 7.858046109411264e-06
1.7341500244140624 7.890554023571083e-06
1.7351500244140625 8.429675615484753e-06
1.7361500244140624 8.571544498210766e-06
1.7371500244140625 8.853571873603475e-06
1.7381500244140624 9.14055434473963e-06
1.7391500244140625 8.959142073899917e-06
1.7401500244140624 8.435739083601394e-06
1.7411500244140625 7.83614686963187e-06
1.7421500244140624 7.465179346846893e-06
1.7431500244140625 7.710731826662813e-06
1.7441500244140624 8.137661469181116e-06
1.7451500244140625 8.757513751846836e-06
1.7461500244140624 9.261526951740326e-06
1.7471500244140625 8.576920751466215e-06
1.7481500244140624 8.340599348797456e-06
1.7491500244140625 8.15236622683583e-06
1.7501500244140624 8.802813269499652e-06
1.7511500244140625 8.90916217779399e-06
1.7521500244140624 8.493921546515894e-06
1.7531500244140625 8.694097140278963e-06
1.7541500244140624 8.520567039701663e-06
1.7551500244140625 8.875164906988056e-06
1.7561500244140624 8.623858002308506e-06
1.7571500244140625 8.702966827947065e-06
1.7581500244140624 8.706519435680914e-06
1.7591500244140625 8.71677150772461e-06
1.7601500244140624 8.499758975194219e-06
1.7611500244140625 8.910469178479384e-06
1.7621500244140624 8.362924182131225e-06
1.7631500244140625 8.810504917716687e-06
1.7641500244140624 8.385371458049248e-06
1.7651500244140625 8.887666657110534e-06
1.7661500244140624 9.099029397956282e-06
1.7671500244140625 9.298193702197543e-06
1.7681500244140624 9.373023556509912e-06
1.7691500244140625 9.314331076808654e-06
1.7701500244140624 8.851900456055728e-06
1.7711500244140626 9.17631435238042e-06
1.7721500244140624 9.277140543588773e-06
1.7731500244140626 9.423273968805976e-06
1.7741500244140624 9.260232571453996e-06
1.7751500244140626 9.04370007151054e-06
1.7761500244140624 9.65110590420834e-06
1.7771500244140626 9.289076839008162e-06
1.7781500244140624 9.353754367722353e-06
1.7791500244140626 9.064309900795425e-06
1.7801500244140624 9.326874326928506e-06
1.7811500244140626 9.13592206000453e-06
1.7821500244140625 9.302689068037227e-06
1.7831500244140626 9.81761012866137e-06
1.7841500244140625 1.0439658559912996e-05
1.7851500244140626 1.0155827916118222e-05
1.7861500244140625 9.56447670083197e-06
1.7871500244140626 9.515569029371206e-06
1.7881500244140625 9.95812308518034e-06
1.7891500244140626 1.0300803392082982e-05
1.7901500244140625 9.804474271596047e-06
1.7911500244140626 9.496652847877331e-06
1.7921500244140625 9.588495641423383e-06
1.7931500244140626 9.809895034526473e-06
1.7941500244140625 9.801085313292382e-06
1.7951500244140626 9.844391944772149e-06
1.7961500244140625 9.942668089393036e-06
1.7971500244140626 1.0295276421912383e-05
1.7981500244140625 1.0061521783870145e-05
1.7991500244140626 9.84946801255444e-06
1.8001500244140625 9.823164005582018e-06
1.8011500244140626 1.0390505758761869e-05
1.8021500244140625 1.1008232240314909e-05
1.8031500244140626 1.1016435525421597e-05
1.8041500244140625 1.0638914117001917e-05
1.8051500244140626 1.0564798399528947e-05
1.8061500244140625 1.0750385737003883e-05
1.8071500244140626 1.1329822631431137e-05
1.8081500244140625 1.1072182529734635e-05
1.8091500244140626 1.0825640075314717e-05
1.8101500244140625 1.081058636123996e-05
1.8111500244140626 1.1447673248390657e-05
1.8121500244140625 1.154176284208235e-05
1.8131500244140626 1.1609644511765453e-05
1.8141500244140625 1.1672316417707934e-05
1.8151500244140626 1.2619844782516817e-05
1.8161500244140625 1.2059749869022803e-05
1.8171500244140626 1.1767803320972775e-05
1.8181500244140625 1.1403424546475068e-05
1.8191500244140626 1.2261695261042213e-05
1.8201500244140625 1.3035782696106452e-05
1.8211500244140626 1.2922026624526139e-05
1.8221500244140625 1.2867950080566543e-05
1.8231500244140626 1.2391068172537552e-05
1.8241500244140625 1.2646065113191755e-05
1.8251500244140626 1.2941836063334963e-05
1.8261500244140625 1.346827038703366e-05
1.8271500244140626 1.3664819407021629e-05
1.8281500244140625 1.3766705962403851e-05
1.8291500244140626 1.3468417253382008e-05
1.8301500244140625 1.3318217557228999e-05
1.8311500244140626 1.3396831497942333e-05
1.8321500244140625 1.3665023256217258e-05
1.8331500244140626 1.47066560996913e-05
1.8341500244140625 1.4387939809023528e-05
1.8351500244140626 1.4818746953443025e-05
1.8361500244140625 1.3736013750001965e-05
1.8371500244140626 1.3917688435858482e-05
1.8381500244140625 1.3122825992020188e-05
1.8391500244140624 1.342956944353456e-05
1.8401500244140625 1.4218678649596862e-05
1.8411500244140624 1.490936175026079e-05
1.8421500244140625 1.5519217906097336e-05
1.8431500244140624 1.478505889069235e-05
1.8441500244140625 1.455137329751518e-05
1.8451500244140624 1.3869158361815505e-05
1.8461500244140625 1.3427158595214032e-05
1.8471500244140624 1.307114661763853e-05
1.8481500244140625 1.3890952120706542e-05
1.8491500244140624 1.4624930655631509e-05
1.8501500244140625 1.4668929545509937e-05
1.8511500244140624 1.432156970677284e-05
1.8521500244140625 1.4473107042005925e-05
1.8531500244140624 1.491529966171409e-05
1.8541500244140625 1.5048062614462134e-05
1.8551500244140624 1.4641446253218032e-05
1.8561500244140625 1.5050839020365649e-05
1.8571500244140624 1.501774108529307e-05
1.8581500244140625 1.567374013370927e-05
1.8591500244140624 1.513857756850889e-05
1.8601500244140625 1.5118006177219628e-05
1.8611500244140624 1.5135081936552595e-05
1.8621500244140625 1.5666864371433782e-05
1.8631500244140624 1.5717922140691933e-05
1.8641500244140625 1.544929935391989e-05
1.8651500244140624 1.4940430347095603e-05
1.8661500244140625 1.469906484105708e-05
1.8671500244140624 1.3835381931555446e-05
1.8681500244140625 1.4395142837465787e-05
1.8691500244140624 1.3847514283557883e-05
1.8701500244140625 1.5307357469806862e-05
1.8711500244140624 1.4745656657467822e-05
1.8721500244140625 1.5242759491655203e-05
1.8731500244140624 1.4437074015022368e-05
1.8741500244140625 1.4127625233632258e-05
1.8751500244140624 1.4100852080980098e-05
1.8761500244140625 1.3827483548295617e-05
1.8771500244140624 1.4303418866728129e-05
1.8781500244140625 1.4425999002010791e-05
1.8791500244140624 1.377586437231287e-05
1.8801500244140625 1.3274405443508367e-05
1.8811500244140624 1.2910486159976256e-05
1.8821500244140625 1.3351068196565396e-05
1.8831500244140624 1.3813366290870575e-05
1.8841500244140625 1.3917410895480798e-05
1.8851500244140624 1.3954452077159598e-05
1.8861500244140625 1.4298562824375173e-05
1.8871500244140624 1.4485152798797799e-05
1.8881500244140625 1.4881886997828269e-05
1.8891500244140624 1.4866616347732339e-05
1.8901500244140625 1.5008579958311696e-05
1.8911500244140624 1.541539685797963e-05
1.8921500244140625 1.4741121679919106e-05
1.8931500244140624 1.5816167657635634e-05
1.8941500244140625 1.5085748010649064e-05
1.8951500244140624 1.5075780242995302e-05
1.8961500244140626 1.3690946758292021e-05
1.8971500244140624 1.4122952873624395e-05
1.8981500244140626 1.5055558495502033e-05
1.8991500244140624 1.5224507321673973e-05
1.9001500244140626 1.5052494033746557e-05
1.9011500244140624 1.4433300284326505e-05
1.9021500244140626 1.4894818865546773e-05
1.9031500244140624 1.4860572813646821e-05
1.9041500244140626 1.586262138349546e-05
1.9051500244140624 1.54695355309302e-05
1.9061500244140626 1.5379614147755688e-05
1.9071500244140625 1.5229180299198095e-05
1.9081500244140626 1.5129301094996157e-05
1.9091500244140625 1.5823466655120047e-05
1.9101500244140626 1.4738250826027498e-05
1.9111500244140625 1.4514627094941159e-05
1.9121500244140626 1.3527865008445734e-05
1.9131500244140625 1.2919510859987084e-05
1.9141500244140626 1.3687695696158176e-05
1.9151500244140625 1.3865256429655674e-05
1.9161500244140626 1.4556864096974936e-05
1.9171500244140625 1.4171765593549147e-05
1.9181500244140626 1.5053677517405708e-05
1.9191500244140625 1.6016571810235372e-05
1.9201500244140626 1.6407079012798522e-05
1.9211500244140625 1.634299422745549e-05
1.9221500244140626 1.579636827615409e-05
1.9231500244140625 1.5974965947942713e-05
1.9241500244140626 1.557523002768692e-05
1.9251500244140625 1.54226975612901e-05
1.9261500244140626 1.4960306869380629e-05
1.9271500244140625 1.571998381730232e-05
1.9281500244140626 1.6364867341236967e-05
1.9291500244140625 1.7134229112074136e-05
1.9301500244140626 1.661819668918588e-05
1.9311500244140625 1.6952835431848236e-05
1.9321500244140626 1.6265363048909712e-05
1.9331500244140625 1.624539273921659e-05
1.9341500244140626 1.5572030073970067e-05
1.9351500244140625 1.5792360647668942e-05
1.9361500244140626 1.677320344363914e-05
1.9371500244140625 1.7253275281877015e-05
1.9381500244140626 1.705657619539149e-05
1.9391500244140625 1.6726062587880173e-05
1.9401500244140626 1.736953569641354e-05
1.9411500244140625 1.8449443754322702e-05
1.9421500244140626 1.8956104895485973e-05
1.9431500244140625 1.8632598985923755e-05
1.9441500244140626 1.7725661296428354e-05
1.9451500244140625 1.788585483296526e-05
1.9461500244140626 1.866549093966188e-05
1.9471500244140625 1.986577698278872e-05
1.9481500244140626 1.9039351841898317e-05
1.9491500244140625 1.8787853635752462e-05
1.9501500244140626 1.8931412635023466e-05
1.9511500244140625 1.9472695013893008e-05
1.9521500244140626 1.993014305796362e-05
1.9531500244140625 1.9311713586880617e-05
1.9541500244140626 1.9282067761843607e-05
1.9551500244140625 1.832869153664616e-05
1.9561500244140626 1.8429555693016927e-05
1.9571500244140625 1.9520342156582993e-05
1.9581500244140626 2.032194435344497e-05
1.9591500244140625 2.0423374717786454e-05
1.9601500244140626 2.0321655159170063e-05
1.9611500244140625 1.9674786446942012e-05
1.9621500244140626 2.040302603395069e-05
1.9631500244140625 2.0150112278534535e-05
1.9641500244140624 2.0901610342262003e-05
1.9651500244140625 2.0670201189196993e-05
1.9661500244140624 1.9984461631043952e-05
1.9671500244140625 1.9946553116053676e-05
1.9681500244140624 1.9550332117420636e-05
1.9691500244140625 1.987211787817355e-05
1.9701500244140624 1.820700256494519e-05
1.9711500244140625 1.7619450593457977e-05
1.9721500244140624 1.7027269013041638e-05
1.9731500244140625 1.815429479563927e-05
1.9741500244140624 1.854403973772068e-05
1.9751500244140625 1.8631251388046012e-05
1.9761500244140624 1.7948892045527247e-05
1.9771500244140625 1.7871371668563343e-05
1.9781500244140624 1.7689548186680687e-05
1.9791500244140625 1.76924643922806e-05
1.9801500244140624 1.669433883345303e-05
1.9811500244140625 1.6873240185083373e-05
1.9821500244140624 1.741997322493394e-05
1.9831500244140625 1.9301050260598398e-05
1.9841500244140624 1.9147224391135933e-05
1.9851500244140625 1.8151867337380837e-05
1.9861500244140624 1.5926567401553876e-05
1.9871500244140625 1.5721102211018238e-05
1.9881500244140624 1.5912014322415672e-05
1.9891500244140625 1.7456396455590278e-05
1.9901500244140624 1.839557049690459e-05
1.9911500244140625 1.912715722654554e-05
1.9921500244140624 1.79002246555339e-05
1.9931500244140625 1.7028174731282564e-05
1.9941500244140624 1.6887884571204933e-05
1.9951500244140625 1.7281328294393423e-05
1.9961500244140624 1.7189401745899207e-05
1.9971500244140625 1.6809861011813765e-05
1.9981500244140624 1.6403303481037692e-05
1.9991500244140625 1.7193378416154965e-05
2.0001500244140624 1.673358365471697e-05
2.0011500244140623 1.81344816992876e-05
2.0021500244140626 1.7536340835448446e-05
2.0031500244140625 1.8142079191594536e-05
2.0041500244140624 1.7077935565717968e-05
2.0051500244140623 1.6506537003598264e-05
2.0061500244140626 1.6671951437129846e-05
2.0071500244140625 1.7915002453998946e-05
2.0081500244140624 1.782884759740409e-05
2.0091500244140623 1.8191307407855843e-05
2.0101500244140627 1.751429106843514e-05
2.0111500244140625 1.7965142402956206e-05
2.0121500244140624 1.7448002123394393e-05
2.0131500244140623 1.7369343698059297e-05
2.0141500244140627 1.760463504877323e-05
2.0151500244140625 1.839484133191017e-05
2.0161500244140624 1.8860061864006033e-05
2.0171500244140623 1.845319182113579e-05
2.0181500244140627 1.6985945609247495e-05
2.0191500244140625 1.7462366247934863e-05
2.0201500244140624 1.770087865013531e-05
2.0211500244140623 1.8885460282619978e-05
2.0221500244140627 1.7362594894682165e-05
2.0231500244140626 1.804677618915828e-05
2.0241500244140624 1.7623433226207028e-05
2.0251500244140623 1.8726706594095165e-05
2.0261500244140627 1.8562696730501163e-05
2.0271500244140626 1.915632575342405e-05
2.0281500244140624 1.889710055389985e-05
2.0291500244140623 1.899149517933654e-05
2.0301500244140627 1.7883383683337917e-05
2.0311500244140626 1.8815417072642114e-05
2.0321500244140625 1.8812923561208256e-05
2.0331500244140623 1.925036234074413e-05
2.0341500244140627 1.8635631157279957e-05
2.0351500244140626 1.910269556929154e-05
2.0361500244140625 2.0606757130485778e-05
2.0371500244140623 2.0416608164228374e-05
2.0381500244140627 2.029811750486217e-05
2.0391500244140626 1.9066986631845427e-05
2.0401500244140625 2.0086960531787572e-05
2.0411500244140623 2.020764809576402e-05
2.0421500244140627 2.058993575694497e-05
2.0431500244140626 1.9901804184826456e-05
2.0441500244140625 1.945384758783825e-05
2.0451500244140624 1.8915059067876893e-05
2.0461500244140627 1.895556764033853e-05
2.0471500244140626 1.923262300963003e-05
2.04814990234375 2.0007601864050968e-05
2.04914990234375 1.9893789014700778e-05
2.05014990234375 2.0097821869055377e-05
2.05114990234375 1.9525625585785933e-05
2.05214990234375 1.907147178302216e-05
2.05314990234375 1.8513083830928107e-05
2.05414990234375 1.9891005554712286e-05
2.05514990234375 2.113141690113237e-05
2.05614990234375 2.157383451380604e-05
2.05714990234375 2.130816489241072e-05
2.05814990234375 2.1042067753736025e-05
2.05914990234375 2.168349178331338e-05
2.06014990234375 1.9958297900942078e-05
2.06114990234375 1.9141319661745318e-05
2.06214990234375 1.9389816274732354e-05
2.06314990234375 2.0698240828385365e-05
2.06414990234375 2.1844715261299746e-05
2.06514990234375 2.137445631648743e-05
2.06614990234375 2.2113834817309133e-05
2.06714990234375 2.1208619500369678e-05
2.06814990234375 2.1717773131202266e-05
2.06914990234375 2.168537857347649e-05
2.07014990234375 2.2211017320484258e-05
2.07114990234375 2.185867732457367e-05
2.07214990234375 2.2060013806700763e-05
2.07314990234375 2.2106188224393745e-05
2.07414990234375 2.1185499032957808e-05
2.07514990234375 2.0223525745019513e-05
2.07614990234375 2.0394839835463612e-05
2.07714990234375 2.14122626249353e-05
2.07814990234375 2.1705670530475534e-05
2.07914990234375 2.2535471187792878e-05
2.08014990234375 2.2914546712835977e-05
2.08114990234375 2.2346762987305188e-05
2.08214990234375 2.1433628700914544e-05
2.08314990234375 2.1360646911240876e-05
2.08414990234375 2.2578595731216e-05
2.08514990234375 2.2424276197891463e-05
2.08614990234375 2.3137736168144177e-05
2.08714990234375 2.3351568760415285e-05
2.08814990234375 2.332096169622982e-05
2.08914990234375 2.205034958024274e-05
2.09014990234375 2.1672143857623383e-05
2.09114990234375 2.2330514014303426e-05
2.09214990234375 2.1432688401510232e-05
2.09314990234375 2.1679164926800095e-05
2.09414990234375 2.178943442325625e-05
2.09514990234375 2.3164410300760338e-05
2.09614990234375 2.2299670219199778e-05
2.09714990234375 2.257831198968526e-05
2.09814990234375 2.185881922737815e-05
2.09914990234375 2.316647640993494e-05
2.10014990234375 2.3353705793271383e-05
2.10114990234375 2.451188466585471e-05
2.10214990234375 2.3656964592763396e-05
2.10314990234375 2.3470080381459922e-05
2.10414990234375 2.3368717357884016e-05
2.10514990234375 2.3425437907517943e-05
2.10614990234375 2.2979409869231557e-05
2.10714990234375 2.2947953481854658e-05
2.10814990234375 2.417695082600397e-05
2.10914990234375 2.373738888077597e-05
2.11014990234375 2.2999565202874416e-05
2.11114990234375 2.30851332448261e-05
2.11214990234375 2.371466277429551e-05
2.11314990234375 2.352482056921866e-05
2.11414990234375 2.281335016192691e-05
2.11514990234375 2.2521422968029284e-05
2.11614990234375 2.3376157934430858e-05
2.11714990234375 2.394966387069792e-05
2.11814990234375 2.4209213474160547e-05
2.11914990234375 2.4736794595280305e-05
2.12014990234375 2.3503664878510177e-05
2.12114990234375 2.406419557520545e-05
2.12214990234375 2.32819587583736e-05
2.12314990234375 2.387122015227512e-05
2.12414990234375 2.3811073704075245e-05
2.12514990234375 2.4282640038647796e-05
2.12614990234375 2.6001546142495605e-05
2.12714990234375 2.7572526808712684e-05
2.12814990234375 2.636591678842592e-05
2.12914990234375 2.573378422211727e-05
2.13014990234375 2.4679309783870775e-05
2.13114990234375 2.5750990743769396e-05
2.13214990234375 2.3886197016788153e-05
2.13314990234375 2.34882633112195e-05
2.13414990234375 2.3035437485717265e-05
2.13514990234375 2.394696657023445e-05
2.13614990234375 2.3846947368745696e-05
2.13714990234375 2.4208686540625944e-05
2.13814990234375 2.502880869705239e-05
2.13914990234375 2.5961142837298258e-05
2.14014990234375 2.6844166229621206e-05
2.14114990234375 2.691295842373388e-05
2.14214990234375 2.6931374076510856e-05
2.14314990234375 2.7331406323537618e-05
2.14414990234375 2.7802023319534677e-05
2.14514990234375 2.7593053292623967e-05
2.14614990234375 2.7896165812381466e-05
2.14714990234375 2.8016179909119463e-05
2.14814990234375 2.844122389243173e-05
2.14914990234375 2.6754140440323143e-05
2.15014990234375 2.6231903396890013e-05
2.15114990234375 2.5577681205766453e-05
2.15214990234375 2.620940014420482e-05
2.15314990234375 2.6635581107811696e-05
2.15414990234375 2.717303651285649e-05
2.15514990234375 2.8977670446497792e-05
2.15614990234375 2.7406598520973273e-05
2.15714990234375 2.5162378087718635e-05
2.15814990234375 2.4637330691695467e-05
2.15914990234375 2.5116664043214812e-05
2.16014990234375 2.70309316300529e-05
2.16114990234375 2.751481559410152e-05
2.16214990234375 2.909831276728728e-05
2.16314990234375 2.923206263536382e-05
2.16414990234375 2.8247707209438525e-05
2.16514990234375 2.679101687249618e-05
2.16614990234375 2.710080919689883e-05
2.16714990234375 2.732883301122866e-05
2.16814990234375 2.916115215870687e-05
2.16914990234375 2.770759846579197e-05
2.17014990234375 2.6990324250981358e-05
2.17114990234375 2.7208880191119576e-05
2.17214990234375 2.751617888087809e-05
2.17314990234375 2.7769798944776427e-05
2.17414990234375 2.5557435356885887e-05
2.17514990234375 2.498156731454884e-05
2.17614990234375 2.453641310423795e-05
2.17714990234375 2.5533532232068667e-05
2.17814990234375 2.619203567130103e-05
2.17914990234375 2.6088025741890663e-05
2.18014990234375 2.4996623335491865e-05
2.18114990234375 2.4953779385814028e-05
2.18214990234375 2.4778676801281535e-05
2.18314990234375 2.5179882485546675e-05
2.18414990234375 2.572235931861731e-05
2.18514990234375 2.6507610576958133e-05
2.18614990234375 2.6495289660977715e-05
2.18714990234375 2.652311544219886e-05
2.18814990234375 2.5783112613134387e-05
2.18914990234375 2.6020168946745416e-05
2.19014990234375 2.7834404445058036e-05
2.19114990234375 2.6650905209992122e-05
2.19214990234375 2.5553526408998667e-05
2.19314990234375 2.3903061489877725e-05
2.19414990234375 2.5950073714383356e-05
2.19514990234375 2.805705469769397e-05
2.19614990234375 2.893053743717743e-05
2.19714990234375 3.014114739655887e-05
2.19814990234375 2.99858166594328e-05
2.19914990234375 3.164920862438734e-05
2.20014990234375 3.192473893100615e-05
2.20114990234375 3.2746797180947123e-05
2.20214990234375 3.261382969708171e-05
2.20314990234375 3.303554584219323e-05
2.20414990234375 3.313894872268966e-05
2.20514990234375 3.483614099468339e-05
2.20614990234375 3.3315526040003686e-05
2.20714990234375 3.308889429372084e-05
2.20814990234375 3.206031182443308e-05
2.20914990234375 3.596238296059597e-05
2.21014990234375 3.748699739738113e-05
2.21114990234375 3.823105356127812e-05
2.21214990234375 3.6656562575563184e-05
2.21314990234375 3.538104374427697e-05
2.21414990234375 3.443339160127108e-05
2.21514990234375 3.546951965800827e-05
2.21614990234375 3.698255578906457e-05
2.21714990234375 3.797895850323921e-05
2.21814990234375 3.530378829784964e-05
2.21914990234375 3.52499139981797e-05
2.22014990234375 3.5495949589601414e-05
2.22114990234375 3.762553873290796e-05
2.22214990234375 3.793983975828993e-05
2.22314990234375 3.693108383402985e-05
2.22414990234375 3.7573354578813326e-05
2.22514990234375 3.894670265967765e-05
2.22614990234375 3.978229907571979e-05
2.22714990234375 3.923751982630094e-05
2.22814990234375 3.821052331338729e-05
2.22914990234375 3.891678767368419e-05
2.23014990234375 3.961300273190431e-05
2.23114990234375 3.968035725169679e-05
2.23214990234375 3.9033075033847154e-05
2.23314990234375 3.978869429590348e-05
2.23414990234375 4.055118489206727e-05
2.23514990234375 3.937624943336684e-05
2.23614990234375 3.675288056376355e-05
2.23714990234375 3.7878671524546594e-05
2.23814990234375 3.95780175667027e-05
2.23914990234375 4.134147243425174e-05
2.24014990234375 4.200456291513417e-05
2.24114990234375 4.434600541032572e-05
2.24214990234375 4.716038954803829e-05
2.24314990234375 4.7088283799826786e-05
2.24414990234375 4.5529042763818166e-05
2.24514990234375 4.357573724740344e-05
2.24614990234375 4.488617516993592e-05
2.24714990234375 4.6180409370771306e-05
2.24814990234375 4.8065117773093966e-05
2.24914990234375 4.517818257496683e-05
2.25014990234375 4.524062418141921e-05
2.25114990234375 4.637262567089407e-05
2.25214990234375 4.918710941396305e-05
2.25314990234375 4.889914599121694e-05
2.25414990234375 4.739473092093296e-05
2.25514990234375 4.7339637562113105e-05
2.25614990234375 4.70015862810449e-05
2.25714990234375 4.819527578644534e-05
2.25814990234375 4.491918690903579e-05
2.25914990234375 4.535628425290035e-05
2.26014990234375 4.376813614815396e-05
2.26114990234375 4.554858579109409e-05
2.26214990234375 4.6721852528936e-05
2.26314990234375 4.744717016378307e-05
2.26414990234375 4.805544506483774e-05
2.26514990234375 4.656496481550295e-05
2.26614990234375 4.744339368453388e-05
2.26714990234375 4.886506945322956e-05
2.26814990234375 4.721287579409124e-05
2.26914990234375 4.643496991407489e-05
2.27014990234375 4.276942220743333e-05
2.27114990234375 4.3608720035483995e-05
2.27214990234375 4.169700035929772e-05
2.27314990234375 4.1245221163315806e-05
2.27414990234375 4.1960748446726644e-05
2.27514990234375 4.032334465783775e-05
2.27614990234375 4.008199655472076e-05
2.27714990234375 3.8013545446104777e-05
2.27814990234375 3.867301482098813e-05
2.27914990234375 3.726715864633991e-05
2.28014990234375 3.4332760951543445e-05
2.28114990234375 3.2050043389224864e-05
2.28214990234375 3.065364532570695e-05
2.28314990234375 3.241805327785115e-05
2.28414990234375 3.197988569888691e-05
2.28514990234375 3.051346642500199e-05
2.28614990234375 2.8038242469194016e-05
2.28714990234375 2.8436857299246757e-05
2.28814990234375 2.9351769860265443e-05
2.28914990234375 2.8448045250729504e-05
2.29014990234375 2.7258787451279654e-05
2.29114990234375 2.649057952771959e-05
2.29214990234375 2.62859286314304e-05
2.29314990234375 2.5433922837104644e-05
2.29414990234375 2.3416937253191183e-05
2.29514990234375 2.1800781090464346e-05
2.29614990234375 1.988116053326406e-05
2.29714990234375 2.139360344192021e-05
2.29814990234375 2.145780559392551e-05
2.29914990234375 2.2862412324572793e-05
2.30014990234375 2.013920167021308e-05
2.30114990234375 1.9408709097878896e-05
2.30214990234375 1.7728406406785114e-05
2.30314990234375 1.8764531494860623e-05
2.30414990234375 1.833868705598623e-05
2.30514990234375 1.8105946219964785e-05
2.30614990234375 1.7820444928213395e-05
2.30714990234375 1.8412804371255373e-05
2.30814990234375 1.78285547522275e-05
2.30914990234375 1.7305283939011e-05
2.31014990234375 1.613856915602044e-05
2.31114990234375 1.5639146959965634e-05
2.31214990234375 1.4972248184730097e-05
2.31314990234375 1.4641003091054689e-05
2.31414990234375 1.5266306273089646e-05
2.31514990234375 1.5666206007329948e-05
2.31614990234375 1.5953537031345373e-05
2.31714990234375 1.5151844693176197e-05
2.31814990234375 1.3711888265520005e-05
2.31914990234375 1.3456002351267835e-05
2.32014990234375 1.3672845625267569e-05
2.32114990234375 1.3557891012686194e-05
2.32214990234375 1.2735326824647961e-05
2.32314990234375 1.1794576101975362e-05
2.32414990234375 1.1486249094665006e-05
2.32514990234375 1.1331842778221106e-05
2.32614990234375 1.0471367377677428e-05
2.32714990234375 9.835591092497058e-06
2.32814990234375 9.289475534002997e-06
2.32914990234375 8.990689859988501e-06
2.33014990234375 9.083489212811665e-06
2.33114990234375 8.35018139410789e-06
2.33214990234375 7.916277884274358e-06
2.33314990234375 7.117589144834275e-06
2.33414990234375 7.0014641627841814e-06
2.33514990234375 6.808425163543667e-06
2.33614990234375 6.517450743459308e-06
2.33714990234375 6.128763608922391e-06
2.33814990234375 5.706479389759796e-06
2.33914990234375 5.708984775200412e-06
2.34014990234375 5.451824892410574e-06
2.34114990234375 5.2310753873712405e-06
2.34214990234375 4.854933232419752e-06
2.34314990234375 4.8433612116846195e-06
2.34414990234375 4.817214571780409e-06
2.34514990234375 4.792868931154943e-06
2.34614990234375 4.71130051633586e-06
2.34714990234375 4.6876518943880015e-06
2.34814990234375 4.432540100982215e-06
2.34914990234375 4.44663557886787e-06
2.35014990234375 4.582036731418411e-06
2.35114990234375 4.871128025755143e-06
2.35214990234375 4.540437598668771e-06
2.35314990234375 4.365791515124076e-06
2.35414990234375 4.209336784071439e-06
2.35514990234375 4.340792184644542e-06
2.35614990234375 4.3645691655553414e-06
2.35714990234375 4.150964853214624e-06
2.35814990234375 4.027390567290078e-06
2.35914990234375 3.6169873470218892e-06
2.36014990234375 3.383135532654708e-06
2.36114990234375 3.0004107518883002e-06
2.36214990234375 2.881444825354305e-06
2.36314990234375 2.902841513379536e-06
2.36414990234375 2.844646882819996e-06
2.36514990234375 2.525754691104922e-06
2.36614990234375 2.117643215578089e-06
2.36714990234375 1.8270814983333742e-06
2.36814990234375 1.6248973700335968e-06
2.36914990234375 1.4707378938054918e-06
2.37014990234375 1.3036620070321596e-06
2.37114990234375 1.1951925308419666e-06
2.37214990234375 1.0257233925499814e-06
2.37314990234375 9.097727468239348e-07
2.37414990234375 7.280640093472278e-07
2.37514990234375 6.27588363019349e-07
2.37614990234375 5.44333936315618e-07
2.37714990234375 5.500830263888415e-07
2.37814990234375 5.132834665493078e-07
2.37914990234375 5.032286190264582e-07
2.38014990234375 4.661188552556642e-07
2.38114990234375 4.306309727217037e-07
2.38214990234375 3.982521150069521e-07
2.38314990234375 3.8295279930448125e-07
2.38414990234375 3.772989132226838e-07
2.38514990234375 3.632734446924585e-07
2.38614990234375 3.5875687809963915e-07
2.38714990234375 3.650589035167265e-07
2.38814990234375 3.7038555101021964e-07
2.38914990234375 3.6582678955196345e-07
2.39014990234375 3.504622636014977e-07
2.39114990234375 3.430490629017734e-07
2.39214990234375 3.3707149126213663e-07
2.39314990234375 3.3097536009214074e-07
2.39414990234375 3.134725590877776e-07
2.39514990234375 2.879252803455903e-07
2.39614990234375 2.7048877403179273e-07
2.39714990234375 2.5603538907667746e-07
2.39814990234375 2.3767787804585556e-07
2.39914990234375 2.19804279870633e-07
2.40014990234375 1.9924076257101558e-07
2.40114990234375 1.8523697241219573e-07
2.40214990234375 1.6768567972909476e-07
2.40314990234375 1.476680828734415e-07
2.40414990234375 1.314258987284032e-07
2.40514990234375 1.1489523262268673e-07
2.40614990234375 1.0142358443622472e-07
2.40714990234375 8.672799218989956e-08
2.40814990234375 7.458312773677006e-08
2.40914990234375 6.692696762643805e-08
2.41014990234375 5.623368723990148e-08
2.41114990234375 4.947058619841281e-08
2.41214990234375 4.1023801657647296e-08
2.41314990234375 3.669898884557757e-08
2.41414990234375 3.092369647362929e-08
2.41514990234375 2.577947027000303e-08
2.41614990234375 2.1103052991411163e-08
2.41714990234375 1.751295270517885e-08
2.41814990234375 1.511466591052887e-08
2.41914990234375 1.3352878113117359e-08
2.42014990234375 1.1800644756601514e-08
2.42114990234375 1.0371584856958372e-08
2.42214990234375 8.940690487610106e-09
2.42314990234375 7.731108393837167e-09
2.42414990234375 6.902539366945367e-09
2.42514990234375 6.0335245467489555e-09
2.42614990234375 5.564982561542189e-09
2.42714990234375 4.879208227233234e-09
2.42814990234375 4.62023374639011e-09
2.42914990234375 4.1948663393045945e-09
2.43014990234375 4.108985329883659e-09
2.43114990234375 3.851207979413068e-09
2.43214990234375 3.6378287225825746e-09
2.43314990234375 3.3253499678118045e-09
2.43414990234375 3.0986109139707677e-09
2.43514990234375 2.944424177087265e-09
2.43614990234375 2.76938731797392e-09
2.43714990234375 2.634027851800246e-09
2.43814990234375 2.4272127710891736e-09
2.43914990234375 2.248506206906498e-09
2.44014990234375 2.0899505593833565e-09
2.44114990234375 1.9980900255058876e-09
2.44214990234375 1.9003038379227025e-09
2.44314990234375 1.8281443549613904e-09
2.44414990234375 1.709573525655142e-09
2.44514990234375 1.6061815721905743e-09
2.44614990234375 1.5231288055859543e-09
2.44714990234375 1.4333005287863156e-09
2.44814990234375 1.3287544920832251e-09
2.44914990234375 1.1949853807012057e-09
2.45014990234375 1.1026109809226292e-09
2.45114990234375 1.0181897363248988e-09
2.45214990234375 9.5161384697986e-10
2.45314990234375 8.580841023726062e-10
2.45414990234375 7.69844478507327e-10
2.45514990234375 6.896139649356948e-10
2.45614990234375 6.251724315482594e-10
2.45714990234375 5.619376319276889e-10
2.45814990234375 4.866564039496122e-10
2.45914990234375 4.2369918259595375e-10
2.46014990234375 3.7830674704009244e-10
2.46114990234375 3.31495704939549e-10
2.46214990234375 2.8334654858591535e-10
2.46314990234375 2.4494843350195226e-10
2.46414990234375 2.177312290473428e-10
2.46514990234375 1.8949772155632638e-10
2.46614990234375 1.6181230212802298e-10
2.46714990234375 1.3902505180498596e-10
2.46814990234375 1.2102658382210955e-10
2.46914990234375 1.0106587636686647e-10
2.47014990234375 8.56413417150321e-11
2.47114990234375 7.517099014639056e-11
2.47214990234375 6.728102403844289e-11
2.47314990234375 5.901409816939235e-11
2.47414990234375 5.0031118098842054e-11
2.47514990234375 4.3301275647810104e-11
2.47614990234375 3.7365382703783676e-11
2.47714990234375 3.2512718224183644e-11
2.47814990234375 2.7882763219667496e-11
2.47914990234375 2.389639870700255e-11
2.48014990234375 2.1417278653006776e-11
2.48114990234375 1.9633108950513864e-11
2.48214990234375 1.8339533172918556e-11
2.48314990234375 1.6551853587341882e-11
2.48414990234375 1.4799486848561416e-11
2.48514990234375 1.3303455573131957e-11
2.48614990234375 1.2451978811974383e-11
2.48714990234375 1.116991007358975e-11
2.48814990234375 1.053421917706512e-11
2.48914990234375 9.662799874532588e-12
2.49014990234375 9.324868959014346e-12
2.49114990234375 8.745295310716051e-12
2.49214990234375 8.565684254164643e-12
2.49314990234375 8.673807528716972e-12
2.49414990234375 8.67569802213617e-12
2.49514990234375 8.613145220722231e-12
2.49614990234375 8.622379682543493e-12
2.49714990234375 8.935133666989812e-12
2.49814990234375 9.449967124547933e-12
2.49914990234375 9.931553438614722e-12
2.50014990234375 1.0520620274292631e-11
2.50114990234375 1.1222302339872045e-11
2.50214990234375 1.2122035084159176e-11
2.50314990234375 1.2941114661640564e-11
2.50414990234375 1.371630978680889e-11
2.50514990234375 1.4347789287833993e-11
2.50614990234375 1.4928791724833704e-11
2.50714990234375 1.5336975541379317e-11
2.50814990234375 1.565092641745585e-11
2.50914990234375 1.585539868282743e-11
2.51014990234375 1.600719842147681e-11
2.51114990234375 1.6005492103511763e-11
2.51214990234375 1.588629022935888e-11
2.51314990234375 1.5721066240504938e-11
2.51414990234375 1.5437126485935673e-11
2.51514990234375 1.5002404670034263e-11
2.51614990234375 1.4431434753052566e-11
2.51714990234375 1.3818260869839791e-11
2.51814990234375 1.3210008267172281e-11
2.51914990234375 1.2503208126558163e-11
2.52014990234375 1.1751139178432387e-11
2.52114990234375 1.0916650143927402e-11
2.52214990234375 1.0074189068626708e-11
2.52314990234375 9.202173271221668e-12
2.52414990234375 8.36386989468349e-12
2.52514990234375 7.551263380155546e-12
2.52614990234375 6.817448818297149e-12
2.52714990234375 6.111881195914358e-12
2.52814990234375 5.459756332691492e-12
2.52914990234375 4.8303309652952535e-12
2.53014990234375 4.272793063743141e-12
2.53114990234375 3.793293797408238e-12
2.53214990234375 3.3503824342572895e-12
2.53314990234375 2.9556391283894376e-12
2.53414990234375 2.595110758523348e-12
2.53514990234375 2.3067684447336854e-12
2.53614990234375 2.0671954152793908e-12
2.53714990234375 1.84744044773227e-12
2.53814990234375 1.6664473531232429e-12
2.53914990234375 1.5109750486495568e-12
2.54014990234375 1.3821623970816246e-12
2.54114990234375 1.2696882398624286e-12
2.54214990234375 1.166521312397776e-12
2.54314990234375 1.0820099606344936e-12
2.54414990234375 1.0138479355135518e-12
2.54514990234375 9.57101049906884e-13
2.54614990234375 9.136414229631497e-13
2.54714990234375 8.656415845669249e-13
2.54814990234375 8.364186939342892e-13
2.54914990234375 7.941618372831961e-13
2.55014990234375 7.554942091880112e-13
2.55114990234375 7.097335646443632e-13
2.55214990234375 6.743295196287298e-13
2.55314990234375 6.384555823639836e-13
2.55414990234375 6.03859222836479e-13
2.55514990234375 5.718791416083332e-13
2.55614990234375 5.359631380038083e-13
2.55714990234375 4.997601958093764e-13
2.55814990234375 4.651405827777268e-13
2.55914990234375 4.3395659333930993e-13
2.56014990234375 4.023539580694395e-13
2.56114990234375 3.7036855785568797e-13
2.56214990234375 3.403808736754752e-13
2.56314990234375 3.12011597983361e-13
2.56414990234375 2.828830101200821e-13
2.56514990234375 2.5514507689793983e-13
2.56614990234375 2.308833325759254e-13
2.56714990234375 2.0732226215722288e-13
2.56814990234375 1.8525624648108678e-13
2.56914990234375 1.63285041422124e-13
2.57014990234375 1.4365672200105658e-13
2.57114990234375 1.2754109592552316e-13
2.57214990234375 1.1283261592550684e-13
2.57314990234375 9.986190786659012e-14
2.57414990234375 8.63639030367529e-14
2.57514990234375 7.514156043296688e-14
2.57614990234375 6.533459038919092e-14
2.57714990234375 5.684978617840985e-14
2.57814990234375 4.9641445456836433e-14
2.57914990234375 4.309368814518099e-14
2.58014990234375 3.761869019385323e-14
2.58114990234375 3.2444067922667497e-14
2.58214990234375 2.7924574785708e-14
2.58314990234375 2.4226794665440582e-14
2.58414990234375 2.1193263836952755e-14
2.58514990234375 1.859244279192213e-14
2.58614990234375 1.617581072849361e-14
2.58714990234375 1.4252314550289096e-14
2.58814990234375 1.244516717802462e-14
2.58914990234375 1.0967638845348384e-14
2.59014990234375 9.546859431413217e-15
2.59114990234375 8.50180654759742e-15
2.59214990234375 7.571313536292939e-15
2.59314990234375 6.647238917418995e-15
2.59414990234375 5.9098833982849745e-15
2.59514990234375 5.160924929937792e-15
2.59614990234375 4.55653320622859e-15
2.59714990234375 4.051621637286937e-15
2.59814990234375 3.6538886020368406e-15
2.59914990234375 3.307848232344887e-15
