Wavelength_microns Throughput
0.5505499877929687 2.7950173273387915e-10
0.5515499877929687 2.8960521412478837e-11
0.5525499877929687 8.897026546324668e-10
0.5535499877929687 1.895856579185619e-09
0.5545499877929687 5.2510863590728846e-11
0.5555499877929687 7.840570263699611e-10
0.5565499877929687 9.536871811355028e-10
0.5575499877929687 1.8130541766827819e-09
0.5585499877929687 1.2138481167995495e-09
0.5595499877929687 1.189170795579325e-09
0.5605499877929687 7.27297815668786e-13
0.5615499877929687 2.656473714808783e-09
0.5625499877929687 3.8463198083502e-09
0.5635499877929687 2.3286843255349944e-09
0.5645499877929687 3.2652280173736513e-09
0.5655499877929687 7.18461847721429e-10
0.5665499877929687 5.192876408038659e-10
0.5675499877929687 2.3641626146047454e-09
0.5685499877929687 2.166914448761011e-09
0.5695499877929687 2.532898249858689e-09
0.5705499877929687 4.6562797172200307e-10
0.5715499877929687 3.7201667304163253e-10
0.5725499877929687 5.83652006786376e-10
0.5735499877929687 2.121973831995167e-09
0.5745499877929687 1.3138886777921638e-09
0.5755499877929687 1.6183288036109595e-09
0.5765499877929687 1.2300764275408979e-09
0.5775499877929687 1.6954424116414143e-12
0.5785499877929687 2.4293208598239877e-09
0.5795499877929687 1.724278501217202e-09
0.5805499877929687 6.652789219970212e-09
0.5815499877929687 2.5681478452455398e-09
0.5825499877929687 5.5883599287301175e-09
0.5835499877929687 4.848744334305882e-09
0.5845499877929687 5.303918904600573e-09
0.5855499877929687 2.4578749664772648e-09
0.5865499877929687 8.685358880057997e-09
0.5875499877929687 7.027073928542077e-09
0.5885499877929687 8.20869017501023e-10
0.5895499877929687 4.211183164068795e-12
0.5905499877929687 3.5388410434065134e-10
0.5915499877929687 1.3965644331253715e-09
0.5925499877929687 6.4563542820821865e-09
0.5935499877929687 6.832288692417975e-10
0.5945499877929687 9.150925415900615e-09
0.5955499877929687 1.2735928734885703e-08
0.5965499877929688 5.969955969594958e-09
0.5975499877929688 4.85306815308381e-12
0.5985499877929688 4.909789434564958e-12
0.5995499877929688 9.209543569785866e-10
0.6005499877929688 1.425110708542137e-08
0.6015499877929688 6.540402831752824e-09
0.6025499877929688 8.229042651445212e-09
0.6035499877929688 6.634827669913571e-09
0.6045499877929688 7.179520818393715e-09
0.6055499877929688 7.825368011822372e-09
0.6065499877929688 9.943084485780804e-10
0.6075499877929688 4.283921469029039e-09
0.6085499877929688 1.922096551015522e-08
0.6095499877929688 1.876465498101114e-08
0.6105499877929688 8.89136501957667e-09
0.6115499877929688 1.0898625266555096e-08
0.6125499877929688 7.5084313674569e-09
0.6135499877929688 2.6737808282848567e-08
0.6145499877929688 1.1263649523489668e-08
0.6155499877929688 1.4143134100731158e-08
0.6165499877929688 1.2766985982479036e-08
0.6175499877929688 1.3355891466049499e-08
0.6185499877929688 1.1029985907513465e-09
0.6195499877929688 1.8870291467186964e-08
0.6205499877929688 1.9677984916152703e-08
0.6215499877929688 2.436439746311141e-08
0.6225499877929688 1.8984727850346527e-08
0.6235499877929688 1.3745433170930558e-08
0.6245499877929688 2.025598842456449e-08
0.6255499877929688 3.3723279774412124e-08
0.6265499877929688 1.2137273756038847e-08
0.6275499877929688 8.741538214786302e-09
0.6285499877929688 1.8684463926315597e-08
0.6295499877929688 4.2201245372751616e-08
0.6305499877929688 4.124670653787047e-08
0.6315499877929688 2.204607061684872e-08
0.6325499877929688 4.543621800941567e-08
0.6335499877929688 4.6487825236326195e-08
0.6345499877929688 2.7482001917489615e-08
0.6355499877929688 6.330788165571261e-08
0.6365499877929688 4.049892082308801e-08
0.6375499877929688 6.433538074276813e-08
0.6385499877929688 8.215158854984894e-09
0.6395499877929688 3.442120264007991e-08
0.6405499877929688 6.14946245084986e-08
0.6415499877929688 3.606948670081727e-08
0.6425499877929688 3.66739338763711e-08
0.6435499877929688 4.227986581845828e-08
0.6445499877929688 3.3996120657920474e-08
0.6455499877929688 5.3392651496541975e-08
0.6465499877929688 5.06457950112842e-08
0.6475499877929688 4.131496897270639e-08
0.6485499877929688 4.186335707501342e-08
0.6495499877929688 7.575289052464743e-08
0.6505499877929688 4.695564255730362e-08
0.6515499877929688 6.627226421574517e-08
0.6525499877929688 6.135339836917515e-08
0.6535499877929688 3.952654964381304e-08
0.6545499877929688 7.888177687464271e-08
0.6555499877929688 6.71068942927141e-08
0.6565499877929688 9.548075709188169e-08
0.6575499877929688 8.098981135858904e-08
0.6585499877929688 6.982239877517893e-08
0.6595499877929687 6.419209327019891e-08
0.6605499877929687 7.113885584686728e-08
0.6615499877929687 7.654211601115114e-08
0.6625499877929687 9.517915353031872e-08
0.6635499877929687 1.067409846109703e-07
0.6645499877929687 1.0628152129332582e-07
0.6655499877929687 1.194727214611162e-07
0.6665499877929687 8.957467748814333e-08
0.6675499877929687 1.201107387047516e-07
0.6685499877929687 1.2357907056039778e-07
0.6695499877929687 1.0840852597950363e-07
0.6705499877929687 1.5417810993133712e-07
0.6715499877929687 1.4321777796260886e-07
0.6725499877929687 9.980541785029982e-08
0.6735499877929687 1.6115315574627152e-07
0.6745499877929687 1.661984616200011e-07
0.6755499877929687 1.5728857643090032e-07
0.6765499877929687 1.3290913068684386e-07
0.6775499877929687 1.2218743395454238e-07
0.6785499877929687 1.67379926828061e-07
0.6795499877929687 1.2783263650609393e-07
0.6805499877929687 1.3773132541414312e-07
0.6815499877929687 1.5607839577291646e-07
0.6825499877929687 1.6669301505266956e-07
0.6835499877929687 1.5768740675922392e-07
0.6845499877929687 1.5069826033716023e-07
0.6855499877929687 1.6788233967505173e-07
0.6865499877929687 1.7182746904919912e-07
0.6875499877929687 1.488906664349403e-07
0.6885499877929687 1.7440821132838862e-07
0.6895499877929687 1.6474745690651803e-07
0.6905499877929687 1.8139556282248804e-07
0.6915499877929687 1.7764399610740678e-07
0.6925499877929687 1.8173255307617256e-07
0.6935499877929687 1.7068935741374873e-07
0.6945499877929687 1.97347350894914e-07
0.6955499877929687 2.0143692735020115e-07
0.6965499877929687 2.0118145965260628e-07
0.6975499877929687 2.4287070691450783e-07
0.6985499877929687 2.4725315215933737e-07
0.6995499877929687 2.0580088228471017e-07
0.7005499877929687 1.7094399252138583e-07
0.7015499877929687 1.740673796813667e-07
0.7025499877929687 2.2486777136817977e-07
0.7035499877929687 2.086782810481275e-07
0.7045499877929687 2.2809913014245234e-07
0.7055499877929687 2.0787504846355192e-07
0.7065499877929687 2.4625077685899843e-07
0.7075499877929687 2.4614990543074594e-07
0.7085499877929687 2.586462412973125e-07
0.7095499877929687 2.635295539057757e-07
0.7105499877929687 2.943714135297135e-07
0.7115499877929687 2.554413881606644e-07
0.7125499877929687 2.3086713133235841e-07
0.7135499877929687 2.6615485381235967e-07
0.7145499877929687 2.8609098567349195e-07
0.7155499877929687 2.593014376834451e-07
0.7165499877929687 2.87039535792133e-07
0.7175499877929687 3.556891259701981e-07
0.7185499877929687 2.9484275670519045e-07
0.7195499877929687 3.098385304408282e-07
0.7205499877929687 3.2751158559404435e-07
0.7215499877929688 3.122316366673983e-07
0.7225499877929688 3.338754700509646e-07
0.7235499877929688 2.9004679540846163e-07
0.7245499877929688 2.9046628160541536e-07
0.7255499877929688 3.433530364559977e-07
0.7265499877929688 2.756889976988175e-07
0.7275499877929688 2.741206660674971e-07
0.7285499877929688 3.029697282555461e-07
0.7295499877929688 2.4958816954914456e-07
0.7305499877929688 2.1389718266299045e-07
0.7315499877929688 2.3905984407096827e-07
0.7325499877929688 3.036767923819309e-07
0.7335499877929688 2.4333902735631555e-07
0.7345499877929688 1.8232935849423758e-07
0.7355499877929688 2.1153402593514188e-07
0.7365499877929688 2.1573398885874172e-07
0.7375499877929688 2.1629439443509151e-07
0.7385499877929688 2.1257165766391475e-07
0.7395499877929688 2.796362845407431e-07
0.7405499877929688 2.6610578313574825e-07
0.7415499877929688 2.407940769245234e-07
0.7425499877929688 2.38644573265106e-07
0.7435499877929688 2.894066643512235e-07
0.7445499877929688 2.570719359520382e-07
0.7455499877929688 2.3764084362925158e-07
0.7465499877929688 2.784797675500137e-07
0.7475499877929688 2.449162513092466e-07
0.7485499877929688 3.20610609434999e-07
0.7495499877929688 2.4524755432564904e-07
0.7505499877929688 2.939385078263774e-07
0.7515499877929688 3.1512181099673944e-07
0.7525499877929688 2.8936812746342717e-07
0.7535499877929688 2.8283747159153445e-07
0.7545499877929688 3.3277658507947085e-07
0.7555499877929688 2.633850178447578e-07
0.7565499877929688 2.510093875562573e-07
0.7575499877929688 2.623192927825471e-07
0.7585499877929688 2.964322774949177e-07
0.7595499877929688 3.467626628879544e-07
0.7605499877929688 3.5918209268598317e-07
0.7615499877929688 3.3680674534344513e-07
0.7625499877929688 3.4251857074922195e-07
0.7635499877929688 3.788104738653795e-07
0.7645499877929688 4.10509138569234e-07
0.7655499877929688 4.1273092207122364e-07
0.7665499877929688 3.9398037896028234e-07
0.7675499877929688 4.645575116583212e-07
0.7685499877929688 5.518518008405399e-07
0.7695499877929688 7.745535220328217e-07
0.7705499877929688 9.750467546917722e-07
0.7715499877929688 1.4671558940232157e-06
0.7725499877929688 2.1547881265004453e-06
0.7735499877929688 3.3939929489865895e-06
0.7745499877929688 5.3752544297412756e-06
0.7755499877929688 8.140926988193576e-06
0.7765499877929688 1.2031743448534008e-05
0.7775499877929688 1.7313303342880723e-05
0.7785499877929688 2.4469818466120252e-05
0.7795499877929688 3.332968257405395e-05
0.7805499877929688 4.659008247628142e-05
0.7815499877929688 6.603065380723718e-05
0.7825499877929688 9.8368721689591e-05
0.7835499877929688 0.0001602452963690342
0.7845499877929687 0.00027115844994706585
0.7855499877929687 0.0005172039365160672
0.7865499877929687 0.0011073616273057452
0.7875499877929687 0.0024634154221356225
0.7885499877929687 0.005667543913220132
0.7895499877929687 0.012952014975076729
0.7905499877929687 0.026038437204512793
0.7915499877929687 0.04614203901901538
0.7925499877929687 0.07133181240688087
0.7935499877929687 0.09966544114532655
0.7945499877929687 0.12444215031624946
0.7955499877929687 0.14394164266682355
0.7965499877929687 0.15850998384786333
0.7975499877929687 0.1667235306082535
0.7985499877929687 0.1713137222093309
0.7995499877929687 0.1736249355981573
0.8005499877929687 0.17586014176433923
0.8015499877929687 0.17615109441341162
0.8025499877929687 0.17518496705887432
0.8035499877929687 0.17419831041177736
0.8045499877929687 0.17273686424100515
0.8055499877929687 0.17159207563019035
0.8065499877929687 0.16965969711802384
0.8075499877929687 0.1675839884431055
0.8085499877929687 0.16614327866156928
0.8095499877929687 0.166687069375618
0.8105499877929687 0.16843272742000626
0.8115499877929687 0.17135023649132478
0.8125499877929687 0.17481105918060227
0.8135499877929687 0.17769726075813905
0.8145499877929687 0.18144983554863914
0.8155499877929687 0.18317598828252865
0.8165499877929687 0.18531508290620016
0.8175499877929687 0.18740125647500777
0.8185499877929687 0.1895386151278962
0.8195499877929687 0.1908731842069387
0.8205499877929687 0.19227294734063274
0.8215499877929687 0.19371796970037122
0.8225499877929687 0.19318480238097097
0.8235499877929687 0.19310329921334374
0.8245499877929687 0.19256209486187664
0.8255499877929687 0.19129579084651566
0.8265499877929687 0.1907215294760874
0.8275499877929687 0.19048438145833277
0.8285499877929687 0.1910445915422685
0.8295499877929687 0.19193567261690003
0.8305499877929687 0.19201709487776158
0.8315499877929687 0.1933607221522961
0.8325499877929687 0.1942229130304289
0.8335499877929687 0.19479731844635514
0.8345499877929687 0.19538809676301586
0.8355499877929687 0.19844004638571597
0.8365499877929687 0.20126775134933592
0.8375499877929687 0.20436881494832443
0.8385499877929687 0.2070831215822216
0.8395499877929687 0.20895011519091386
0.8405499877929687 0.21080661433055117
0.8415499877929687 0.21317473934105163
0.8425499877929687 0.21407219274106568
0.8435499877929687 0.2141717138134873
0.8445499877929687 0.21440077577658742
0.8455499877929687 0.21324717091713427
0.8465499877929688 0.21314356956413344
0.8475499877929688 0.2119795288041025
0.8485499877929688 0.21160593535363365
0.8495499877929688 0.21267247387934848
0.8505499877929688 0.21425708075387634
0.8515499877929688 0.2164629714791273
0.8525499877929688 0.21768290299169854
0.8535499877929688 0.2186416242019561
0.8545499877929688 0.2204370197252924
0.8555499877929688 0.22055792431987004
0.8565499877929688 0.22288574268421985
0.8575499877929688 0.22518197733195275
0.8585499877929688 0.22776751613472254
0.8595499877929688 0.22972539331698
0.8605499877929688 0.23372158469378798
0.8615499877929688 0.2359757522376679
0.8625499877929688 0.23653871646243763
0.8635499877929688 0.23623738881905043
0.8645499877929688 0.23703474677533737
0.8655499877929688 0.23838302381100054
0.8665499877929688 0.2417784287341683
0.8675499877929688 0.23979579643540122
0.8685499877929688 0.2384616382996786
0.8695499877929688 0.23921826425982717
0.8705499877929688 0.23985699396996543
0.8715499877929688 0.2373241725199658
0.8725499877929688 0.23993124411410374
0.8735499877929688 0.24046956581882187
0.8745499877929688 0.24204402241122128
0.8755499877929688 0.2405089366818285
0.8765499877929688 0.2416583199521749
0.8775499877929688 0.24645228378525216
0.8785499877929688 0.24757238495378098
0.8795499877929688 0.2473612117732831
0.8805499877929688 0.2520011895528171
0.8815499877929688 0.2505649402882865
0.8825499877929688 0.25428389174521987
0.8835499877929688 0.252607840184708
0.8845499877929688 0.2571600837760584
0.8855499877929688 0.25353236744360896
0.8865499877929688 0.2508484468055562
0.8875499877929688 0.25901926577326134
0.8885499877929688 0.26219832773947727
0.8895499877929688 0.26039981296620485
0.8905499877929688 0.25508444844114136
0.8915499877929688 0.25863108132054713
0.8925499877929688 0.25788640550246916
0.8935499877929688 0.25774056031597486
0.8945499877929688 0.25841171439918986
0.8955499877929688 0.2567796115176594
0.8965499877929688 0.25240362330345834
0.8975499877929688 0.256588183221911
0.8985499877929688 0.25724907116788354
0.8995499877929688 0.256111959610179
0.9005499877929688 0.2572391666017182
0.9015499877929688 0.25732062806284894
0.9025499877929688 0.2584969710925492
0.9035499877929688 0.2579076862123504
0.9045499877929688 0.258351949013405
0.9055499877929688 0.2610976875150182
0.9065499877929688 0.2609518676204716
0.9075499877929688 0.26033146995904627
0.9085499877929688 0.2625705581328447
0.9095499877929687 0.2631595599316924
0.9105499877929687 0.2635268786891817
0.9115499877929687 0.2642404713833973
0.9125499877929687 0.264886857439274
0.9135499877929687 0.264969925080844
0.9145499877929687 0.2659898674504051
0.9155499877929687 0.26536153227944664
0.9165499877929687 0.26696780607103
0.9175499877929687 0.26545269195400617
0.9185499877929687 0.2666959779730631
0.9195499877929687 0.26619092882803275
0.9205499877929687 0.26510377507618427
0.9215499877929687 0.2643909637260763
0.9225499877929687 0.26369717705895607
0.9235499877929687 0.2628791344061338
0.9245499877929687 0.26100603345304335
0.9255499877929687 0.2609213914331371
0.9265499877929687 0.2599173894749232
0.9275499877929687 0.25935940469575386
0.9285499877929687 0.2600464968745442
0.9295499877929687 0.26058778827111545
0.9305499877929687 0.26101934804348514
0.9315499877929687 0.2614377664866374
0.9325499877929687 0.26144388106213917
0.9335499877929687 0.2606711953132301
0.9345499877929687 0.2607175968929322
0.9355499877929687 0.2599069221083707
0.9365499877929687 0.259544868793167
0.9375499877929687 0.2584641824929309
0.9385499877929687 0.2570430853300468
0.9395499877929687 0.25653490316326205
0.9405499877929687 0.2556602800191615
0.9415499877929687 0.25406631882218583
0.9425499877929687 0.2529551479283598
0.9435499877929687 0.25165195798012935
0.9445499877929687 0.2502974307894512
0.9455499877929687 0.24929321201230425
0.9465499877929687 0.2478098709815577
0.9475499877929687 0.24668822672201426
0.9485499877929687 0.24694402685788847
0.9495499877929687 0.2473941273328479
0.9505499877929687 0.2470411520494077
0.9515499877929687 0.24903235557775816
0.9525499877929687 0.2473197971972706
0.9535499877929687 0.24708606703119218
0.9545499877929687 0.2466178042574293
0.9555499877929687 0.24607074653674557
0.9565499877929687 0.24528166735094156
0.9575499877929687 0.2441520635880743
0.9585499877929687 0.2448945068475704
0.9595499877929687 0.2425138218133067
0.9605499877929687 0.24137306693872834
0.9615499877929687 0.24051839038821446
0.9625499877929687 0.23957070419415832
0.9635499877929687 0.23860624085452511
0.9645499877929687 0.2381355852259222
0.9655499877929687 0.2364202106483101
0.9665499877929687 0.23468028005097905
0.9675499877929687 0.23436691056808445
0.9685499877929687 0.23347895262634322
0.9695499877929687 0.2328656377710571
0.9705499877929687 0.2324533266180932
0.9715499877929688 0.23203907591291423
0.9725499877929688 0.23158613387647625
0.9735499877929688 0.23115913979276592
0.9745499877929688 0.22880593062610524
0.9755499877929688 0.22981046763303986
0.9765499877929688 0.2276701929263433
0.9775499877929688 0.22669775495691685
0.9785499877929688 0.22666139362876025
0.9795499877929688 0.22519816184176858
0.9805499877929688 0.22370784892845294
0.9815499877929688 0.2248569265357032
0.9825499877929688 0.2237176974248601
0.9835499877929688 0.22306452294619336
0.9845499877929688 0.2224099498757608
0.9855499877929688 0.22230258330405306
0.9865499877929688 0.22080942095780853
0.9875499877929688 0.22028306235178577
0.9885499877929688 0.22048422611492738
0.9895499877929688 0.21953327242102447
0.9905499877929688 0.21952516414885728
0.9915499877929688 0.21780334225022838
0.9925499877929688 0.21741291212134445
0.9935499877929688 0.21573184847055873
0.9945499877929688 0.21501796540413445
0.9955499877929688 0.21374856508002682
0.9965499877929688 0.21245324457675271
0.9975499877929688 0.20982955189657776
0.9985499877929688 0.20472796915476849
0.9995499877929688 0.19744821177302696
1.0005499877929687 0.18423152014139776
1.0015499877929688 0.16847773050086537
1.0025499877929687 0.14769248560291745
1.0035499877929688 0.124574443120566
1.0045499877929687 0.10761766581150668
1.0055499877929688 0.0889668647994355
1.0065499877929687 0.07423178462917483
1.0075499877929688 0.05991877755508237
1.0085499877929687 0.05063492978902142
1.0095499877929688 0.041647945279084844
1.0105499877929687 0.03519124857506229
1.0115499877929688 0.030479370908997758
1.0125499877929687 0.025806209624993123
1.0135499877929688 0.02188849689729644
1.0145499877929687 0.01938562485544974
1.0155499877929688 0.016744421312839975
1.0165499877929687 0.014165580934385563
1.0175499877929688 0.011799557450429978
1.0185499877929687 0.009420151223638146
1.0195499877929688 0.007227975536062949
1.0205499877929687 0.005521538351356888
1.0215499877929688 0.00411749270841501
1.0225499877929687 0.0028559135387595477
1.0235499877929688 0.00225420728211016
1.024550048828125 0.0015992638709805293
1.025550048828125 0.001167399140649412
1.026550048828125 0.0008224893930032761
1.027550048828125 0.0006141876781370181
1.028550048828125 0.00045413008405835177
1.029550048828125 0.000322130367079073
1.030550048828125 0.00026300016716827363
1.031550048828125 0.0001942206383225685
1.032550048828125 0.00014906258294070668
1.033550048828125 0.00011385780854548773
1.034550048828125 8.951530526387083e-05
1.035550048828125 6.838629983963499e-05
1.036550048828125 5.508380600608684e-05
1.037550048828125 4.495208029665271e-05
1.038550048828125 3.471492183667657e-05
1.039550048828125 2.833318287360555e-05
1.040550048828125 2.28990349141953e-05
1.041550048828125 1.8660579253080537e-05
1.042550048828125 1.5250070216758502e-05
1.043550048828125 1.2390198990287293e-05
1.044550048828125 1.0592887636015176e-05
1.045550048828125 8.396216902196203e-06
1.046550048828125 7.115405129584038e-06
1.047550048828125 6.117447274072654e-06
1.048550048828125 4.8247375565690825e-06
1.049550048828125 4.865399708177888e-06
1.050550048828125 3.9281910261102746e-06
1.051550048828125 3.3567759194477007e-06
1.052550048828125 2.8346347320752616e-06
1.053550048828125 2.535185142549235e-06
1.054550048828125 1.492216748485752e-06
1.055550048828125 2.3395824060437826e-06
1.056550048828125 2.4057854054938628e-06
1.057550048828125 1.709150859574918e-06
1.058550048828125 1.7639799146991342e-06
1.059550048828125 1.4015442340154588e-06
1.060550048828125 1.251565746533356e-06
1.061550048828125 1.4900249621639073e-06
1.062550048828125 9.686295649800387e-07
1.063550048828125 7.310555036627801e-07
1.064550048828125 1.000961215135387e-06
1.065550048828125 8.753002445309851e-07
1.066550048828125 1.4684182991230781e-06
1.067550048828125 6.117774860883748e-07
1.068550048828125 1.5887754984547137e-06
1.069550048828125 1.2072238378094145e-06
1.070550048828125 1.067001810708753e-06
1.071550048828125 6.832406951954073e-07
1.072550048828125 1.2018659376824243e-06
1.073550048828125 1.0268943585883615e-06
1.074550048828125 8.875256086149047e-07
1.075550048828125 2.8776669069090916e-07
1.076550048828125 1.6106965161614927e-06
1.077550048828125 4.2003709665687023e-07
1.078550048828125 7.553360472772074e-07
1.079550048828125 8.189278450061383e-07
1.080550048828125 1.2242361415137712e-06
1.081550048828125 3.289905852636901e-07
1.082550048828125 4.487269913770802e-07
1.083550048828125 2.5810818859498005e-07
1.084550048828125 4.7247664554866693e-07
1.085550048828125 3.05085479885682e-07
1.086550048828125 4.49328935011666e-07
1.087550048828125 8.420013050455018e-07
1.088550048828125 3.699676079010798e-07
1.089550048828125 1.4026363445592457e-06
1.090550048828125 5.72026852026437e-07
1.091550048828125 3.464231035340993e-07
1.092550048828125 3.0803966178382744e-07
1.093550048828125 9.76732918099251e-07
1.094550048828125 7.664226723087207e-07
1.095550048828125 2.503347885640848e-07
1.096550048828125 1.917254611331992e-07
1.097550048828125 1.145041899472597e-06
1.098550048828125 3.59140918693149e-07
1.099550048828125 1.889034614679349e-07
1.100550048828125 6.723186994036154e-07
1.101550048828125 9.333886750907576e-07
1.102550048828125 7.786533436996347e-07
1.103550048828125 7.685181168208365e-08
1.104550048828125 4.28417066314189e-07
1.105550048828125 3.4769290260663865e-07
1.106550048828125 7.576081865352003e-08
1.107550048828125 4.217980516008128e-07
1.108550048828125 4.809676099542538e-07
1.109550048828125 3.3878109326997525e-07
1.110550048828125 1.1922344042427508e-06
1.111550048828125 2.3638521970922922e-07
1.112550048828125 9.85983278934307e-07
1.113550048828125 2.6570674027554394e-07
1.114550048828125 5.963221823652568e-07
1.115550048828125 4.888656088842523e-07
1.116550048828125 8.392081804613843e-07
1.117550048828125 1.0683329540239972e-06
1.118550048828125 7.011046476654504e-07
1.119550048828125 6.520553064718722e-07
1.120550048828125 5.553682312452953e-07
1.121550048828125 1.0635872107574732e-06
1.122550048828125 8.766835544565964e-07
1.123550048828125 1.1544061862228844e-08
1.124550048828125 5.094276981025233e-07
1.125550048828125 3.4520822442453484e-07
1.126550048828125 6.287157708985044e-07
1.127550048828125 7.323148178560509e-07
1.128550048828125 2.3784283384584482e-07
1.129550048828125 1.393761732451777e-06
1.130550048828125 7.759426341820548e-07
1.131550048828125 3.5876451515159e-07
1.132550048828125 3.550775939602336e-07
1.133550048828125 5.007141133656408e-07
1.134550048828125 2.0219087201778242e-07
1.135550048828125 8.855588059018662e-07
1.136550048828125 3.6149766701351733e-07
1.137550048828125 6.811836144547081e-07
1.138550048828125 9.936871571744376e-07
1.139550048828125 3.3881362286940405e-07
1.140550048828125 8.376982597444164e-07
1.141550048828125 3.774898703587173e-07
1.142550048828125 9.117468979308656e-07
1.143550048828125 8.10140556859096e-07
1.144550048828125 5.111153090045007e-07
1.145550048828125 4.0666990630377074e-07
1.146550048828125 6.298387703708454e-07
1.147550048828125 2.3577211102437132e-07
1.148550048828125 9.473452514678928e-07
1.149550048828125 6.403593724962207e-07
1.150550048828125 5.19592637820829e-07
1.151550048828125 3.746964458733884e-07
1.152550048828125 8.227414004431904e-07
1.153550048828125 5.242597390400571e-07
1.154550048828125 3.459997742390921e-07
1.155550048828125 7.537045302641598e-07
1.156550048828125 1.282512153394513e-07
1.157550048828125 9.422348683814528e-07
1.158550048828125 6.495732069584783e-07
1.159550048828125 8.326302454929405e-07
1.160550048828125 4.674360808228004e-07
1.161550048828125 3.026913783697439e-07
1.162550048828125 4.7480341935708305e-07
1.163550048828125 8.492184917146901e-07
1.164550048828125 5.528322701922363e-07
1.165550048828125 4.795010305580202e-07
1.166550048828125 9.407256343826765e-07
1.167550048828125 6.901203343302688e-07
1.168550048828125 6.26431849537747e-07
1.169550048828125 4.5264199950759456e-07
1.170550048828125 9.620061441903955e-07
1.171550048828125 1.9438321407070617e-11
1.172550048828125 1.1864028304340625e-06
1.173550048828125 1.3543886607926656e-06
1.174550048828125 2.8764101074918694e-07
1.175550048828125 5.794963225690821e-07
1.176550048828125 7.962561194875359e-07
1.177550048828125 7.812250340390086e-07
1.178550048828125 3.1926028957112753e-07
1.179550048828125 7.634343006676883e-07
1.180550048828125 5.441105428608904e-07
1.181550048828125 3.1296037519966705e-07
1.182550048828125 8.143538784385402e-07
1.183550048828125 8.077277919326859e-07
1.184550048828125 5.526659491605296e-07
1.185550048828125 4.5482326596737825e-07
1.186550048828125 4.7090265326381376e-07
1.187550048828125 9.542240610941096e-07
1.188550048828125 1.0442229590002779e-06
1.189550048828125 4.908350310856073e-07
1.190550048828125 9.561381522748793e-07
1.191550048828125 7.102664782534387e-07
1.192550048828125 1.1277008258167472e-06
1.193550048828125 4.1723997078001956e-07
1.194550048828125 5.923362767375385e-07
1.195550048828125 6.872494080392523e-07
1.196550048828125 5.164811967804607e-07
1.197550048828125 1.0101955832514757e-06
1.198550048828125 3.3016191544531894e-07
1.199550048828125 8.254749245050977e-07
1.200550048828125 7.349594785384894e-07
1.201550048828125 7.568815930378551e-07
1.202550048828125 9.53776824856662e-07
1.203550048828125 6.92007697737047e-07
1.204550048828125 5.273549959659038e-07
1.205550048828125 3.1857823795930594e-07
1.206550048828125 5.239167617699124e-07
1.207550048828125 1.2539159032506362e-06
1.208550048828125 6.86029127548024e-07
1.209550048828125 9.833593621676811e-07
1.210550048828125 6.490824059580573e-07
1.211550048828125 8.526306672654009e-07
1.212550048828125 6.499888606288534e-07
1.213550048828125 8.250218679594112e-07
1.214550048828125 7.899689484244557e-07
1.215550048828125 5.341020559410279e-07
1.216550048828125 1.3380110962569383e-06
1.217550048828125 5.990844177689652e-07
1.218550048828125 2.843727358676586e-07
1.219550048828125 5.786333149412984e-07
1.220550048828125 1.4393759446100837e-06
1.221550048828125 5.173884985839544e-07
1.222550048828125 9.864786891288543e-07
1.223550048828125 9.602242937622673e-07
1.224550048828125 8.774017741086666e-07
1.225550048828125 6.483251053093394e-07
1.226550048828125 4.87800424584374e-07
1.227550048828125 3.8158116448206566e-07
1.228550048828125 7.626924341202492e-07
1.229550048828125 3.4151420893210995e-07
1.230550048828125 1.1205504885620185e-06
1.231550048828125 1.4109190702011066e-07
1.232550048828125 9.044704383413326e-07
1.233550048828125 5.079366391029477e-07
1.234550048828125 9.23333920807767e-07
1.235550048828125 9.589542385600843e-07
1.236550048828125 4.177751487115011e-07
1.237550048828125 2.3851356778032376e-07
1.238550048828125 3.984372269167525e-07
1.239550048828125 1.3163054089303297e-06
1.240550048828125 1.2035940047522864e-06
1.241550048828125 1.1013337288066054e-06
1.242550048828125 1.4867911953789696e-06
1.243550048828125 3.764359892812273e-07
1.244550048828125 6.963751476717549e-07
1.245550048828125 1.2922990522244733e-06
1.246550048828125 9.754360773611042e-07
1.247550048828125 4.2245678296767173e-07
1.248550048828125 1.6035590600205445e-06
1.249550048828125 1.0420823916999786e-06
1.250550048828125 1.2510143759818487e-06
1.251550048828125 7.242589837691159e-07
1.252550048828125 9.013302645380765e-07
1.253550048828125 3.058515320143364e-07
1.254550048828125 5.968931971078534e-07
1.255550048828125 6.888432196498079e-07
1.256550048828125 8.212881132740356e-07
1.257550048828125 1.1400213805585335e-06
1.258550048828125 8.615365690648926e-07
1.259550048828125 7.228302887842961e-07
1.260550048828125 9.306819097426538e-07
1.261550048828125 1.3536497616745822e-06
1.262550048828125 8.556398906084125e-07
1.263550048828125 2.5479114890798835e-07
1.264550048828125 2.4066359701930114e-07
1.265550048828125 1.447020410623442e-06
1.266550048828125 1.165036792105003e-06
1.267550048828125 1.2745843948457012e-06
1.268550048828125 7.767501809626956e-07
1.269550048828125 9.83348156768858e-07
1.270550048828125 9.271022908904788e-07
1.271550048828125 1.4353718103411805e-06
1.272550048828125 1.1397918168221285e-06
1.273550048828125 4.071050697268208e-07
1.274550048828125 7.822450506930239e-07
1.275550048828125 7.348873982803073e-07
1.276550048828125 8.639178545914085e-07
1.277550048828125 1.2827876017856839e-06
1.278550048828125 7.952862306734436e-07
1.279550048828125 5.523132348654526e-07
1.280550048828125 1.1972984764761847e-06
1.281550048828125 1.685016060570921e-06
1.282550048828125 1.1178041974003726e-06
1.283550048828125 4.685451263647638e-07
1.284550048828125 6.14297673275665e-07
1.285550048828125 1.4519811849100886e-06
1.286550048828125 7.430459751133678e-07
1.287550048828125 9.845735471042915e-07
1.288550048828125 1.100558545735144e-06
1.289550048828125 1.4456229922758985e-06
1.290550048828125 1.2152946494001953e-06
1.291550048828125 1.265674522455164e-06
1.292550048828125 1.1888207036911388e-06
1.293550048828125 9.99046717103727e-07
1.294550048828125 3.4942017600054757e-07
1.295550048828125 9.796759703478732e-07
1.296550048828125 1.2102866327110379e-06
1.297550048828125 8.042842753363263e-07
1.298550048828125 8.200889977725335e-07
1.299550048828125 1.7730922159860322e-06
1.300550048828125 1.6707618633564965e-06
1.301550048828125 6.536096083178382e-07
1.302550048828125 1.0070152702468838e-06
1.303550048828125 1.179586810638852e-06
1.304550048828125 1.0807262449960802e-06
1.305550048828125 9.219894807082668e-07
1.306550048828125 1.2716608648555886e-06
1.307550048828125 1.218880939412904e-06
1.308550048828125 1.726499265110341e-06
1.309550048828125 9.614985828685747e-07
1.310550048828125 1.1967530514554098e-06
1.311550048828125 8.562797689270476e-07
1.312550048828125 1.1515211221863566e-06
1.313550048828125 1.2662774910649164e-06
1.314550048828125 1.4748571341228846e-06
1.315550048828125 7.539713061478174e-07
1.316550048828125 1.180746785131425e-06
1.317550048828125 1.1269095998531372e-06
1.318550048828125 1.2814782076576853e-06
1.319550048828125 1.6782524668774605e-06
1.320550048828125 1.73907710594707e-06
1.321550048828125 1.4968392947744963e-06
1.322550048828125 1.772785154812498e-06
1.323550048828125 7.265230157126123e-07
1.324550048828125 1.0681356168810096e-06
1.325550048828125 1.6217797052781896e-06
1.326550048828125 1.088206098993716e-06
1.327550048828125 1.1857114216084189e-06
1.328550048828125 1.0684688431111883e-06
1.329550048828125 1.7461668196888698e-06
1.330550048828125 1.2434341668482966e-06
1.331550048828125 8.466088649014572e-07
1.332550048828125 8.064002286592132e-07
1.333550048828125 1.7710376280947379e-06
1.334550048828125 1.3909420001703275e-06
1.335550048828125 5.431825244882448e-07
1.336550048828125 1.2191175178818738e-06
1.337550048828125 1.8164035814585397e-06
1.338550048828125 1.7955487682147147e-06
1.339550048828125 1.431025725877041e-06
1.340550048828125 9.529201584494097e-07
1.341550048828125 1.5412658445765988e-06
1.342550048828125 1.2303768619761681e-06
1.343550048828125 1.5165006914273814e-06
1.344550048828125 1.7379731748534204e-06
1.345550048828125 6.167855104590029e-07
1.346550048828125 1.7381254018564402e-06
1.347550048828125 1.7034758216840997e-06
1.348550048828125 9.55432895615215e-07
1.349550048828125 6.899336548340146e-07
1.350550048828125 1.7467861080283059e-06
1.351550048828125 1.5075736214490131e-06
1.352550048828125 1.7904654357065842e-06
1.353550048828125 2.272358568458465e-06
1.354550048828125 2.2110363862029232e-07
1.355550048828125 1.4765302297165823e-06
1.356550048828125 1.0951686584105737e-06
1.357550048828125 2.0645412847727026e-06
1.358550048828125 8.19689294763882e-07
1.359550048828125 1.4491799442516487e-06
1.360550048828125 5.788435469329553e-07
1.361550048828125 2.0395256932671915e-06
1.362550048828125 1.551451454883233e-06
1.363550048828125 7.923211434712099e-07
1.364550048828125 1.260330661489627e-06
1.365550048828125 9.288700646076114e-07
1.366550048828125 1.4462310349108968e-06
1.367550048828125 7.449373646360257e-07
1.368550048828125 1.3496942293148016e-06
1.369550048828125 9.329195711709793e-07
1.370550048828125 1.1201120571584874e-06
1.371550048828125 1.505722511196347e-06
1.372550048828125 1.1557648991290095e-06
1.373550048828125 1.2274137325599124e-06
1.374550048828125 9.972413222765314e-07
1.375550048828125 1.1937896902411668e-06
1.376550048828125 1.8309919444555116e-06
1.377550048828125 1.4867924787343813e-06
1.378550048828125 1.30654463684231e-06
1.379550048828125 2.8757565834404878e-11
1.380550048828125 1.8308674868648777e-06
1.381550048828125 1.859216688366724e-06
1.382550048828125 1.0350479452346518e-06
1.383550048828125 1.5077798951825036e-06
1.384550048828125 1.8578583824593289e-06
1.385550048828125 1.4013372013177193e-06
1.386550048828125 2.015241721029985e-06
1.387550048828125 1.4557410756128998e-06
1.388550048828125 6.592250778961601e-07
1.389550048828125 1.459921671536335e-06
1.390550048828125 1.3184926930934515e-06
1.391550048828125 8.853012692329645e-07
1.392550048828125 1.503484994043291e-06
1.393550048828125 1.4899674325562691e-06
1.394550048828125 1.824379021995579e-06
1.395550048828125 2.225070526953275e-06
1.396550048828125 1.654352681495901e-06
1.397550048828125 7.485932965748088e-07
1.398550048828125 1.6828148738699143e-06
1.399550048828125 1.9527245322598943e-06
1.400550048828125 1.3820348636197933e-06
1.401550048828125 2.0264285730680066e-06
1.402550048828125 8.324581551130308e-07
1.403550048828125 4.962015630966862e-07
1.404550048828125 9.347065700131269e-07
1.405550048828125 1.566561483154702e-06
1.406550048828125 2.461711929233076e-06
1.407550048828125 6.000690765776419e-07
1.408550048828125 1.1835752958425528e-06
1.409550048828125 8.82690622917833e-07
1.410550048828125 1.5878602953379978e-06
1.411550048828125 2.7278976679639534e-06
1.412550048828125 3.4405842365287915e-07
1.413550048828125 1.6256129790881422e-06
1.414550048828125 2.4246362592989137e-06
1.415550048828125 1.388425835482781e-06
1.416550048828125 1.0548604256037274e-06
1.417550048828125 2.3542159086420823e-06
1.418550048828125 1.970247797889599e-06
1.419550048828125 2.196137491675789e-06
1.420550048828125 1.7829019971379663e-06
1.421550048828125 1.084044487829552e-06
1.422550048828125 1.94017151787193e-06
1.423550048828125 1.574033484152808e-06
1.424550048828125 2.3263063531628177e-06
1.425550048828125 7.146378473105906e-07
1.426550048828125 2.65976215805579e-06
1.427550048828125 7.30772319020612e-07
1.428550048828125 2.1129342339353244e-06
1.429550048828125 1.5497452972940854e-06
1.430550048828125 2.08611892262689e-06
1.431550048828125 1.1928513426622772e-06
1.432550048828125 1.932609510484378e-06
1.433550048828125 1.7897895651147056e-06
1.434550048828125 7.052820832139422e-07
1.435550048828125 2.6794722158224936e-06
1.436550048828125 9.676211381692074e-07
1.437550048828125 2.3674224369869065e-06
1.438550048828125 9.529342492656256e-07
1.439550048828125 1.579619714495833e-06
1.440550048828125 1.1310401113948133e-06
1.441550048828125 2.308666975690773e-06
1.442550048828125 1.1606453178329016e-06
1.443550048828125 1.6897301450617884e-06
1.444550048828125 2.065732973188262e-06
1.445550048828125 5.999407259274006e-07
1.446550048828125 2.3038361461305514e-06
1.447550048828125 1.5186058406258002e-06
1.448550048828125 2.023681584905155e-06
1.449550048828125 1.038209149387616e-06
1.450550048828125 2.3975370427663165e-07
1.451550048828125 1.1805520689948853e-06
1.452550048828125 1.7131207026588598e-06
1.453550048828125 2.072130830687792e-06
1.454550048828125 8.41329956358039e-07
1.455550048828125 2.3948037221421652e-06
1.456550048828125 2.9383533783797594e-06
1.457550048828125 2.11136451360817e-06
1.458550048828125 1.3175898439614847e-06
1.459550048828125 1.5576668336663955e-06
1.460550048828125 2.0954425269453207e-06
1.461550048828125 2.34698147411555e-06
1.462550048828125 1.7093569369283362e-06
1.463550048828125 7.651054193020084e-07
1.464550048828125 3.161709129504029e-06
1.465550048828125 2.1928642122321383e-06
1.466550048828125 9.806124682417319e-07
1.467550048828125 2.499722544736538e-06
1.468550048828125 2.447277755475861e-06
1.469550048828125 1.5872698817395796e-06
1.470550048828125 1.4542027436939674e-06
1.471550048828125 2.1038760661207523e-06
1.472550048828125 2.2007458319449253e-06
1.473550048828125 1.7904701151559506e-06
1.474550048828125 2.092308599932258e-06
1.475550048828125 2.9884916190745254e-06
1.476550048828125 1.4588707162607678e-06
1.477550048828125 2.4677482181917343e-06
1.478550048828125 2.596887432579048e-06
1.479550048828125 1.5216293039430571e-06
1.480550048828125 4.012467614550202e-06
1.481550048828125 2.820945502487467e-06
1.482550048828125 1.9931754415479003e-06
1.483550048828125 3.5534879899630416e-06
1.484550048828125 3.3779115529809576e-06
1.485550048828125 8.61956632622901e-07
1.486550048828125 1.8872175530504069e-06
1.487550048828125 3.862028314969145e-06
1.488550048828125 3.2458694334699314e-06
1.489550048828125 3.4622611892801833e-06
1.490550048828125 3.7573381248293425e-06
1.491550048828125 3.6354409030032016e-06
1.492550048828125 3.4448829521565125e-06
1.493550048828125 2.4429260037254354e-06
1.494550048828125 3.9425928740196126e-06
1.495550048828125 1.966796167645614e-06
1.496550048828125 3.102761257433303e-06
1.497550048828125 2.0219241998772156e-06
1.498550048828125 2.6446572717561755e-06
1.499550048828125 1.8203739331986586e-06
1.500550048828125 2.536819367599533e-06
1.501550048828125 1.3546658609673935e-06
1.502550048828125 2.4638640071300156e-06
1.503550048828125 2.7763960626314695e-06
1.504550048828125 2.892325308737786e-06
1.505550048828125 2.084465696849482e-06
1.506550048828125 1.5394800617117243e-06
1.507550048828125 2.341167135597649e-06
1.508550048828125 2.9094172232839703e-06
1.509550048828125 2.6818584900707735e-06
1.510550048828125 1.7614319790636603e-06
1.511550048828125 2.789003363542127e-06
1.512550048828125 2.083678303792413e-06
1.513550048828125 2.8289963256052856e-06
1.514550048828125 2.1514033800598054e-06
1.515550048828125 3.0127705166816794e-06
1.516550048828125 2.402054567459195e-06
1.517550048828125 2.487817442106549e-06
1.518550048828125 2.6371857048260597e-06
1.519550048828125 2.260176732157216e-06
1.520550048828125 1.7685146261250523e-06
1.521550048828125 2.3993678901452933e-06
1.522550048828125 2.6925253374728375e-06
1.523550048828125 2.496349689039799e-06
1.524550048828125 1.8125074327952943e-06
1.525550048828125 2.833575874342837e-06
1.526550048828125 2.3814147652060766e-06
1.527550048828125 1.9372810717690404e-06
1.528550048828125 4.1191514413253824e-06
1.529550048828125 2.070947930717122e-06
1.530550048828125 2.405673236390686e-06
1.531550048828125 1.9034511420691872e-06
1.532550048828125 3.4265050076612056e-06
1.533550048828125 2.0974257563711934e-06
1.534550048828125 2.5450429474172364e-06
1.535550048828125 2.1830557347789028e-06
1.536550048828125 3.610084067759734e-06
1.537550048828125 3.1644522025237747e-06
1.538550048828125 1.864316950528408e-06
1.539550048828125 2.3932145659728724e-06
1.540550048828125 2.4716788099825274e-06
1.541550048828125 4.142962929662784e-06
1.542550048828125 1.5779687655359619e-06
1.543550048828125 2.643652814680866e-06
1.544550048828125 2.418869165799575e-06
1.545550048828125 1.8882696826741894e-06
1.546550048828125 3.5408584134917544e-06
1.547550048828125 2.5109350532210883e-06
1.548550048828125 5.009454309040495e-06
1.549550048828125 2.6941384479777958e-06
1.550550048828125 3.9918642524347863e-07
1.551550048828125 3.352460623447021e-06
1.552550048828125 2.3609908608841074e-06
1.553550048828125 1.7519873046618773e-06
1.554550048828125 1.4977602909422753e-06
1.555550048828125 3.0857165284229724e-06
1.556550048828125 1.7882673487072999e-06
1.557550048828125 4.258797136998979e-06
1.558550048828125 2.9006607260396383e-06
1.559550048828125 2.661809061598492e-06
1.560550048828125 3.982406695673393e-06
1.561550048828125 2.402372230672557e-06
1.562550048828125 3.6601796652358825e-06
1.563550048828125 4.816437880357985e-06
1.564550048828125 3.4201215597788638e-06
1.565550048828125 4.156725202275806e-06
1.566550048828125 2.52406116450757e-06
1.567550048828125 3.5572342257591448e-06
1.568550048828125 2.5037492402850975e-06
1.569550048828125 3.2149859676951817e-06
1.570550048828125 2.221290996283827e-06
1.571550048828125 1.2959416948928113e-06
1.572550048828125 4.059187510086508e-06
1.573550048828125 2.3106155232123648e-06
1.574550048828125 3.4719066817877052e-06
1.575550048828125 2.6186206505720703e-06
1.576550048828125 4.429277273292453e-06
1.577550048828125 2.1509130493222548e-06
1.578550048828125 3.6528088846552728e-06
1.579550048828125 4.477133782895966e-06
1.580550048828125 2.8993533343134166e-06
1.581550048828125 2.661626786478281e-06
1.582550048828125 3.858822261556753e-06
1.583550048828125 2.8362429000197658e-06
1.584550048828125 3.298341903384062e-06
1.585550048828125 3.636248449306842e-06
1.586550048828125 4.172404510872595e-06
1.587550048828125 3.4274594296446737e-06
1.588550048828125 1.8723857176925166e-06
1.589550048828125 3.7498376070074465e-06
1.590550048828125 4.098254026801105e-06
1.591550048828125 1.5451060738332343e-06
1.592550048828125 2.7187871831684985e-06
1.593550048828125 7.509453567543379e-07
1.594550048828125 2.361456621807149e-06
1.595550048828125 3.9506614817421165e-06
1.596550048828125 3.503302562145952e-06
1.597550048828125 2.940569273300158e-06
1.598550048828125 3.324768723041621e-06
1.599550048828125 3.945216246117483e-06
1.600550048828125 3.996507798051767e-06
1.601550048828125 6.482874861400388e-07
1.602550048828125 3.847872414911727e-06
1.603550048828125 1.603511692033396e-06
1.604550048828125 4.647950758726489e-06
1.605550048828125 1.6065406866916875e-06
1.606550048828125 5.2623147644868095e-06
1.607550048828125 2.997789673953778e-06
1.608550048828125 3.02284711367785e-06
1.609550048828125 1.197604953413923e-06
1.610550048828125 5.243591890710368e-06
1.611550048828125 5.611575974728637e-06
1.612550048828125 2.2744975428316824e-06
1.613550048828125 1.7222838496223778e-06
1.614550048828125 4.635375327558474e-06
1.615550048828125 5.1588553847912675e-06
1.616550048828125 3.043995909388116e-06
1.617550048828125 1.1151918229351431e-06
1.618550048828125 5.191765676462918e-06
1.619550048828125 5.1255870588519686e-06
1.620550048828125 3.0044231639435293e-06
1.621550048828125 2.190156085673815e-06
1.622550048828125 3.4762173549183725e-06
1.623550048828125 2.9019561681057768e-06
1.624550048828125 2.9988027604484475e-06
1.625550048828125 3.6291106783802103e-06
1.626550048828125 3.4469688224591863e-06
1.627550048828125 4.277275053295666e-06
1.628550048828125 2.2212941525727253e-06
1.629550048828125 4.043442997984621e-06
1.630550048828125 4.015485941939369e-06
1.631550048828125 4.374599948510823e-06
1.632550048828125 4.228860484004483e-06
1.633550048828125 2.9389191244933584e-06
1.634550048828125 5.33200853646195e-06
1.635550048828125 2.817202942536317e-06
1.636550048828125 5.669377761863028e-06
1.637550048828125 3.1734528907903798e-06
1.638550048828125 3.216529434153464e-06
1.639550048828125 1.8619494857856141e-06
1.640550048828125 2.838944856030538e-06
1.641550048828125 3.5029555820227485e-06
1.642550048828125 2.101901777045078e-06
1.643550048828125 5.914708764699435e-06
1.644550048828125 2.6998013602818064e-06
1.645550048828125 4.868826484470275e-06
1.646550048828125 4.905547599779659e-06
1.647550048828125 4.718866637470656e-06
1.648550048828125 4.119963041724866e-06
1.649550048828125 2.5690772514924093e-06
1.650550048828125 6.260619713881169e-06
1.651550048828125 4.873165780321926e-06
1.652550048828125 5.11684951806032e-06
1.653550048828125 2.6127882699515516e-06
1.654550048828125 7.649942527356309e-06
1.655550048828125 4.510454607222111e-06
1.656550048828125 3.2884430312111256e-06
1.657550048828125 2.401424983277273e-06
1.658550048828125 3.848147681518599e-06
1.659550048828125 4.156393204477712e-06
1.660550048828125 4.714279115784301e-06
1.661550048828125 3.2726777337160554e-06
1.662550048828125 2.5263060475179135e-06
1.663550048828125 2.816865197385001e-06
1.664550048828125 5.092347590201203e-06
1.665550048828125 1.8108348030878333e-06
1.666550048828125 3.1016026668550385e-06
1.667550048828125 2.7108808698356663e-06
1.668550048828125 3.871200356469157e-06
1.669550048828125 1.6944260363270015e-06
1.670550048828125 1.983039485857858e-06
1.671550048828125 3.0608414988321433e-06
1.672550048828125 5.120622308029825e-06
1.673550048828125 3.1421456724341794e-06
1.674550048828125 3.8279287096425245e-06
1.675550048828125 1.913576105660939e-06
1.676550048828125 5.1310397217468265e-06
1.677550048828125 3.6176837619794377e-06
1.678550048828125 5.188856191272197e-06
1.679550048828125 6.607793520346169e-06
1.680550048828125 4.326036979792148e-11
1.681550048828125 2.2479213858501806e-06
1.682550048828125 2.6112798700975938e-06
1.683550048828125 2.7632614035141297e-06
1.684550048828125 4.279279418319071e-06
1.685550048828125 1.719384229661648e-06
1.686550048828125 5.163028928554088e-06
1.687550048828125 2.2289617960862373e-06
1.688550048828125 1.6328250925587616e-06
1.689550048828125 4.727581679254383e-06
1.690550048828125 4.566806548448559e-06
1.691550048828125 4.455431058639374e-07
1.692550048828125 5.2597340920315226e-06
1.693550048828125 1.5620517200622762e-06
1.694550048828125 5.117966288905044e-06
1.695550048828125 3.119162021324233e-06
1.696550048828125 5.450528854456257e-06
1.697550048828125 3.406557745554196e-06
1.698550048828125 6.270158081718563e-07
1.699550048828125 4.1108941369597745e-06
1.700550048828125 1.7122411135539198e-06
1.701550048828125 3.0142796073653866e-06
1.702550048828125 1.5013595917745858e-06
1.703550048828125 3.356899110769556e-06
1.704550048828125 2.532149304436901e-06
1.705550048828125 2.5135083758131027e-06
1.706550048828125 3.0579952035284866e-06
1.707550048828125 2.4610138517236543e-06
1.708550048828125 2.57753633417854e-06
1.709550048828125 6.052882406939565e-06
1.710550048828125 4.219249568568513e-06
1.711550048828125 1.5341188584427552e-06
1.712550048828125 3.6162263551162982e-06
1.713550048828125 2.6492804167447523e-06
1.714550048828125 4.858891930042701e-06
1.715550048828125 3.8779972591397624e-06
1.716550048828125 1.9665336582288815e-06
1.717550048828125 3.4446414901028463e-06
1.718550048828125 8.100645489707783e-07
1.719550048828125 1.8193723121633796e-06
1.720550048828125 4.4330997631975095e-06
1.721550048828125 3.4176190370056845e-06
1.722550048828125 4.574242513968567e-06
1.723550048828125 4.049955196535089e-06
1.724550048828125 3.0056789036032858e-06
1.725550048828125 4.490869693610979e-06
1.726550048828125 4.591265162568312e-06
1.727550048828125 2.482788856468633e-06
1.728550048828125 7.214880752428499e-06
1.729550048828125 5.790546261761505e-06
1.730550048828125 2.229301601037383e-06
1.731550048828125 4.590727127365483e-06
1.732550048828125 4.438307408107575e-06
1.733550048828125 3.434402536739455e-06
1.734550048828125 5.401535979821345e-06
1.735550048828125 4.645890603493638e-06
1.736550048828125 5.607318458490036e-06
1.737550048828125 5.3274385349056276e-06
1.738550048828125 4.241540158473052e-06
1.739550048828125 4.191943789508002e-06
1.740550048828125 8.17801799118164e-06
1.741550048828125 4.541209663788988e-06
1.742550048828125 3.7271893646481933e-06
1.743550048828125 2.458355699656683e-06
1.744550048828125 4.148325765963115e-06
1.745550048828125 5.2448683834435985e-06
1.746550048828125 4.9569708596210145e-06
1.747550048828125 3.2862198004044275e-06
1.748550048828125 7.3488409492455185e-06
1.749550048828125 4.361078341938008e-06
1.750550048828125 4.316072481418644e-06
1.751550048828125 2.828530529100703e-06
1.752550048828125 1.726322247155382e-06
1.753550048828125 7.132660922920966e-06
1.754550048828125 2.8959031837832817e-06
1.755550048828125 8.286367228776037e-06
1.756550048828125 1.7387180937090045e-06
1.757550048828125 6.014348023546452e-06
1.758550048828125 3.7968094072553814e-06
1.759550048828125 6.7302550115588505e-06
1.760550048828125 1.2148131269142655e-06
1.761550048828125 3.7364757338292293e-06
1.762550048828125 1.582680327064498e-06
1.763550048828125 5.842917079469493e-06
1.764550048828125 4.267928627297333e-06
1.765550048828125 2.7051009919206787e-06
1.766550048828125 4.118169501530036e-06
1.767550048828125 3.806759202193607e-06
1.768550048828125 3.26990502198133e-06
1.769550048828125 2.1512724202680406e-06
1.770550048828125 5.906257615631544e-06
1.771550048828125 4.1494256245295085e-06
1.772550048828125 4.396106940007591e-06
1.773550048828125 3.52555577030368e-06
1.774550048828125 1.9576250328524403e-06
1.775550048828125 7.051338128541102e-06
1.776550048828125 4.9927623266742e-06
1.777550048828125 4.111978245843138e-06
1.778550048828125 6.838141133628748e-06
1.779550048828125 4.12961450231605e-06
1.780550048828125 3.6297090547615277e-06
1.781550048828125 3.972614503682379e-06
1.782550048828125 5.550688152778723e-06
1.783550048828125 5.609088773085991e-06
1.784550048828125 3.2277894801095372e-06
1.785550048828125 4.882596920170347e-06
1.786550048828125 6.2970994557896165e-06
1.787550048828125 4.920520483028852e-06
1.788550048828125 3.4469622259231637e-06
1.789550048828125 2.206321951833107e-06
1.790550048828125 1.4265608541329593e-06
1.791550048828125 7.0510350015287655e-06
1.792550048828125 2.96322402559928e-06
1.793550048828125 5.312415592113221e-06
1.794550048828125 2.3930736961651696e-06
1.795550048828125 5.179419404974872e-06
1.796550048828125 6.7901728648844934e-06
1.797550048828125 2.2921399576786407e-06
1.798550048828125 4.6459092366294004e-06
1.799550048828125 5.986154436293489e-06
1.800550048828125 1.5930000400054563e-06
1.801550048828125 3.913958693317685e-06
1.802550048828125 5.038721421036943e-06
1.803550048828125 5.786271954436549e-06
1.804550048828125 2.085833304577626e-06
1.805550048828125 5.231941029380405e-06
1.806550048828125 4.534829874762803e-06
1.807550048828125 4.696741716711139e-06
1.808550048828125 6.520743663654868e-06
1.809550048828125 4.895766834552636e-06
1.810550048828125 8.275420162805206e-06
1.811550048828125 5.254834349123135e-06
1.812550048828125 9.134911273272947e-06
1.813550048828125 5.482719239703326e-06
1.814550048828125 7.6158363904956406e-06
1.815550048828125 7.688051091767701e-06
1.816550048828125 3.13758207618395e-06
1.817550048828125 5.209039472587313e-06
1.818550048828125 5.873749711126563e-06
1.819550048828125 5.913158606244904e-06
1.820550048828125 2.4348078138478273e-06
1.821550048828125 3.1948649818733194e-06
1.822550048828125 4.321814978009742e-06
1.823550048828125 1.04154263995498e-05
1.824550048828125 3.730857025431691e-06
1.825550048828125 6.1555067696781355e-06
1.826550048828125 2.0126666471267916e-06
1.827550048828125 7.273922958176374e-06
1.828550048828125 6.1736428062507735e-06
1.829550048828125 2.2506195512053512e-07
1.830550048828125 9.663656075191616e-06
1.831550048828125 6.47611811061782e-06
1.832550048828125 1.1254569282804207e-05
1.833550048828125 2.4108316092904155e-06
1.834550048828125 2.2507433963433217e-06
1.835550048828125 9.310597392324777e-06
1.836550048828125 7.507836721056657e-06
1.837550048828125 4.233861109047681e-06
1.838550048828125 4.976093646262075e-06
1.839550048828125 7.83912033520494e-06
1.840550048828125 1.0966540617714398e-05
1.841550048828125 1.3588846717794541e-06
1.842550048828125 1.3173026241376226e-06
1.843550048828125 6.693453281971656e-06
1.844550048828125 7.637713572581503e-06
1.845550048828125 7.0701891854165815e-06
1.846550048828125 1.0110841319686521e-05
1.847550048828125 8.288023224813329e-06
1.848550048828125 4.3560565016126295e-06
1.849550048828125 1.128269470873179e-05
1.850550048828125 1.8510747259242157e-06
1.851550048828125 7.2771116138672015e-06
1.852550048828125 7.539279110306009e-06
1.853550048828125 8.530884135038142e-06
1.854550048828125 3.7568153287529126e-06
1.855550048828125 4.795678733536664e-06
1.856550048828125 1.0355500095372699e-05
1.857550048828125 2.7616620796723302e-06
1.858550048828125 6.463211449492432e-06
1.859550048828125 8.325684615432259e-06
1.860550048828125 4.076084372295531e-06
1.861550048828125 1.0735329127247065e-06
1.862550048828125 8.868963767802588e-06
1.863550048828125 7.313504137941879e-06
1.864550048828125 5.0327144445608675e-06
1.865550048828125 9.670127837228546e-07
1.866550048828125 5.706779155191648e-06
1.867550048828125 8.335216584700247e-06
1.868550048828125 6.444125033264789e-06
1.869550048828125 5.310030417385437e-06
1.870550048828125 4.523271150245777e-06
1.871550048828125 8.370173537636922e-06
1.872550048828125 6.516827337066216e-06
1.873550048828125 4.155051091845441e-06
1.874550048828125 7.005980936920165e-06
1.875550048828125 9.782622944403029e-06
1.876550048828125 1.0224696207347712e-05
1.877550048828125 2.9081333211913073e-06
1.878550048828125 1.1043538798857985e-05
1.879550048828125 5.722902366669352e-06
1.880550048828125 4.444742330032268e-06
1.881550048828125 4.999394163958913e-06
1.882550048828125 3.638553164424825e-06
1.883550048828125 4.562292085697102e-06
1.884550048828125 6.794813814549917e-06
1.885550048828125 6.030159692509986e-06
1.886550048828125 6.78400324996261e-06
1.887550048828125 6.244999892219639e-06
1.888550048828125 4.8315274223372885e-06
1.889550048828125 8.401055064524072e-06
1.890550048828125 7.491589946623804e-06
1.891550048828125 5.049548823947623e-06
1.892550048828125 5.938865109443096e-06
1.893550048828125 8.175897804613247e-06
1.894550048828125 7.549502660587813e-06
1.895550048828125 4.676809172136776e-06
1.896550048828125 4.986693648421156e-06
1.897550048828125 5.076638329662285e-06
1.898550048828125 5.371287326178989e-06
1.899550048828125 1.2412958445830221e-05
1.900550048828125 6.102235685635134e-06
1.901550048828125 3.21837878000009e-06
1.902550048828125 6.337612825002916e-06
1.903550048828125 5.76214257577238e-06
1.904550048828125 5.669666610977318e-06
1.905550048828125 3.394031922999935e-06
1.906550048828125 7.506575155535162e-06
1.907550048828125 5.289871561669658e-06
1.908550048828125 5.371933682208246e-06
1.909550048828125 9.851020655716393e-06
1.910550048828125 1.0274929264198858e-05
1.911550048828125 5.441481169787751e-06
1.912550048828125 7.96718655292764e-06
1.913550048828125 9.032217336748685e-06
1.914550048828125 8.265019388480445e-06
1.915550048828125 6.217765457191178e-06
1.916550048828125 5.591686765752898e-06
1.917550048828125 1.0522006617219437e-05
1.918550048828125 5.891619380489427e-06
1.919550048828125 4.309727755034123e-06
1.920550048828125 1.4018509928128028e-05
1.921550048828125 5.5387822337135605e-06
1.922550048828125 1.0829014043879618e-05
1.923550048828125 7.463097772282894e-06
1.924550048828125 8.046290578054566e-06
1.925550048828125 6.884483394298545e-06
1.926550048828125 1.2625188909433081e-05
1.927550048828125 6.961137945446794e-06
1.928550048828125 6.368232982984979e-06
1.929550048828125 1.4165917400442365e-05
1.930550048828125 1.1836011545412021e-05
1.931550048828125 1.1810451489967786e-05
1.932550048828125 2.0087739231489292e-06
1.933550048828125 8.553640732535855e-06
1.934550048828125 1.0398586154312334e-05
1.935550048828125 5.8399814593315445e-06
1.936550048828125 5.283473538898432e-06
1.937550048828125 6.022681595776529e-06
1.938550048828125 4.551786750562545e-06
1.939550048828125 1.2639335980903806e-05
1.940550048828125 5.956324798271824e-06
1.941550048828125 1.0199435065854123e-05
1.942550048828125 2.797179732935444e-06
1.943550048828125 8.688867962378654e-06
1.944550048828125 8.355132680324197e-06
1.945550048828125 5.684916145634342e-06
1.946550048828125 5.2097599195874915e-06
1.947550048828125 8.430245628903617e-06
1.948550048828125 5.923563898763719e-06
1.949550048828125 9.236545158521979e-06
1.950550048828125 7.874937555732887e-06
1.951550048828125 6.506555031458944e-06
1.952550048828125 6.468429671609143e-06
1.953550048828125 6.872885577757276e-06
1.954550048828125 1.0765410469157256e-05
1.955550048828125 9.641266710345705e-06
1.956550048828125 1.134854331833248e-05
1.957550048828125 8.046124741286062e-06
1.958550048828125 8.985436182192342e-06
1.959550048828125 8.377064236372631e-06
1.960550048828125 8.601567516741119e-06
1.961550048828125 5.543256110839745e-06
1.962550048828125 5.653312945709417e-06
1.963550048828125 6.733583936653184e-06
1.964550048828125 4.655424092379052e-06
1.965550048828125 2.8586008387736624e-06
1.966550048828125 7.554551755662439e-06
1.967550048828125 7.934052271166595e-06
1.968550048828125 1.4670791132558523e-06
1.969550048828125 1.0555344472715755e-05
1.970550048828125 6.086013725844329e-06
1.971550048828125 8.293676863819305e-06
1.972550048828125 7.980788443899775e-06
1.973550048828125 9.980945445104078e-06
1.974550048828125 6.632465363533912e-08
1.975550048828125 7.802846324823163e-06
1.976550048828125 5.559901268996308e-06
1.977550048828125 8.655169553382854e-06
1.978550048828125 3.4545523661086414e-06
1.979550048828125 8.543705603263451e-06
1.980550048828125 1.3526780907288089e-05
1.981550048828125 5.715542504584718e-07
1.982550048828125 7.5637401926399785e-06
1.983550048828125 5.030400942025039e-06
1.984550048828125 1.0724318305739103e-05
1.985550048828125 7.863837351401865e-07
1.986550048828125 4.457484000216603e-06
1.987550048828125 8.016055534569616e-06
1.988550048828125 8.59652465349296e-06
1.989550048828125 2.2955649535771484e-07
1.990550048828125 3.852385905638386e-06
1.991550048828125 6.588596365289719e-06
1.992550048828125 1.5542437225467438e-05
1.993550048828125 3.7842365037997254e-06
1.994550048828125 3.7573573302357795e-06
1.995550048828125 9.430842355914277e-06
1.996550048828125 3.0217999422237993e-06
1.997550048828125 6.830093769060581e-06
1.998550048828125 5.332119463474998e-06
1.999550048828125 7.439133585493202e-06
2.000550048828125 8.69553154011507e-06
2.001550048828125 4.821762647955154e-06
2.002550048828125 5.586230625552658e-06
2.003550048828125 5.004971932118154e-06
2.004550048828125 1.0962256314340608e-05
2.005550048828125 6.182269872536523e-06
2.006550048828125 4.317804401527942e-06
2.007550048828125 2.1103197248095834e-06
2.008550048828125 7.570080452623257e-06
2.009550048828125 9.827761646842801e-06
2.010550048828125 1.0481656069041608e-05
2.011550048828125 6.223086450256033e-06
2.012550048828125 3.237586896470575e-06
2.013550048828125 1.0463492470534866e-05
2.014550048828125 4.898169235923056e-06
2.015550048828125 8.742013828276843e-06
2.016550048828125 8.410943166971065e-06
2.017550048828125 1.955603181185248e-06
2.018550048828125 1.2483901039283676e-05
2.019550048828125 5.0181872524466485e-06
2.020550048828125 1.6019194331764504e-05
2.021550048828125 4.6302052247052204e-11
2.022550048828125 1.2061123729237808e-05
2.023550048828125 8.921971716271104e-08
2.024550048828125 9.28291061584778e-06
2.025550048828125 7.636323946065596e-06
2.026550048828125 6.398601403002883e-06
2.027550048828125 8.241150483669323e-06
2.028550048828125 7.85634864078565e-06
2.029550048828125 6.823157916151609e-06
2.030550048828125 6.035955068527561e-06
2.031550048828125 3.85478464083588e-06
2.032550048828125 6.483027892943628e-06
2.033550048828125 6.9213379622334105e-06
2.034550048828125 4.874948971906964e-06
2.035550048828125 6.80292782986257e-06
2.036550048828125 1.6705586591673815e-06
2.037550048828125 5.688687771555754e-06
2.038550048828125 1.0830480372958227e-05
2.039550048828125 8.77026266931021e-06
2.040550048828125 6.506942045671774e-06
2.041550048828125 2.9939294474135783e-06
2.042550048828125 5.19338715655362e-06
2.043550048828125 8.342661003947238e-06
2.044550048828125 2.7928620539983383e-06
2.045550048828125 6.282946249566742e-06
2.046550048828125 1.1194181750522005e-05
2.047550048828125 7.296490989263054e-06
2.048550048828125 9.44626001063306e-06
2.049550048828125 6.360534602758838e-06
2.050550048828125 7.019179169698856e-06
2.051550048828125 5.05439229043074e-06
2.052550048828125 6.458795958456127e-06
2.053550048828125 1.2059486815838859e-05
2.054550048828125 1.5536293125791152e-05
2.055550048828125 7.3491604138879575e-06
2.056550048828125 5.0256586805488825e-06
2.057550048828125 5.2970430989683515e-06
2.058550048828125 8.08274808722262e-06
2.059550048828125 3.8201612467233285e-06
2.060550048828125 3.0614527744552436e-06
2.061550048828125 6.001532465986371e-06
2.062550048828125 6.389110561429781e-06
2.063550048828125 1.3268028273465546e-05
2.064550048828125 7.012678446025803e-06
2.065550048828125 1.143602956609307e-06
2.066550048828125 1.1232426142661245e-05
2.067550048828125 1.22972163645596e-05
2.068550048828125 2.317893516145499e-06
2.069550048828125 8.276659117622987e-06
2.070550048828125 7.119494963806883e-06
2.071550048828125 5.8180032188778595e-06
2.072550048828125 3.0691849475458864e-06
2.073550048828125 3.7765134112728736e-06
2.074550048828125 1.1325793889111274e-05
2.075550048828125 1.4313264780844262e-06
2.076550048828125 8.05426216324048e-06
2.077550048828125 4.340186249812465e-06
2.078550048828125 1.2201719751277728e-05
2.079550048828125 2.471864826992636e-06
2.080550048828125 1.1278287415552195e-05
2.081550048828125 1.3378303214776778e-05
2.082550048828125 3.6550239198184627e-06
2.083550048828125 5.63310258140528e-06
2.084550048828125 5.173510993401832e-06
2.085550048828125 1.0184765247821585e-05
2.086550048828125 5.646160934810654e-06
2.087550048828125 3.8680075890992015e-06
2.088550048828125 1.3816823585673614e-05
2.089550048828125 4.6917481147051863e-11
2.090550048828125 4.363983935950928e-06
2.091550048828125 1.2474537464853806e-05
2.092550048828125 9.59877439036326e-06
2.093550048828125 6.3772322853294185e-06
2.094550048828125 1.1814789314493076e-05
2.095550048828125 2.649888761187218e-06
2.096550048828125 1.7840946828019558e-05
2.097550048828125 6.2180756720245585e-06
2.098550048828125 4.117337406943729e-06
2.099550048828125 1.3083721606099256e-05
2.100550048828125 5.971062008799489e-06
2.101550048828125 6.46132862326615e-06
2.102550048828125 8.760475948523273e-06
2.103550048828125 1.364069394196464e-05
2.104550048828125 4.452355258162396e-06
2.105550048828125 5.952147067817984e-06
2.106550048828125 1.3534531171753894e-05
2.107550048828125 7.424541239323089e-06
2.108550048828125 1.0027055465091157e-05
2.109550048828125 8.181275891891677e-06
2.110550048828125 1.5898763524980666e-05
2.111550048828125 3.432697429578756e-06
2.112550048828125 1.0882707158240458e-05
2.113550048828125 2.483300565163145e-06
2.114550048828125 9.586536417709796e-06
2.115550048828125 1.1291449009263272e-05
2.116550048828125 1.33561297782206e-05
2.117550048828125 3.3351370590184263e-06
2.118550048828125 5.0556091424570825e-06
2.119550048828125 8.867868623177397e-06
2.120550048828125 5.662619891717899e-06
2.121550048828125 5.133840817893639e-06
2.122550048828125 1.884079870256241e-05
2.123550048828125 1.2421744896180932e-05
2.124550048828125 1.3458242901466868e-05
2.125550048828125 8.852333714257055e-06
2.126550048828125 7.858780208282913e-06
2.127550048828125 7.776359456377784e-06
2.128550048828125 5.635158455299654e-06
2.129550048828125 1.3567858956071476e-05
2.130550048828125 3.0006079387745052e-06
2.131550048828125 3.380041530592839e-06
2.132550048828125 7.409431812220082e-06
2.133550048828125 6.631986776463944e-06
2.134550048828125 9.204047307847134e-06
2.135550048828125 1.3937889609879969e-05
2.136550048828125 1.5379496041045184e-05
2.137550048828125 1.5769170604474725e-05
2.138550048828125 1.4472657590888897e-05
2.139550048828125 1.9181782839216856e-06
2.140550048828125 1.134263040105011e-05
2.141550048828125 6.064682994482931e-06
2.142550048828125 1.4819562799108247e-05
2.143550048828125 9.069811403951338e-06
2.144550048828125 7.134917092911352e-06
2.145550048828125 8.079196983973676e-06
2.146550048828125 1.5242881539835682e-05
2.147550048828125 3.287505048569383e-06
2.148550048828125 7.080996988641436e-06
2.149550048828125 1.2256470367871007e-05
2.150550048828125 3.857453484823337e-06
2.151550048828125 1.1873400473781855e-05
2.152550048828125 1.7239542143490083e-05
2.153550048828125 8.268412299926606e-06
2.154550048828125 1.7904064263081408e-05
2.155550048828125 1.381154801208388e-05
2.156550048828125 1.1493774934972418e-05
2.157550048828125 9.231713774487525e-06
2.158550048828125 8.184200570007175e-06
2.159550048828125 1.0356342060675209e-05
2.160550048828125 3.281005150061301e-06
2.161550048828125 1.6345380914888645e-05
2.162550048828125 3.871060079833146e-06
2.163550048828125 8.942842563381613e-06
2.164550048828125 2.1278546583222876e-06
2.165550048828125 1.4813219770138433e-05
2.166550048828125 1.166477443284175e-05
2.167550048828125 8.171322605041302e-06
2.168550048828125 1.087632813868162e-05
2.169550048828125 2.7545376741260403e-06
2.170550048828125 7.731554947135587e-06
2.171550048828125 2.4018964023846566e-05
2.172550048828125 1.2705408321901395e-06
2.173550048828125 1.52872030027778e-05
2.174550048828125 1.5577783346897765e-05
2.175550048828125 4.941206694224488e-06
2.176550048828125 3.8265691230108715e-06
2.177550048828125 1.1749425072018973e-05
2.178550048828125 1.0069379930830174e-05
2.179550048828125 1.1208703912778223e-05
2.180550048828125 1.2718829634563591e-05
2.181550048828125 1.3132578347063146e-05
2.182550048828125 6.24472094175459e-06
2.183550048828125 1.2018879514678127e-05
2.184550048828125 1.3558025903990348e-05
2.185550048828125 1.8666789381829854e-05
2.186550048828125 3.5467333710612535e-06
2.187550048828125 5.721993626206515e-06
2.188550048828125 1.2017132294155831e-05
2.189550048828125 1.4195336837466674e-05
2.190550048828125 9.470629632703044e-06
2.191550048828125 7.82539350447179e-06
2.192550048828125 1.0069126045279138e-05
2.193550048828125 1.3865301642884231e-05
2.194550048828125 1.0094227998816948e-05
2.195550048828125 7.733678478133737e-07
2.196550048828125 7.302696225502359e-06
2.197550048828125 2.836929154559804e-06
2.198550048828125 1.2295316241786967e-05
2.199550048828125 5.927813647252818e-06
2.200550048828125 1.7020079077524093e-05
2.201550048828125 4.3689934231181945e-06
2.202550048828125 2.346439340401244e-05
2.203550048828125 4.3160073932144604e-11
2.204550048828125 8.069771322629546e-06
2.205550048828125 1.4247742035328122e-05
2.206550048828125 6.837835979791815e-06
2.207550048828125 9.514021903572622e-06
2.208550048828125 1.4395855780919634e-05
2.209550048828125 7.027382724303548e-07
2.210550048828125 1.133074382071601e-05
2.211550048828125 1.9335934195446488e-05
2.212550048828125 1.276564234513664e-05
2.213550048828125 1.2470560429267139e-05
2.214550048828125 9.508352787335431e-06
2.215550048828125 1.0249717664415267e-05
2.216550048828125 6.887880772442868e-06
2.217550048828125 3.1368850331417567e-06
2.218550048828125 1.6825419355201588e-05
2.219550048828125 9.554535509499436e-06
2.220550048828125 2.358648371223132e-06
2.221550048828125 8.704837311233518e-06
2.222550048828125 1.4690025452388757e-05
2.223550048828125 2.2605955452226978e-05
2.224550048828125 7.568611088972571e-07
2.225550048828125 1.4274192762355065e-05
2.226550048828125 5.672180968423999e-06
2.227550048828125 6.2127395377252165e-06
2.228550048828125 4.911523036510599e-06
2.229550048828125 4.523624745374011e-06
2.230550048828125 2.1914060520786625e-05
2.231550048828125 1.4475337983339803e-05
2.232550048828125 8.935043763407344e-06
2.233550048828125 2.0524647978041428e-05
2.234550048828125 3.564373233524829e-06
2.235550048828125 1.903808555818741e-05
2.236550048828125 2.5314538174760895e-05
2.237550048828125 7.280405062096254e-06
2.238550048828125 1.0113423839594551e-05
2.239550048828125 2.294083031700445e-05
2.240550048828125 1.0596091636579709e-05
2.241550048828125 1.5020539376991877e-05
2.242550048828125 2.4824737008593923e-05
2.243550048828125 1.6251147514391474e-05
2.244550048828125 2.3415797380594762e-05
2.245550048828125 2.9237055818804966e-05
2.246550048828125 1.4877623496703623e-05
2.247550048828125 1.2809911435909688e-05
2.248550048828125 2.0875062689284793e-05
2.249550048828125 3.455801008974822e-06
2.250550048828125 1.8424962115941944e-05
2.251550048828125 1.3166919796016266e-05
2.252550048828125 1.2195718812681477e-05
2.253550048828125 2.2448229551175935e-05
2.254550048828125 1.1300703382350693e-05
2.255550048828125 2.818015800089786e-05
2.256550048828125 3.2693679886104325e-05
2.257550048828125 3.0336594893972424e-05
2.258550048828125 4.345413638997052e-11
2.259550048828125 1.1672362974745463e-05
2.260550048828125 1.7242757653872575e-05
2.261550048828125 2.1315056291589894e-05
2.262550048828125 2.3324809324980143e-06
2.263550048828125 1.4701169991320039e-05
2.264550048828125 1.967990745632253e-05
2.265550048828125 1.2943060678128701e-05
2.266550048828125 1.0534976963719487e-05
2.267550048828125 2.5520380053345338e-05
2.268550048828125 9.984209530059825e-06
2.269550048828125 1.0297827880738752e-05
2.270550048828125 5.813871281700506e-06
2.271550048828125 2.4927507040652246e-05
2.272550048828125 2.2213917255155713e-05
2.273550048828125 2.2836104181026506e-06
2.274550048828125 2.0675128049866278e-05
2.275550048828125 1.0382190091806206e-05
2.276550048828125 4.392837851609864e-06
2.277550048828125 2.269825923197491e-05
2.278550048828125 5.1863326386583875e-06
2.279550048828125 1.3489350726081333e-05
2.280550048828125 9.466229446480765e-06
2.281550048828125 8.459875034172447e-06
2.282550048828125 9.744610897480443e-06
2.283550048828125 1.4507929258605128e-05
2.284550048828125 3.5390597844667934e-06
2.285550048828125 9.386128992152364e-06
2.286550048828125 3.374648990248844e-06
2.287550048828125 1.1400946088671438e-05
2.288550048828125 1.1757030017773965e-05
2.289550048828125 7.121705908058617e-06
2.290550048828125 1.138251957082105e-05
2.291550048828125 1.4069696209814145e-06
2.292550048828125 1.1453917855848679e-05
2.293550048828125 1.1297211847986053e-05
2.294550048828125 6.20053516849595e-06
2.295550048828125 6.457900462472437e-06
2.296550048828125 8.91685765505219e-06
2.297550048828125 9.64539870197747e-06
2.298550048828125 7.279872220719045e-06
2.299550048828125 5.597183337942002e-06
2.300550048828125 7.482651547290772e-06
2.301550048828125 5.000354953668569e-06
2.302550048828125 8.984854760867064e-06
2.303550048828125 8.405501178966654e-06
2.304550048828125 6.5130273215008206e-06
2.305550048828125 2.192223914779464e-07
2.306550048828125 1.0177981614914137e-05
2.307550048828125 6.2648942824791125e-06
2.308550048828125 7.428623818892013e-06
2.309550048828125 5.421052482266114e-06
2.310550048828125 8.65113768815365e-06
2.311550048828125 5.990880029297714e-06
2.312550048828125 4.4280280755163363e-07
2.313550048828125 4.933390436608405e-06
2.314550048828125 7.1268205227585695e-06
2.315550048828125 3.1763758588920956e-06
2.316550048828125 3.3273039265065616e-06
2.317550048828125 7.696934670196012e-06
2.318550048828125 3.939982281374491e-06
2.319550048828125 5.183084206487733e-06
2.320550048828125 4.422054789900046e-06
2.321550048828125 9.250213135030927e-06
2.322550048828125 9.677164436690045e-07
2.323550048828125 4.52392853409811e-06
2.324550048828125 4.454238708151322e-06
2.325550048828125 4.777339194787666e-06
2.326550048828125 3.963187121677319e-06
2.327550048828125 2.5304256207575394e-06
2.328550048828125 3.4130784250230185e-06
2.329550048828125 4.575564831116218e-06
2.330550048828125 5.1115458022192655e-06
2.331550048828125 1.6650184408820604e-06
2.332550048828125 4.70065342088185e-06
2.333550048828125 2.043238195484196e-06
2.334550048828125 3.0881365470296324e-06
2.335550048828125 2.022673043869437e-06
2.336550048828125 3.7957031719819557e-06
2.337550048828125 3.5684786193435907e-06
2.338550048828125 3.581872556850616e-06
2.339550048828125 5.679849295299461e-07
2.340550048828125 1.956809766382423e-06
2.341550048828125 3.0481821077451593e-06
2.342550048828125 2.380492047510357e-06
2.343550048828125 1.0992553731126653e-06
2.344550048828125 3.2623873690062665e-06
2.345550048828125 3.4960234960948975e-06
2.346550048828125 2.491777259006117e-06
2.347550048828125 3.0007679536992746e-06
2.348550048828125 4.12557835970089e-06
2.349550048828125 2.097340725216708e-06
2.350550048828125 4.201762270991611e-07
2.351550048828125 4.181642307891247e-06
2.352550048828125 3.4110668597506296e-06
2.353550048828125 3.972824415050766e-06
2.354550048828125 1.2456405955423533e-06
2.355550048828125 2.5941382355055543e-06
2.356550048828125 2.177714102717057e-06
2.357550048828125 1.974117556435671e-06
2.358550048828125 2.900564130107728e-06
2.359550048828125 3.0931934800108487e-06
2.360550048828125 2.0325840685615795e-06
2.361550048828125 2.352313996077603e-06
2.362550048828125 1.9071405645043108e-06
2.363550048828125 2.2509337730865616e-06
2.364550048828125 2.3376624900296235e-06
2.365550048828125 1.376102275698498e-06
2.366550048828125 1.4506835421001546e-06
2.367550048828125 1.7756362384180363e-06
2.368550048828125 1.6420337425278135e-06
2.369550048828125 1.4322844858315752e-06
2.370550048828125 1.1377734210267065e-06
2.371550048828125 1.1294960905218277e-06
2.372550048828125 9.885885738426596e-07
2.373550048828125 7.851816146570366e-07
2.374550048828125 3.1651316787162403e-07
2.375550048828125 9.368361958512652e-07
2.376550048828125 6.454180440338144e-07
2.377550048828125 5.902095125345733e-07
2.378550048828125 5.248341790622484e-07
2.379550048828125 4.6867610927919715e-07
2.380550048828125 6.118084203936956e-07
2.381550048828125 4.426997490558934e-07
2.382550048828125 4.5294314736979416e-07
2.383550048828125 4.911152316033006e-07
2.384550048828125 4.815741946694373e-07
2.385550048828125 5.222354715288949e-07
2.386550048828125 4.489190160272642e-07
2.387550048828125 5.679124596800225e-07
2.388550048828125 5.520896622737704e-07
2.389550048828125 4.60633162358077e-07
2.390550048828125 5.110835538750037e-07
2.391550048828125 4.951839116495327e-07
2.392550048828125 5.44555953251109e-07
2.393550048828125 4.959724463227261e-07
2.394550048828125 5.280405154998911e-07
2.395550048828125 4.3525274829582864e-07
2.396550048828125 4.3004647034882455e-07
2.397550048828125 5.040440079517753e-07
2.398550048828125 4.677260721911012e-07
2.399550048828125 3.955227788647935e-07
2.400550048828125 4.505154915612589e-07
2.401550048828125 3.7684333177646e-07
2.402550048828125 4.1903679081619044e-07
2.403550048828125 3.6007313568026625e-07
2.404550048828125 3.3292433508257184e-07
2.405550048828125 3.334337659411066e-07
2.406550048828125 3.3229330559881173e-07
2.407550048828125 2.6419073126601085e-07
2.408550048828125 2.7609498927629e-07
2.409550048828125 2.5417482216242156e-07
2.410550048828125 2.24037005255178e-07
2.411550048828125 2.1767333928055005e-07
2.412550048828125 1.971496305614353e-07
2.413550048828125 1.6718593908154303e-07
2.414550048828125 1.557549175335976e-07
2.415550048828125 1.434528373852372e-07
2.416550048828125 1.3096449374884253e-07
2.417550048828125 1.1713339700100132e-07
2.418550048828125 1.1318348780681006e-07
2.419550048828125 9.939097428802439e-08
2.420550048828125 9.050211609250485e-08
2.421550048828125 8.291214781462983e-08
2.422550048828125 7.672446654283269e-08
2.423550048828125 6.99372160922474e-08
2.424550048828125 6.359534719139158e-08
2.425550048828125 6.038354463456038e-08
2.426550048828125 5.599212252082084e-08
2.427550048828125 5.2951469397277e-08
2.428550048828125 4.9475044460757745e-08
2.429550048828125 4.436659274403769e-08
2.430550048828125 4.449463799435905e-08
2.431550048828125 4.007025525882502e-08
2.432550048828125 3.75687111978113e-08
2.433550048828125 3.613235360135605e-08
2.434550048828125 3.3321385582839193e-08
2.435550048828125 3.165446362572993e-08
2.436550048828125 2.8688645538439676e-08
2.437550048828125 2.7700770217963634e-08
2.438550048828125 2.5598600716645167e-08
2.439550048828125 2.336465870150555e-08
2.440550048828125 2.226692950915757e-08
2.441550048828125 2.018956221832286e-08
2.442550048828125 1.9036402851115856e-08
2.443550048828125 1.6860694808810562e-08
2.444550048828125 1.6065754287165273e-08
2.445550048828125 1.43170483673451e-08
2.446550048828125 1.3314565928321476e-08
2.447550048828125 1.22639425246622e-08
2.448550048828125 1.0841312955965589e-08
2.449550048828125 9.821342083888782e-09
2.450550048828125 9.055550906568373e-09
2.451550048828125 8.396963528363653e-09
2.452550048828125 7.547651406894162e-09
2.453550048828125 6.645872525779575e-09
2.454550048828125 5.9160686236922355e-09
2.455550048828125 5.5037443279810745e-09
2.456550048828125 4.71401338599758e-09
2.457550048828125 4.346855309112577e-09
2.458550048828125 3.961021523650648e-09
2.459550048828125 3.4311214800971387e-09
2.460550048828125 3.1559042597884864e-09
2.461550048828125 2.771652418547978e-09
2.462550048828125 2.47752598110751e-09
2.463550048828125 2.194047697112124e-09
2.464550048828125 1.9636120639251685e-09
2.465550048828125 1.8074898192742941e-09
2.466550048828125 1.5830388052947622e-09
2.467550048828125 1.4224572928931496e-09
2.468550048828125 1.3089167068965404e-09
2.469550048828125 1.144328510052153e-09
2.470550048828125 1.0258853421383529e-09
2.471550048828125 9.624487069656266e-10
2.472550048828125 8.484973179845011e-10
2.473550048828125 7.649730749824406e-10
2.474550048828125 7.039374703656926e-10
2.475550048828125 6.313950462653336e-10
2.476550048828125 5.869553067128611e-10
2.477550048828125 5.258429080409507e-10
2.478550048828125 4.828514017506047e-10
2.479550048828125 4.6146327622649335e-10
2.480550048828125 4.1968176081014304e-10
2.481550048828125 4.0122881805537964e-10
2.482550048828125 3.806198126044532e-10
2.483550048828125 3.518541888379884e-10
2.484550048828125 3.3077289900127384e-10
2.485550048828125 3.225719182906205e-10
2.486550048828125 3.069453603834826e-10
2.487550048828125 3.02099359649432e-10
2.488550048828125 2.916583560582514e-10
2.489550048828125 2.8302922087054875e-10
2.490550048828125 2.7813175613096927e-10
2.491550048828125 2.7361235506880054e-10
2.492550048828125 2.7394669613339117e-10
2.493550048828125 2.709394175947972e-10
2.494550048828125 2.641737281754251e-10
2.495550048828125 2.686956071925147e-10
2.496550048828125 2.675967788038002e-10
2.497550048828125 2.6761370897169513e-10
2.498550048828125 2.7076662785340367e-10
2.499550048828125 2.71897360268555e-10
2.500550048828125 2.761486165190745e-10
2.501550048828125 2.7246781032251375e-10
2.502550048828125 2.7744129287079404e-10
2.503550048828125 2.7910109439603146e-10
2.504550048828125 2.8168917317875005e-10
2.505550048828125 2.8386820265719495e-10
2.506550048828125 2.8322926310195576e-10
2.507550048828125 2.869101412843376e-10
2.508550048828125 2.8642551485231335e-10
2.509550048828125 2.8653483810443874e-10
2.510550048828125 2.856521022340021e-10
2.511550048828125 2.848506738351682e-10
2.512550048828125 2.850705411753397e-10
2.513550048828125 2.7998525983564563e-10
2.514550048828125 2.765581155220789e-10
2.515550048828125 2.726254803376297e-10
2.516550048828125 2.6829775854880156e-10
2.517550048828125 2.6345048553310394e-10
2.518550048828125 2.579365782398331e-10
2.519550048828125 2.5144127158686136e-10
2.520550048828125 2.433993265219267e-10
2.521550048828125 2.378277627288935e-10
2.522550048828125 2.3067602241287176e-10
2.523550048828125 2.2192760626044514e-10
2.524550048828125 2.142340786964896e-10
2.525550048828125 2.0630167283159e-10
2.526550048828125 1.9847276590448617e-10
2.527550048828125 1.9004277662201374e-10
2.528550048828125 1.8136436471121862e-10
2.529550048828125 1.733329126287527e-10
2.530550048828125 1.649220659947024e-10
2.531550048828125 1.582864226704114e-10
2.532550048828125 1.506841799665006e-10
2.533550048828125 1.4346241159099017e-10
2.534550048828125 1.369343645579038e-10
2.535550048828125 1.3080165442301354e-10
2.536550048828125 1.2511521674950526e-10
2.537550048828125 1.196746157444174e-10
2.538550048828125 1.1493681947404236e-10
2.539550048828125 1.1099758605116004e-10
2.540550048828125 1.0592294711099116e-10
2.541550048828125 1.019849297575337e-10
2.542550048828125 9.638689797515892e-11
2.543550048828125 9.254671827122827e-11
2.544550048828125 8.866759811574677e-11
2.545550048828125 8.525149112533785e-11
2.546550048828125 8.17981917681204e-11
2.547550048828125 7.936021530108301e-11
2.548550048828125 7.709250190877537e-11
2.549550048828125 7.345599655030368e-11
2.550550048828125 7.130814622933789e-11
2.551550048828125 6.955813791859265e-11
2.552550048828125 6.748872474891732e-11
2.553550048828125 6.56132108010746e-11
2.554550048828125 6.408661929035335e-11
2.555550048828125 6.175205750379063e-11
2.556550048828125 6.004497285717446e-11
2.557550048828125 5.8169649972879904e-11
2.558550048828125 5.649216870783712e-11
2.559550048828125 5.483086696116571e-11
2.560550048828125 5.348623922475192e-11
2.561550048828125 5.071786911520074e-11
2.562550048828125 4.8876305056018e-11
2.563550048828125 4.6386416168250255e-11
2.564550048828125 4.460297088728271e-11
2.565550048828125 4.208650378517084e-11
2.566550048828125 4.0059743842935846e-11
2.567550048828125 3.7719244554091906e-11
2.568550048828125 3.505047666001494e-11
2.569550048828125 3.28829480728918e-11
2.570550048828125 3.0156928814241446e-11
2.571550048828125 2.8048024590543445e-11
2.572550048828125 2.580127045514619e-11
2.573550048828125 2.349479986771907e-11
2.574550048828125 2.1406582330036145e-11
2.575550048828125 1.9345205635926853e-11
2.576550048828125 1.7474858567879522e-11
2.577550048828125 1.560760190537235e-11
2.578550048828125 1.3902506477059866e-11
2.579550048828125 1.2305968320395545e-11
2.580550048828125 1.1023221190929163e-11
2.581550048828125 9.649690346025209e-12
2.582550048828125 8.498242917461069e-12
2.583550048828125 7.441413162133648e-12
2.584550048828125 6.540757624975807e-12
2.585550048828125 5.682866220786708e-12
2.586550048828125 4.915973158160093e-12
2.587550048828125 4.315846515110476e-12
2.588550048828125 3.7281330527480825e-12
2.589550048828125 3.2619533142637734e-12
2.590550048828125 2.8203395338091478e-12
2.591550048828125 2.4276091964278508e-12
2.592550048828125 2.117604663348731e-12
2.593550048828125 1.834278456060823e-12
2.594550048828125 1.5777806295892095e-12
2.595550048828125 1.3803468116149023e-12
2.596550048828125 1.1938307247880305e-12
2.597550048828125 1.0435587888818611e-12
2.598550048828125 9.206765909114709e-13
