Wavelength_microns Throughput
0.5502000122070313 1.6136590987387293e-10
0.5512000122070313 7.043794030691217e-11
0.5522000122070313 2.620980013162068e-10
0.5532000122070313 3.3345121541893405e-10
0.5542000122070313 3.485509462965029e-10
0.5552000122070313 2.0538720251752948e-11
0.5562000122070313 2.2455001285951425e-11
0.5572000122070313 2.1134222602798572e-11
0.5582000122070313 8.95322908012168e-11
0.5592000122070313 7.796043352357165e-11
0.5602000122070312 3.6972437782587034e-10
0.5612000122070312 3.564644857037202e-10
0.5622000122070312 3.927358717404498e-10
0.5632000122070312 3.691400721756471e-10
0.5642000122070312 7.953023420645813e-10
0.5652000122070312 1.4276134625814805e-09
0.5662000122070312 1.2559595865388192e-09
0.5672000122070312 1.0160072501435829e-09
0.5682000122070312 4.3150880712881346e-10
0.5692000122070312 4.8544635303641e-10
0.5702000122070312 2.5053895110998454e-10
0.5712000122070312 1.0116920114409657e-09
0.5722000122070312 1.2262239007567587e-09
0.5732000122070312 1.2624910476483298e-09
0.5742000122070312 6.713858133594077e-10
0.5752000122070312 2.570773590794872e-10
0.5762000122070312 3.858353556599086e-10
0.5772000122070312 6.599296300768675e-10
0.5782000122070312 1.328818516418584e-09
0.5792000122070312 1.3335496611316207e-09
0.5802000122070312 7.41286033047958e-10
0.5812000122070312 5.004387850578186e-12
0.5822000122070312 5.410997546830962e-12
0.5832000122070312 1.6927818122203685e-09
0.5842000122070312 2.043421495332744e-09
0.5852000122070312 2.3935355956621377e-09
0.5862000122070312 1.6382970659701893e-09
0.5872000122070312 1.9247484603270012e-09
0.5882000122070312 2.985019806752251e-09
0.5892000122070312 4.1070753121032984e-09
0.5902000122070312 3.971337065709258e-09
0.5912000122070312 4.000016885214838e-09
0.5922000122070312 1.5107765512743133e-09
0.5932000122070312 1.270391634392789e-09
0.5942000122070312 6.82666574485917e-10
0.5952000122070312 3.36495988369001e-09
0.5962000122070312 4.457009168089662e-09
0.5972000122070312 4.213186624889213e-09
0.5982000122070312 1.6492425615157138e-09
0.5992000122070312 3.1665681548285973e-09
0.6002000122070312 8.870282448769978e-09
0.6012000122070312 2.7275647902076502e-08
0.6022000122070312 5.630563321686234e-08
0.6032000122070312 9.950652622711394e-08
0.6042000122070312 1.390371255966896e-07
0.6052000122070312 1.6777560920848262e-07
0.6062000122070312 1.8224402936874454e-07
0.6072000122070312 1.7821285299043346e-07
0.6082000122070312 1.7166492112393876e-07
0.6092000122070312 1.6008861137743657e-07
0.6102000122070312 1.8447041894856326e-07
0.6112000122070312 2.3467328528831546e-07
0.6122000122070312 3.187501325224825e-07
0.6132000122070312 4.191889462357844e-07
0.6142000122070312 5.278506199958918e-07
0.6152000122070312 6.116569315182827e-07
0.6162000122070312 6.380147780921629e-07
0.6172000122070312 6.29795536228919e-07
0.6182000122070312 6.450616958801448e-07
0.6192000122070312 7.579519569836133e-07
0.6202000122070312 1.0019988620322667e-06
0.6212000122070312 1.3631835303033745e-06
0.6222000122070312 1.7415244876882504e-06
0.6232000122070313 2.0151049202026412e-06
0.6242000122070313 2.0622830885802288e-06
0.6252000122070313 1.91195103957543e-06
0.6262000122070313 1.5923432666080697e-06
0.6272000122070313 1.2427495226782187e-06
0.6282000122070313 9.203094045075662e-07
0.6292000122070313 7.08924403881226e-07
0.6302000122070313 5.803381922191651e-07
0.6312000122070313 4.956281546714804e-07
0.6322000122070313 4.306001136438477e-07
0.6332000122070313 3.813029626230453e-07
0.6342000122070313 3.578310804111145e-07
0.6352000122070313 3.6316093536711094e-07
0.6362000122070313 3.7803464986321915e-07
0.6372000122070313 3.9367570200012487e-07
0.6382000122070313 3.7817211460799066e-07
0.6392000122070313 3.484533693011754e-07
0.6402000122070313 2.9623401245269464e-07
0.6412000122070313 2.4983123553795093e-07
0.6422000122070313 2.092730734784226e-07
0.6432000122070313 1.79575225811884e-07
0.6442000122070313 1.605895440598331e-07
0.6452000122070313 1.499116314158302e-07
0.6462000122070313 1.5063556810650324e-07
0.6472000122070313 1.564928713364467e-07
0.6482000122070313 1.541074232323111e-07
0.6492000122070313 1.534200640770165e-07
0.6502000122070313 1.4823191771385236e-07
0.6512000122070313 1.4907995445139847e-07
0.6522000122070313 1.4622923518898325e-07
0.6532000122070313 1.432604018839569e-07
0.6542000122070313 1.454181391573915e-07
0.6552000122070313 1.533632115087011e-07
0.6562000122070313 1.6564301929921673e-07
0.6572000122070313 1.7009668253618253e-07
0.6582000122070313 1.5771075266837657e-07
0.6592000122070313 1.4837956606039763e-07
0.6602000122070313 1.512942766222623e-07
0.6612000122070313 1.6222497924160756e-07
0.6622000122070313 1.6938445428290682e-07
0.6632000122070313 1.6988347161929903e-07
0.6642000122070313 1.7604585868032135e-07
0.6652000122070313 1.79667438329143e-07
0.6662000122070313 1.868977291768627e-07
0.6672000122070313 2.0979530924574587e-07
0.6682000122070313 2.365649280874902e-07
0.6692000122070313 2.543043041169547e-07
0.6702000122070313 2.530058985360375e-07
0.6712000122070313 2.473395219169316e-07
0.6722000122070313 2.4463015913785496e-07
0.6732000122070313 2.461500941828139e-07
0.6742000122070313 2.4458051022038737e-07
0.6752000122070313 2.468958489833805e-07
0.6762000122070313 2.4891422005265594e-07
0.6772000122070313 2.4813836781190453e-07
0.6782000122070313 2.494395380824341e-07
0.6792000122070313 2.4368126941928366e-07
0.6802000122070313 2.3498751111275746e-07
0.6812000122070313 2.1142701606229513e-07
0.6822000122070313 2.0109527730545328e-07
0.6832000122070313 1.9399280469732214e-07
0.6842000122070313 1.9401700051879197e-07
0.6852000122070312 1.915086782020941e-07
0.6862000122070312 2.0336795245385472e-07
0.6872000122070312 2.2550545798952345e-07
0.6882000122070312 2.4600475944898475e-07
0.6892000122070312 2.643472358182975e-07
0.6902000122070312 2.5179075096105526e-07
0.6912000122070312 2.5605855907683673e-07
0.6922000122070312 2.3498928725816555e-07
0.6932000122070312 2.3911463239870195e-07
0.6942000122070312 2.2359312447527485e-07
0.6952000122070312 2.2034622513965178e-07
0.6962000122070312 2.0453076149288e-07
0.6972000122070312 1.973317995035027e-07
0.6982000122070312 1.9112271525400078e-07
0.6992000122070312 1.9072001841899513e-07
0.7002000122070312 1.785100347384136e-07
0.7012000122070312 1.7976539393921315e-07
0.7022000122070312 1.9122705740965511e-07
0.7032000122070312 2.1024752808955838e-07
0.7042000122070312 2.1100551296671328e-07
0.7052000122070312 2.0983964211185028e-07
0.7062000122070312 1.998218190028896e-07
0.7072000122070312 2.064497066813399e-07
0.7082000122070312 2.0819785289234936e-07
0.7092000122070312 2.269123661317788e-07
0.7102000122070312 2.338481345074098e-07
0.7112000122070312 2.1845531101597398e-07
0.7122000122070312 1.9212747656719845e-07
0.7132000122070312 1.699840050184595e-07
0.7142000122070312 1.8285753536137034e-07
0.7152000122070312 1.773474141908673e-07
0.7162000122070312 1.5462210962061873e-07
0.7172000122070312 1.41204330653286e-07
0.7182000122070312 1.352377021616451e-07
0.7192000122070312 1.6009827567495307e-07
0.7202000122070312 1.7381681289130745e-07
0.7212000122070312 2.072923557971694e-07
0.7222000122070312 2.0244709590972645e-07
0.7232000122070312 1.9584933186477406e-07
0.7242000122070312 1.6700262652409854e-07
0.7252000122070312 1.8680211996588582e-07
0.7262000122070312 1.8745854293659e-07
0.7272000122070312 2.0922924053964207e-07
0.7282000122070312 1.8956551823526355e-07
0.7292000122070312 1.9069891690848772e-07
0.7302000122070312 2.152761650143659e-07
0.7312000122070312 2.434967995455061e-07
0.7322000122070312 2.5135677400432785e-07
0.7332000122070312 2.418065350154847e-07
0.7342000122070312 2.6222916604366876e-07
0.7352000122070312 2.6847141804699914e-07
0.7362000122070312 2.7676414870707553e-07
0.7372000122070312 2.5894327968873456e-07
0.7382000122070312 2.4018844620314196e-07
0.7392000122070312 2.2940806366485792e-07
0.7402000122070312 2.0879353894418718e-07
0.7412000122070312 2.432256057806526e-07
0.7422000122070312 2.5553532532530153e-07
0.7432000122070312 2.4555586084375604e-07
0.7442000122070312 1.88882805490367e-07
0.7452000122070312 1.1546099519730195e-07
0.7462000122070312 1.1081425411718826e-07
0.7472000122070312 1.4839172835090247e-07
0.7482000122070313 1.9855966047083616e-07
0.7492000122070313 2.111364138552525e-07
0.7502000122070313 2.49107956617033e-07
0.7512000122070313 2.5241608239772046e-07
0.7522000122070313 2.889822090302051e-07
0.7532000122070313 2.0011347243301855e-07
0.7542000122070313 2.0350773955082347e-07
0.7552000122070313 2.1646771823420597e-07
0.7562000122070313 2.726048266515617e-07
0.7572000122070313 2.8671034964434834e-07
0.7582000122070313 2.643634902228243e-07
0.7592000122070313 2.520633144371079e-07
0.7602000122070313 2.5183388643770424e-07
0.7612000122070313 2.337552325597592e-07
0.7622000122070313 2.1507190973177794e-07
0.7632000122070313 2.039052897466112e-07
0.7642000122070313 2.1119117280383402e-07
0.7652000122070313 2.378014952758423e-07
0.7662000122070313 1.982995196263837e-07
0.7672000122070313 1.9045435707591733e-07
0.7682000122070313 2.0817027307598365e-07
0.7692000122070313 2.7536755378908946e-07
0.7702000122070313 2.799179941392458e-07
0.7712000122070313 2.617552897319985e-07
0.7722000122070313 1.9577441239516287e-07
0.7732000122070313 1.4153647935631804e-07
0.7742000122070313 1.2194972043702116e-07
0.7752000122070313 1.8881780133716574e-07
0.7762000122070313 1.8405076480518055e-07
0.7772000122070313 1.98258942890198e-07
0.7782000122070313 1.1355068370356546e-07
0.7792000122070313 1.9870562869004694e-07
0.7802000122070313 2.3368505728053462e-07
0.7812000122070313 2.5863162508964165e-07
0.7822000122070313 2.1509096189354768e-07
0.7832000122070313 1.20825386929993e-07
0.7842000122070313 9.139087229273979e-08
0.7852000122070313 1.1034800727011419e-07
0.7862000122070313 1.1941937032453666e-07
0.7872000122070313 1.271834410214364e-07
0.7882000122070313 6.89121511833387e-08
0.7892000122070313 7.443652673657524e-08
0.7902000122070313 4.3759830753469716e-08
0.7912000122070313 2.4729095292164642e-08
0.7922000122070313 2.3467368453484624e-08
0.7932000122070313 6.226905145291805e-08
0.7942000122070313 6.25240820668347e-08
0.7952000122070313 3.9311530125115155e-08
0.7962000122070313 5.422748632729054e-08
0.7972000122070313 5.741807489225628e-08
0.7982000122070313 5.8708956842509354e-08
0.7992000122070313 1.0727789614772805e-08
0.8002000122070313 9.183375030451004e-09
0.8012000122070313 8.159425020620195e-09
0.8022000122070313 2.251491272593849e-09
0.8032000122070313 8.701189435956801e-10
0.8042000122070313 1.5555165977129258e-09
0.8052000122070313 7.141181180361035e-10
0.8062000122070313 7.159681232256875e-10
0.8072000122070313 1.063645234039429e-08
0.8082000122070313 1.0649156727505645e-08
0.8092000122070313 1.0664101191595269e-08
0.8102000122070312 9.357271697847045e-09
0.8112000122070312 1.8150070490807057e-08
0.8122000122070312 4.321804571218381e-08
0.8132000122070312 3.90671071489717e-08
0.8142000122070312 3.030017805941982e-08
0.8152000122070312 5.2017673288978304e-09
0.8162000122070312 1.5919261608008213e-08
0.8172000122070312 1.8609379732792088e-08
0.8182000122070312 2.0977849621524685e-08
0.8192000122070312 5.066056972187816e-09
0.8202000122070312 2.3836336067106134e-09
0.8212000122070312 7.957703858287465e-09
0.8222000122070312 7.965926641034713e-09
0.8232000122070312 2.1266670518162302e-08
0.8242000122070312 2.1443541981243835e-08
0.8252000122070312 3.426191473023827e-08
0.8262000122070312 4.220101746616901e-08
0.8272000122070312 3.512580557034477e-08
0.8282000122070312 3.06006578430857e-08
0.8292000122070312 1.4295992921037132e-08
0.8302000122070312 3.21779384002177e-08
0.8312000122070312 3.510881545996115e-08
0.8322000122070312 3.315111256928592e-08
0.8332000122070312 4.488126018843254e-08
0.8342000122070312 4.274422228608764e-08
0.8352000122070312 4.031325471501806e-08
0.8362000122070312 1.976382067657114e-08
0.8372000122070312 2.1054447678941414e-08
0.8382000122070312 2.1655578717668428e-08
0.8392000122070312 3.033705256160046e-08
0.8402000122070312 2.944218948856045e-08
0.8412000122070312 4.721190741275611e-08
0.8422000122070312 2.8367200286539026e-08
0.8432000122070312 2.2005985889947432e-08
0.8442000122070312 3.099288868755157e-09
0.8452000122070312 3.104700916116653e-09
0.8462000122070312 1.3883524337355084e-08
0.8472000122070312 2.6629375049752237e-08
0.8482000122070312 2.6658426050409696e-08
0.8492000122070312 3.798011392525902e-08
0.8502000122070312 2.5293950176919373e-08
0.8512000122070312 3.49378238008376e-08
0.8522000122070312 3.0237940137218586e-08
0.8532000122070312 3.029986171853301e-08
0.8542000122070312 2.068492859604585e-08
0.8552000122070312 3.072998029041694e-11
0.8562000122070312 1.7567654072599357e-08
0.8572000122070312 1.760152233570242e-08
0.8582000122070312 1.7626228611853606e-08
0.8592000122070312 2.5150681926731385e-08
0.8602000122070312 2.5189168082530915e-08
0.8612000122070312 4.248437528589995e-08
0.8622000122070312 2.64352776941968e-08
0.8632000122070312 2.963334286287734e-08
0.8642000122070312 1.2305605080016391e-08
0.8652000122070312 3.198565916449907e-09
0.8662000122070312 1.8428796550202778e-08
0.8672000122070312 2.2348036054110805e-08
0.8682000122070312 2.2344746548403793e-08
0.8692000122070312 2.2010715450991433e-08
0.8702000122070312 3.7537094555127914e-08
0.8712000122070312 9.895720762938571e-08
0.8722000122070312 1.1066328445971396e-07
0.8732000122070313 9.126665384134239e-08
0.8742000122070313 2.9715862461308713e-08
0.8752000122070313 4.622374867159779e-08
0.8762000122070313 4.6297828957636663e-08
0.8772000122070313 7.311554665421235e-08
0.8782000122070313 2.6790152677006594e-08
0.8792000122070313 8.011495146174632e-08
0.8802000122070313 5.338861514810719e-08
0.8812000122070313 1.4020872272595483e-07
0.8822000122070313 8.674300990240938e-08
0.8832000122070313 8.679905421700664e-08
0.8842000122070313 3.176186013264661e-11
0.8852000122070313 2.506742806835701e-08
0.8862000122070313 9.589480800225676e-08
0.8872000122070313 1.374572983716433e-07
0.8882000122070313 1.123788440412942e-07
0.8892000122070313 4.164756515008183e-08
0.8902000122070313 7.63885252351408e-08
0.8912000122070313 7.665504157677623e-08
0.8922000122070313 7.679244166228633e-08
0.8932000122070313 3.207972433150614e-11
0.8942000122070313 3.2147130651258927e-11
0.8952000122070313 1.7899610355154376e-07
0.8962000122070313 5.533215908200172e-07
0.8972000122070313 5.535999449350481e-07
0.8982000122070313 3.986686382251463e-07
0.8992000122070313 4.1956292152627306e-08
0.9002000122070313 8.06685873763641e-08
0.9012000122070313 6.69686077736527e-08
0.9022000122070313 7.335578185846432e-08
0.9032000122070313 4.083436161821411e-08
0.9042000122070313 6.614341787675156e-08
0.9052000122070313 5.877941716510624e-08
0.9062000122070313 5.268027851922098e-08
0.9072000122070313 6.716169428439065e-08
0.9082000122070313 8.64444709390319e-08
0.9092000122070313 9.679874571456965e-08
0.9102000122070313 6.653320218536091e-08
0.9112000122070313 3.169956868389456e-08
0.9122000122070313 2.61110643315463e-08
0.9132000122070313 2.9102078152633312e-08
0.9142000122070313 5.026000145032845e-08
0.9152000122070313 6.342137297265146e-08
0.9162000122070313 4.812645044692723e-08
0.9172000122070313 4.750676362862888e-08
0.9182000122070313 2.973047158797952e-08
0.9192000122070313 7.02045572215845e-08
0.9202000122070313 4.846774767450086e-08
0.9212000122070313 9.463938053466025e-08
0.9222000122070313 7.129604672083741e-08
0.9232000122070313 7.115825097634088e-08
0.9242000122070313 4.220224955975675e-08
0.9252000122070313 3.760989869926087e-08
0.9262000122070313 5.2449084624484625e-08
0.9272000122070313 4.391599064726438e-08
0.9282000122070313 5.2573205221862506e-08
0.9292000122070313 3.775139793775287e-08
0.9302000122070313 6.283115164955998e-08
0.9312000122070313 4.898696383110671e-08
0.9322000122070313 8.990876947216451e-08
0.9332000122070313 8.643784876009089e-08
0.9342000122070313 8.976920387133461e-08
0.9352000122070312 5.668890838943891e-08
0.9362000122070312 2.8248184729018138e-08
0.9372000122070312 4.346996433198034e-08
0.9382000122070312 3.7363007237566504e-08
0.9392000122070312 5.910171617791088e-08
0.9402000122070312 4.14341688449828e-08
0.9412000122070312 8.72378152314822e-08
0.9422000122070312 7.540965972093018e-08
0.9432000122070312 6.865397315320257e-08
0.9442000122070312 6.961097919706976e-08
0.9452000122070312 1.100195934811338e-07
0.9462000122070312 1.428672697619595e-07
0.9472000122070312 1.69363965432534e-07
0.9482000122070312 1.5623294580792404e-07
0.9492000122070312 1.983719429546567e-07
0.9502000122070312 1.9696818071502025e-07
0.9512000122070312 2.4363000469072036e-07
0.9522000122070312 2.6526943432010185e-07
0.9532000122070312 2.482651394070828e-07
0.9542000122070312 2.5625616349508536e-07
0.9552000122070312 2.6370765443372167e-07
0.9562000122070312 3.4851436283974045e-07
0.9572000122070312 4.248832391151892e-07
0.9582000122070312 5.472995503213426e-07
0.9592000122070312 6.966605261970545e-07
0.9602000122070312 8.900272786365473e-07
0.9612000122070312 1.1194579753189506e-06
0.9622000122070312 1.3800935159872004e-06
0.9632000122070312 1.6540694150932432e-06
0.9642000122070312 1.9164574805603353e-06
0.9652000122070312 2.2005841479652507e-06
0.9662000122070312 2.5225034650627467e-06
0.9672000122070312 2.974393296692446e-06
0.9682000122070312 3.5350111994021243e-06
0.9692000122070312 4.268079338905485e-06
0.9702000122070312 5.087341968496621e-06
0.9712000122070312 6.0458811984669385e-06
0.9722000122070312 7.031996525845851e-06
0.9732000122070312 8.02576038221288e-06
0.9742000122070312 8.944589807310321e-06
0.9752000122070312 9.847781315548908e-06
0.9762000122070312 1.0773240777999223e-05
0.9772000122070312 1.1900391288571529e-05
0.9782000122070312 1.3354513342209882e-05
0.9792000122070312 1.5331307951855652e-05
0.9802000122070312 1.7991394704654924e-05
0.9812000122070312 2.157763601018288e-05
0.9822000122070312 2.6431431942022858e-05
0.9832000122070312 3.287723207116762e-05
0.9842000122070312 4.119742907970975e-05
0.9852000122070312 5.181349885819259e-05
0.9862000122070312 6.476944821493247e-05
0.9872000122070312 8.029434948823303e-05
0.9882000122070312 9.844640003832804e-05
0.9892000122070312 0.00011922939788336858
0.9902000122070312 0.0001428604796176253
0.9912000122070312 0.00016917707743489667
0.9922000122070312 0.00019886471858247742
0.9932000122070312 0.00023272744153450848
0.9942000122070312 0.0002721709425670045
0.9952000122070312 0.0003187740720757745
0.9962000122070312 0.00037683318709541444
0.9972000122070312 0.00045101253183362763
0.9982000122070313 0.011283422046658772
0.9992000122070313 0.023646162756830378
1.0002000122070311 0.037303430406960734
1.0012000122070313 0.04126332108686879
1.0022000122070311 0.04572126104999243
1.0032000122070313 0.050542658037820494
1.0042000122070311 0.05680341108951049
1.0052000122070313 0.06371273628976465
1.0062000122070311 0.07240541144585644
1.0072000122070313 0.08222102762536737
1.0082000122070311 0.0941455661171738
1.0092000122070313 0.10827319319366215
1.0102000122070312 0.12498863733507642
1.0112000122070313 0.14431886181597334
1.0122000122070312 0.16559363287589765
1.0132000122070313 0.1873138171206823
1.0142000122070312 0.20729043066768815
1.0152000122070313 0.22489780985820448
1.0162000122070312 0.23866366465580674
1.0172000122070313 0.2489113252199568
1.0182000122070312 0.2548555023177103
1.0192000122070313 0.2583844500330266
1.0202000122070312 0.2599369437517818
1.0212000122070313 0.26043264199168603
1.0222000122070312 0.26094734445867135
1.0232000122070313 0.26082255431085566
1.024199951171875 0.2609281317921268
1.025199951171875 0.2609127559325266
1.026199951171875 0.2611189840991576
1.027199951171875 0.2625779532107108
1.028199951171875 0.2633457883498514
1.029199951171875 0.26403460329119266
1.030199951171875 0.26457026121602006
1.031199951171875 0.26559851293021014
1.032199951171875 0.2676194969997005
1.033199951171875 0.26787912355353866
1.034199951171875 0.26846885052859987
1.035199951171875 0.26913636765860205
1.036199951171875 0.27030725232672637
1.037199951171875 0.27043355288142557
1.038199951171875 0.2707186201822453
1.039199951171875 0.27221576413227355
1.040199951171875 0.2732815356556327
1.041199951171875 0.2736817649361769
1.042199951171875 0.27320362929194636
1.043199951171875 0.272994988652182
1.044199951171875 0.27335390735377574
1.045199951171875 0.27417181536994883
1.046199951171875 0.2747509120595748
1.047199951171875 0.2751475699535954
1.048199951171875 0.27592225942196585
1.049199951171875 0.27616853865584845
1.050199951171875 0.27679029661830973
1.051199951171875 0.2781088959156072
1.052199951171875 0.2797128901847394
1.053199951171875 0.2808337605554424
1.054199951171875 0.2817885426862117
1.055199951171875 0.2828590814387568
1.056199951171875 0.2828102758384574
1.057199951171875 0.28196212426108985
1.058199951171875 0.28260671569867885
1.059199951171875 0.2830818961947274
1.060199951171875 0.28315793817159357
1.061199951171875 0.28262541195076973
1.062199951171875 0.28267242135879367
1.063199951171875 0.2818596864020831
1.064199951171875 0.28066382365714015
1.065199951171875 0.27966741472120094
1.066199951171875 0.27975744223453347
1.067199951171875 0.2782214531499669
1.068199951171875 0.2766530799128222
1.069199951171875 0.27534299502174425
1.070199951171875 0.2737487290094316
1.071199951171875 0.27191544183676625
1.072199951171875 0.26978044487229774
1.073199951171875 0.2679785245337869
1.074199951171875 0.2660643627168396
1.075199951171875 0.26438366053925116
1.076199951171875 0.26315997208095215
1.077199951171875 0.26144947694787285
1.078199951171875 0.26077062576387816
1.079199951171875 0.2597739379039402
1.080199951171875 0.25924696706756356
1.081199951171875 0.25901048628753603
1.082199951171875 0.2600391100589059
1.083199951171875 0.26052412792965385
1.084199951171875 0.2614165686874678
1.085199951171875 0.26200012834114444
1.086199951171875 0.2638890692634503
1.087199951171875 0.26555817084237293
1.088199951171875 0.26833181229630604
1.089199951171875 0.2704290782914973
1.090199951171875 0.27377313676132786
1.091199951171875 0.2762355968885258
1.092199951171875 0.2794566766804384
1.093199951171875 0.2816924948522401
1.094199951171875 0.2843491267242139
1.095199951171875 0.28694530950931263
1.096199951171875 0.2893544620316459
1.097199951171875 0.291897654356356
1.098199951171875 0.2934776146476896
1.099199951171875 0.29537188985012
1.100199951171875 0.29659066896567354
1.101199951171875 0.29833826683115927
1.102199951171875 0.2992139203765761
1.103199951171875 0.3002039868420188
1.104199951171875 0.30076182149766195
1.105199951171875 0.3014876548472109
1.106199951171875 0.3016914229292699
1.107199951171875 0.30144336185123355
1.108199951171875 0.3015743394592864
1.109199951171875 0.30121039478240313
1.110199951171875 0.3013156176541203
1.111199951171875 0.30120006154674894
1.112199951171875 0.30141830452052815
1.113199951171875 0.3011166916355027
1.114199951171875 0.300903078783136
1.115199951171875 0.2998914934205498
1.116199951171875 0.29909036662688604
1.117199951171875 0.29837993166138693
1.118199951171875 0.29762983573443974
1.119199951171875 0.29633732079934816
1.120199951171875 0.29601876152928386
1.121199951171875 0.295248416732129
1.122199951171875 0.2952149347594775
1.123199951171875 0.2940011556512284
1.124199951171875 0.29459840758173017
1.125199951171875 0.29531910195334454
1.126199951171875 0.29692836644735443
1.127199951171875 0.2976705773538499
1.128199951171875 0.2996482031051554
1.129199951171875 0.3012852846361476
1.130199951171875 0.3034740648167692
1.131199951171875 0.30510979269054395
1.132199951171875 0.306964376397884
1.133199951171875 0.30841853982916134
1.134199951171875 0.31036593865463785
1.135199951171875 0.3120035186105555
1.136199951171875 0.3135242121765647
1.137199951171875 0.31519608620720463
1.138199951171875 0.3161757094424633
1.139199951171875 0.3179395156494557
1.140199951171875 0.3183562908822145
1.141199951171875 0.32019795237243626
1.142199951171875 0.3219073866596184
1.143199951171875 0.3235653628745061
1.144199951171875 0.3248825808433929
1.145199951171875 0.3259830544442887
1.146199951171875 0.3269402785640513
1.147199951171875 0.32808466219693344
1.148199951171875 0.32909168608708744
1.149199951171875 0.33043752655947334
1.150199951171875 0.331556056333219
1.151199951171875 0.3330114441317156
1.152199951171875 0.3346806616359622
1.153199951171875 0.33560249424644184
1.154199951171875 0.3368353240498829
1.155199951171875 0.3386359696003464
1.156199951171875 0.3405780709672011
1.157199951171875 0.3431854832134852
1.158199951171875 0.34519507537924893
1.159199951171875 0.34877898566521576
1.160199951171875 0.34986930081610557
1.161199951171875 0.3513898345757341
1.162199951171875 0.3524516726963803
1.163199951171875 0.3546549745602829
1.164199951171875 0.3558867161117028
1.165199951171875 0.35732986985606824
1.166199951171875 0.3579691731416497
1.167199951171875 0.3589917569505068
1.168199951171875 0.3588817004607901
1.169199951171875 0.35953713681692767
1.170199951171875 0.3603990179309396
1.171199951171875 0.3606019116177105
1.172199951171875 0.360857865506699
1.173199951171875 0.3602965086802709
1.174199951171875 0.36076176806467586
1.175199951171875 0.3613506582291452
1.176199951171875 0.3611003059456117
1.177199951171875 0.3612672005583979
1.178199951171875 0.3605878955546581
1.179199951171875 0.36070841766723405
1.180199951171875 0.3603909396807352
1.181199951171875 0.3607028101621584
1.182199951171875 0.36144398741883016
1.183199951171875 0.361019143080572
1.184199951171875 0.3611046605507201
1.185199951171875 0.3601559054328816
1.186199951171875 0.35989507143521837
1.187199951171875 0.357885231386961
1.188199951171875 0.3581190982848783
1.189199951171875 0.35955208931422344
1.190199951171875 0.3603911035395057
1.191199951171875 0.35871632264265746
1.192199951171875 0.35546697933301974
1.193199951171875 0.355034922261422
1.194199951171875 0.35446330803489673
1.195199951171875 0.3538641124384536
1.196199951171875 0.35291379380394206
1.197199951171875 0.35306093984288833
1.198199951171875 0.35339385763113096
1.199199951171875 0.3541765927443646
1.200199951171875 0.35445257987753725
1.201199951171875 0.35528029623492374
1.202199951171875 0.35593292204734833
1.203199951171875 0.3551110111383235
1.204199951171875 0.3557495462239797
1.205199951171875 0.35536661594889224
1.206199951171875 0.3563881581384947
1.207199951171875 0.35687922433443736
1.208199951171875 0.3571685392725635
1.209199951171875 0.35793787820642375
1.210199951171875 0.3573626181714418
1.211199951171875 0.3581503234959254
1.212199951171875 0.3573676013330574
1.213199951171875 0.3574611137745871
1.214199951171875 0.3567429925062801
1.215199951171875 0.35698636678461176
1.216199951171875 0.3571092204537216
1.217199951171875 0.3558452364303525
1.218199951171875 0.35693699584902905
1.219199951171875 0.3571829842082277
1.220199951171875 0.3585420677752464
1.221199951171875 0.36027232411248566
1.222199951171875 0.3622040808271343
1.223199951171875 0.36447145710586715
1.224199951171875 0.36482740536284475
1.225199951171875 0.36667309747641785
1.226199951171875 0.36893964187867306
1.227199951171875 0.3715021381671915
1.228199951171875 0.373546254372383
1.229199951171875 0.3751743865443707
1.230199951171875 0.3765499630872363
1.231199951171875 0.37687693998250793
1.232199951171875 0.37782574246007755
1.233199951171875 0.3781513866911217
1.234199951171875 0.37958326540368054
1.235199951171875 0.3796560292098772
1.236199951171875 0.3794704307066725
1.237199951171875 0.37953040329099624
1.238199951171875 0.3795326357816559
1.239199951171875 0.37972845115116677
1.240199951171875 0.38039959469517914
1.241199951171875 0.3810841547296451
1.242199951171875 0.3832067200481363
1.243199951171875 0.38401438414921846
1.244199951171875 0.38533698013195467
1.245199951171875 0.3863052768986974
1.246199951171875 0.386723880508671
1.247199951171875 0.3873343206313268
1.248199951171875 0.38836695992927667
1.249199951171875 0.38994622242387417
1.250199951171875 0.39171057399465187
1.251199951171875 0.39354139722765985
1.252199951171875 0.39497453058785786
1.253199951171875 0.39636144955949837
1.254199951171875 0.3974077814464588
1.255199951171875 0.3982388099633746
1.256199951171875 0.398763625602124
1.257199951171875 0.3989694703470065
1.258199951171875 0.39874041321907633
1.259199951171875 0.3985762023482472
1.260199951171875 0.3979388035566095
1.261199951171875 0.3976828003064759
1.262199951171875 0.3969839644509123
1.263199951171875 0.3970055473151337
1.264199951171875 0.397265307255548
1.265199951171875 0.3973552913681054
1.266199951171875 0.39598857212392546
1.267199951171875 0.39595539060075624
1.268199951171875 0.39625344639528465
1.269199951171875 0.397008409581458
1.270199951171875 0.3953542542573399
1.271199951171875 0.39295437612604417
1.272199951171875 0.3886189634845465
1.273199951171875 0.38446625126909095
1.274199951171875 0.3761953750793669
1.275199951171875 0.3654203866721156
1.276199951171875 0.34820337761522624
1.277199951171875 0.3278461276522082
1.278199951171875 0.30240702712358597
1.279199951171875 0.27439893468013743
1.280199951171875 0.24475201239228675
1.281199951171875 0.21491399466205885
1.282199951171875 0.18613556939248718
1.283199951171875 0.1591109600604054
1.284199951171875 0.1351750163435738
1.285199951171875 0.11447599434671868
1.286199951171875 0.0970582878899874
1.287199951171875 0.08296852432354959
1.288199951171875 0.07078725548021537
1.289199951171875 0.06105586438722802
1.290199951171875 0.052585726997210966
1.291199951171875 0.04602374240325573
1.292199951171875 0.04022706425159328
1.293199951171875 0.035809837168474704
1.294199951171875 0.03161129968595913
1.295199951171875 0.02832933927660515
1.296199951171875 0.02489755011877396
1.297199951171875 0.021461997302568443
1.298199951171875 0.017773376803167634
1.299199951171875 0.014383286037970117
1.300199951171875 0.011570719230672244
1.301199951171875 0.00924407499482593
1.302199951171875 0.007416574779149217
1.303199951171875 0.005945805867721886
1.304199951171875 0.004812399805649051
1.305199951171875 0.003888603242296591
1.306199951171875 0.003136995540280655
1.307199951171875 0.0025546483340537552
1.308199951171875 0.002093176331334766
1.309199951171875 0.0017275227700612387
1.310199951171875 0.0014365504740607763
1.311199951171875 0.0012000294653654673
1.312199951171875 0.0010072008196726592
1.313199951171875 0.0008493922784653951
1.314199951171875 0.0007170265106512484
1.315199951171875 0.00060895787510089
1.316199951171875 0.0005161691631416867
1.317199951171875 0.00044119368059580285
1.318199951171875 0.0003770718491858935
1.319199951171875 0.00032355771405142333
1.320199951171875 0.0002769436414821736
1.321199951171875 0.00023955389971404596
1.322199951171875 0.0002076280771767028
1.323199951171875 0.00018148454045402183
1.324199951171875 0.00015780807879911722
1.325199951171875 0.00013737213269594714
1.326199951171875 0.00012100320552389824
1.327199951171875 0.00010579976845729585
1.328199951171875 9.354666152166639e-05
1.329199951171875 8.165365488444993e-05
1.330199951171875 7.305808250084833e-05
1.331199951171875 6.510812378601876e-05
1.332199951171875 5.8296066334622046e-05
1.333199951171875 5.2421791310495386e-05
1.334199951171875 4.7452768204018815e-05
1.335199951171875 4.250465798540628e-05
1.336199951171875 3.7997343997172926e-05
1.337199951171875 3.429598471149993e-05
1.338199951171875 3.122313322407641e-05
1.339199951171875 2.8792674445865934e-05
1.340199951171875 2.6290355027381633e-05
1.341199951171875 2.41384420836678e-05
1.342199951171875 2.1691701309326438e-05
1.343199951171875 2.0037125361615574e-05
1.344199951171875 1.8951471607029337e-05
1.345199951171875 1.7664773996519795e-05
1.346199951171875 1.5921254674091822e-05
1.347199951171875 1.5091094986946072e-05
1.348199951171875 1.4000284589083768e-05
1.349199951171875 1.3453429017878035e-05
1.350199951171875 1.171802349923165e-05
1.351199951171875 1.0892052515625087e-05
1.352199951171875 1.0368490501816784e-05
1.353199951171875 1.0045670609594946e-05
1.354199951171875 9.230701335963347e-06
1.355199951171875 8.463709116809338e-06
1.356199951171875 7.89847285984812e-06
1.357199951171875 7.756587903410328e-06
1.358199951171875 6.986342922937673e-06
1.359199951171875 6.25501976742223e-06
1.360199951171875 5.8834534911646e-06
1.361199951171875 5.8437833340955984e-06
1.362199951171875 5.630043167817462e-06
1.363199951171875 5.195508065145925e-06
1.364199951171875 4.8143386269279804e-06
1.365199951171875 4.918148199845276e-06
1.366199951171875 4.65586758209535e-06
1.367199951171875 4.467784229216584e-06
1.368199951171875 4.608410910564542e-06
1.369199951171875 4.915863208897426e-06
1.370199951171875 4.724029497720308e-06
1.371199951171875 4.316000482322394e-06
1.372199951171875 5.059856456463361e-06
1.373199951171875 4.432422501615493e-06
1.374199951171875 4.3307709971896065e-06
1.375199951171875 2.8673888776145305e-06
1.376199951171875 3.5042636808831102e-06
1.377199951171875 3.4481642141525107e-06
1.378199951171875 4.2199173003818294e-06
1.379199951171875 4.182777665525275e-06
1.380199951171875 3.861452757253874e-06
1.381199951171875 3.6607063514168594e-06
1.382199951171875 3.466383601595508e-06
1.383199951171875 3.302091694422357e-06
1.384199951171875 3.1679229864068345e-06
1.385199951171875 3.1849734244095164e-06
1.386199951171875 3.2444136030609573e-06
1.387199951171875 2.9299664339357364e-06
1.388199951171875 2.812521755040643e-06
1.389199951171875 2.5483350321947056e-06
1.390199951171875 2.349998550313004e-06
1.391199951171875 2.5982169320559795e-06
1.392199951171875 3.069081367737434e-06
1.393199951171875 2.9851483630067252e-06
1.394199951171875 2.792334823283427e-06
1.395199951171875 2.8080406272591956e-06
1.396199951171875 2.3069421124745847e-06
1.397199951171875 2.288712139142553e-06
1.398199951171875 2.47095212096468e-06
1.399199951171875 3.1241490413505736e-06
1.400199951171875 3.370619753779163e-06
1.401199951171875 3.152742424602008e-06
1.402199951171875 3.043093928196888e-06
1.403199951171875 3.085164186108869e-06
1.404199951171875 3.1241910387598093e-06
1.405199951171875 3.586020765270528e-06
1.406199951171875 3.340743114869389e-06
1.407199951171875 3.320738407097754e-06
1.408199951171875 3.2512343722389104e-06
1.409199951171875 3.3311313988508284e-06
1.410199951171875 3.3065403664060936e-06
1.411199951171875 3.272748680115362e-06
1.412199951171875 3.4481349789215326e-06
1.413199951171875 3.3654391075278287e-06
1.414199951171875 2.9603473912824892e-06
1.415199951171875 3.3144975439191276e-06
1.416199951171875 3.0192074994976636e-06
1.417199951171875 3.3604389726767755e-06
1.418199951171875 3.482491620572879e-06
1.419199951171875 3.7149759254428227e-06
1.420199951171875 3.7723459890256513e-06
1.421199951171875 3.3050219616682176e-06
1.422199951171875 3.6990634266103736e-06
1.423199951171875 3.588208471382497e-06
1.424199951171875 3.496067075414628e-06
1.425199951171875 3.0708457442950976e-06
1.426199951171875 2.906003990704192e-06
1.427199951171875 2.746552995773193e-06
1.428199951171875 2.9557075296302836e-06
1.429199951171875 2.9424545714339467e-06
1.430199951171875 2.925830906454383e-06
1.431199951171875 3.221640016724885e-06
1.432199951171875 3.221870006138852e-06
1.433199951171875 2.9862728397737633e-06
1.434199951171875 2.525701399212277e-06
1.435199951171875 2.6095904429221222e-06
1.436199951171875 3.100753460378485e-06
1.437199951171875 2.839097392835071e-06
1.438199951171875 3.0765425950159015e-06
1.439199951171875 2.7717408265588323e-06
1.440199951171875 3.4119219477860457e-06
1.441199951171875 3.174955491931509e-06
1.442199951171875 3.4551485115597897e-06
1.443199951171875 2.6892266515490737e-06
1.444199951171875 3.3081754566039894e-06
1.445199951171875 2.7235733714736317e-06
1.446199951171875 2.8326050874751204e-06
1.447199951171875 2.1727756730796807e-06
1.448199951171875 2.6270118353706585e-06
1.449199951171875 2.136150687291767e-06
1.450199951171875 1.9975162910018006e-06
1.451199951171875 1.860096743290839e-06
1.452199951171875 2.6503179557131927e-06
1.453199951171875 2.9667458785535344e-06
1.454199951171875 2.5161790247243274e-06
1.455199951171875 2.394911008239148e-06
1.456199951171875 2.5487982235756394e-06
1.457199951171875 2.738727390328719e-06
1.458199951171875 2.905744464791465e-06
1.459199951171875 2.698093624593071e-06
1.460199951171875 3.0954124123387426e-06
1.461199951171875 2.5950965903784468e-06
1.462199951171875 2.9368866291799444e-06
1.463199951171875 2.3081545584907737e-06
1.464199951171875 2.8963260709748096e-06
1.465199951171875 2.4383364267886654e-06
1.466199951171875 2.5242322221846e-06
1.467199951171875 1.969175178627791e-06
1.468199951171875 2.1371933581656283e-06
1.469199951171875 2.146434286300607e-06
1.470199951171875 2.511731462359838e-06
1.471199951171875 2.1731331927891943e-06
1.472199951171875 2.4432602443065473e-06
1.473199951171875 2.258321956414846e-06
1.474199951171875 1.9777623948154404e-06
1.475199951171875 2.701627343752654e-06
1.476199951171875 3.0805706122530933e-06
1.477199951171875 3.294656201082586e-06
1.478199951171875 2.567830156693721e-06
1.479199951171875 2.1555483787201337e-06
1.480199951171875 2.200174807639922e-06
1.481199951171875 1.975816883745805e-06
1.482199951171875 2.6178401135422043e-06
1.483199951171875 2.565941587702797e-06
1.484199951171875 3.092983657501991e-06
1.485199951171875 2.6379178544822196e-06
1.486199951171875 2.3507623136429344e-06
1.487199951171875 1.7738864127583555e-06
1.488199951171875 2.013153059084456e-06
1.489199951171875 2.4323438647296836e-06
1.490199951171875 2.6083532963406926e-06
1.491199951171875 2.4780940053762196e-06
1.492199951171875 2.731112514370968e-06
1.493199951171875 2.600082783196864e-06
1.494199951171875 2.4422276920233817e-06
1.495199951171875 2.5779187002264886e-06
1.496199951171875 3.381655576504899e-06
1.497199951171875 3.026620551860033e-06
1.498199951171875 2.9406652428101264e-06
1.499199951171875 2.885652126569991e-06
1.500199951171875 3.862249208474292e-06
1.501199951171875 3.823220895271983e-06
1.502199951171875 4.195034095828883e-06
1.503199951171875 4.326767439453032e-06
1.504199951171875 3.760683722994499e-06
1.505199951171875 3.0213809239454306e-06
1.506199951171875 2.9042124209722623e-06
1.507199951171875 3.825855413503421e-06
1.508199951171875 4.390367458081724e-06
1.509199951171875 4.148638923500647e-06
1.510199951171875 3.339548649308561e-06
1.511199951171875 3.1810217933219935e-06
1.512199951171875 3.005462238455262e-06
1.513199951171875 3.1557576580838375e-06
1.514199951171875 2.390409158588013e-06
1.515199951171875 1.8237454666970156e-06
1.516199951171875 2.28807634093444e-06
1.517199951171875 2.6730867613609457e-06
1.518199951171875 3.397372577323019e-06
1.519199951171875 2.8382723600178877e-06
1.520199951171875 3.283429541922892e-06
1.521199951171875 3.4314310869935533e-06
1.522199951171875 3.851290790839457e-06
1.523199951171875 3.3202153385465988e-06
1.524199951171875 3.288497333952495e-06
1.525199951171875 3.2666895771136123e-06
1.526199951171875 3.4556887132563615e-06
1.527199951171875 3.24456081361493e-06
1.528199951171875 3.795616427593465e-06
1.529199951171875 3.7453627013045e-06
1.530199951171875 4.153160310719533e-06
1.531199951171875 4.096851537398673e-06
1.532199951171875 3.890309945481898e-06
1.533199951171875 3.7617459524554028e-06
1.534199951171875 3.460221881561772e-06
1.535199951171875 4.280431891290933e-06
1.536199951171875 4.538432330157159e-06
1.537199951171875 4.357347932936174e-06
1.538199951171875 4.74297397690365e-06
1.539199951171875 4.558183957912897e-06
1.540199951171875 4.6772426259361305e-06
1.541199951171875 3.6605129695556094e-06
1.542199951171875 3.1147050703888593e-06
1.543199951171875 3.456762784499964e-06
1.544199951171875 3.4294536331513603e-06
1.545199951171875 3.632770932191249e-06
1.546199951171875 3.1053392072295643e-06
1.547199951171875 3.5502392063123854e-06
1.548199951171875 3.3667634742207956e-06
1.549199951171875 4.137908083382806e-06
1.550199951171875 3.02204227507854e-06
1.551199951171875 3.125550309141741e-06
1.552199951171875 2.806049731151782e-06
1.553199951171875 3.399192644067111e-06
1.554199951171875 3.623314333062134e-06
1.555199951171875 2.782363848258604e-06
1.556199951171875 2.504703509296315e-06
1.557199951171875 3.0386282008384045e-06
1.558199951171875 3.5277527656129397e-06
1.559199951171875 3.4496936190047887e-06
1.560199951171875 2.534950304213116e-06
1.561199951171875 2.6047971956878104e-06
1.562199951171875 2.6201459688233495e-06
1.563199951171875 2.967103799640529e-06
1.564199951171875 3.0654078816538574e-06
1.565199951171875 2.837996534185202e-06
1.566199951171875 3.136688365826401e-06
1.567199951171875 3.19834771560566e-06
1.568199951171875 3.388446392947344e-06
1.569199951171875 3.624445436230676e-06
1.570199951171875 2.7179526571661063e-06
1.571199951171875 3.726868173343575e-06
1.572199951171875 2.701564477186235e-06
1.573199951171875 3.548482224200246e-06
1.574199951171875 3.4109987608774556e-06
1.575199951171875 3.6213857782781885e-06
1.576199951171875 3.925599363220218e-06
1.577199951171875 2.9545650578083606e-06
1.578199951171875 3.0588129798620407e-06
1.579199951171875 2.04643374240205e-06
1.580199951171875 2.8593753539913313e-06
1.581199951171875 3.1909139595924446e-06
1.582199951171875 3.913741365095761e-06
1.583199951171875 4.0382364608029765e-06
1.584199951171875 3.5411217043290276e-06
1.585199951171875 3.3906514470888484e-06
1.586199951171875 3.072746021417627e-06
1.587199951171875 3.5379603885305477e-06
1.588199951171875 3.434114558536917e-06
1.589199951171875 3.8011805245144164e-06
1.590199951171875 3.158574276547177e-06
1.591199951171875 3.1876894931823216e-06
1.592199951171875 2.8306313279407117e-06
1.593199951171875 2.6669056762399217e-06
1.594199951171875 3.5092089904605102e-06
1.595199951171875 3.3681282749121616e-06
1.596199951171875 4.384937244505035e-06
1.597199951171875 3.7843317294182646e-06
1.598199951171875 3.998852889404102e-06
1.599199951171875 3.7420759987141205e-06
1.600199951171875 3.1249726438819554e-06
1.601199951171875 3.820315908990335e-06
1.602199951171875 3.1263297618139126e-06
1.603199951171875 3.945602109475904e-06
1.604199951171875 3.7030126914603894e-06
1.605199951171875 4.299439579272511e-06
1.606199951171875 4.073554354345895e-06
1.607199951171875 3.512312229184422e-06
1.608199951171875 3.6019581383961374e-06
1.609199951171875 3.1456256445058433e-06
1.610199951171875 2.621597648308536e-06
1.611199951171875 2.073867513893988e-06
1.612199951171875 2.3305023559480032e-06
1.613199951171875 3.016320565392222e-06
1.614199951171875 3.3963612987944155e-06
1.615199951171875 2.611220252650234e-06
1.616199951171875 1.9880154079822338e-06
1.617199951171875 2.037368059427638e-06
1.618199951171875 2.840862334748756e-06
1.619199951171875 3.574472147266437e-06
1.620199951171875 3.0834143359939186e-06
1.621199951171875 2.9278119792074923e-06
1.622199951171875 1.907425257934941e-06
1.623199951171875 2.157197997702985e-06
1.624199951171875 2.605042660524536e-06
1.625199951171875 2.6684641722772995e-06
1.626199951171875 3.3082073279268962e-06
1.627199951171875 2.789381865957057e-06
1.628199951171875 4.160514279105747e-06
1.629199951171875 4.27534307572287e-06
1.630199951171875 4.721588569811786e-06
1.631199951171875 3.720862545746699e-06
1.632199951171875 2.67949717681697e-06
1.633199951171875 2.9063021224226786e-06
1.634199951171875 3.196259160141752e-06
1.635199951171875 3.6133278418496917e-06
1.636199951171875 2.7178931671133984e-06
1.637199951171875 3.0809433722105993e-06
1.638199951171875 3.275932426640435e-06
1.639199951171875 4.080345934762858e-06
1.640199951171875 4.315621154534325e-06
1.641199951171875 3.889201870473114e-06
1.642199951171875 3.8122610052917946e-06
1.643199951171875 2.8808189113246983e-06
1.644199951171875 3.189529583259131e-06
1.645199951171875 2.7110676378818447e-06
1.646199951171875 3.0825107918275567e-06
1.647199951171875 3.4035221744567755e-06
1.648199951171875 3.303498584479159e-06
1.649199951171875 3.1828187353472663e-06
1.650199951171875 2.840898783364974e-06
1.651199951171875 2.4452454083078646e-06
1.652199951171875 2.4368554287004255e-06
1.653199951171875 2.2808811344750805e-06
1.654199951171875 3.012741169786023e-06
1.655199951171875 3.490351436100309e-06
1.656199951171875 3.5067216875792344e-06
1.657199951171875 3.0949269900780537e-06
1.658199951171875 2.5210783103905866e-06
1.659199951171875 2.8569810161178194e-06
1.660199951171875 2.3014475587751415e-06
1.661199951171875 3.0677408351123707e-06
1.662199951171875 3.859172124572879e-06
1.663199951171875 4.294866253821121e-06
1.664199951171875 3.955855884007325e-06
1.665199951171875 2.6240115725584033e-06
1.666199951171875 2.8206626155279116e-06
1.667199951171875 3.5989525221419586e-06
1.668199951171875 4.02521604664923e-06
1.669199951171875 4.482563474545414e-06
1.670199951171875 3.7762043438849725e-06
1.671199951171875 3.2314451443810136e-06
1.672199951171875 3.6012002127015926e-06
1.673199951171875 3.373513657418322e-06
1.674199951171875 3.961161402056709e-06
1.675199951171875 4.250513566028872e-06
1.676199951171875 4.204495906885857e-06
1.677199951171875 3.959586426812462e-06
1.678199951171875 2.9508390858974043e-06
1.679199951171875 3.853258686922468e-06
1.680199951171875 3.0733296877921254e-06
1.681199951171875 2.72443989450728e-06
1.682199951171875 1.364087090613487e-06
1.683199951171875 1.782455669246587e-06
1.684199951171875 2.5367432825467126e-06
1.685199951171875 3.2703628463916123e-06
1.686199951171875 3.954698200616961e-06
1.687199951171875 2.9766598100848366e-06
1.688199951171875 1.907279223882489e-06
1.689199951171875 1.219222126694789e-06
1.690199951171875 1.8121730691476525e-06
1.691199951171875 2.0900707357618087e-06
1.692199951171875 1.9747714536961995e-06
1.693199951171875 1.6576182846242259e-06
1.694199951171875 2.761834294100091e-06
1.695199951171875 3.668310942994978e-06
1.696199951171875 3.839543976725826e-06
1.697199951171875 3.145885849399048e-06
1.698199951171875 2.4906593314994586e-06
1.699199951171875 2.7539971311055925e-06
1.700199951171875 2.2230027199023463e-06
1.701199951171875 2.8666167445890805e-06
1.702199951171875 2.1128997915931106e-06
1.703199951171875 2.2757552442835427e-06
1.704199951171875 2.072989580978516e-06
1.705199951171875 2.5412495795143594e-06
1.706199951171875 2.0774740589695263e-06
1.707199951171875 2.257174537027119e-06
1.708199951171875 2.4508862565546116e-06
1.709199951171875 3.1182989655630556e-06
1.710199951171875 3.64444626559309e-06
1.711199951171875 2.8189971164512485e-06
1.712199951171875 3.834385787523573e-06
1.713199951171875 2.0093203086419675e-06
1.714199951171875 2.685718187736573e-06
1.715199951171875 1.960398169311817e-06
1.716199951171875 3.0009679110953385e-06
1.717199951171875 2.5876414215800857e-06
1.718199951171875 2.309195143091391e-06
1.719199951171875 2.257142376407028e-06
1.720199951171875 2.991801992590044e-06
1.721199951171875 3.3027236282948135e-06
1.722199951171875 4.034052383379562e-06
1.723199951171875 3.3372369649361013e-06
1.724199951171875 3.511826345868344e-06
1.725199951171875 2.3292000064984097e-06
1.726199951171875 3.837603093084403e-06
1.727199951171875 3.309564247087599e-06
1.728199951171875 3.679130511345792e-06
1.729199951171875 2.7190410649935764e-06
1.730199951171875 2.669255136780221e-06
1.731199951171875 2.8439840326980906e-06
1.732199951171875 2.7960566186525887e-06
1.733199951171875 2.5717715464919233e-06
1.734199951171875 2.0773000137020628e-06
1.735199951171875 2.6118269385923664e-06
1.736199951171875 2.8859519922714083e-06
1.737199951171875 3.0464698214181942e-06
1.738199951171875 3.5688335330525694e-06
1.739199951171875 3.346819845045583e-06
1.740199951171875 3.2904302567803434e-06
1.741199951171875 2.0290787537048336e-06
1.742199951171875 2.5141160239633026e-06
1.743199951171875 2.4893594827360573e-06
1.744199951171875 2.0242655158066343e-06
1.745199951171875 3.120472043377773e-06
1.746199951171875 3.95861017789394e-06
1.747199951171875 4.115309169234208e-06
1.748199951171875 3.3740628596647176e-06
1.749199951171875 2.3102172543031235e-06
1.750199951171875 2.6542234150361482e-06
1.751199951171875 3.1396280785583713e-06
1.752199951171875 3.1893351579215363e-06
1.753199951171875 3.433433227315739e-06
1.754199951171875 1.9373602574947723e-06
1.755199951171875 2.4940848855499904e-06
1.756199951171875 2.198096561452187e-06
1.757199951171875 3.443333307941157e-06
1.758199951171875 2.8262345399583e-06
1.759199951171875 3.724591771569743e-06
1.760199951171875 3.0537422830697394e-06
1.761199951171875 4.301952414148035e-06
1.762199951171875 3.2335550757997423e-06
1.763199951171875 3.907354329696744e-06
1.764199951171875 2.39537853689808e-06
1.765199951171875 2.852939633249898e-06
1.766199951171875 1.852668946274584e-06
1.767199951171875 2.868036907191105e-06
1.768199951171875 3.6507210804901092e-06
1.769199951171875 3.5427276917383893e-06
1.770199951171875 3.6911267084051304e-06
1.771199951171875 3.886209866706178e-06
1.772199951171875 3.87349565742313e-06
1.773199951171875 2.9413534790097322e-06
1.774199951171875 2.5707662673163843e-06
1.775199951171875 2.7202972640598686e-06
1.776199951171875 3.854590698309472e-06
1.777199951171875 2.884037337591831e-06
1.778199951171875 3.955456721512471e-06
1.779199951171875 3.623185166002694e-06
1.780199951171875 4.87735911665218e-06
1.781199951171875 4.6273677956359965e-06
1.782199951171875 4.677278399190754e-06
1.783199951171875 4.1588212201061334e-06
1.784199951171875 3.959946552614778e-06
1.785199951171875 4.3026416705715345e-06
1.786199951171875 4.464767847032065e-06
1.787199951171875 4.06095599754712e-06
1.788199951171875 5.397353860823497e-06
1.789199951171875 5.489471554178207e-06
1.790199951171875 5.7586312933129805e-06
1.791199951171875 3.922002145602021e-06
1.792199951171875 4.306797621249564e-06
1.793199951171875 3.795461947365278e-06
1.794199951171875 4.671956520677966e-06
1.795199951171875 3.683545835363053e-06
1.796199951171875 3.5799033112823505e-06
1.797199951171875 3.502606833921216e-06
1.798199951171875 4.178624340989843e-06
1.799199951171875 5.48790600314166e-06
1.800199951171875 4.876775504117995e-06
1.801199951171875 5.296286178994758e-06
1.802199951171875 4.16268102633369e-06
1.803199951171875 4.0118412456854714e-06
1.804199951171875 4.195126168490981e-06
1.805199951171875 5.2707172771709246e-06
1.806199951171875 5.881992804441042e-06
1.807199951171875 4.892352358527204e-06
1.808199951171875 5.05272248161911e-06
1.809199951171875 5.309882389778339e-06
1.810199951171875 6.7615096210501855e-06
1.811199951171875 5.63460735567254e-06
1.812199951171875 3.883195553602919e-06
1.813199951171875 3.060270839139415e-06
1.814199951171875 4.85190942483159e-06
1.815199951171875 5.365404813558927e-06
1.816199951171875 3.453485612179189e-06
1.817199951171875 3.432615437610667e-06
1.818199951171875 6.743889719640071e-06
1.819199951171875 8.902747348429456e-06
1.820199951171875 7.2079974546133575e-06
1.821199951171875 5.0053033254755856e-06
1.822199951171875 5.591295101486402e-06
1.823199951171875 5.399834349172135e-06
1.824199951171875 6.106913290247415e-06
1.825199951171875 4.0007422122752365e-06
1.826199951171875 6.159981759161963e-06
1.827199951171875 5.485468877442739e-06
1.828199951171875 6.583061401490706e-06
1.829199951171875 5.595313938872603e-06
1.830199951171875 4.624504363575702e-06
1.831199951171875 4.199975071826405e-06
1.832199951171875 4.54636219747728e-06
1.833199951171875 7.12346664191483e-06
1.834199951171875 6.929477999156981e-06
1.835199951171875 7.078173533746385e-06
1.836199951171875 4.712980214107546e-06
1.837199951171875 6.620649793052593e-06
1.838199951171875 5.134185471615611e-06
1.839199951171875 5.0217446267482854e-06
1.840199951171875 3.7154560138301823e-06
1.841199951171875 3.6695301448828437e-06
1.842199951171875 4.9429136665927926e-06
1.843199951171875 4.61296404527988e-06
1.844199951171875 8.236006797104917e-06
1.845199951171875 6.8725467979728005e-06
1.846199951171875 6.4536514258868e-06
1.847199951171875 5.108908931671911e-06
1.848199951171875 5.931787956029259e-06
1.849199951171875 7.425178197836901e-06
1.850199951171875 6.590353439705445e-06
1.851199951171875 7.505428656944138e-06
1.852199951171875 8.790065661039115e-06
1.853199951171875 7.544734564689744e-06
1.854199951171875 1.0942287563196572e-05
1.855199951171875 7.270672062761102e-06
1.856199951171875 8.167897641757052e-06
1.857199951171875 3.3264008466989508e-06
1.858199951171875 6.948663015329895e-06
1.859199951171875 5.819995411056941e-06
1.860199951171875 6.0057030599177874e-06
1.861199951171875 3.7380115832311013e-06
1.862199951171875 4.235884068177436e-06
1.863199951171875 6.202951122037287e-06
1.864199951171875 5.467859865659003e-06
1.865199951171875 5.2527847345360505e-06
1.866199951171875 2.74244894782537e-06
1.867199951171875 4.311754973369436e-06
1.868199951171875 4.506916609116619e-06
1.869199951171875 5.7781456539717e-06
1.870199951171875 5.878073386789921e-06
1.871199951171875 7.053197010035299e-06
1.872199951171875 5.581380601432841e-06
1.873199951171875 6.841532115185415e-06
1.874199951171875 6.4662003993605e-06
1.875199951171875 8.702876996095154e-06
1.876199951171875 7.546171865988097e-06
1.877199951171875 7.111225201512966e-06
1.878199951171875 6.1425861041546986e-06
1.879199951171875 6.128635755966623e-06
1.880199951171875 5.225708395667328e-06
1.881199951171875 4.459467330097909e-06
1.882199951171875 5.68493518533989e-06
1.883199951171875 7.443678892655147e-06
1.884199951171875 8.560400663635364e-06
1.885199951171875 6.932495349486256e-06
1.886199951171875 8.393911568087125e-06
1.887199951171875 1.0377969287286179e-05
1.888199951171875 9.355550148818072e-06
1.889199951171875 7.41965770941827e-06
1.890199951171875 6.703077597080968e-06
1.891199951171875 7.791140830077743e-06
1.892199951171875 6.742875132663546e-06
1.893199951171875 8.103053145473984e-06
1.894199951171875 7.803157721647355e-06
1.895199951171875 9.264340856319406e-06
1.896199951171875 7.040444836132413e-06
1.897199951171875 6.467208009763258e-06
1.898199951171875 7.143664020219526e-06
1.899199951171875 7.113627585736618e-06
1.900199951171875 8.439600354521464e-06
1.901199951171875 5.774384345417143e-06
1.902199951171875 7.796682386735654e-06
1.903199951171875 6.7774355071513875e-06
1.904199951171875 7.91277341904367e-06
1.905199951171875 6.179428576667644e-06
1.906199951171875 6.784022241656756e-06
1.907199951171875 8.62140947740315e-06
1.908199951171875 7.211871506527091e-06
1.909199951171875 8.572265617680894e-06
1.910199951171875 7.155679494211535e-06
1.911199951171875 7.91540763556966e-06
1.912199951171875 7.217394457935802e-06
1.913199951171875 9.354262015183544e-06
1.914199951171875 8.805248840741303e-06
1.915199951171875 8.410690837132276e-06
1.916199951171875 4.743125243619487e-06
1.917199951171875 3.344609220325353e-06
1.918199951171875 2.2361623029591434e-06
1.919199951171875 3.5010304463448095e-06
1.920199951171875 7.503015876507886e-06
1.921199951171875 7.924608697303498e-06
1.922199951171875 9.550851751061724e-06
1.923199951171875 6.32676460826564e-06
1.924199951171875 6.575651650931118e-06
1.925199951171875 4.988338915085162e-06
1.926199951171875 4.7334833069993675e-06
1.927199951171875 3.098272458087864e-06
1.928199951171875 2.459716721233494e-06
1.929199951171875 2.9326222624922394e-06
1.930199951171875 3.907866678947604e-06
1.931199951171875 5.804262492531332e-06
1.932199951171875 4.371881122676995e-06
1.933199951171875 6.471553325416639e-06
1.934199951171875 6.017528119038189e-06
1.935199951171875 8.531454400193517e-06
1.936199951171875 6.976022383596644e-06
1.937199951171875 7.15423926043951e-06
1.938199951171875 4.6884272206331604e-06
1.939199951171875 6.395891570098329e-06
1.940199951171875 6.011251520097041e-06
1.941199951171875 6.392283660182865e-06
1.942199951171875 5.332672724328324e-06
1.943199951171875 7.602695587384713e-06
1.944199951171875 8.704731322050812e-06
1.945199951171875 8.355544925124562e-06
1.946199951171875 5.427771277107835e-06
1.947199951171875 6.510473992002881e-06
1.948199951171875 6.353219827845136e-06
1.949199951171875 6.860873441689182e-06
1.950199951171875 7.850860917689998e-06
1.951199951171875 6.136466092572318e-06
1.952199951171875 8.37974553452927e-06
1.953199951171875 4.943960255739321e-06
1.954199951171875 9.044264287332984e-06
1.955199951171875 8.595599437337636e-06
1.956199951171875 8.825288624540178e-06
1.957199951171875 7.730448218936845e-06
1.958199951171875 7.07293581851848e-06
1.959199951171875 8.807418487115138e-06
1.960199951171875 8.287986481657473e-06
1.961199951171875 8.346994921543175e-06
1.962199951171875 9.93829201279712e-06
1.963199951171875 9.839134646962271e-06
1.964199951171875 9.209895954910843e-06
1.965199951171875 1.1357296687879515e-05
1.966199951171875 1.1615970731020714e-05
1.967199951171875 9.781151704356967e-06
1.968199951171875 7.450503042880806e-06
1.969199951171875 6.930594069135614e-06
1.970199951171875 6.729178645422629e-06
1.971199951171875 7.037275037023988e-06
1.972199951171875 1.0780634751840133e-05
1.973199951171875 1.1268985378181374e-05
1.974199951171875 8.39313116005072e-06
1.975199951171875 4.831755472231851e-06
1.976199951171875 5.153909356789237e-06
1.977199951171875 6.24680388615211e-06
1.978199951171875 6.752733529425501e-06
1.979199951171875 7.361060108176052e-06
1.980199951171875 1.0470060361056586e-05
1.981199951171875 7.3872040760573705e-06
1.982199951171875 7.4160869351431915e-06
1.983199951171875 2.7481085101977735e-06
1.984199951171875 4.475875258549004e-06
1.985199951171875 6.046257509319169e-06
1.986199951171875 7.939304796282846e-06
1.987199951171875 8.380212492657289e-06
1.988199951171875 4.639175702645912e-06
1.989199951171875 4.090732277807664e-06
1.990199951171875 3.4588419855722885e-06
1.991199951171875 6.091597033272574e-06
1.992199951171875 6.205735782530134e-06
1.993199951171875 5.863587939486097e-06
1.994199951171875 6.960423731757851e-06
1.995199951171875 7.229969589588493e-06
1.996199951171875 9.616441958988828e-06
1.997199951171875 8.472738951322754e-06
1.998199951171875 7.124522834759033e-06
1.999199951171875 5.663860333615553e-06
2.000199951171875 5.904617450064488e-06
2.001199951171875 5.483677173749529e-06
2.002199951171875 4.796782805535296e-06
2.003199951171875 5.441476500003936e-06
2.004199951171875 7.067909485526715e-06
2.005199951171875 7.3092286059351495e-06
2.006199951171875 5.642868310439375e-06
2.007199951171875 5.464496973956379e-06
2.008199951171875 5.901578711599776e-06
2.009199951171875 5.800805977930011e-06
2.010199951171875 4.495247830626757e-06
2.011199951171875 6.884189648335865e-06
2.012199951171875 6.791286576100278e-06
2.013199951171875 6.974874062109556e-06
2.014199951171875 4.494142152855247e-06
2.015199951171875 2.971463231498565e-06
2.016199951171875 3.6066422333738703e-06
2.017199951171875 3.924018136586138e-06
2.018199951171875 6.278168288286421e-06
2.019199951171875 5.401481866793615e-06
2.020199951171875 3.899032930449447e-06
2.021199951171875 4.722267028252413e-06
2.022199951171875 5.219013494511036e-06
2.023199951171875 7.097769952566015e-06
2.024199951171875 5.611250253079935e-06
2.025199951171875 7.404694416173081e-06
2.026199951171875 6.565593935563145e-06
2.027199951171875 6.344986786000096e-06
2.028199951171875 9.709649101716766e-06
2.029199951171875 7.836737543655605e-06
2.030199951171875 1.0786644504377888e-05
2.031199951171875 5.306160354457287e-06
2.032199951171875 6.913040334147785e-06
2.033199951171875 4.2688937539811585e-06
2.034199951171875 4.584749056128715e-06
2.035199951171875 4.1384788650447015e-06
2.036199951171875 3.175370513162783e-06
2.037199951171875 3.5202620104773035e-06
2.038199951171875 5.950390744210268e-06
2.039199951171875 6.1722643418823766e-06
2.040199951171875 5.885553733589996e-06
2.041199951171875 4.501991398386273e-06
2.042199951171875 5.800807942941998e-06
2.043199951171875 5.499230502028306e-06
2.044199951171875 3.841325852047436e-06
2.045199951171875 5.7507168912543126e-06
2.046199951171875 8.989188798139696e-06
2.047199951171875 1.1190607955320236e-05
2.048199951171875 7.891431085093552e-06
2.049199951171875 7.673705584138492e-06
2.050199951171875 7.25209766900958e-06
2.051199951171875 6.234903887805847e-06
2.052199951171875 3.3030689250020913e-06
2.053199951171875 5.260772903938947e-06
2.054199951171875 9.432831256175811e-06
2.055199951171875 9.207012198021495e-06
2.056199951171875 9.032803286986815e-06
2.057199951171875 6.908247698726276e-06
2.058199951171875 9.38257311933553e-06
2.059199951171875 6.125032581276744e-06
2.060199951171875 4.0784058642177975e-06
2.061199951171875 3.5964119391969544e-06
2.062199951171875 6.347386690500879e-06
2.063199951171875 7.192109501764309e-06
2.064199951171875 7.894306037583817e-06
2.065199951171875 7.864352512401232e-06
2.066199951171875 7.266844812295043e-06
2.067199951171875 5.7644315078162665e-06
2.068199951171875 2.911512947276491e-06
2.069199951171875 9.172746635875825e-06
2.070199951171875 9.423614469346271e-06
2.071199951171875 1.1862630675027403e-05
2.072199951171875 9.66058243861632e-06
2.073199951171875 9.329137848480489e-06
2.074199951171875 6.561607868721807e-06
2.075199951171875 2.770902183102953e-06
2.076199951171875 3.6153554900514783e-06
2.077199951171875 4.728209528897321e-06
2.078199951171875 6.635589429518535e-06
2.079199951171875 5.850572202247103e-06
2.080199951171875 7.527495382427084e-06
2.081199951171875 7.591356937652837e-06
2.082199951171875 7.438931900224516e-06
2.083199951171875 9.516868663884906e-06
2.084199951171875 9.245319757857954e-06
2.085199951171875 9.150055822465637e-06
2.086199951171875 5.630754251122304e-06
2.087199951171875 5.092683525514057e-06
2.088199951171875 6.107821760251643e-06
2.089199951171875 4.359594529899406e-06
2.090199951171875 7.521440235289621e-06
2.091199951171875 6.590532819893126e-06
2.092199951171875 1.1040151610387774e-05
2.093199951171875 8.874703011203964e-06
2.094199951171875 1.0258475416658946e-05
2.095199951171875 8.288379737664117e-06
2.096199951171875 8.366398636242306e-06
2.097199951171875 5.234411982281933e-06
2.098199951171875 5.164028577492295e-06
2.099199951171875 3.879001673230456e-06
2.100199951171875 5.459631468451598e-06
2.101199951171875 5.177030342987256e-06
2.102199951171875 6.131658330256381e-06
2.103199951171875 5.972700348311391e-06
2.104199951171875 6.653119204500667e-06
2.105199951171875 6.864896453728462e-06
2.106199951171875 9.029536617023636e-06
2.107199951171875 8.958720955249896e-06
2.108199951171875 9.632205061467146e-06
2.109199951171875 6.663724795556373e-06
2.110199951171875 7.895047831141581e-06
2.111199951171875 5.5306462891912e-06
2.112199951171875 8.460981609483105e-06
2.113199951171875 5.35156093189804e-06
2.114199951171875 1.0679585043564239e-05
2.115199951171875 7.120600483055951e-06
2.116199951171875 9.229834235875095e-06
2.117199951171875 4.982548569730762e-06
2.118199951171875 6.408169240516402e-06
2.119199951171875 5.421629031727995e-06
2.120199951171875 4.472034307488866e-06
2.121199951171875 4.239353912731959e-06
2.122199951171875 6.74271782055431e-06
2.123199951171875 5.681089558810867e-06
2.124199951171875 5.829609948324615e-06
2.125199951171875 2.639376379290705e-06
2.126199951171875 3.945277722714836e-06
2.127199951171875 5.166460858355029e-06
2.128199951171875 5.342436210462772e-06
2.129199951171875 8.405196353451666e-06
2.130199951171875 6.961087570029449e-06
2.131199951171875 7.264403623794389e-06
2.132199951171875 6.181948544295998e-06
2.133199951171875 7.027733456087645e-06
2.134199951171875 7.607824985078262e-06
2.135199951171875 6.866943709320267e-06
2.136199951171875 6.495394492911979e-06
2.137199951171875 7.060670848441481e-06
2.138199951171875 7.682716128258558e-06
2.139199951171875 6.9555380931320784e-06
2.140199951171875 4.026653104568889e-06
2.141199951171875 2.2075892817133252e-06
2.142199951171875 3.1362220649171064e-06
2.143199951171875 6.714324832098089e-06
2.144199951171875 7.638014781816955e-06
2.145199951171875 8.954495375259323e-06
2.146199951171875 5.903767736606385e-06
2.147199951171875 4.755937070408726e-06
2.148199951171875 2.229319855037677e-06
2.149199951171875 3.0670899541668918e-06
2.150199951171875 3.7928084260707427e-06
2.151199951171875 5.290446762253715e-06
2.152199951171875 5.288777450478333e-06
2.153199951171875 4.098726878615905e-06
2.154199951171875 5.972893633445348e-06
2.155199951171875 9.66718977664307e-06
2.156199951171875 1.0010704616388715e-05
2.157199951171875 9.569584327702128e-06
2.158199951171875 9.015721273006757e-06
2.159199951171875 1.1360592908131074e-05
2.160199951171875 1.2455171252014074e-05
2.161199951171875 1.3037317556294116e-05
2.162199951171875 1.000919995066199e-05
2.163199951171875 9.958169057030826e-06
2.164199951171875 8.833672690401073e-06
2.165199951171875 1.008639417238855e-05
2.166199951171875 9.458900529499476e-06
2.167199951171875 1.0236929738417512e-05
2.168199951171875 1.0677684474027924e-05
2.169199951171875 1.2510182818910569e-05
2.170199951171875 8.891890417033956e-06
2.171199951171875 1.1828433611677398e-05
2.172199951171875 1.0264446589151719e-05
2.173199951171875 1.3187931338406096e-05
2.174199951171875 1.1226481766723126e-05
2.175199951171875 1.1277429783534703e-05
2.176199951171875 7.506307330068828e-06
2.177199951171875 5.904098682628051e-06
2.178199951171875 5.2786521933033255e-06
2.179199951171875 9.476694521691655e-06
2.180199951171875 9.631205555782507e-06
2.181199951171875 7.962078873963334e-06
2.182199951171875 6.023263182474032e-06
2.183199951171875 6.683541164351197e-06
2.184199951171875 5.01047993470772e-06
2.185199951171875 4.511128024951714e-06
2.186199951171875 3.2540958363122426e-06
2.187199951171875 6.567450019948116e-06
2.188199951171875 9.15780380425437e-06
2.189199951171875 1.2036772775037193e-05
2.190199951171875 1.0338780746013357e-05
2.191199951171875 9.118270587606649e-06
2.192199951171875 5.962054095495083e-06
2.193199951171875 7.726670868163783e-06
2.194199951171875 7.763690933287182e-06
2.195199951171875 8.785554460713277e-06
2.196199951171875 5.873137142811138e-06
2.197199951171875 7.874526613319616e-06
2.198199951171875 1.2050099829938676e-05
2.199199951171875 1.130879972452087e-05
2.200199951171875 8.538981468473098e-06
2.201199951171875 6.834659314712657e-06
2.202199951171875 1.2692417762979163e-05
2.203199951171875 1.4638062621592634e-05
2.204199951171875 1.623261078976681e-05
2.205199951171875 1.3169283694226956e-05
2.206199951171875 9.747202068407578e-06
2.207199951171875 8.070854558609804e-06
2.208199951171875 5.327992396619487e-06
2.209199951171875 8.017642552219207e-06
2.210199951171875 6.564454579455482e-06
2.211199951171875 1.0862262161358959e-05
2.212199951171875 9.167218971190905e-06
2.213199951171875 1.4686703091005961e-05
2.214199951171875 1.3834488628547317e-05
2.215199951171875 1.3381558937776228e-05
2.216199951171875 6.53705825133948e-06
2.217199951171875 6.522847898894103e-06
2.218199951171875 1.006611375014442e-05
2.219199951171875 1.1057650450872677e-05
2.220199951171875 1.2429665805142362e-05
2.221199951171875 9.375795653712846e-06
2.222199951171875 9.97923775479401e-06
2.223199951171875 6.405807555573338e-06
2.224199951171875 7.66578052015279e-06
2.225199951171875 1.1866303323395289e-05
2.226199951171875 1.4493034667765669e-05
2.227199951171875 1.4913279182612415e-05
2.228199951171875 8.730860005840474e-06
2.229199951171875 1.0479841266157513e-05
2.230199951171875 7.468797346864101e-06
2.231199951171875 9.198916975252834e-06
2.232199951171875 6.504794330336337e-06
2.233199951171875 1.2767119078324708e-05
2.234199951171875 1.7883284748663265e-05
2.235199951171875 2.0425266379932003e-05
2.236199951171875 2.08349295531099e-05
2.237199951171875 1.9712909654887752e-05
2.238199951171875 1.6712644392531853e-05
2.239199951171875 1.8827934708418014e-05
2.240199951171875 1.519679206540085e-05
2.241199951171875 1.7866284444599403e-05
2.242199951171875 1.3217196180620803e-05
2.243199951171875 1.7811196748030848e-05
2.244199951171875 2.41286784716132e-05
2.245199951171875 2.3761348617542937e-05
2.246199951171875 1.9368333430773082e-05
2.247199951171875 1.169753606595239e-05
2.248199951171875 1.531653306930907e-05
2.249199951171875 1.8651610924339625e-05
2.250199951171875 2.4098664315064305e-05
2.251199951171875 1.9179801299167434e-05
2.252199951171875 2.0559867176079324e-05
2.253199951171875 1.8573783018384083e-05
2.254199951171875 2.4004539915273557e-05
2.255199951171875 2.1832213343330124e-05
2.256199951171875 1.4551433061785288e-05
2.257199951171875 1.4982703043235258e-05
2.258199951171875 1.76167959855289e-05
2.259199951171875 2.8056964583147623e-05
2.260199951171875 3.0350836206802057e-05
2.261199951171875 2.866652729252142e-05
2.262199951171875 2.4331809560880167e-05
2.263199951171875 1.3802076750010796e-05
2.264199951171875 9.890572261168742e-06
2.265199951171875 8.011241652157259e-06
2.266199951171875 9.074166240899378e-06
2.267199951171875 1.2123087052830257e-05
2.268199951171875 1.898275748188553e-05
2.269199951171875 2.1731640511029275e-05
2.270199951171875 2.08910476192052e-05
2.271199951171875 1.847367558859873e-05
2.272199951171875 1.9842488467468734e-05
2.273199951171875 1.6755821707725447e-05
2.274199951171875 1.532743306922114e-05
2.275199951171875 1.1572193545279056e-05
2.276199951171875 1.2848607173574505e-05
2.277199951171875 1.3362635374741994e-05
2.278199951171875 1.5537417053894126e-05
2.279199951171875 1.48523846261899e-05
2.280199951171875 1.3172655407946023e-05
2.281199951171875 1.3213180434318101e-05
2.282199951171875 1.678860132819775e-05
2.283199951171875 1.1355882956279979e-05
2.284199951171875 1.0673401527441e-05
2.285199951171875 6.377422605584089e-06
2.286199951171875 1.0977972147472587e-05
2.287199951171875 9.18611261703706e-06
2.288199951171875 9.915075428608447e-06
2.289199951171875 7.08675592295207e-06
2.290199951171875 1.0023171791887509e-05
2.291199951171875 1.0230893153256195e-05
2.292199951171875 9.632790754765904e-06
2.293199951171875 8.186508544522173e-06
2.294199951171875 8.907848907519344e-06
2.295199951171875 8.661447670511486e-06
2.296199951171875 8.424086068448827e-06
2.297199951171875 7.155546192152425e-06
2.298199951171875 6.5557867418348976e-06
2.299199951171875 7.698970996331644e-06
2.300199951171875 9.862765714977511e-06
2.301199951171875 1.0709404771205083e-05
2.302199951171875 7.799723300477707e-06
2.303199951171875 6.979047471584913e-06
2.304199951171875 6.889793313314708e-06
2.305199951171875 7.580915181421228e-06
2.306199951171875 6.62737915358389e-06
2.307199951171875 6.521617225451716e-06
2.308199951171875 6.435126138691567e-06
2.309199951171875 5.161514023991978e-06
2.310199951171875 4.64896210115699e-06
2.311199951171875 4.40919739649588e-06
2.312199951171875 5.095302831108731e-06
2.313199951171875 5.4983724825812125e-06
2.314199951171875 4.299366148852558e-06
2.315199951171875 5.299386877955854e-06
2.316199951171875 6.080932818834577e-06
2.317199951171875 6.727136826663859e-06
2.318199951171875 5.944837501280764e-06
2.319199951171875 5.588137119790997e-06
2.320199951171875 7.47779963873896e-06
2.321199951171875 7.233804191346429e-06
2.322199951171875 6.231893338915051e-06
2.323199951171875 5.793435766290903e-06
2.324199951171875 5.679354030568334e-06
2.325199951171875 6.6388940557961485e-06
2.326199951171875 4.938724840764644e-06
2.327199951171875 4.500976553644703e-06
2.328199951171875 4.29584446874887e-06
2.329199951171875 4.86253919546851e-06
2.330199951171875 5.162734803635913e-06
2.331199951171875 4.9671417973837425e-06
2.332199951171875 4.3369172155820686e-06
2.333199951171875 3.591691360614086e-06
2.334199951171875 3.6682294626541507e-06
2.335199951171875 3.234803487244218e-06
2.336199951171875 2.815799906649089e-06
2.337199951171875 2.4154144628053847e-06
2.338199951171875 3.054899841348002e-06
2.339199951171875 3.5340381803095994e-06
2.340199951171875 3.087772806694955e-06
2.341199951171875 2.77046835852548e-06
2.342199951171875 2.534932797906467e-06
2.343199951171875 2.8574616268616854e-06
2.344199951171875 2.851383228915346e-06
2.345199951171875 2.90439920158477e-06
2.346199951171875 2.6448235575339394e-06
2.347199951171875 2.753958605280128e-06
2.348199951171875 2.4812998307610103e-06
2.349199951171875 2.542255281711066e-06
2.350199951171875 2.4579000310933333e-06
2.351199951171875 2.725643784608493e-06
2.352199951171875 2.9774040403605094e-06
2.353199951171875 2.589666693950337e-06
2.354199951171875 2.796776594400683e-06
2.355199951171875 2.7761275685093345e-06
2.356199951171875 2.3246048999143338e-06
2.357199951171875 2.8376364925339848e-06
2.358199951171875 2.4863592574915573e-06
2.359199951171875 2.971813549790761e-06
2.360199951171875 2.664704133642629e-06
2.361199951171875 2.454674870942008e-06
2.362199951171875 2.570045230192584e-06
2.363199951171875 2.1311877897402226e-06
2.364199951171875 1.8895652549184315e-06
2.365199951171875 1.1772829033689928e-06
2.366199951171875 1.2958324976505806e-06
2.367199951171875 1.0997584992578165e-06
2.368199951171875 1.1882781881187699e-06
2.369199951171875 8.915531286871243e-07
2.370199951171875 7.866233278953201e-07
2.371199951171875 1.0232297008225594e-06
2.372199951171875 8.455568016763452e-07
2.373199951171875 8.301354705610508e-07
2.374199951171875 3.961010195483617e-07
2.375199951171875 3.3240529940058723e-07
2.376199951171875 3.3167570812977933e-07
2.377199951171875 3.730420558258163e-07
2.378199951171875 4.1087945121243825e-07
2.379199951171875 3.753131027640632e-07
2.380199951171875 2.9820592622618153e-07
2.381199951171875 2.5595776408487827e-07
2.382199951171875 2.2292659466954194e-07
2.383199951171875 3.0693856233242977e-07
2.384199951171875 2.9368510303303196e-07
2.385199951171875 3.36654151902301e-07
2.386199951171875 2.907840476412324e-07
2.387199951171875 2.6259866976195846e-07
2.388199951171875 1.8348847819189317e-07
2.389199951171875 1.6350039233565112e-07
2.390199951171875 1.4295253951247975e-07
2.391199951171875 1.0773250629553435e-07
2.392199951171875 1.0667221681257117e-07
2.393199951171875 1.1174756380844094e-07
2.394199951171875 1.3762648113035397e-07
2.395199951171875 9.665971645995244e-08
2.396199951171875 8.097613908706199e-08
2.397199951171875 9.113349727618654e-08
2.398199951171875 1.2033307473820684e-07
2.399199951171875 1.1409709993594264e-07
2.400199951171875 8.571430321121469e-08
2.401199951171875 6.338112391086812e-08
2.402199951171875 4.770997312168252e-08
2.403199951171875 3.94678002674778e-08
2.404199951171875 4.3096038447648525e-08
2.405199951171875 3.8964432150742784e-08
2.406199951171875 4.342802576710865e-08
2.407199951171875 3.261227583139473e-08
2.408199951171875 3.4547790334250376e-08
2.409199951171875 2.8789954986091713e-08
2.410199951171875 2.3183419160669773e-08
2.411199951171875 1.625671486648672e-08
2.412199951171875 1.4984122928874577e-08
2.413199951171875 1.5925220532380294e-08
2.414199951171875 1.3210630239294032e-08
2.415199951171875 1.4158218862465042e-08
2.416199951171875 1.1910714792789888e-08
2.417199951171875 1.1365098352128448e-08
2.418199951171875 7.884396116938376e-09
2.419199951171875 6.583752832864401e-09
2.420199951171875 5.754541166338416e-09
2.421199951171875 4.720619980583028e-09
2.422199951171875 4.357087373738215e-09
2.423199951171875 5.9537676731062e-09
2.424199951171875 5.829200978499819e-09
2.425199951171875 5.476630605452032e-09
2.426199951171875 3.6960768105865e-09
2.427199951171875 3.454999836473691e-09
2.428199951171875 3.1034403609008275e-09
2.429199951171875 2.9314492670982505e-09
2.430199951171875 2.187426701115571e-09
2.431199951171875 2.514718199399463e-09
2.432199951171875 2.5820590630939095e-09
2.433199951171875 2.546275955825864e-09
2.434199951171875 2.179029512943303e-09
2.435199951171875 1.6187562776702246e-09
2.436199951171875 1.6488914031903406e-09
2.437199951171875 1.2133399644324104e-09
2.438199951171875 1.0918850583289756e-09
2.439199951171875 9.073728201402784e-10
2.440199951171875 8.938747075345704e-10
2.441199951171875 1.2402122792017674e-09
2.442199951171875 1.0667808053588749e-09
2.443199951171875 1.168421715551832e-09
2.444199951171875 8.669605970509509e-10
2.445199951171875 8.689000615544177e-10
2.446199951171875 6.686508833249959e-10
2.447199951171875 6.940858480139533e-10
2.448199951171875 6.202375038771334e-10
2.449199951171875 5.517660885074755e-10
2.450199951171875 3.9592750994219286e-10
2.451199951171875 3.2365383500603866e-10
2.452199951171875 3.840490775499067e-10
2.453199951171875 3.953009168137558e-10
2.454199951171875 3.9288216098865454e-10
2.455199951171875 3.4852678229341787e-10
2.456199951171875 2.764242088003955e-10
2.457199951171875 2.212279117770585e-10
2.458199951171875 1.8401982253350367e-10
2.459199951171875 1.51318518206198e-10
2.460199951171875 1.6612915279619686e-10
2.461199951171875 9.281453876182606e-11
2.462199951171875 1.178839591767135e-10
2.463199951171875 7.812174346017114e-11
2.464199951171875 9.068763895957316e-11
2.465199951171875 6.786296080179195e-11
2.466199951171875 5.792829867241047e-11
2.467199951171875 4.4194934725140255e-11
2.468199951171875 3.759569093695033e-11
2.469199951171875 3.9439911596152766e-11
2.470199951171875 4.385365212585699e-11
2.471199951171875 3.294593097062427e-11
2.472199951171875 3.109473883095151e-11
2.473199951171875 2.7292484936880067e-11
2.474199951171875 2.8624737365753206e-11
2.475199951171875 2.280873641265913e-11
2.476199951171875 1.686265177250448e-11
2.477199951171875 1.5720931352868147e-11
2.478199951171875 1.4867347049121946e-11
2.479199951171875 1.6011595113493744e-11
2.480199951171875 1.1780711195613628e-11
2.481199951171875 1.205499780439486e-11
2.482199951171875 9.492360107349656e-12
2.483199951171875 9.503734080305938e-12
2.484199951171875 6.520483088746473e-12
2.485199951171875 8.187873499272013e-12
2.486199951171875 6.092363472667438e-12
2.487199951171875 5.652004274171147e-12
2.488199951171875 3.5892446777838736e-12
2.489199951171875 4.222986525470614e-12
2.490199951171875 4.508192265345208e-12
2.491199951171875 4.108436977739933e-12
2.492199951171875 3.726793308717988e-12
2.493199951171875 3.7542785315441655e-12
2.494199951171875 3.5636361344150434e-12
2.495199951171875 3.4273956250324543e-12
2.496199951171875 2.79228537877904e-12
2.497199951171875 2.7303619071184825e-12
2.498199951171875 2.6274264564955434e-12
2.499199951171875 2.666783052996222e-12
2.500199951171875 2.2601999487154313e-12
2.501199951171875 1.8824478548137048e-12
2.502199951171875 1.5396007252271255e-12
2.503199951171875 1.4722674044661966e-12
2.504199951171875 1.8267887364419344e-12
2.505199951171875 1.7778585577037455e-12
2.506199951171875 1.7030701054806322e-12
2.507199951171875 1.3586634577313427e-12
2.508199951171875 1.0059387724109487e-12
2.509199951171875 1.1843472804705605e-12
2.510199951171875 1.1176761331938027e-12
2.511199951171875 1.1249586490253382e-12
2.512199951171875 9.381396851679312e-13
2.513199951171875 9.6743606703783e-13
2.514199951171875 1.2945092960481718e-12
2.515199951171875 1.2563112169289898e-12
2.516199951171875 1.2894797000656965e-12
2.517199951171875 1.056132618519682e-12
2.518199951171875 1.0862978509923656e-12
2.519199951171875 8.530400461787502e-13
2.520199951171875 8.160079842585007e-13
2.521199951171875 6.058282213841405e-13
2.522199951171875 6.984777278980626e-13
2.523199951171875 6.594358239841962e-13
2.524199951171875 6.758077565778877e-13
2.525199951171875 5.51840871502514e-13
2.526199951171875 5.044607712466062e-13
2.527199951171875 4.773119967434804e-13
2.528199951171875 4.718301891940759e-13
2.529199951171875 4.718315424775965e-13
2.530199951171875 4.632686388861243e-13
2.531199951171875 4.620853378835416e-13
2.532199951171875 3.9252161795780735e-13
2.533199951171875 3.79745954181606e-13
2.534199951171875 3.1315231654342413e-13
2.535199951171875 3.4791645349943395e-13
2.536199951171875 2.7585865120025227e-13
2.537199951171875 2.4284617144154194e-13
2.538199951171875 2.4924834703879997e-13
2.539199951171875 2.696781661749387e-13
2.540199951171875 2.7629147653886994e-13
2.541199951171875 2.2537870051985295e-13
2.542199951171875 2.4593340161647736e-13
2.543199951171875 2.476043668894025e-13
2.544199951171875 2.3283484784115327e-13
2.545199951171875 1.5935394789006737e-13
2.546199951171875 1.4146845152934388e-13
2.547199951171875 1.3482929244238541e-13
2.548199951171875 1.3275554117008325e-13
2.549199951171875 1.1138541674578616e-13
2.550199951171875 1.0661087665360787e-13
2.551199951171875 1.1113425458445742e-13
2.552199951171875 1.0527668819781867e-13
2.553199951171875 8.996518769452804e-14
2.554199951171875 7.827505316634282e-14
2.555199951171875 8.777257667309354e-14
2.556199951171875 8.739134536281732e-14
2.557199951171875 8.220463460478722e-14
2.558199951171875 4.5701597360274725e-14
2.559199951171875 4.1744308373636143e-14
2.560199951171875 3.343976329439469e-14
2.561199951171875 4.2956021045017424e-14
2.562199951171875 4.0870664622697125e-14
2.563199951171875 3.5368543123543893e-14
2.564199951171875 3.808363262411481e-14
2.565199951171875 3.8033151001684594e-14
2.566199951171875 3.7434012223383965e-14
2.567199951171875 3.0711658020805765e-14
2.568199951171875 3.0277727134369894e-14
2.569199951171875 2.7978816158987803e-14
2.570199951171875 2.152279030512895e-14
2.571199951171875 1.497372066945214e-14
2.572199951171875 1.310017610501435e-14
2.573199951171875 1.6561313779112845e-14
2.574199951171875 1.619330569333978e-14
2.575199951171875 1.621644905520904e-14
2.576199951171875 1.7344456696703708e-14
2.577199951171875 1.5342652820714837e-14
2.578199951171875 1.5694352462853413e-14
2.579199951171875 1.2836769758661965e-14
2.580199951171875 1.1040377763616073e-14
2.581199951171875 8.385734281753525e-15
2.582199951171875 7.599766658697389e-15
2.583199951171875 8.08191214869259e-15
2.584199951171875 8.347052931744365e-15
2.585199951171875 7.70620369287516e-15
2.586199951171875 6.885687725016785e-15
2.587199951171875 5.774768659683389e-15
2.588199951171875 5.123748227446952e-15
2.589199951171875 5.474111757436268e-15
2.590199951171875 4.872402626379845e-15
2.591199951171875 4.3159806914594765e-15
2.592199951171875 3.5245286749129184e-15
2.593199951171875 3.3545933050412706e-15
2.594199951171875 4.214742434786775e-15
2.595199951171875 3.4392098962613043e-15
2.596199951171875 3.1908175961180053e-15
2.597199951171875 2.282354996767197e-15
2.598199951171875 2.271829229015919e-15
