Wavelength_microns Throughput
0.9682000122070312 0.0
0.9692000122070312 0.0
0.9702000122070312 5.178362062028729e-06
0.9712000122070312 6.147106810879723e-06
0.9722000122070312 7.1410325911220855e-06
0.9732000122070312 8.1381874467981e-06
0.9742000122070312 9.05650932346835e-06
0.9752000122070312 9.95677067861624e-06
0.9762000122070312 1.0880562923046692e-05
0.9772000122070312 1.201634345788777e-05
0.9782000122070312 1.3472597538165258e-05
0.9792000122070312 1.5467604698429306e-05
0.9802000122070312 1.8137780562160598e-05
0.9812000122070312 2.174569312160969e-05
0.9822000122070312 2.6635005146681534e-05
0.9832000122070312 3.3133643419972855e-05
0.9842000122070312 4.152450224843489e-05
0.9852000122070312 5.222948515683088e-05
0.9862000122070312 6.529264336074028e-05
0.9872000122070312 8.091873250498767e-05
0.9882000122070312 9.916839758230236e-05
0.9892000122070312 0.00012003994442191229
0.9902000122070312 0.000143750741341417
0.9912000122070312 0.00017014719374834158
0.9922000122070312 0.0001999333065174841
0.9932000122070312 0.00023395450685621862
0.9942000122070312 0.0002737498695661689
0.9952000122070312 0.000321174471132053
0.9962000122070312 0.00038006295405712087
0.9972000122070312 0.00045546282687906415
0.9982000122070313 0.01343763143185234
0.9992000122070313 0.0279657030484528
1.0002000122070311 0.044245497347129785
1.0012000122070313 0.04930364692596455
1.0022000122070311 0.05532186512996198
1.0032000122070313 0.06148006498679737
1.0042000122070311 0.06914392868183666
1.0052000122070313 0.07761902329988035
1.0062000122070311 0.0886274103222663
1.0072000122070313 0.10101183289746506
1.0082000122070311 0.11505519474913556
1.0092000122070313 0.13069588434120663
1.0102000122070312 0.14735217116321575
1.0112000122070313 0.16554941648344998
1.0122000122070312 0.18381724170560843
1.0132000122070313 0.20254314079751692
1.0142000122070312 0.21920716692986678
1.0152000122070313 0.23356578191797128
1.0162000122070312 0.24390297729297036
1.0172000122070313 0.2512399552720792
1.0182000122070312 0.254887602044816
1.0192000122070313 0.25673431984809875
1.0202000122070312 0.25675960935781866
1.0212000122070313 0.2570561347386915
1.0222000122070312 0.25647982256207463
1.0232000122070313 0.25635856075063573
1.024199951171875 0.25574299616385593
1.025199951171875 0.2561438028911366
1.026199951171875 0.2563792835715987
1.027199951171875 0.257386094706781
1.028199951171875 0.2585139461135749
1.029199951171875 0.259638796392112
1.030199951171875 0.26120079378929395
1.031199951171875 0.2627015901591987
1.032199951171875 0.265159007121201
1.033199951171875 0.2667455988799931
1.034199951171875 0.2694286057482363
1.035199951171875 0.2713932983120785
1.036199951171875 0.27333224507595605
1.037199951171875 0.2737048723939437
1.038199951171875 0.2757186091240258
1.039199951171875 0.2771409037505645
1.040199951171875 0.2791104941932679
1.041199951171875 0.2794517438194979
1.042199951171875 0.28057468369924565
1.043199951171875 0.2810016338190041
1.044199951171875 0.28170284112293326
1.045199951171875 0.2822485667391423
1.046199951171875 0.28350540004612224
1.047199951171875 0.28454739138523305
1.048199951171875 0.28545820950879236
1.049199951171875 0.286237873510067
1.050199951171875 0.28708334746187597
1.051199951171875 0.2883507406236736
1.052199951171875 0.2893006837916571
1.053199951171875 0.29014975970873763
1.054199951171875 0.29120539030321896
1.055199951171875 0.29138712472487865
1.056199951171875 0.2916997035234972
1.057199951171875 0.29130258770589756
1.058199951171875 0.2915720585321736
1.059199951171875 0.2913307039647628
1.060199951171875 0.2903486761966111
1.061199951171875 0.289414084182503
1.062199951171875 0.28800814975141564
1.063199951171875 0.28631386718500784
1.064199951171875 0.2848395934298878
1.065199951171875 0.2834137468270501
1.066199951171875 0.2822575326477874
1.067199951171875 0.2799545918994133
1.068199951171875 0.2780954655688075
1.069199951171875 0.2757279089360791
1.070199951171875 0.2733956451945845
1.071199951171875 0.2714012700075412
1.072199951171875 0.2693811270361122
1.073199951171875 0.2680255312755528
1.074199951171875 0.26622895315753653
1.075199951171875 0.2651854952838468
1.076199951171875 0.26458737921007225
1.077199951171875 0.26403192446803375
1.078199951171875 0.26413369555905425
1.079199951171875 0.26360801917584425
1.080199951171875 0.26406570049596456
1.081199951171875 0.2647629872827669
1.082199951171875 0.2658141526391524
1.083199951171875 0.26625559742898813
1.084199951171875 0.2673997398791633
1.085199951171875 0.2683430644707747
1.086199951171875 0.27019062579517944
1.087199951171875 0.2713029200202904
1.088199951171875 0.2735032971058654
1.089199951171875 0.27540137791235586
1.090199951171875 0.2781232425678585
1.091199951171875 0.2805623899034658
1.092199951171875 0.28320944168675377
1.093199951171875 0.28557196847838073
1.094199951171875 0.28801447552264925
1.095199951171875 0.2904721716935319
1.096199951171875 0.29228815119380963
1.097199951171875 0.29509216113766473
1.098199951171875 0.2975074292047021
1.099199951171875 0.29986654900094173
1.100199951171875 0.30063672548691106
1.101199951171875 0.3017350492481006
1.102199951171875 0.3030066606140245
1.103199951171875 0.3044262089448426
1.104199951171875 0.3050058553554571
1.105199951171875 0.3060889430949298
1.106199951171875 0.3065394581634111
1.107199951171875 0.30687849636692854
1.108199951171875 0.3064245468613501
1.109199951171875 0.3061424348922325
1.110199951171875 0.30660985284441084
1.111199951171875 0.3065031144575508
1.112199951171875 0.30668864077262886
1.113199951171875 0.3062134575960375
1.114199951171875 0.30609851863753984
1.115199951171875 0.3056028310433384
1.116199951171875 0.3046220603017157
1.117199951171875 0.3038460446785453
1.118199951171875 0.3028890660947668
1.119199951171875 0.3022689754922632
1.120199951171875 0.3020985118046278
1.121199951171875 0.3012744272607946
1.122199951171875 0.300646804791224
1.123199951171875 0.2993080650466117
1.124199951171875 0.29931350234285503
1.125199951171875 0.2989846903885861
1.126199951171875 0.29949031494602696
1.127199951171875 0.29972007010922797
1.128199951171875 0.30070102487612604
1.129199951171875 0.3011640723648728
1.130199951171875 0.3017656184487504
1.131199951171875 0.30226363155967834
1.132199951171875 0.3035747973051402
1.133199951171875 0.304438270998728
1.134199951171875 0.3055042349214465
1.135199951171875 0.3061268627043793
1.136199951171875 0.3073790221039741
1.137199951171875 0.3089434131021434
1.138199951171875 0.30981712815624035
1.139199951171875 0.31148080302642805
1.140199951171875 0.31230102654729036
1.141199951171875 0.3143690827481683
1.142199951171875 0.31668306138512076
1.143199951171875 0.31937058473378066
1.144199951171875 0.32223157452875634
1.145199951171875 0.3246012075208396
1.146199951171875 0.32640501831126184
1.147199951171875 0.32807227672333555
1.148199951171875 0.3296315054354261
1.149199951171875 0.33212475250479023
1.150199951171875 0.3341379460330994
1.151199951171875 0.33621243419388797
1.152199951171875 0.3382019028157699
1.153199951171875 0.3396671841713658
1.154199951171875 0.34135546581315934
1.155199951171875 0.3431237486513572
1.156199951171875 0.34523298443483347
1.157199951171875 0.34739820547854605
1.158199951171875 0.34917285181812663
1.159199951171875 0.3518384715168509
1.160199951171875 0.3528246112315949
1.161199951171875 0.35469998862280044
1.162199951171875 0.35572351776814987
1.163199951171875 0.357767837566082
1.164199951171875 0.358846566115472
1.165199951171875 0.3600774303300725
1.166199951171875 0.36115553795541955
1.167199951171875 0.3624830457279802
1.168199951171875 0.36310687935168123
1.169199951171875 0.36385499625566553
1.170199951171875 0.3645005688941503
1.171199951171875 0.3649967680214309
1.172199951171875 0.3656602086964625
1.173199951171875 0.36590238219129234
1.174199951171875 0.36647798476163584
1.175199951171875 0.36690348971922876
1.176199951171875 0.3667535481923103
1.177199951171875 0.36721630537721195
1.178199951171875 0.366942600436022
1.179199951171875 0.36678004553708604
1.180199951171875 0.3664334233225412
1.181199951171875 0.36684910781018903
1.182199951171875 0.3674248443248625
1.183199951171875 0.3669868018503448
1.184199951171875 0.3663895419301519
1.185199951171875 0.3656697661937899
1.186199951171875 0.3650657425731434
1.187199951171875 0.36357060500138916
1.188199951171875 0.362953623290698
1.189199951171875 0.3629992441921729
1.190199951171875 0.36338319840524336
1.191199951171875 0.36254042714379864
1.192199951171875 0.36053226231268265
1.193199951171875 0.3597467958155172
1.194199951171875 0.35874496625445096
1.195199951171875 0.35776165174084773
1.196199951171875 0.3563004682473597
1.197199951171875 0.35570092031694556
1.198199951171875 0.35519910191358783
1.199199951171875 0.35474046396303954
1.200199951171875 0.3541224342769671
1.201199951171875 0.3541336956222798
1.202199951171875 0.35407388497637504
1.203199951171875 0.3532631755388658
1.204199951171875 0.3534253675266775
1.205199951171875 0.3531806760900194
1.206199951171875 0.35302230885023966
1.207199951171875 0.3527954378182864
1.208199951171875 0.3526748456351612
1.209199951171875 0.35375529743927914
1.210199951171875 0.3534512002019947
1.211199951171875 0.3542663750395324
1.212199951171875 0.3540952629727857
1.213199951171875 0.35543229552484806
1.214199951171875 0.35574802064866956
1.215199951171875 0.35678075182089836
1.216199951171875 0.35681336734541863
1.217199951171875 0.357311924758328
1.218199951171875 0.3586816787933592
1.219199951171875 0.3598501586606682
1.220199951171875 0.3611194405956132
1.221199951171875 0.36237164487873624
1.222199951171875 0.36418409366891225
1.223199951171875 0.36599868794613355
1.224199951171875 0.3672434023404157
1.225199951171875 0.36863218952959015
1.226199951171875 0.37031235795130063
1.227199951171875 0.37244022464882065
1.228199951171875 0.3741106004823959
1.229199951171875 0.37545697888059876
1.230199951171875 0.3773347304577609
1.231199951171875 0.37849034988350466
1.232199951171875 0.3803486863289914
1.233199951171875 0.38096709576964916
1.234199951171875 0.38263723298425667
1.235199951171875 0.38355711875435167
1.236199951171875 0.3844454629525834
1.237199951171875 0.38480742124675066
1.238199951171875 0.3854677263887828
1.239199951171875 0.3857034267286102
1.240199951171875 0.3869017609546787
1.241199951171875 0.3875658310253649
1.242199951171875 0.3891434501328037
1.243199951171875 0.389885991593079
1.244199951171875 0.3913666932896639
1.245199951171875 0.39234422933535906
1.246199951171875 0.3932099673671643
1.247199951171875 0.39339509148156926
1.248199951171875 0.3940889097629174
1.249199951171875 0.3952215952322595
1.250199951171875 0.39582786819215565
1.251199951171875 0.3974062420164973
1.252199951171875 0.3984008237196427
1.253199951171875 0.3993775362320396
1.254199951171875 0.39927875453935147
1.255199951171875 0.39908199390755206
1.256199951171875 0.3993603095188098
1.257199951171875 0.4003333370892626
1.258199951171875 0.40041949686630113
1.259199951171875 0.4006258815124481
1.260199951171875 0.4004589239322578
1.261199951171875 0.4009479950551565
1.262199951171875 0.4011986432399292
1.263199951171875 0.4011379806565003
1.264199951171875 0.4011487489217379
1.265199951171875 0.401499260008442
1.266199951171875 0.40076141599422704
1.267199951171875 0.40103777519345607
1.268199951171875 0.4007344999204089
1.269199951171875 0.40064801036742675
1.270199951171875 0.39856930446339406
1.271199951171875 0.3954522964991397
1.272199951171875 0.39020238767449683
1.273199951171875 0.3841916288432748
1.274199951171875 0.3748512454686701
1.275199951171875 0.36250864547393225
1.276199951171875 0.34508388869105067
1.277199951171875 0.32418744166945473
1.278199951171875 0.29879432877724993
1.279199951171875 0.2706268495258263
1.280199951171875 0.24061616093182933
1.281199951171875 0.2109400497782682
1.282199951171875 0.18307081500263572
1.283199951171875 0.15815838225393528
1.284199951171875 0.1361992519331587
1.285199951171875 0.11728521308450995
1.286199951171875 0.1004193245535715
1.287199951171875 0.08629243297289783
1.288199951171875 0.07390350977671362
1.289199951171875 0.06413940106528958
1.290199951171875 0.055716390930193926
1.291199951171875 0.048871497714817067
1.292199951171875 0.04263770253077572
1.293199951171875 0.03774851381549538
1.294199951171875 0.033313282725879606
1.295199951171875 0.029677075563881168
1.296199951171875 0.025953595643460656
1.297199951171875 0.022297483204282664
1.298199951171875 0.018552064034628727
1.299199951171875 0.015191792635084538
1.300199951171875 0.012375720012422667
1.301199951171875 0.010026842083163923
1.302199951171875 0.008126818469090651
1.303199951171875 0.006586323474654425
1.304199951171875 0.005369653155002177
1.305199951171875 0.004371998604351902
1.306199951171875 0.0035642405975796695
1.307199951171875 0.0029145979784498777
1.308199951171875 0.002399890631661078
1.309199951171875 0.0019923806444446463
1.310199951171875 0.0016602666138098782
1.311199951171875 0.0013875803854281723
1.312199951171875 0.0011642524818746278
1.313199951171875 0.0009839123012589169
1.314199951171875 0.0008321072840199037
1.315199951171875 0.0007065602912387064
1.316199951171875 0.0006005512395227467
1.317199951171875 0.0005129609973228273
1.318199951171875 0.0004396957080025125
1.319199951171875 0.0003776387347836041
1.320199951171875 0.00032465025095178507
1.321199951171875 0.00028088937327896025
1.322199951171875 0.000244048004524728
1.323199951171875 0.00021310253106743
1.324199951171875 0.0001857603385229322
1.325199951171875 0.00016202191639024617
1.326199951171875 0.00014251942110016214
1.327199951171875 0.00012541520337426573
1.328199951171875 0.00011084770907321574
1.329199951171875 9.72216263371575e-05
1.330199951171875 8.658622819948657e-05
1.331199951171875 7.703973729958409e-05
1.332199951171875 6.898542449739752e-05
1.333199951171875 6.154039133103231e-05
1.334199951171875 5.5328383833142946e-05
1.335199951171875 4.946348652937833e-05
1.336199951171875 4.448088930882249e-05
1.337199951171875 4.014281596232927e-05
1.338199951171875 3.63538060422801e-05
1.339199951171875 3.2932342254917755e-05
1.340199951171875 2.994338714525137e-05
1.341199951171875 2.7436507075301086e-05
1.342199951171875 2.5284475435984788e-05
1.343199951171875 2.335597429448613e-05
1.344199951171875 2.170050256789616e-05
1.345199951171875 1.984685754280584e-05
1.346199951171875 1.7976840239944962e-05
1.347199951171875 1.6726616501986555e-05
1.348199951171875 1.5449010218007017e-05
1.349199951171875 1.41159759002335e-05
1.350199951171875 1.277168509510213e-05
1.351199951171875 1.2094702060817833e-05
1.352199951171875 1.121624067072139e-05
1.353199951171875 1.0612857346367937e-05
1.354199951171875 9.382569330001462e-06
1.3551999511718749 0.0
1.356199951171875 0.0
