Wavelength_microns Throughput
0.5502000122070313 8.128694753759436e-11
0.5512000122070313 3.548261936402486e-11
0.5522000122070313 1.3203003347702994e-10
0.5532000122070313 1.6797371560878008e-10
0.5542000122070313 1.7558009934023925e-10
0.5552000122070313 1.0346236555778785e-11
0.5562000122070313 1.1311549712789027e-11
0.5572000122070313 1.064621669660156e-11
0.5582000122070313 4.510126476507735e-11
0.5592000122070313 3.927202266446455e-11
0.5602000122070312 1.8624606725913737e-10
0.5612000122070312 1.795664894218491e-10
0.5622000122070312 1.9783794623814936e-10
0.5632000122070312 1.8595172737797699e-10
0.5642000122070312 4.0062798769863835e-10
0.5652000122070312 7.191502884811827e-10
0.5662000122070312 6.326808500018243e-10
0.5672000122070312 5.118065402090788e-10
0.5682000122070312 2.1736954102948985e-10
0.5692000122070312 2.445402022176203e-10
0.5702000122070312 1.2620724284899693e-10
0.5712000122070312 5.096327689193063e-10
0.5722000122070312 6.177017064389118e-10
0.5732000122070312 6.359710278155125e-10
0.5742000122070312 3.3820590377910806e-10
0.5752000122070312 1.295009200947781e-10
0.5762000122070312 1.9436185956618932e-10
0.5772000122070312 3.3243493164381147e-10
0.5782000122070312 6.693830259162467e-10
0.5792000122070312 6.717663069474259e-10
0.5802000122070312 3.734176501456775e-10
0.5812000122070312 2.520925349013807e-12
0.5822000122070312 2.7257521372332688e-12
0.5832000122070312 8.527269884333249e-10
0.5842000122070312 1.0293592743234023e-09
0.5852000122070312 1.2057268015656322e-09
0.5862000122070312 8.25280678903021e-10
0.5872000122070312 9.695785636505045e-10
0.5882000122070312 1.503682832512799e-09
0.5892000122070312 2.0689104389448517e-09
0.5902000122070312 2.0005332474915786e-09
0.5912000122070312 2.014980505808778e-09
0.5922000122070312 7.610431122685763e-10
0.5932000122070312 6.399508930839266e-10
0.5942000122070312 3.4388850823125926e-10
0.5952000122070312 1.6950749866896564e-09
0.5962000122070312 2.2451871693609903e-09
0.5972000122070312 2.1223632699815667e-09
0.5982000122070312 8.307943956656101e-10
0.5992000122070312 1.595136542017822e-09
0.6002000122070312 4.4649221019150064e-09
0.6012000122070312 1.3681235338845789e-08
0.6022000122070312 2.8152567872522907e-08
0.6032000122070312 4.96143106431146e-08
0.6042000122070312 6.914927817305567e-08
0.6052000122070312 8.324525506929113e-08
0.6062000122070312 9.023922251493104e-08
0.6072000122070312 8.811702323804872e-08
0.6082000122070312 8.478564713952393e-08
0.6092000122070312 7.900532976056985e-08
0.6102000122070312 9.098313377725167e-08
0.6112000122070312 1.1569777820880766e-07
0.6122000122070312 1.57188568404711e-07
0.6132000122070312 2.0679781389421753e-07
0.6142000122070312 2.6060703371361016e-07
0.6152000122070312 3.0226960628042304e-07
0.6162000122070312 3.156889507412027e-07
0.6172000122070312 3.12095940621273e-07
0.6182000122070312 3.20280882430217e-07
0.6192000122070312 3.771696396380257e-07
0.6202000122070312 4.998910357024254e-07
0.6212000122070312 6.817741814727716e-07
0.6222000122070312 8.735609091981093e-07
0.6232000122070313 1.0141374650731138e-06
0.6242000122070313 1.0416658313021792e-06
0.6252000122070313 9.692980387426519e-07
0.6262000122070313 8.104174126019945e-07
0.6272000122070313 6.350271433846152e-07
0.6282000122070313 4.7235895177977777e-07
0.6292000122070313 3.6558226933197555e-07
0.6302000122070313 3.0076156339388933e-07
0.6312000122070313 2.5809927039846194e-07
0.6322000122070313 2.2536319556479603e-07
0.6332000122070313 2.006394973759676e-07
0.6342000122070313 1.8936558041490238e-07
0.6352000122070313 1.932859573980875e-07
0.6362000122070313 2.0239651479966535e-07
0.6372000122070313 2.1202453640613025e-07
0.6382000122070313 2.0488096063175688e-07
0.6392000122070313 1.899765131358968e-07
0.6402000122070313 1.6257086899922857e-07
0.6412000122070313 1.3800418687316313e-07
0.6422000122070313 1.1635772117613653e-07
0.6432000122070313 1.0049964243061158e-07
0.6442000122070313 9.048707652430555e-08
0.6452000122070313 8.505539964790938e-08
0.6462000122070313 8.606301833260975e-08
0.6472000122070313 9.003877574971477e-08
0.6482000122070313 8.927628722401674e-08
0.6492000122070313 8.948606487649462e-08
0.6502000122070313 8.710410658222278e-08
0.6512000122070313 8.822233499167215e-08
0.6522000122070313 8.715520506865442e-08
0.6532000122070313 8.598406953339149e-08
0.6542000122070313 8.78965761383112e-08
0.6552000122070313 9.336136600423286e-08
0.6562000122070313 1.015615416561877e-07
0.6572000122070313 1.0504117404768008e-07
0.6582000122070313 9.805518620715668e-08
0.6592000122070313 9.28806898936008e-08
0.6602000122070313 9.536039744902365e-08
0.6612000122070313 1.0295781164700133e-07
0.6622000122070313 1.0823454073105045e-07
0.6632000122070313 1.0927011013657438e-07
0.6642000122070313 1.1394998617156697e-07
0.6652000122070313 1.1703311473373257e-07
0.6662000122070313 1.2252679644323836e-07
0.6672000122070313 1.3841196159517183e-07
0.6682000122070313 1.5701771080074298e-07
0.6692000122070313 1.697501186908289e-07
0.6702000122070313 1.6984135332619522e-07
0.6712000122070313 1.6698723332128723e-07
0.6722000122070313 1.6608192225892429e-07
0.6732000122070313 1.6801123351061614e-07
0.6742000122070313 1.677564611316357e-07
0.6752000122070313 1.7016793711592636e-07
0.6762000122070313 1.7238002778792847e-07
0.6772000122070313 1.7264734121767001e-07
0.6782000122070313 1.743203816248012e-07
0.6792000122070313 1.7101713188453308e-07
0.6802000122070313 1.6555636922257264e-07
0.6812000122070313 1.4949425648191437e-07
0.6822000122070313 1.4273071804396963e-07
0.6832000122070313 1.3818034371340906e-07
0.6842000122070313 1.3862360001614137e-07
0.6852000122070312 1.3722780740879618e-07
0.6862000122070312 1.4610092442339006e-07
0.6872000122070312 1.624213043199471e-07
0.6882000122070312 1.7762218202372087e-07
0.6892000122070312 1.912889081218672e-07
0.6902000122070312 1.8255167229099712e-07
0.6912000122070312 1.8592468565636156e-07
0.6922000122070312 1.7087495521246881e-07
0.6932000122070312 1.7412633996138146e-07
0.6942000122070312 1.630351651261529e-07
0.6952000122070312 1.6079906901209743e-07
0.6962000122070312 1.4932917767086445e-07
0.6972000122070312 1.441293709011066e-07
0.6982000122070312 1.396709138805944e-07
0.6992000122070312 1.3942522075639372e-07
0.7002000122070312 1.3050247354202415e-07
0.7012000122070312 1.3134842428648705e-07
0.7022000122070312 1.3963166363612948e-07
0.7032000122070312 1.534688375139954e-07
0.7042000122070312 1.5392814088444814e-07
0.7052000122070312 1.5298111304248217e-07
0.7062000122070312 1.454843894055541e-07
0.7072000122070312 1.501270861026686e-07
0.7082000122070312 1.5120243890905887e-07
0.7092000122070312 1.6456864442568295e-07
0.7102000122070312 1.6934290033250635e-07
0.7112000122070312 1.5790430287250407e-07
0.7122000122070312 1.3860898100227773e-07
0.7132000122070312 1.2238807251427872e-07
0.7142000122070312 1.3141323442263703e-07
0.7152000122070312 1.2721732676386348e-07
0.7162000122070312 1.1063245666905474e-07
0.7172000122070312 1.0078306324945685e-07
0.7182000122070312 9.628707694971459e-08
0.7192000122070312 1.1372593483115911e-07
0.7202000122070312 1.2318418064264127e-07
0.7212000122070312 1.465170100681745e-07
0.7222000122070312 1.4269146949830948e-07
0.7232000122070312 1.3764278857860072e-07
0.7242000122070312 1.1708216499400684e-07
0.7252000122070312 1.3060273535250413e-07
0.7262000122070312 1.3069755376743722e-07
0.7272000122070312 1.4545779460682777e-07
0.7282000122070312 1.3138023551307952e-07
0.7292000122070312 1.3178713486226744e-07
0.7302000122070312 1.4839605598850785e-07
0.7312000122070312 1.6736011744923378e-07
0.7322000122070312 1.722268903025122e-07
0.7332000122070312 1.6519835020971302e-07
0.7342000122070312 1.7863291592301516e-07
0.7352000122070312 1.82389434127381e-07
0.7362000122070312 1.87500565287929e-07
0.7372000122070312 1.7493575559281685e-07
0.7382000122070312 1.6174443110909938e-07
0.7392000122070312 1.540743044152617e-07
0.7402000122070312 1.398672379156752e-07
0.7412000122070312 1.6250627042833867e-07
0.7422000122070312 1.7027672392993607e-07
0.7432000122070312 1.631754493946101e-07
0.7442000122070312 1.2516530337758371e-07
0.7452000122070312 7.630613782521657e-08
0.7462000122070312 7.309888654803191e-08
0.7472000122070312 9.763279196357249e-08
0.7482000122070313 1.303249863981402e-07
0.7492000122070313 1.3822420749660596e-07
0.7502000122070313 1.6273689294515564e-07
0.7512000122070313 1.6456018657657234e-07
0.7522000122070313 1.8802343577493263e-07
0.7532000122070313 1.2991546351401294e-07
0.7542000122070313 1.3182221654714397e-07
0.7552000122070313 1.399786300404258e-07
0.7562000122070313 1.7598909102081363e-07
0.7572000122070313 1.8480821278841856e-07
0.7582000122070313 1.7010833068824567e-07
0.7592000122070313 1.6190616010447672e-07
0.7602000122070313 1.6145699819824794e-07
0.7612000122070313 1.496872175163176e-07
0.7622000122070313 1.3755315114801615e-07
0.7632000122070313 1.302706022092885e-07
0.7642000122070313 1.3471563594243046e-07
0.7652000122070313 1.51535100011352e-07
0.7662000122070313 1.2623572723638827e-07
0.7672000122070313 1.211384926789449e-07
0.7682000122070313 1.3228945933013143e-07
0.7692000122070313 1.7488659030021245e-07
0.7702000122070313 1.776237531254194e-07
0.7712000122070313 1.6595525971710325e-07
0.7722000122070313 1.2411271578788947e-07
0.7732000122070313 8.969928132660583e-08
0.7742000122070313 7.724956317427349e-08
0.7752000122070313 1.1957986123820506e-07
0.7762000122070313 1.1655699342494308e-07
0.7772000122070313 1.2557126593231878e-07
0.7782000122070313 7.190304105001631e-08
0.7792000122070313 1.2586324717402127e-07
0.7802000122070313 1.480137310777446e-07
0.7812000122070313 1.6388513589766188e-07
0.7822000122070313 1.3640742107634197e-07
0.7832000122070313 7.665730569224496e-08
0.7842000122070313 5.801320839296587e-08
0.7852000122070313 7.008027762406398e-08
0.7862000122070313 7.590787279804324e-08
0.7872000122070313 8.090324460933825e-08
0.7882000122070313 4.3885587376813026e-08
0.7892000122070313 4.7457946246242334e-08
0.7902000122070313 2.7928688072078925e-08
0.7912000122070313 1.5800002817629466e-08
0.7922000122070313 1.501535659676999e-08
0.7932000122070313 3.988717630171169e-08
0.7942000122070313 4.013128295000263e-08
0.7952000122070313 2.5273249201237476e-08
0.7962000122070313 3.491224216459689e-08
0.7972000122070313 3.702013263998626e-08
0.7982000122070313 3.791768600532164e-08
0.7992000122070313 6.943042800623673e-09
0.8002000122070313 5.977304670782893e-09
0.8012000122070313 5.320992908319164e-09
0.8022000122070313 1.4713284193957426e-09
0.8032000122070313 5.698294259283014e-10
0.8042000122070313 1.0209589933878712e-09
0.8052000122070313 4.697619073390031e-10
0.8062000122070313 4.720585604398264e-10
0.8072000122070313 7.028955068416676e-09
0.8082000122070313 7.054572435730983e-09
0.8092000122070313 7.083034384356197e-09
0.8102000122070312 6.231248842698183e-09
0.8112000122070312 1.2115568119410733e-08
0.8122000122070312 2.892270980949726e-08
0.8132000122070312 2.621205291301084e-08
0.8142000122070312 2.038523930733948e-08
0.8152000122070312 3.509754257031373e-09
0.8162000122070312 1.0770577953358363e-08
0.8172000122070312 1.262493490610966e-08
0.8182000122070312 1.4273698619645747e-08
0.8192000122070312 3.457538404649069e-09
0.8202000122070312 1.6318637639800492e-09
0.8212000122070312 5.464819632059615e-09
0.8222000122070312 5.4874195904188384e-09
0.8232000122070312 1.4694015181192158e-08
0.8242000122070312 1.4865517375792036e-08
0.8252000122070312 2.383476115908658e-08
0.8262000122070312 2.9450318733870455e-08
0.8272000122070312 2.4595104076294262e-08
0.8282000122070312 2.1494331382167707e-08
0.8292000122070312 1.0076165080073045e-08
0.8302000122070312 2.2761078585275662e-08
0.8312000122070312 2.4921811127277393e-08
0.8322000122070312 2.3611443257069488e-08
0.8332000122070312 3.2074932439836885e-08
0.8342000122070312 3.065269529820503e-08
0.8352000122070312 2.901707091377162e-08
0.8362000122070312 1.4279056702771412e-08
0.8372000122070312 1.5263662513737138e-08
0.8382000122070312 1.5753078473192988e-08
0.8392000122070312 2.2146061438749886e-08
0.8402000122070312 2.1572181370023446e-08
0.8412000122070312 3.4721847815785405e-08
0.8422000122070312 2.0938398761975192e-08
0.8432000122070312 1.6297492977444957e-08
0.8442000122070312 2.303326515691937e-09
0.8452000122070312 2.3154698936945854e-09
0.8462000122070312 1.0393417818981027e-08
0.8472000122070312 2.0006676991683028e-08
0.8482000122070312 2.009675928622323e-08
0.8492000122070312 2.8726685762123395e-08
0.8502000122070312 1.9197056771709038e-08
0.8512000122070312 2.6612239334106813e-08
0.8522000122070312 2.3115642225082732e-08
0.8532000122070312 2.324258855240886e-08
0.8542000122070312 1.5917959166593594e-08
0.8552000122070312 2.3720620375680805e-11
0.8562000122070312 1.3608348155550689e-08
0.8572000122070312 1.3682227110303806e-08
0.8582000122070312 1.3747154488418671e-08
0.8592000122070312 1.9675484756860286e-08
0.8602000122070312 1.9766651268710752e-08
0.8612000122070312 3.3439342724249105e-08
0.8622000122070312 2.0877340700608322e-08
0.8632000122070312 2.3478196206797363e-08
0.8642000122070312 9.777399129591285e-09
0.8652000122070312 2.5485163358641024e-09
0.8662000122070312 1.472474905541968e-08
0.8672000122070312 1.7911071030747194e-08
0.8682000122070312 1.7962544716410786e-08
0.8692000122070312 1.77410466191955e-08
0.8702000122070312 3.033378699780556e-08
0.8712000122070312 8.016727502584984e-08
0.8722000122070312 8.989274088324127e-08
0.8732000122070313 7.434346394147699e-08
0.8742000122070313 2.4266039410228032e-08
0.8752000122070313 3.782948922358621e-08
0.8762000122070313 3.797427664873731e-08
0.8772000122070313 6.01068596890228e-08
0.8782000122070313 2.2076725960350816e-08
0.8792000122070313 6.616775727273003e-08
0.8802000122070313 4.4181141039975494e-08
0.8812000122070313 1.1623564172285718e-07
0.8822000122070313 7.20511400041049e-08
0.8832000122070313 7.223922640016886e-08
0.8842000122070313 2.6485040580629208e-11
0.8852000122070313 2.0938296656487685e-08
0.8862000122070313 8.021497281728265e-08
0.8872000122070313 1.1513605011297184e-07
0.8882000122070313 9.428367190514658e-08
0.8892000122070313 3.4996657935022034e-08
0.8902000122070313 6.427376434985214e-08
0.8912000122070313 6.456991500631664e-08
0.8922000122070313 6.475115751970782e-08
0.8932000122070313 2.7079150162225927e-11
0.8942000122070313 2.716780404006582e-11
0.8952000122070313 1.514154551336835e-07
0.8962000122070313 4.6842070416816915e-07
0.8972000122070313 4.689097858308032e-07
0.8982000122070313 3.3791983256872124e-07
0.8992000122070313 3.558754539988021e-08
0.9002000122070313 6.846317233512737e-08
0.9012000122070313 5.685416491477635e-08
0.9022000122070313 6.228960729121276e-08
0.9032000122070313 3.4678712332047606e-08
0.9042000122070313 5.618834428984022e-08
0.9052000122070313 4.994391868500722e-08
0.9062000122070313 4.4757596432012876e-08
0.9072000122070313 5.704937266057571e-08
0.9082000122070313 7.340390745467447e-08
0.9092000122070313 8.217998591246744e-08
0.9102000122070313 5.647343502545811e-08
0.9112000122070313 2.6895949023525194e-08
0.9122000122070313 2.2141237152216422e-08
0.9132000122070313 2.4658586378918597e-08
0.9142000122070313 4.255615808491203e-08
0.9152000122070313 5.3663575836137374e-08
0.9162000122070313 4.069324272776794e-08
0.9172000122070313 4.01275944252791e-08
0.9182000122070313 2.50848769225066e-08
0.9192000122070313 5.916525510171694e-08
0.9202000122070313 4.0802563061449456e-08
0.9212000122070313 7.957924442251318e-08
0.9222000122070313 5.986887216457058e-08
0.9232000122070313 5.966458417445198e-08
0.9242000122070313 3.533047352252305e-08
0.9252000122070313 3.144038529580925e-08
0.9262000122070313 4.377798074881382e-08
0.9272000122070313 3.6593920718923414e-08
0.9282000122070313 4.372956036617424e-08
0.9292000122070313 3.133839353575103e-08
0.9302000122070313 5.2059139060493384e-08
0.9312000122070313 4.051258069607547e-08
0.9322000122070313 7.42108942185192e-08
0.9332000122070313 7.118837779805963e-08
0.9342000122070313 7.37589363944492e-08
0.9352000122070312 4.647451809008444e-08
0.9362000122070312 2.3104901528948682e-08
0.9372000122070312 3.5470463890456665e-08
0.9382000122070312 3.041469002971772e-08
0.9392000122070312 4.798171483830242e-08
0.9402000122070312 3.3550447113334225e-08
0.9412000122070312 7.045465321356267e-08
0.9422000122070312 6.074493727913975e-08
0.9432000122070312 5.5152206291363455e-08
0.9442000122070312 5.5768652915014696e-08
0.9452000122070312 8.789046943888687e-08
0.9462000122070312 1.1379297663236923e-07
0.9472000122070312 1.3453642963214958e-07
0.9482000122070312 1.2375220593377226e-07
0.9492000122070312 1.56665108518063e-07
0.9502000122070312 1.5508198505020085e-07
0.9512000122070312 1.912252321690336e-07
0.9522000122070312 2.076039366831111e-07
0.9532000122070312 1.9369724917078346e-07
0.9542000122070312 1.9931142400443605e-07
0.9552000122070312 2.0443207230871821e-07
0.9562000122070312 2.692975254165266e-07
0.9572000122070312 3.2724522838616764e-07
0.9582000122070312 4.2015166531475757e-07
0.9592000122070312 5.329051539061787e-07
0.9602000122070312 6.784896599282161e-07
0.9612000122070312 8.504374105729535e-07
0.9622000122070312 1.0447163939519123e-06
0.9632000122070312 1.2480876199599611e-06
0.9642000122070312 1.4410391320187733e-06
0.9652000122070312 1.6488122524100984e-06
0.9662000122070312 1.8834755665359179e-06
0.9672000122070312 2.212876538164503e-06
0.9682000122070312 2.6208904111712157e-06
0.9692000122070312 3.1536017411408557e-06
0.9702000122070312 3.7466796411976617e-06
0.9712000122070312 4.436477111453679e-06
0.9722000122070312 5.1413934298338305e-06
0.9732000122070312 5.847138589972697e-06
0.9742000122070312 6.4935178831012725e-06
0.9752000122070312 7.124008765707848e-06
0.9762000122070312 7.765157657016183e-06
0.9772000122070312 8.544970839793457e-06
0.9782000122070312 9.55438468872357e-06
0.9792000122070312 1.0931320181370938e-05
0.9802000122070312 1.2780035573205222e-05
0.9812000122070312 1.5270893668340313e-05
0.9822000122070312 1.863795415901013e-05
0.9832000122070312 2.309645179808085e-05
0.9842000122070312 2.8833173082609104e-05
0.9852000122070312 3.613619366694375e-05
0.9862000122070312 4.5010101266909156e-05
0.9872000122070312 5.558658712438736e-05
0.9882000122070312 6.790495727659227e-05
0.9892000122070312 8.192876289201644e-05
0.9902000122070312 9.782533779344168e-05
0.9912000122070312 0.00011543090242775966
0.9922000122070312 0.00013519208757961868
0.9932000122070312 0.00015762130839202295
0.9942000122070312 0.00018366208710867777
0.9952000122070312 0.0002143506892094724
0.9962000122070312 0.00025250249353034554
0.9972000122070312 0.0003011082209981578
0.9982000122070313 0.0075057229944666785
0.9992000122070313 0.015671536241464713
1.0002000122070311 0.024633662452620064
1.0012000122070313 0.02715798173696105
1.0022000122070311 0.02998754057869703
1.0032000122070313 0.03303051511503054
1.0042000122070311 0.03698643764562663
1.0052000122070313 0.041338338193321576
1.0062000122070311 0.04681972624518491
1.0072000122070313 0.05298595774787844
1.0082000122070311 0.06046425285549513
1.0092000122070313 0.06929349815919435
1.0102000122070312 0.07970877543696411
1.0112000122070313 0.09172681358801678
1.0122000122070312 0.10491190832742171
1.0132000122070313 0.11827222422755929
1.0142000122070312 0.13044952110469196
1.0152000122070313 0.14105239228733346
1.0162000122070312 0.1492084596550229
1.0172000122070313 0.15511018160171072
1.0182000122070312 0.1583172004366079
1.0192000122070313 0.15996828744397332
1.0202000122070312 0.16041077232251924
1.0212000122070313 0.1602070086242282
1.0222000122070312 0.16000706059775652
1.0232000122070313 0.15945887059544586
1.024199951171875 0.15903671111859516
1.025199951171875 0.15852654763087426
1.026199951171875 0.15815624241507895
1.027199951171875 0.15856228882695972
1.028199951171875 0.15854108422865573
1.029199951171875 0.15851029329816704
1.030199951171875 0.1583349005485787
1.031199951171875 0.15846863025479252
1.032199951171875 0.15920322185103133
1.033199951171875 0.1589207586745036
1.034199951171875 0.15881083857357603
1.035199951171875 0.1587487081908561
1.036199951171875 0.15898015060868087
1.037199951171875 0.1586080546833959
1.038199951171875 0.15832244124226647
1.039199951171875 0.15880269507766087
1.040199951171875 0.15897871341713068
1.041199951171875 0.15876752113520917
1.042199951171875 0.15805875492021979
1.043199951171875 0.1575240795511941
1.044199951171875 0.15733618602856916
1.045199951171875 0.15738308707715015
1.046199951171875 0.15728986242413656
1.047199951171875 0.15711451241498298
1.048199951171875 0.15715429837842246
1.049199951171875 0.15691047579682282
1.050199951171875 0.1568954392575556
1.051199951171875 0.15726420450497372
1.052199951171875 0.15779680142187724
1.053199951171875 0.15804033854272057
1.054199951171875 0.15821712596548157
1.055199951171875 0.1584843185477946
1.056199951171875 0.15811494315885802
1.057199951171875 0.15729388528195823
1.058199951171875 0.1573014590812457
1.059199951171875 0.15721220844252765
1.060199951171875 0.15693492382206595
1.061199951171875 0.15631978966834367
1.062199951171875 0.1560176671867198
1.063199951171875 0.15524072157395044
1.064199951171875 0.15425930727645393
1.065199951171875 0.15342181108464747
1.066199951171875 0.15317303300319868
1.067199951171875 0.1520377440811235
1.068199951171875 0.15089014412812446
1.069199951171875 0.14988677219523236
1.070199951171875 0.14874346605831834
1.071199951171875 0.14748825407039548
1.072199951171875 0.14607716717603256
1.073199951171875 0.14483173944821937
1.074199951171875 0.14355439967792202
1.075199951171875 0.14239207992002742
1.076199951171875 0.1415076540975079
1.077199951171875 0.1403677388083849
1.078199951171875 0.1397715548323759
1.079199951171875 0.13900748731105025
1.080199951171875 0.13850534627262245
1.081199951171875 0.13817801046632272
1.082199951171875 0.1385219594706883
1.083199951171875 0.13858201647840254
1.084199951171875 0.13884854610883615
1.085199951171875 0.13895534101571833
1.086199951171875 0.13976199305267528
1.087199951171875 0.14046572865708107
1.088199951171875 0.14174178122600456
1.089199951171875 0.14266259884233035
1.090199951171875 0.144236893722011
1.091199951171875 0.1453440198239665
1.092199951171875 0.1468656701862984
1.093199951171875 0.1478771860503109
1.094199951171875 0.14910245353847187
1.095199951171875 0.15027671146122207
1.096199951171875 0.1513653786696903
1.097199951171875 0.15253019242334434
1.098199951171875 0.15320993728226406
1.099199951171875 0.15404820307891787
1.100199951171875 0.15451929763616287
1.101199951171875 0.15525995619431493
1.102199951171875 0.15556437523433242
1.103199951171875 0.1559569979851943
1.104199951171875 0.1561137385837904
1.105199951171875 0.1563474648175369
1.106199951171875 0.1563118843832673
1.107199951171875 0.15604692416015256
1.108199951171875 0.15600688407188512
1.109199951171875 0.1557154182302771
1.110199951171875 0.15564730105475277
1.111199951171875 0.15546556244571458
1.112199951171875 0.1554620414806681
1.113199951171875 0.15520638762775565
1.114199951171875 0.15501991428694875
1.115199951171875 0.1544051983794085
1.116199951171875 0.15388941670777764
1.117199951171875 0.15342016237261372
1.118199951171875 0.15295917789997143
1.119199951171875 0.15223192184101283
1.120199951171875 0.1520086569634409
1.121199951171875 0.15152273174870828
1.122199951171875 0.1514276116281663
1.123199951171875 0.15073833582159604
1.124199951171875 0.15099871276683124
1.125199951171875 0.1513320822258471
1.126199951171875 0.15210512189773032
1.127199951171875 0.15241323378487281
1.128199951171875 0.15337433624290697
1.129199951171875 0.15417141605642384
1.130199951171875 0.1552830665462254
1.131199951171875 0.15609569683026026
1.132199951171875 0.15700037121748145
1.133199951171875 0.15768835573650547
1.134199951171875 0.15865391664463527
1.135199951171875 0.1594931390073352
1.136199951171875 0.16029138599102824
1.137199951171875 0.16110422511340075
1.138199951171875 0.16157204712486195
1.139199951171875 0.16246486723075015
1.140199951171875 0.16268617527840665
1.141199951171875 0.16365278853208404
1.142199951171875 0.1645400647820347
1.143199951171875 0.16536849851284266
1.144199951171875 0.16602981221931445
1.145199951171875 0.16662206305385582
1.146199951171875 0.16716547740414178
1.147199951171875 0.1677811821466895
1.148199951171875 0.16830249148697657
1.149199951171875 0.16899533328674554
1.150199951171875 0.16960404939069135
1.151199951171875 0.17041946979502892
1.152199951171875 0.1713294540108271
1.153199951171875 0.17183632880882266
1.154199951171875 0.1724752459621252
1.155199951171875 0.17345441903510156
1.156199951171875 0.17453835573547782
1.157199951171875 0.17595435227103334
1.158199951171875 0.17702984178328487
1.159199951171875 0.17891315423305887
1.160199951171875 0.17953241784942667
1.161199951171875 0.18041534231347284
1.162199951171875 0.1810625265223095
1.163199951171875 0.18226775678524662
1.164199951171875 0.18296392042652654
1.165199951171875 0.18378811110936621
1.166199951171875 0.18423233651811444
1.167199951171875 0.18488161076542367
1.168199951171875 0.18492132724584043
1.169199951171875 0.1853394490525936
1.170199951171875 0.18588386006554955
1.171199951171875 0.18611565388638412
1.172199951171875 0.18639426708003556
1.173199951171875 0.18622191086481804
1.174199951171875 0.1865672946500957
1.175199951171875 0.18696990690052284
1.176199951171875 0.186986325306333
1.177199951171875 0.1872374119430062
1.178199951171875 0.18702921853999085
1.179199951171875 0.18721062101270117
1.180199951171875 0.1871595139025797
1.181199951171875 0.18747772948422017
1.182199951171875 0.1880389126005944
1.183199951171875 0.18798165049664625
1.184199951171875 0.18816946563747408
1.185199951171875 0.1878109975066006
1.186199951171875 0.18782973246203366
1.187199951171875 0.18696646409270032
1.188199951171875 0.18728073715109347
1.189199951171875 0.1881925049219202
1.190199951171875 0.18877955612885244
1.191199951171875 0.1880641977141433
1.192199951171875 0.18655823062426535
1.193199951171875 0.18654094810395083
1.194199951171875 0.18642153239572007
1.195199951171875 0.18626670122619846
1.196199951171875 0.1859454695048565
1.197199951171875 0.18621788545602413
1.198199951171875 0.18661710732480907
1.199199951171875 0.18722673415571198
1.200199951171875 0.18750221343228268
1.201199951171875 0.18817128599178862
1.202199951171875 0.1887467329968189
1.203199951171875 0.18849646611226678
1.204199951171875 0.18902673015604177
1.205199951171875 0.18903384730643874
1.206199951171875 0.1898208035079537
1.207199951171875 0.19031775495510422
1.208199951171875 0.19068512980611024
1.209199951171875 0.19131291847341989
1.210199951171875 0.19122479596233002
1.211199951171875 0.19189263363352488
1.212199951171875 0.1917234895560627
1.213199951171875 0.1920188763730465
1.214199951171875 0.1918550873055751
1.215199951171875 0.1922187991648474
1.216199951171875 0.19253306512794646
1.217199951171875 0.19211826778834962
1.218199951171875 0.1929716928283698
1.219199951171875 0.19334206576896398
1.220199951171875 0.19432118399490922
1.221199951171875 0.19551739839018628
1.222199951171875 0.1968395760422318
1.223199951171875 0.19836241151453451
1.224199951171875 0.19881749662883302
1.225199951171875 0.2000801495370899
1.226199951171875 0.20159952764110897
1.227199951171875 0.20328008746463863
1.228199951171875 0.20469758041097275
1.229199951171875 0.20588623567800893
1.230199951171875 0.20691373844167743
1.231199951171875 0.20737358212111834
1.232199951171875 0.20818665526142027
1.233199951171875 0.20866868681082165
1.234199951171875 0.2097643801905763
1.235199951171875 0.21009335567790502
1.236199951171875 0.21026022509093947
1.237199951171875 0.21058038075475893
1.238199951171875 0.21089344256409207
1.239199951171875 0.2113212991991433
1.240199951171875 0.21199181096671682
1.241199951171875 0.21267687916115924
1.242199951171875 0.21415950408124967
1.243199951171875 0.21493168020196973
1.244199951171875 0.21602783154318264
1.245199951171875 0.21691673269150782
1.246199951171875 0.2174848321480276
1.247199951171875 0.21816821083188143
1.248199951171875 0.21908881271661007
1.249199951171875 0.22034548825862052
1.250199951171875 0.22172477462709436
1.251199951171875 0.22313590844165432
1.252199951171875 0.2242996991639346
1.253199951171875 0.2254618682185011
1.254199951171875 0.22645620745651285
1.255199951171875 0.22733802914273146
1.256199951171875 0.22803000823897165
1.257199951171875 0.22853847124141907
1.258199951171875 0.22878383308672043
1.259199951171875 0.22909081950672858
1.260199951171875 0.2291393509585687
1.261199951171875 0.22938652378283142
1.262199951171875 0.22935349604404753
1.263199951171875 0.22976225672952932
1.264199951171875 0.23030500617653768
1.265199951171875 0.23077535168746852
1.266199951171875 0.23040189161408794
1.267199951171875 0.2307850335319475
1.268199951171875 0.2313510482894892
1.269199951171875 0.23219638143153642
1.270199951171875 0.23164412436534634
1.271199951171875 0.230667342082538
1.272199951171875 0.22849860507776504
1.273199951171875 0.22644944945051926
1.274199951171875 0.22195427331368545
1.275199951171875 0.2159822109330544
1.276199951171875 0.20619216326500767
1.277199951171875 0.19449404368938666
1.278199951171875 0.1797233234594633
1.279199951171875 0.16335472173225324
1.280199951171875 0.1459675902875546
1.281199951171875 0.12840890778781167
1.282199951171875 0.11142275261394076
1.283199951171875 0.09542262085661758
1.284199951171875 0.08120873630213277
1.285199951171875 0.06889702795635551
1.286199951171875 0.05852156069311649
1.287199951171875 0.05011990392346884
1.288199951171875 0.04283932444412464
1.289199951171875 0.03701979124150165
1.290199951171875 0.031940872971712796
1.291199951171875 0.028004054764503048
1.292199951171875 0.024526068482799063
1.293199951171875 0.021875203210692664
1.294199951171875 0.01934428644406983
1.295199951171875 0.017366874940340213
1.296199951171875 0.015291147897837067
1.297199951171875 0.013205363942052713
1.298199951171875 0.010957993134669452
1.299199951171875 0.008884267291208893
1.300199951171875 0.007160251909855019
1.301199951171875 0.005730447880865262
1.302199951171875 0.004606226489428084
1.303199951171875 0.003699958148268998
1.304199951171875 0.0030004848067367545
1.305199951171875 0.002429221106843152
1.306199951171875 0.001963484845176539
1.307199951171875 0.0016018302589564082
1.308199951171875 0.0013150810251067355
1.309199951171875 0.0010872723037536087
1.310199951171875 0.0009060636247542982
1.311199951171875 0.0007582431131140506
1.312199951171875 0.0006375226086305351
1.313199951171875 0.0005386254146186605
1.314199951171875 0.00045558741717094284
1.315199951171875 0.0003876426967112752
1.316199951171875 0.0003291610476115239
1.317199951171875 0.00028183441178904575
1.318199951171875 0.0002413251306485004
1.319199951171875 0.0002074732087736447
1.320199951171875 0.0001779343330616966
1.321199951171875 0.00015419618505700637
1.322199951171875 0.00013387641461234088
1.323199951171875 0.00011722390374776583
1.324199951171875 0.00010212451035326167
1.325199951171875 8.908282484897742e-05
1.326199951171875 7.861112938207127e-05
1.327199951171875 6.88511187524901e-05
1.328199951171875 6.0984859598636226e-05
1.329199951171875 5.3329319985927584e-05
1.330199951171875 4.781222918423305e-05
1.331199951171875 4.269025994940342e-05
1.332199951171875 3.828776875412732e-05
1.333199951171875 3.4488115177017865e-05
1.334199951171875 3.1276164241941956e-05
1.335199951171875 2.806834809506955e-05
1.336199951171875 2.513958775727239e-05
1.337199951171875 2.273187749920041e-05
1.338199951171875 2.0729330071563436e-05
1.339199951171875 1.914783489709047e-05
1.340199951171875 1.7518544811602252e-05
1.341199951171875 1.611427196856189e-05
1.342199951171875 1.4507235094618826e-05
1.343199951171875 1.3424876976326986e-05
1.344199951171875 1.271777809836721e-05
1.345199951171875 1.1875973485366032e-05
1.346199951171875 1.0724339778252457e-05
1.347199951171875 1.018468342393496e-05
1.348199951171875 9.46427846893148e-06
1.349199951171875 9.109854314243621e-06
1.350199951171875 7.948878236473016e-06
1.351199951171875 7.402288286778851e-06
1.352199951171875 7.059753118243338e-06
1.353199951171875 6.851753558989827e-06
1.354199951171875 6.30626699276223e-06
1.355199951171875 5.792460483910477e-06
1.356199951171875 5.4157706418165936e-06
1.357199951171875 5.328469777113255e-06
1.358199951171875 4.807888984843807e-06
1.359199951171875 4.3111531964114255e-06
1.360199951171875 4.062080756661936e-06
1.361199951171875 4.0422743628638645e-06
1.362199951171875 3.901049815696824e-06
1.363199951171875 3.6062974734138105e-06
1.364199951171875 3.3467719825100846e-06
1.365199951171875 3.423866019559313e-06
1.366199951171875 3.246075313587294e-06
1.367199951171875 3.119355837649221e-06
1.368199951171875 3.221576775015633e-06
1.369199951171875 3.439670648018608e-06
1.370199951171875 3.307622736943856e-06
1.371199951171875 3.022704824162946e-06
1.372199951171875 3.5444801229067736e-06
1.373199951171875 3.104159394177575e-06
1.374199951171875 3.031403834895128e-06
1.375199951171875 2.0052970414107596e-06
1.376199951171875 2.4482728494167555e-06
1.377199951171875 2.4074055973542587e-06
1.378199951171875 2.944639753829511e-06
1.379199951171875 2.917777718319624e-06
1.380199951171875 2.6936976834011754e-06
1.381199951171875 2.554539659592002e-06
1.382199951171875 2.4211634207378878e-06
1.383199951171875 2.309876341122579e-06
1.384199951171875 2.220070683798317e-06
1.385199951171875 2.2365690344631453e-06
1.386199951171875 2.2832590751872435e-06
1.387199951171875 2.067488937618721e-06
1.388199951171875 1.9901957901082413e-06
1.389199951171875 1.8087065150898356e-06
1.390199951171875 1.672888514425507e-06
1.391199951171875 1.854950924992513e-06
1.392199951171875 2.197676799776492e-06
1.393199951171875 2.144048476693037e-06
1.394199951171875 2.011847927477289e-06
1.395199951171875 2.029192076243796e-06
1.396199951171875 1.671841632657335e-06
1.397199951171875 1.6631684358558541e-06
1.398199951171875 1.8005830687421548e-06
1.399199951171875 2.2827823060192035e-06
1.400199951171875 2.4696170585747016e-06
1.401199951171875 2.3158926858479365e-06
1.402199951171875 2.2405804931559507e-06
1.403199951171875 2.2772124740108083e-06
1.404199951171875 2.31166426882074e-06
1.405199951171875 2.659859623472757e-06
1.406199951171875 2.483526115674035e-06
1.407199951171875 2.4739073571593803e-06
1.408199951171875 2.4273791087306403e-06
1.409199951171875 2.4925574373827917e-06
1.410199951171875 2.479637198013077e-06
1.411199951171875 2.459297605696495e-06
1.412199951171875 2.5960440408407474e-06
1.413199951171875 2.5385888412798497e-06
1.414199951171875 2.2375925462856045e-06
1.415199951171875 2.5102735647472785e-06
1.416199951171875 2.291261279259699e-06
1.417199951171875 2.5547237900321406e-06
1.418199951171875 2.6518669817656123e-06
1.419199951171875 2.8347485265523415e-06
1.420199951171875 2.8838495894875408e-06
1.421199951171875 2.5311144897865706e-06
1.422199951171875 2.8378257819467977e-06
1.423199951171875 2.757237988639086e-06
1.424199951171875 2.6914092524197864e-06
1.425199951171875 2.3682458658814944e-06
1.426199951171875 2.2452058106517963e-06
1.427199951171875 2.125379786976102e-06
1.428199951171875 2.290893052196877e-06
1.429199951171875 2.2845209505453112e-06
1.430199951171875 2.27554079510204e-06
1.431199951171875 2.5099537782883867e-06
1.432199951171875 2.514037897525478e-06
1.433199951171875 2.33377740068387e-06
1.434199951171875 1.9770673770848975e-06
1.435199951171875 2.04606695181423e-06
1.436199951171875 2.435121351075372e-06
1.437199951171875 2.233089621416493e-06
1.438199951171875 2.423571477207776e-06
1.439199951171875 2.1867691855824003e-06
1.440199951171875 2.6961414612886733e-06
1.441199951171875 2.512869748151382e-06
1.442199951171875 2.7387979069055318e-06
1.443199951171875 2.1348628725896176e-06
1.444199951171875 2.6299701941711166e-06
1.445199951171875 2.168595562564714e-06
1.446199951171875 2.2589740624713637e-06
1.447199951171875 1.7351763312161725e-06
1.448199951171875 2.101131738241397e-06
1.449199951171875 1.7108831330621514e-06
1.450199951171875 1.60222129634611e-06
1.451199951171875 1.494213752064747e-06
1.452199951171875 2.1321074768096922e-06
1.453199951171875 2.390080340254299e-06
1.454199951171875 2.0298110463162364e-06
1.455199951171875 1.934574492660467e-06
1.456199951171875 2.0619409322405497e-06
1.457199951171875 2.2187294505095906e-06
1.458199951171875 2.357448920439405e-06
1.459199951171875 2.191885244158369e-06
1.460199951171875 2.518009493257065e-06
1.461199951171875 2.1139146954633938e-06
1.462199951171875 2.3956511479107905e-06
1.463199951171875 1.885310684072999e-06
1.464199951171875 2.369113464877689e-06
1.465199951171875 1.9970071535391006e-06
1.466199951171875 2.0700081000780493e-06
1.467199951171875 1.6170302390510651e-06
1.468199951171875 1.757304122707075e-06
1.469199951171875 1.7672738687745852e-06
1.470199951171875 2.0708039224419722e-06
1.471199951171875 1.793807464081577e-06
1.472199951171875 2.0194126241221567e-06
1.473199951171875 1.8688480235954602e-06
1.474199951171875 1.6388450154942236e-06
1.475199951171875 2.241533067850256e-06
1.476199951171875 2.559122891014322e-06
1.477199951171875 2.7401633987135355e-06
1.478199951171875 2.1384462104037737e-06
1.479199951171875 1.7973030058409463e-06
1.480199951171875 1.8368387177024377e-06
1.481199951171875 1.6516548089419982e-06
1.482199951171875 2.1906220899112954e-06
1.483199951171875 2.1496949242276034e-06
1.484199951171875 2.5944625789773133e-06
1.485199951171875 2.2155865374838318e-06
1.486199951171875 1.9767502570893774e-06
1.487199951171875 1.4932901462412208e-06
1.488199951171875 1.6965858552482933e-06
1.489199951171875 2.0522719966137926e-06
1.490199951171875 2.203592022250843e-06
1.491199951171875 2.095975750308912e-06
1.492199951171875 2.3125147979434516e-06
1.493199951171875 2.2038497984244177e-06
1.494199951171875 2.0722750261084146e-06
1.495199951171875 2.1901501241761843e-06
1.496199951171875 2.8763589374469193e-06
1.497199951171875 2.577072883041623e-06
1.498199951171875 2.5063253034361593e-06
1.499199951171875 2.462172740658541e-06
1.500199951171875 3.2992064755707697e-06
1.501199951171875 3.269634377496761e-06
1.502199951171875 3.5913584619951418e-06
1.503199951171875 3.7077721036366973e-06
1.504199951171875 3.2256909572557256e-06
1.505199951171875 2.5945127960066536e-06
1.506199951171875 2.4968146189637497e-06
1.507199951171875 3.292496566165818e-06
1.508199951171875 3.781821120023521e-06
1.509199951171875 3.5769745754435776e-06
1.510199951171875 2.88243107854178e-06
1.511199951171875 2.7486463593256875e-06
1.512199951171875 2.5997000338627796e-06
1.513199951171875 2.732064876788033e-06
1.514199951171875 2.071426186083823e-06
1.515199951171875 1.5819729068910994e-06
1.516199951171875 1.9868331368482727e-06
1.517199951171875 2.3236800231286507e-06
1.518199951171875 2.955650796534094e-06
1.519199951171875 2.4716373000271715e-06
1.520199951171875 2.86188301887519e-06
1.521199951171875 2.9938878044888977e-06
1.522199951171875 3.3636463234129106e-06
1.523199951171875 2.9025401182568765e-06
1.524199951171875 2.87705554648031e-06
1.525199951171875 2.8606235952451905e-06
1.526199951171875 3.0290782738029163e-06
1.527199951171875 2.846873573610534e-06
1.528199951171875 3.3333071701078166e-06
1.529199951171875 3.2918163865105444e-06
1.530199951171875 3.653352222025566e-06
1.531199951171875 3.607106371052172e-06
1.532199951171875 3.4287042805154337e-06
1.533199951171875 3.3181592864288678e-06
1.534199951171875 3.054792419539967e-06
1.535199951171875 3.781584268260683e-06
1.536199951171875 4.013432623259682e-06
1.537199951171875 3.856623988824096e-06
1.538199951171875 4.201822276694092e-06
1.539199951171875 4.0411043442624225e-06
1.540199951171875 4.149929221181259e-06
1.541199951171875 3.2503259722588327e-06
1.542199951171875 2.7681840587047386e-06
1.543199951171875 3.0747986914334786e-06
1.544199951171875 3.052878918570123e-06
1.545199951171875 3.2363490418573614e-06
1.546199951171875 2.768530900785878e-06
1.547199951171875 3.1679273462573905e-06
1.548199951171875 3.0066772230576317e-06
1.549199951171875 3.6982022396347697e-06
1.550199951171875 2.7027906318410323e-06
1.551199951171875 2.7975924503168984e-06
1.552199951171875 2.5134734785141895e-06
1.553199951171875 3.0472353563402626e-06
1.554199951171875 3.2504454347691145e-06
1.555199951171875 2.4980039615386654e-06
1.556199951171875 2.2501193479576316e-06
1.557199951171875 2.7318482071757436e-06
1.558199951171875 3.1742520518258284e-06
1.559199951171875 3.1061840586302946e-06
1.560199951171875 2.284127060663928e-06
1.561199951171875 2.348664797423099e-06
1.562199951171875 2.364186456350981e-06
1.563199951171875 2.67924715165358e-06
1.564199951171875 2.769825823387482e-06
1.565199951171875 2.566357061246519e-06
1.566199951171875 2.837982044298515e-06
1.567199951171875 2.895964967294359e-06
1.568199951171875 3.0700529518348058e-06
1.569199951171875 3.2861961595072174e-06
1.570199951171875 2.466013049533839e-06
1.571199951171875 3.3833640986263856e-06
1.572199951171875 2.4542010590480978e-06
1.573199951171875 3.2256270031582273e-06
1.574199951171875 3.102844945685565e-06
1.575199951171875 3.2960975786726013e-06
1.576199951171875 3.5753399835209085e-06
1.577199951171875 2.6925571296686005e-06
1.578199951171875 2.7892812785913994e-06
1.579199951171875 1.8673326771118888e-06
1.580199951171875 2.610775463778572e-06
1.581199951171875 2.9150702186783552e-06
1.582199951171875 3.57762911715786e-06
1.583199951171875 3.6935551144094122e-06
1.584199951171875 3.240795548468138e-06
1.585199951171875 3.1047271729259307e-06
1.586199951171875 2.8155957912994154e-06
1.587199951171875 3.2435185137107852e-06
1.588199951171875 3.1502546785116954e-06
1.589199951171875 3.488586592787229e-06
1.590199951171875 2.900435284191288e-06
1.591199951171875 2.9289019304599504e-06
1.592199951171875 2.6025361779110186e-06
1.593199951171875 2.4533360724713208e-06
1.594199951171875 3.2294596594820313e-06
1.595199951171875 3.101194618174067e-06
1.596199951171875 4.039886410693223e-06
1.597199951171875 3.4886307963136875e-06
1.598199951171875 3.6885138429237817e-06
1.599199951171875 3.453075451061574e-06
1.600199951171875 2.884791528051918e-06
1.601199951171875 3.528639294252458e-06
1.602199951171875 2.8893426191842777e-06
1.603199951171875 3.6485739364150097e-06
1.604199951171875 3.425782169429723e-06
1.605199951171875 3.979012581691025e-06
1.606199951171875 3.7714464019485194e-06
1.607199951171875 3.254053214369608e-06
1.608199951171875 3.3389970912877903e-06
1.609199951171875 2.917284657467864e-06
1.610199951171875 2.4320288381341463e-06
1.611199951171875 1.9247074435123643e-06
1.612199951171875 2.164030763975437e-06
1.613199951171875 2.8026346886114516e-06
1.614199951171875 3.157120852686266e-06
1.615199951171875 2.428064541492718e-06
1.616199951171875 1.8490960470527536e-06
1.617199951171875 1.8959665119166481e-06
1.618199951171875 2.6454103860665458e-06
1.619199951171875 3.3299917386953084e-06
1.620199951171875 2.8734787911903774e-06
1.621199951171875 2.729065008405059e-06
1.622199951171875 1.7788784846792477e-06
1.623199951171875 2.0128218611686074e-06
1.624199951171875 2.4319260680076073e-06
1.625199951171875 2.4920140857734353e-06
1.626199951171875 3.090078004379603e-06
1.627199951171875 2.606555654694942e-06
1.628199951171875 3.88965725454083e-06
1.629199951171875 3.99927296098572e-06
1.630199951171875 4.418182110202599e-06
1.631199951171875 3.4824690499158145e-06
1.632199951171875 2.5085762948811283e-06
1.633199951171875 2.7223343021275474e-06
1.634199951171875 2.9954170359391704e-06
1.635199951171875 3.387608293996574e-06
1.636199951171875 2.5486374238458526e-06
1.637199951171875 2.889784358718825e-06
1.638199951171875 3.0740326866524126e-06
1.639199951171875 3.83072987763571e-06
1.640199951171875 4.05332538796191e-06
1.641199951171875 3.653773691651732e-06
1.642199951171875 3.5818494020673023e-06
1.643199951171875 2.7078953972206196e-06
1.644199951171875 2.9995196470671604e-06
1.645199951171875 2.5507366942362874e-06
1.646199951171875 2.900940418427587e-06
1.647199951171875 3.2035379969256555e-06
1.648199951171875 3.110279533131242e-06
1.649199951171875 2.9978351442995214e-06
1.650199951171875 2.67700840482548e-06
1.651199951171875 2.3049846344521e-06
1.652199951171875 2.2974965130768767e-06
1.653199951171875 2.1508530870850034e-06
1.654199951171875 2.841998844949729e-06
1.655199951171875 3.29376710411471e-06
1.656199951171875 3.3107015409303107e-06
1.657199951171875 2.922504862720043e-06
1.658199951171875 2.3810550790262633e-06
1.659199951171875 2.6989539132812987e-06
1.660199951171875 2.1749070215771065e-06
1.661199951171875 2.900172807837247e-06
1.662199951171875 3.6494878211316634e-06
1.663199951171875 4.062079323020439e-06
1.664199951171875 3.742288656687329e-06
1.665199951171875 2.4830318063330285e-06
1.666199951171875 2.669866562682887e-06
1.667199951171875 3.4080417081680568e-06
1.668199951171875 3.8126137578473294e-06
1.669199951171875 4.246443530814277e-06
1.670199951171875 3.5777504291171035e-06
1.671199951171875 3.0625561695422098e-06
1.672199951171875 3.4143115228750974e-06
1.673199951171875 3.1995179171540813e-06
1.674199951171875 3.7571861072736068e-06
1.675199951171875 4.0322735018552405e-06
1.676199951171875 3.9896191878795795e-06
1.677199951171875 3.7583546474325626e-06
1.678199951171875 2.801953288072518e-06
1.679199951171875 3.659358064437302e-06
1.680199951171875 2.918950767164268e-06
1.681199951171875 2.5881682838469816e-06
1.682199951171875 1.2962070964108509e-06
1.683199951171875 1.6943135619093845e-06
1.684199951171875 2.4119187554282905e-06
1.685199951171875 3.1096186041210876e-06
1.686199951171875 3.7607771548004673e-06
1.687199951171875 2.8314779428305774e-06
1.688199951171875 1.8149672707865856e-06
1.689199951171875 1.1604202389334937e-06
1.690199951171875 1.7250746011191596e-06
1.691199951171875 1.989529527111715e-06
1.692199951171875 1.8804125056138464e-06
1.693199951171875 1.5788671418096203e-06
1.694199951171875 2.6312652361348974e-06
1.695199951171875 3.495396297735378e-06
1.696199951171875 3.658861195824645e-06
1.697199951171875 2.998207847952487e-06
1.698199951171875 2.3743579538823973e-06
1.699199951171875 2.6262590025821597e-06
1.700199951171875 2.12024930153142e-06
1.701199951171875 2.7343286805447274e-06
1.702199951171875 2.015460853955756e-06
1.703199951171875 2.1713954560043107e-06
1.704199951171875 1.9783754173122507e-06
1.705199951171875 2.4259225700024817e-06
1.706199951171875 1.9833133790478693e-06
1.707199951171875 2.1550640157303723e-06
1.708199951171875 2.3403679327843053e-06
1.709199951171875 2.9783172490543335e-06
1.710199951171875 3.4817734525338113e-06
1.711199951171875 2.693537075798333e-06
1.712199951171875 3.663873710823092e-06
1.713199951171875 1.920128968171444e-06
1.714199951171875 2.5671635736384414e-06
1.715199951171875 1.874199840868541e-06
1.716199951171875 2.869701364810118e-06
1.717199951171875 2.474625656877912e-06
1.718199951171875 2.2084098587811243e-06
1.719199951171875 2.158905204096184e-06
1.720199951171875 2.8623592587674022e-06
1.721199951171875 3.1603973479961523e-06
1.722199951171875 3.8606445839905826e-06
1.723199951171875 3.193770440015116e-06
1.724199951171875 3.3611781095744533e-06
1.725199951171875 2.22983165534969e-06
1.726199951171875 3.674798898040227e-06
1.727199951171875 3.1693936051234543e-06
1.728199951171875 3.523442947945418e-06
1.729199951171875 2.6041202195062415e-06
1.730199951171875 2.556923779350769e-06
1.731199951171875 2.7248432398107795e-06
1.732199951171875 2.679373234444762e-06
1.733199951171875 2.4645055433840136e-06
1.734199951171875 1.9906749193816523e-06
1.735199951171875 2.503288274402018e-06
1.736199951171875 2.7666963434382444e-06
1.737199951171875 2.92105761158393e-06
1.738199951171875 3.4221630536368254e-06
1.739199951171875 3.20903128836695e-06
1.740199951171875 3.1553942476992946e-06
1.741199951171875 1.9460987497957865e-06
1.742199951171875 2.411970981191887e-06
1.743199951171875 2.3882705858689728e-06
1.744199951171875 1.942090062816516e-06
1.745199951171875 2.9937621418713634e-06
1.746199951171875 3.7986601175122286e-06
1.747199951171875 3.949891807400885e-06
1.748199951171875 3.238761597933975e-06
1.749199951171875 2.217432923707878e-06
1.750199951171875 2.5476897676605574e-06
1.751199951171875 3.014145920806611e-06
1.752199951171875 3.0623287836269854e-06
1.753199951171875 3.2973394800262307e-06
1.754199951171875 1.8605148742329622e-06
1.755199951171875 2.395052236296604e-06
1.756199951171875 2.1110233559236457e-06
1.757199951171875 3.3075550592516713e-06
1.758199951171875 2.7152013841447933e-06
1.759199951171875 3.5782637473706205e-06
1.760199951171875 2.933741816460425e-06
1.761199951171875 4.133011268513732e-06
1.762199951171875 3.1070874527058403e-06
1.763199951171875 3.7553598145553586e-06
1.764199951171875 2.3021729252448036e-06
1.765199951171875 2.741895815946454e-06
1.766199951171875 1.7805889982999666e-06
1.767199951171875 2.75678802282276e-06
1.768199951171875 3.509819999457368e-06
1.769199951171875 3.4064496029187638e-06
1.770199951171875 3.5488382218921653e-06
1.771199951171875 3.736204496059189e-06
1.772199951171875 3.724273835105642e-06
1.773199951171875 2.828697854121214e-06
1.774199951171875 2.472611313256052e-06
1.775199951171875 2.6163977056896573e-06
1.776199951171875 3.7068581269210797e-06
1.777199951171875 2.773787514400104e-06
1.778199951171875 3.8050417344093634e-06
1.779199951171875 3.485847605171542e-06
1.780199951171875 4.6924301376650595e-06
1.781199951171875 4.451798994903829e-06
1.782199951171875 4.499406137839036e-06
1.783199951171875 4.001449725462825e-06
1.784199951171875 3.810769806970778e-06
1.785199951171875 4.140872665476076e-06
1.786199951171875 4.2965595431073826e-06
1.787199951171875 3.907766182403248e-06
1.788199951171875 5.194358251519876e-06
1.789199951171875 5.283720617247933e-06
1.790199951171875 5.543582102275502e-06
1.791199951171875 3.775401656127165e-06
1.792199951171875 4.145112697667951e-06
1.793199951171875 3.6534319028223232e-06
1.794199951171875 4.4977589125265085e-06
1.795199951171875 3.5469193954156556e-06
1.796199951171875 3.4471333203492293e-06
1.797199951171875 3.372132665077158e-06
1.798199951171875 4.022968919367335e-06
1.799199951171875 5.2843100738250854e-06
1.800199951171875 4.696582530658838e-06
1.801199951171875 5.101059756048292e-06
1.802199951171875 4.008676846938496e-06
1.803199951171875 3.8630589141943265e-06
1.804199951171875 4.040044079091766e-06
1.805199951171875 5.076942480816934e-06
1.806199951171875 5.666126003508363e-06
1.807199951171875 4.712381331517696e-06
1.808199951171875 4.8659769080954345e-06
1.809199951171875 5.1139466743601025e-06
1.810199951171875 6.5134676420422234e-06
1.811199951171875 5.428367165429702e-06
1.812199951171875 3.7409945384195474e-06
1.813199951171875 2.948007252518821e-06
1.814199951171875 4.673197118911396e-06
1.815199951171875 5.169027748797725e-06
1.816199951171875 3.3276364448690467e-06
1.817199951171875 3.3075741689452106e-06
1.818199951171875 6.496778838174953e-06
1.819199951171875 8.576226587325526e-06
1.820199951171875 6.944237998263516e-06
1.821199951171875 4.823347488881183e-06
1.822199951171875 5.3882886331353934e-06
1.823199951171875 5.202877558602407e-06
1.824199951171875 5.883403931550603e-06
1.825199951171875 3.8548782865629715e-06
1.826199951171875 5.936397816000732e-06
1.827199951171875 5.28677201671989e-06
1.828199951171875 6.344650660889532e-06
1.829199951171875 5.3912271087276435e-06
1.830199951171875 4.456189940825965e-06
1.831199951171875 4.048023263161327e-06
1.832199951171875 4.382366719350764e-06
1.833199951171875 6.865909131577341e-06
1.834199951171875 6.677818701892503e-06
1.835199951171875 6.8203763928254885e-06
1.836199951171875 4.5425418271461576e-06
1.837199951171875 6.382405713482335e-06
1.838199951171875 4.949470850292832e-06
1.839199951171875 4.840397413360062e-06
1.840199951171875 3.5810687299545103e-06
1.841199951171875 3.536905972052386e-06
1.842199951171875 4.764819471088455e-06
1.843199951171875 4.4473078821877145e-06
1.844199951171875 7.939052649734363e-06
1.845199951171875 6.623928323558531e-06
1.846199951171875 6.220239605575648e-06
1.847199951171875 4.924747031213548e-06
1.848199951171875 5.718585240903082e-06
1.849199951171875 7.158009909882244e-06
1.850199951171875 6.352910966471301e-06
1.851199951171875 7.233727631907854e-06
1.852199951171875 8.472969248542542e-06
1.853199951171875 7.273409284066211e-06
1.854199951171875 1.0549367541559608e-05
1.855199951171875 7.0086486825047845e-06
1.856199951171875 7.872755569984856e-06
1.857199951171875 3.2062166343815933e-06
1.858199951171875 6.698234564203955e-06
1.859199951171875 5.6108713217378694e-06
1.860199951171875 5.789758411349414e-06
1.861199951171875 3.6031336760325795e-06
1.862199951171875 4.082627219963648e-06
1.863199951171875 5.979349538787592e-06
1.864199951171875 5.271276054480698e-06
1.865199951171875 5.064116307626083e-06
1.866199951171875 2.64359192006301e-06
1.867199951171875 4.156016886991422e-06
1.868199951171875 4.3443151408209735e-06
1.869199951171875 5.570056050315377e-06
1.870199951171875 5.6669835599625025e-06
1.871199951171875 6.799510461232027e-06
1.872199951171875 5.379876031205729e-06
1.873199951171875 6.595309396432484e-06
1.874199951171875 6.232735607047677e-06
1.875199951171875 8.390598634194444e-06
1.876199951171875 7.274743646986913e-06
1.877199951171875 6.855443004068754e-06
1.878199951171875 5.921343772548036e-06
1.879199951171875 5.907205650360278e-06
1.880199951171875 5.037354000761374e-06
1.881199951171875 4.298705322731739e-06
1.882199951171875 5.479388398135684e-06
1.883199951171875 7.174238590299565e-06
1.884199951171875 8.249894374900044e-06
1.885199951171875 6.68159717903363e-06
1.886199951171875 8.090610939075089e-06
1.887199951171875 1.00019237221824e-05
1.888199951171875 9.014952003804621e-06
1.889199951171875 7.149785484806506e-06
1.890199951171875 6.459157961203087e-06
1.891199951171875 7.5083831530842766e-06
1.892199951171875 6.497487186178343e-06
1.893199951171875 7.807158903428428e-06
1.894199951171875 7.517679085906954e-06
1.895199951171875 8.925532837421377e-06
1.896199951171875 6.783489693446351e-06
1.897199951171875 6.231341212786068e-06
1.898199951171875 6.881925946840761e-06
1.899199951171875 6.85195284015016e-06
1.900199951171875 8.128573867042923e-06
1.901199951171875 5.562673414571451e-06
1.902199951171875 7.511565504728144e-06
1.903199951171875 6.5290452690032326e-06
1.904199951171875 7.6216641038301305e-06
1.905199951171875 5.951916822361473e-06
1.906199951171875 6.5348898302423375e-06
1.907199951171875 8.305746862037531e-06
1.908199951171875 6.9479790744444995e-06
1.909199951171875 8.257452641168793e-06
1.910199951171875 6.892718216678089e-06
1.911199951171875 7.625097569032469e-06
1.912199951171875 6.9526040221798045e-06
1.913199951171875 9.011615443242478e-06
1.914199951171875 8.482008138599938e-06
1.915199951171875 8.103932552126276e-06
1.916199951171875 4.567740753443672e-06
1.917199951171875 3.222294148542393e-06
1.918199951171875 2.15452896957045e-06
1.919199951171875 3.372245096079616e-06
1.920199951171875 7.229862560594855e-06
1.921199951171875 7.633506055636308e-06
1.922199951171875 9.20138406153058e-06
1.923199951171875 6.096299563148069e-06
1.924199951171875 6.335891595378714e-06
1.925199951171875 4.805578182862668e-06
1.926199951171875 4.559817467079869e-06
1.927199951171875 2.984886185150588e-06
1.928199951171875 2.3701028431732087e-06
1.929199951171875 2.8257276125424455e-06
1.930199951171875 3.764943553438555e-06
1.931199951171875 5.591352879591373e-06
1.932199951171875 4.212078332861247e-06
1.933199951171875 6.235925335973416e-06
1.934199951171875 5.7987259925975025e-06
1.935199951171875 8.220192892840343e-06
1.936199951171875 6.720652549204869e-06
1.937199951171875 6.892768970972891e-06
1.938199951171875 4.51761932607897e-06
1.939199951171875 6.163796191990059e-06
1.940199951171875 5.792565832356036e-06
1.941199951171875 6.158735221829211e-06
1.942199951171875 5.137734685661455e-06
1.943199951171875 7.325683685580928e-06
1.944199951171875 8.389000252620872e-06
1.945199951171875 8.052364050953825e-06
1.946199951171875 5.229806377699683e-06
1.947199951171875 6.272634665851292e-06
1.948199951171875 6.121470797554744e-06
1.949199951171875 6.612232577482279e-06
1.950199951171875 7.566689607208305e-06
1.951199951171875 5.9131847481918705e-06
1.952199951171875 8.073794343362209e-06
1.953199951171875 4.76383194984468e-06
1.954199951171875 8.716433196390671e-06
1.955199951171875 8.28453840133113e-06
1.956199951171875 8.505040166370929e-06
1.957199951171875 7.448639428533487e-06
1.958199951171875 6.815018371598264e-06
1.959199951171875 8.487777784664426e-06
1.960199951171875 7.98859128227529e-06
1.961199951171875 8.044925624219477e-06
1.962199951171875 9.57617250000044e-06
1.963199951171875 9.48011241621239e-06
1.964199951171875 8.875536119164392e-06
1.965199951171875 1.0946671269268346e-05
1.966199951171875 1.1196504177239706e-05
1.967199951171875 9.425837790661878e-06
1.968199951171875 7.1789352009931925e-06
1.969199951171875 6.678647482426715e-06
1.970199951171875 6.485932243176184e-06
1.971199951171875 6.78320974298965e-06
1.972199951171875 1.0389739784804925e-05
1.973199951171875 1.0858393138938057e-05
1.974199951171875 8.087961947769615e-06
1.975199951171875 4.656703840327703e-06
1.976199951171875 4.967904735387469e-06
1.977199951171875 6.02087956409954e-06
1.978199951171875 6.50691918810792e-06
1.979199951171875 7.093065946092207e-06
1.980199951171875 1.0090618988266529e-05
1.981199951171875 7.120570296065824e-06
1.982199951171875 7.148320255429568e-06
1.983199951171875 2.648255461474593e-06
1.984199951171875 4.312826291274032e-06
1.985199951171875 5.826790365677676e-06
1.986199951171875 7.652476717153358e-06
1.987199951171875 8.07767177575374e-06
1.988199951171875 4.470989842393768e-06
1.989199951171875 3.941790379430103e-06
1.990199951171875 3.333023806482422e-06
1.991199951171875 5.871416201991097e-06
1.992199951171875 5.981426965831577e-06
1.993199951171875 5.651235814656649e-06
1.994199951171875 6.706584174630148e-06
1.995199951171875 6.9668623117872395e-06
1.996199951171875 9.26770350851555e-06
1.997199951171875 8.16639515147437e-06
1.998199951171875 6.866397128355196e-06
1.999199951171875 5.45739680547035e-06
2.000199951171875 5.690721521040964e-06
2.001199951171875 5.284857678041094e-06
2.002199951171875 4.622512824067333e-06
2.003199951171875 5.243010616977381e-06
2.004199951171875 6.810907541265063e-06
2.005199951171875 7.043891929904939e-06
2.006199951171875 5.4380231919384424e-06
2.007199951171875 5.265523760836696e-06
2.008199951171875 5.6861876205390165e-06
2.009199951171875 5.588953587180713e-06
2.010199951171875 4.33140683316127e-06
2.011199951171875 6.633134273959619e-06
2.012199951171875 6.5431506590945206e-06
2.013199951171875 6.71944444386956e-06
2.014199951171875 4.3294947631376475e-06
2.015199951171875 2.86259178290514e-06
2.016199951171875 3.474419851533243e-06
2.017199951171875 3.780056100572981e-06
2.018199951171875 6.047475826573318e-06
2.019199951171875 5.2021931304290105e-06
2.020199951171875 3.755256873611064e-06
2.021199951171875 4.548072049031622e-06
2.022199951171875 5.0261845107369155e-06
2.023199951171875 6.835471905557434e-06
2.024199951171875 5.403273772272729e-06
2.025199951171875 7.129839589448166e-06
2.026199951171875 6.321657176088217e-06
2.027199951171875 6.109075114938991e-06
2.028199951171875 9.348042378316869e-06
2.029199951171875 7.544032323694869e-06
2.030199951171875 1.0382846446288837e-05
2.031199951171875 5.107441480513861e-06
2.032199951171875 6.6544884839023715e-06
2.033199951171875 4.108902484248409e-06
2.034199951171875 4.412194722934796e-06
2.035199951171875 3.982543450756093e-06
2.036199951171875 3.0557365359507635e-06
2.037199951171875 3.3874488674815745e-06
2.038199951171875 5.725931319041216e-06
2.039199951171875 5.938658961428993e-06
2.040199951171875 5.6622346564860285e-06
2.041199951171875 4.3309985636479155e-06
2.042199951171875 5.58036332257005e-06
2.043199951171875 5.29031254952694e-06
2.044199951171875 3.6951572887665435e-06
2.045199951171875 5.531059088771874e-06
2.046199951171875 8.645426061660959e-06
2.047199951171875 1.0762976761980744e-05
2.048199951171875 7.589640681346783e-06
2.049199951171875 7.379907072121363e-06
2.050199951171875 6.97377090689938e-06
2.051199951171875 5.994966072358255e-06
2.052199951171875 3.1760817724701638e-06
2.053199951171875 5.058947579620052e-06
2.054199951171875 9.07074642305807e-06
2.055199951171875 8.85209476221011e-06
2.056199951171875 8.683591786358352e-06
2.057199951171875 6.6428189348092905e-06
2.058199951171875 9.020833629435684e-06
2.059199951171875 5.888935861158992e-06
2.060199951171875 3.920885628378068e-06
2.061199951171875 3.4570380378991817e-06
2.062199951171875 6.1020030250424665e-06
2.063199951171875 6.9148248628684765e-06
2.064199951171875 7.58924005161585e-06
2.065199951171875 7.56038905545116e-06
2.066199951171875 6.9859115156213095e-06
2.067199951171875 5.54129266935837e-06
2.068199951171875 2.7989969451361093e-06
2.069199951171875 8.819181258060712e-06
2.070199951171875 9.059759337084085e-06
2.071199951171875 1.1403860092325903e-05
2.072199951171875 9.286632872851997e-06
2.073199951171875 8.969027529135384e-06
2.074199951171875 6.308947900120212e-06
2.075199951171875 2.663969192923488e-06
2.076199951171875 3.4758237488483814e-06
2.077199951171875 4.545367794062358e-06
2.078199951171875 6.379410517946605e-06
2.079199951171875 5.625053717908649e-06
2.080199951171875 7.23761449037984e-06
2.081199951171875 7.298910583268738e-06
2.082199951171875 7.151225252026148e-06
2.083199951171875 9.149566939390411e-06
2.084199951171875 8.889184492690547e-06
2.085199951171875 8.79806234737021e-06
2.086199951171875 5.413524285860958e-06
2.087199951171875 4.896081509976267e-06
2.088199951171875 5.871887640292044e-06
2.089199951171875 4.1913507969561825e-06
2.090199951171875 7.231475177095815e-06
2.091199951171875 6.336396619309173e-06
2.092199951171875 1.0613701474728122e-05
2.093199951171875 8.53092012631123e-06
2.094199951171875 9.861394442601233e-06
2.095199951171875 7.96796090444523e-06
2.096199951171875 8.043179606750224e-06
2.097199951171875 5.031697864095223e-06
2.098199951171875 4.9636167460065905e-06
2.099199951171875 3.7281767827381363e-06
2.100199951171875 5.2477322439005476e-06
2.101199951171875 4.976280644960779e-06
2.102199951171875 5.893520654637755e-06
2.103199951171875 5.740027894786082e-06
2.104199951171875 6.393282926909051e-06
2.105199951171875 6.596870314893543e-06
2.106199951171875 8.677500256446926e-06
2.107199951171875 8.609303957457909e-06
2.108199951171875 9.255402986874041e-06
2.109199951171875 6.401865718928635e-06
2.110199951171875 7.585388245833528e-06
2.111199951171875 5.313489880681912e-06
2.112199951171875 8.128948981374323e-06
2.113199951171875 5.141065887471006e-06
2.114199951171875 1.0257784183971472e-05
2.115199951171875 6.838713023015544e-06
2.116199951171875 8.864655844332696e-06
2.117199951171875 4.785675127926496e-06
2.118199951171875 6.154259658616775e-06
2.119199951171875 5.206021701630634e-06
2.120199951171875 4.293601951016776e-06
2.121199951171875 4.070051074873096e-06
2.122199951171875 6.473975993055081e-06
2.123199951171875 5.454189180288259e-06
2.124199951171875 5.595687580979149e-06
2.125199951171875 2.533072347178984e-06
2.126199951171875 3.7860494692776816e-06
2.127199951171875 4.957867049619949e-06
2.128199951171875 5.1266125063444455e-06
2.129199951171875 8.064031214644369e-06
2.130199951171875 6.6771796780662e-06
2.131199951171875 6.967261940642834e-06
2.132199951171875 5.928773032668489e-06
2.133199951171875 6.739679365174398e-06
2.134199951171875 7.294709843610144e-06
2.135199951171875 6.582109888674365e-06
2.136199951171875 6.224584604670902e-06
2.137199951171875 6.766078530345855e-06
2.138199951171875 7.360635281851097e-06
2.139199951171875 6.662580616667316e-06
2.140199951171875 3.855923899663953e-06
2.141199951171875 2.1132890313043977e-06
2.142199951171875 3.0018186374054107e-06
2.143199951171875 6.425351113583508e-06
2.144199951171875 7.3074003694109775e-06
2.145199951171875 8.563644336206932e-06
2.146199951171875 5.643683250749697e-06
2.147199951171875 4.545329008092676e-06
2.148199951171875 2.130144575070843e-06
2.149199951171875 2.9299585592026603e-06
2.150199951171875 3.6217217402153226e-06
2.151199951171875 5.04952413068803e-06
2.152199951171875 5.046477470087212e-06
2.153199951171875 3.909819874988098e-06
2.154199951171875 5.696588839702321e-06
2.155199951171875 9.216391521277951e-06
2.156199951171875 9.539166559732055e-06
2.157199951171875 9.11621584077237e-06
2.158199951171875 8.586408962578775e-06
2.159199951171875 1.0816970553569673e-05
2.160199951171875 1.185540769052143e-05
2.161199951171875 1.240267930321092e-05
2.162199951171875 9.51881337226283e-06
2.163199951171875 9.467647693600514e-06
2.164199951171875 8.396552674394997e-06
2.165199951171875 9.583926553274043e-06
2.166199951171875 8.983373463347345e-06
2.167199951171875 9.7169737736925e-06
2.168199951171875 1.0131559525940778e-05
2.169199951171875 1.1866378971086996e-05
2.170199951171875 8.43081765587014e-06
2.171199951171875 1.1208191103585129e-05
2.172199951171875 9.720314317216767e-06
2.173199951171875 1.2480093136412834e-05
2.174199951171875 1.0617443113619955e-05
2.175199951171875 1.0660229779329723e-05
2.176199951171875 7.090639873292742e-06
2.177199951171875 5.572171742246817e-06
2.178199951171875 4.976619514445938e-06
2.179199951171875 8.926559624126267e-06
2.180199951171875 9.063798797010928e-06
2.181199951171875 7.485152351595852e-06
2.182199951171875 5.6558469576298275e-06
2.183199951171875 6.265106415984773e-06
2.184199951171875 4.690426831487557e-06
2.185199951171875 4.2165327190733785e-06
2.186199951171875 3.0371675847911055e-06
2.187199951171875 6.11534744361534e-06
2.188199951171875 8.506467055123775e-06
2.189199951171875 1.1151753569986829e-05
2.190199951171875 9.553020218284076e-06
2.191199951171875 8.40104336234991e-06
2.192199951171875 5.4746880969604366e-06
2.193199951171875 7.068594765985504e-06
2.194199951171875 7.07510718223515e-06
2.195199951171875 7.974369983727829e-06
2.196199951171875 5.309351256072524e-06
2.197199951171875 7.087595227962531e-06
2.198199951171875 1.0796863017425631e-05
2.199199951171875 1.0085368435729544e-05
2.200199951171875 7.581588969139727e-06
2.201199951171875 6.043185138613256e-06
2.202199951171875 1.117612023784176e-05
2.203199951171875 1.2837978491204728e-05
2.204199951171875 1.4184213385827532e-05
2.205199951171875 1.1469710090326777e-05
2.206199951171875 8.466067765522264e-06
2.207199951171875 6.994953780500716e-06
2.208199951171875 4.60855501676285e-06
2.209199951171875 6.9234528833238005e-06
2.210199951171875 5.66291224755241e-06
2.211199951171875 9.36566416781467e-06
2.212199951171875 7.903792785438658e-06
2.213199951171875 1.2665991696850012e-05
2.214199951171875 1.193527585062052e-05
2.215199951171875 1.1552486604352453e-05
2.216199951171875 5.650096800872784e-06
2.217199951171875 5.645199548563795e-06
2.218199951171875 8.72415318695919e-06
2.219199951171875 9.596918682574682e-06
2.220199951171875 1.08028553343703e-05
2.221199951171875 8.161605093071172e-06
2.222199951171875 8.701281852437538e-06
2.223199951171875 5.594570484781758e-06
2.224199951171875 6.705371134031927e-06
2.225199951171875 1.0392949276845147e-05
2.226199951171875 1.2709920995674691e-05
2.227199951171875 1.3096280156309758e-05
2.228199951171875 7.67745693480514e-06
2.229199951171875 9.225778977211934e-06
2.230199951171875 6.580987131834081e-06
2.231199951171875 8.111455618668569e-06
2.232199951171875 5.740949036801367e-06
2.233199951171875 1.1277555899461497e-05
2.234199951171875 1.580848004090371e-05
2.235199951171875 1.806539623785107e-05
2.236199951171875 1.8435628813237397e-05
2.237199951171875 1.7450785855378436e-05
2.238199951171875 1.4802699570938767e-05
2.239199951171875 1.6685801081938455e-05
2.240199951171875 1.3474016763422282e-05
2.241199951171875 1.5845135648075988e-05
2.242199951171875 1.172562205175611e-05
2.243199951171875 1.580947415644608e-05
2.244199951171875 2.1429556889940115e-05
2.245199951171875 2.1114338732381528e-05
2.246199951171875 1.7217154146207268e-05
2.247199951171875 1.0403774263569102e-05
2.248199951171875 1.3630739887353433e-05
2.249199951171875 1.661165748049729e-05
2.250199951171875 2.1478579527778488e-05
2.251199951171875 1.710712016976968e-05
2.252199951171875 1.8349273730800464e-05
2.253199951171875 1.6591242731222665e-05
2.254199951171875 2.1462016191191426e-05
2.255199951171875 1.9539799430550658e-05
2.256199951171875 1.3036354491751695e-05
2.257199951171875 1.3435255820374257e-05
2.258199951171875 1.5812831775635155e-05
2.259199951171875 2.5210993955037458e-05
2.260199951171875 2.7304545362015565e-05
2.261199951171875 2.5818844301769238e-05
2.262199951171875 2.1939947843033297e-05
2.263199951171875 1.2459343795828237e-05
2.264199951171875 8.939905730757266e-06
2.265199951171875 7.250621949207888e-06
2.266199951171875 8.223273940839807e-06
2.267199951171875 1.100002781001251e-05
2.268199951171875 1.724452823539337e-05
2.269199951171875 1.9765681784231628e-05
2.270199951171875 1.9026612334077107e-05
2.271199951171875 1.68475848048838e-05
2.272199951171875 1.811811152809517e-05
2.273199951171875 1.531908956189644e-05
2.274199951171875 1.4028741880559091e-05
2.275199951171875 1.0603672073846008e-05
2.276199951171875 1.17870262391479e-05
2.277199951171875 1.2273633481115731e-05
2.278199951171875 1.4286386937851579e-05
2.279199951171875 1.3670437166204868e-05
2.280199951171875 1.2135540023555587e-05
2.281199951171875 1.2184504704626684e-05
2.282199951171875 1.5498379699570938e-05
2.283199951171875 1.0493757435844276e-05
2.284199951171875 9.872029386627209e-06
2.285199951171875 5.903259721466634e-06
2.286199951171875 1.0170609900608362e-05
2.287199951171875 8.517528484119959e-06
2.288199951171875 9.202702613188919e-06
2.289199951171875 6.5829865630313165e-06
2.290199951171875 9.317460043187317e-06
2.291199951171875 9.516844021332976e-06
2.292199951171875 8.967557529794527e-06
2.293199951171875 7.627919806132345e-06
2.294199951171875 8.30649938320613e-06
2.295199951171875 8.081785258728159e-06
2.296199951171875 7.86502813670023e-06
2.297199951171875 6.68528201233519e-06
2.298199951171875 6.129581729306391e-06
2.299199951171875 7.204670796154564e-06
2.300199951171875 9.228007976327273e-06
2.301199951171875 1.0020158189535094e-05
2.302199951171875 7.297740908582262e-06
2.303199951171875 6.529882955361179e-06
2.304199951171875 6.4463731054630864e-06
2.305199951171875 7.093015061260139e-06
2.306199951171875 6.200847658638384e-06
2.307199951171875 6.101892462438869e-06
2.308199951171875 6.020967855531516e-06
2.309199951171875 4.829324142921879e-06
2.310199951171875 4.349759549288627e-06
2.311199951171875 4.125425861254801e-06
2.312199951171875 4.767374236201404e-06
2.313199951171875 5.144502727974768e-06
2.314199951171875 4.022663242878556e-06
2.315199951171875 4.958323637877493e-06
2.316199951171875 5.689570063547202e-06
2.317199951171875 6.294185027636599e-06
2.318199951171875 5.562233704535835e-06
2.319199951171875 5.228490202898368e-06
2.320199951171875 6.996535931789359e-06
2.321199951171875 6.768243787395563e-06
2.322199951171875 5.830814915515817e-06
2.323199951171875 5.420576033808186e-06
2.324199951171875 5.313836484514986e-06
2.325199951171875 6.2116214732591635e-06
2.326199951171875 4.620873448737872e-06
2.327199951171875 4.211298203628683e-06
2.328199951171875 4.019368214584661e-06
2.329199951171875 4.549591035387352e-06
2.330199951171875 4.830466354408709e-06
2.331199951171875 4.647461518445922e-06
2.332199951171875 4.057797560504422e-06
2.333199951171875 3.360533696336324e-06
2.334199951171875 3.432145882667192e-06
2.335199951171875 3.0266147696086674e-06
2.336199951171875 2.63457784045706e-06
2.337199951171875 2.2599608033936926e-06
2.338199951171875 2.858289542458686e-06
2.339199951171875 3.3065910170630537e-06
2.340199951171875 2.8890468366288744e-06
2.341199951171875 2.5921637854391385e-06
2.342199951171875 2.3717870579660045e-06
2.343199951171875 2.673558254018494e-06
2.344199951171875 2.667871055685583e-06
2.345199951171875 2.7174749733699755e-06
2.346199951171875 2.4746053581946123e-06
2.347199951171875 2.5767165834029043e-06
2.348199951171875 2.321605854953062e-06
2.349199951171875 2.3786382740354235e-06
2.350199951171875 2.2997120429921975e-06
2.351199951171875 2.5502240762748747e-06
2.352199951171875 2.7857812937269473e-06
2.353199951171875 2.4229983351943868e-06
2.354199951171875 2.6167788495616492e-06
2.355199951171875 2.597458774327642e-06
2.356199951171875 2.174995653160747e-06
2.357199951171875 2.65500904551099e-06
2.358199951171875 2.326339662038658e-06
2.359199951171875 2.780550601539777e-06
2.360199951171875 2.493206440305523e-06
2.361199951171875 2.296694450923051e-06
2.362199951171875 2.4046396892226194e-06
2.363199951171875 1.9940266747803315e-06
2.364199951171875 1.767954724677136e-06
2.365199951171875 1.1015141529910678e-06
2.366199951171875 1.2124340139342867e-06
2.367199951171875 1.0289791420040827e-06
2.368199951171875 1.111801792209634e-06
2.369199951171875 8.341736608779496e-07
2.370199951171875 7.359970371353051e-07
2.371199951171875 9.573756605073202e-07
2.372199951171875 7.911376114772573e-07
2.373199951171875 7.767087818112121e-07
2.374199951171875 3.706083540312487e-07
2.375199951171875 3.1101202673646483e-07
2.376199951171875 3.1032939123025486e-07
2.377199951171875 3.490334421549226e-07
2.378199951171875 3.844356606118569e-07
2.379199951171875 3.5115832678327084e-07
2.380199951171875 2.790136910201907e-07
2.381199951171875 2.394845783461396e-07
2.382199951171875 2.0857926196320486e-07
2.383199951171875 2.8718430339927693e-07
2.384199951171875 2.7478382348692904e-07
2.385199951171875 3.149874273400208e-07
2.386199951171875 2.7206947711909033e-07
2.387199951171875 2.456980819747486e-07
2.388199951171875 1.716793432239411e-07
2.389199951171875 1.5297767058532094e-07
2.390199951171875 1.3375225702199607e-07
2.391199951171875 1.0079894992286004e-07
2.392199951171875 9.980689961073089e-08
2.393199951171875 1.0455560234929349e-07
2.394199951171875 1.2876897843128552e-07
2.395199951171875 9.043879376830635e-08
2.396199951171875 7.576459575155777e-08
2.397199951171875 8.526823652498844e-08
2.398199951171875 1.1258855838113058e-07
2.399199951171875 1.0675392468116531e-07
2.400199951171875 8.019781637084412e-08
2.401199951171875 5.930197815708855e-08
2.402199951171875 4.463940696154415e-08
2.403199951171875 3.6927692110063196e-08
2.404199951171875 4.032242050919631e-08
2.405199951171875 3.645672026195313e-08
2.406199951171875 4.06330414567633e-08
2.407199951171875 3.0513382371161995e-08
2.408199951171875 3.2324329096128354e-08
2.409199951171875 2.6937062273141836e-08
2.410199951171875 2.1691357486908228e-08
2.411199951171875 1.5210448954394498e-08
2.412199951171875 1.4019759761295138e-08
2.413199951171875 1.4900289264136829e-08
2.414199951171875 1.2360407287723307e-08
2.415199951171875 1.3247010054695655e-08
2.416199951171875 1.1144153099440723e-08
2.417199951171875 1.0633651987283813e-08
2.418199951171875 7.3769642672483385e-09
2.419199951171875 6.1600290842940806e-09
2.420199951171875 5.384184651414042e-09
2.421199951171875 4.4168055992526845e-09
2.422199951171875 4.076669587451797e-09
2.423199951171875 5.570589139432757e-09
2.424199951171875 5.4540394327245485e-09
2.425199951171875 5.124160136315745e-09
2.426199951171875 3.4582010031339634e-09
2.427199951171875 3.2326395019980804e-09
2.428199951171875 2.903706042713611e-09
2.429199951171875 2.742784123717074e-09
2.430199951171875 2.0466461060584736e-09
2.431199951171875 2.352873450804313e-09
2.432199951171875 2.4158803238522483e-09
2.433199951171875 2.3824001815848672e-09
2.434199951171875 2.038789352519785e-09
2.435199951171875 1.5145747423956465e-09
2.436199951171875 1.5427704013724134e-09
2.437199951171875 1.1352506176615048e-09
2.438199951171875 1.021612427859981e-09
2.439199951171875 8.489752128088702e-10
2.440199951171875 8.36345825232353e-10
2.441199951171875 1.1603934571246208e-09
2.442199951171875 9.98123859506783e-10
2.443199951171875 1.0932232623606315e-09
2.444199951171875 8.111638799853487e-10
2.445199951171875 8.129785224928368e-10
2.446199951171875 6.256171811250825e-10
2.447199951171875 6.494151769216232e-10
2.448199951171875 5.80319638365105e-10
2.449199951171875 5.162549748172228e-10
2.450199951171875 3.7044601132982323e-10
2.451199951171875 3.02823797838885e-10
2.452199951171875 3.5933206296787225e-10
2.453199951171875 3.6985974510853923e-10
2.454199951171875 3.675966579895857e-10
2.455199951171875 3.2609594711179574e-10
2.456199951171875 2.586338231462108e-10
2.457199951171875 2.0698990460299877e-10
2.458199951171875 1.7217649077506989e-10
2.459199951171875 1.415798096929653e-10
2.460199951171875 1.5543724665138641e-10
2.461199951171875 8.68410878616537e-11
2.462199951171875 1.1029706544805938e-10
2.463199951171875 7.309390617281798e-11
2.464199951171875 8.4851073203774e-11
2.465199951171875 6.349536850754942e-11
2.466199951171875 5.42000912981528e-11
2.467199951171875 4.135059292116495e-11
2.468199951171875 3.5176069863939137e-11
2.469199951171875 3.6901598325735965e-11
2.470199951171875 4.103127492868896e-11
2.471199951171875 3.0825563799285855e-11
2.472199951171875 2.90935125345303e-11
2.473199951171875 2.5535967898827402e-11
2.474199951171875 2.6782477893630692e-11
2.475199951171875 2.13407889458768e-11
2.476199951171875 1.5777388367077863e-11
2.477199951171875 1.4709147931928906e-11
2.478199951171875 1.3910499460387506e-11
2.479199951171875 1.49811048635844e-11
2.480199951171875 1.102251640377513e-11
2.481199951171875 1.127915020070181e-11
2.482199951171875 8.881441303200739e-12
2.483199951171875 8.892083258631528e-12
2.484199951171875 6.1008313176378384e-12
2.485199951171875 7.660910148732365e-12
2.486199951171875 5.700265051930034e-12
2.487199951171875 5.2882469310897655e-12
2.488199951171875 3.358244479566381e-12
2.489199951171875 3.95119933567785e-12
2.490199951171875 4.2180495193398554e-12
2.491199951171875 3.844022082289569e-12
2.492199951171875 3.4869406181622064e-12
2.493199951171875 3.5126569195325142e-12
2.494199951171875 3.3342840764402254e-12
2.495199951171875 3.2068118700009905e-12
2.496199951171875 2.6125766840861996e-12
2.497199951171875 2.554638545138244e-12
2.498199951171875 2.4583279171819466e-12
2.499199951171875 2.495151562488438e-12
2.500199951171875 2.1147357402160547e-12
2.501199951171875 1.7612953933257494e-12
2.502199951171875 1.4405135621522329e-12
2.503199951171875 1.3775137465821566e-12
2.504199951171875 1.7092184401532678e-12
2.505199951171875 1.66343735878849e-12
2.506199951171875 1.5934622165620041e-12
2.507199951171875 1.2712212362552111e-12
2.508199951171875 9.411975589573523e-13
2.509199951171875 1.1081238738467557e-12
2.510199951171875 1.0457436149375827e-12
2.511199951171875 1.0525574353327164e-12
2.512199951171875 8.777619531702083e-13
2.513199951171875 9.051728491993422e-13
2.514199951171875 1.2111959722638075e-12
2.515199951171875 1.175456283318657e-12
2.516199951171875 1.2064900760491682e-12
2.517199951171875 9.881609793243739e-13
2.518199951171875 1.0163848076003478e-12
2.519199951171875 7.98139241846732e-13
2.520199951171875 7.634905263996079e-13
2.521199951171875 5.668377228840786e-13
2.522199951171875 6.535243998082711e-13
2.523199951171875 6.169951937883973e-13
2.524199951171875 6.323134451722913e-13
2.525199951171875 5.163249448534837e-13
2.526199951171875 4.719941804699458e-13
2.527199951171875 4.465926739450667e-13
2.528199951171875 4.4146367004773437e-13
2.529199951171875 4.414649362352808e-13
2.530199951171875 4.3345313255605223e-13
2.531199951171875 4.3234598762269473e-13
2.532199951171875 3.672593191476608e-13
2.533199951171875 3.55305884316432e-13
2.534199951171875 2.9299814660300586e-13
2.535199951171875 3.255248984686639e-13
2.536199951171875 2.5810466426765523e-13
2.537199951171875 2.2721683469373573e-13
2.538199951171875 2.332069726717298e-13
2.539199951171875 2.523219490780858e-13
2.540199951171875 2.585096334003048e-13
2.541199951171875 2.1087355273309572e-13
2.542199951171875 2.301053738218425e-13
2.543199951171875 2.3166879744076743e-13
2.544199951171875 2.1784982986894447e-13
2.545199951171875 1.4909808715781051e-13
2.546199951171875 1.3236368345736684e-13
2.547199951171875 1.2615181401008592e-13
2.548199951171875 1.2421152729591785e-13
2.549199951171875 1.0421676270944409e-13
2.550199951171875 9.974950724305832e-14
2.551199951171875 1.0398176509365632e-13
2.552199951171875 9.850118582209525e-14
2.553199951171875 8.417511817969591e-14
2.554199951171875 7.323734901961015e-14
2.555199951171875 8.212362141098991e-14
2.556199951171875 8.176692576661175e-14
2.557199951171875 7.691402652625772e-14
2.558199951171875 4.27602882557648e-14
2.559199951171875 3.905768643101729e-14
2.560199951171875 3.128761356853074e-14
2.561199951171875 4.0191414486581146e-14
2.562199951171875 3.824026951824496e-14
2.563199951171875 3.309225905665573e-14
2.564199951171875 3.56326081120594e-14
2.565199951171875 3.558537543636717e-14
2.566199951171875 3.50247966306992e-14
2.567199951171875 2.873508642224472e-14
2.568199951171875 2.832908289372898e-14
2.569199951171875 2.6178127529811506e-14
2.570199951171875 2.0137605043881157e-14
2.571199951171875 1.401002698088687e-14
2.572199951171875 1.225706187107173e-14
2.573199951171875 1.549544418560292e-14
2.574199951171875 1.5151120732222122e-14
2.575199951171875 1.5172774610464842e-14
2.576199951171875 1.6228184808160554e-14
2.577199951171875 1.435521502782645e-14
2.578199951171875 1.468427963269663e-14
2.579199951171875 1.201060809376424e-14
2.580199951171875 1.0329830091127506e-14
2.581199951171875 7.84603680911415e-15
2.582199951171875 7.110653276310283e-15
2.583199951171875 7.561768364714883e-15
2.584199951171875 7.80984495211023e-15
2.585199951171875 7.210240129405407e-15
2.586199951171875 6.442531748722429e-15
2.587199951171875 5.403110323514825e-15
2.588199951171875 4.7939889152766936e-15
2.589199951171875 5.121803398839427e-15
2.590199951171875 4.558819665748665e-15
2.591199951171875 4.038208490137836e-15
2.592199951171875 3.2976935339241975e-15
2.593199951171875 3.138695034522119e-15
2.594199951171875 3.943485826426333e-15
2.595199951171875 3.2178657865478227e-15
2.596199951171875 2.9854597664494466e-15
2.597199951171875 2.135464911530257e-15
2.598199951171875 2.1256165716656836e-15
