Wavelength_microns Throughput
0.5503499755859375 2.4238424804643936e-13
0.5513499755859375 2.301368984303376e-13
0.5523499755859375 3.139898001142656e-10
0.5533499755859375 3.0927946787964e-10
0.5543499755859375 3.750696404358686e-13
0.5553499755859375 3.786762645655544e-11
0.5563499755859375 6.446155543221146e-12
0.5573499755859375 9.271827841326582e-11
0.5583499755859375 5.290346253635008e-13
0.5593499755859375 6.355654534456013e-13
0.5603499755859375 7.33340017069541e-13
0.5613499755859375 6.680872409351836e-10
0.5623499755859375 6.729912712109777e-10
0.5633499755859375 9.691297622962755e-13
0.5643499755859375 7.897031760843678e-11
0.5653499755859375 1.0665221073240902e-12
0.5663499755859375 7.108280766899807e-10
0.5673499755859375 8.736704702658848e-10
0.5683499755859375 9.740722595703825e-10
0.5693499755859375 9.20605711640776e-10
0.5703499755859375 2.8391970919926867e-09
0.5713499755859375 2.241770060761527e-09
0.5723499755859375 2.7162273565102016e-09
0.5733499755859375 3.012491600433786e-10
0.5743499755859375 2.432019413565526e-10
0.5753499755859375 1.3700266460340797e-09
0.5763499755859375 2.3368738862827225e-09
0.5773499755859375 2.6497651466192456e-09
0.5783499755859375 3.311790675861226e-09
0.5793499755859375 2.114776750843584e-12
0.5803499755859375 3.103182374569443e-10
0.5813499755859375 2.9096215408742298e-09
0.5823499755859375 7.836919964476795e-11
0.5833499755859375 1.65722522287803e-09
0.5843499755859375 2.3012711330624176e-09
0.5853499755859375 1.8082900031663243e-09
0.5863499755859375 5.595475542302099e-09
0.5873499755859375 5.8338821586357085e-09
0.5883499755859375 8.694740679096525e-09
0.5893499755859375 9.295635136834173e-10
0.5903499755859375 1.2255879816465065e-09
0.5913499755859375 1.3007059512155869e-09
0.5923499755859375 1.6831627819707716e-09
0.5933499755859375 8.6932162664503e-09
0.5943499755859375 6.1806665047977655e-09
0.5953499755859375 5.993380523478882e-09
0.5963499755859375 3.6695027183248475e-09
0.5973499755859375 7.824339783886896e-09
0.5983499755859375 6.472693126492172e-09
0.5993499755859375 6.152701585068444e-09
0.6003499755859375 4.588547009807868e-09
0.6013499755859375 1.8774267432748934e-09
0.6023499755859375 9.16548423024616e-10
0.6033499755859375 5.023179507892724e-09
0.6043499755859375 1.348174937045761e-09
0.6053499755859375 5.630960877160022e-12
0.6063499755859375 6.5408093988520546e-09
0.6073499755859375 4.886837768041735e-09
0.6083499755859375 1.126071187994536e-08
0.6093499755859375 5.6131466311295866e-09
0.6103499755859375 1.0753525046354292e-08
0.6113499755859375 5.2238461019487985e-09
0.6123499755859375 7.442368187389725e-09
0.6133499755859375 4.07247422425051e-09
0.6143499755859375 6.636136460657404e-09
0.6153499755859375 7.979395433472293e-10
0.6163499755859375 7.444503488050432e-10
0.6173499755859375 1.2153864259242722e-08
0.6183499755859375 3.98496407806205e-09
0.6193499755859375 6.579039533978034e-09
0.6203499755859375 1.583100314756681e-08
0.6213499755859375 8.207822653178764e-09
0.6223499755859375 8.043934410370242e-09
0.6233499755859375 1.214249147993108e-08
0.6243499755859375 1.5930590165695858e-08
0.6253499755859375 7.186395005303169e-09
0.6263499755859375 5.675594260838147e-09
0.6273499755859375 2.4429075922430024e-09
0.6283499755859375 1.230640573352768e-08
0.6293499755859375 1.860802950675952e-08
0.6303499755859375 8.634095064398724e-09
0.6313499755859375 1.653100060084437e-08
0.6323499755859375 2.971541505628912e-09
0.6333499755859375 1.9519269285538715e-08
0.6343499755859375 1.6194633566021134e-08
0.6353499755859375 5.435941324779478e-09
0.6363499755859375 3.6508352245739978e-09
0.6373499755859375 6.522099372786046e-09
0.6383499755859375 3.920467984653656e-08
0.6393499755859375 2.305039470503189e-08
0.6403499755859375 3.224157330222755e-08
0.6413499755859375 2.5099636073114947e-08
0.6423499755859375 3.14277463820289e-08
0.6433499755859375 8.237693465166815e-09
0.6443499755859375 3.624114397930855e-08
0.6453499755859375 1.9202853557546463e-08
0.6463499755859375 2.2750583703427834e-08
0.6473499755859375 2.3886106918720516e-08
0.6483499755859375 3.0472053032211806e-08
0.6493499755859375 1.9179940812868232e-08
0.6503499755859375 2.1878390583744307e-08
0.6513499755859375 1.9028211494825902e-08
0.6523499755859375 1.552921055466625e-08
0.6533499755859375 4.398701675702817e-08
0.6543499755859375 3.73471750193112e-08
0.6553499755859375 2.7194294543128997e-08
0.6563499755859376 3.714372740370497e-08
0.6573499755859376 5.4224579308063354e-08
0.6583499755859376 4.045085428353379e-08
0.6593499755859376 2.4838709027312873e-08
0.6603499755859376 4.851491283843456e-08
0.6613499755859376 5.577993595826098e-08
0.6623499755859374 4.3109663166219425e-08
0.6633499755859374 4.410106038449053e-08
0.6643499755859374 6.21247129760741e-08
0.6653499755859374 7.214938582835727e-08
0.6663499755859374 6.063502744501441e-08
0.6673499755859374 5.175806385152186e-08
0.6683499755859375 3.4774144129748325e-08
0.6693499755859375 6.123977230528258e-08
0.6703499755859375 5.902005964692369e-08
0.6713499755859375 4.9999959647324404e-08
0.6723499755859375 4.389034845406093e-08
0.6733499755859375 3.806521018911977e-08
0.6743499755859375 2.769643579856765e-08
0.6753499755859375 2.2889094902840194e-08
0.6763499755859375 5.342381580486477e-08
0.6773499755859375 3.2602435176414516e-08
0.6783499755859375 1.9171516746733843e-08
0.6793499755859375 5.694438104991135e-08
0.6803499755859375 4.2489384548240964e-08
0.6813499755859375 4.014692972274746e-08
0.6823499755859375 2.7601467165351366e-08
0.6833499755859375 3.285993606326713e-08
0.6843499755859375 3.2619927275507475e-08
0.6853499755859375 2.6473163134641423e-08
0.6863499755859375 3.4894841807361797e-08
0.6873499755859375 1.549181821410518e-08
0.6883499755859375 1.1685589922173554e-08
0.6893499755859375 3.8664482021402156e-08
0.6903499755859375 4.45704946541547e-08
0.6913499755859375 6.125620312592273e-08
0.6923499755859375 6.221197967604645e-08
0.6933499755859375 5.360816872906615e-08
0.6943499755859375 5.011102817190543e-08
0.6953499755859375 2.7139757435839346e-08
0.6963499755859375 1.6432597505666162e-08
0.6973499755859375 5.405186550065096e-08
0.6983499755859375 4.766807207873309e-09
0.6993499755859375 1.1753953738032764e-08
0.7003499755859375 5.968881765234654e-08
0.7013499755859375 1.1334634984577039e-08
0.7023499755859375 2.9666819856230275e-08
0.7033499755859375 4.68123210034559e-08
0.7043499755859375 5.0331707295603785e-08
0.7053499755859375 5.790419617425197e-08
0.7063499755859375 2.5842547145932924e-08
0.7073499755859375 6.839358201033864e-08
0.7083499755859375 1.0973040458294903e-08
0.7093499755859375 1.2734764722878379e-08
0.7103499755859375 5.809722309544567e-08
0.7113499755859375 8.388352935538168e-08
0.7123499755859375 5.025078274144473e-08
0.7133499755859375 7.885034888480855e-08
0.7143499755859375 3.611697151643416e-08
0.7153499755859375 5.507615779538505e-08
0.7163499755859375 3.165589110086348e-08
0.7173499755859375 1.5819998126454347e-08
0.7183499755859375 8.248364954492799e-08
0.7193499755859375 4.7480729127810307e-08
0.7203499755859375 3.227924703556027e-08
0.7213499755859375 5.4766750063720935e-08
0.7223499755859375 9.516576427820862e-08
0.7233499755859375 7.143443301811138e-08
0.7243499755859375 3.091342097542779e-08
0.7253499755859375 5.973678433803282e-08
0.7263499755859375 4.5474236402156165e-08
0.7273499755859375 8.332264761139519e-08
0.7283499755859375 4.620440293609506e-08
0.7293499755859375 7.253876297498545e-08
0.7303499755859375 6.366747261027586e-08
0.7313499755859375 4.764682393146108e-08
0.7323499755859375 7.438075574251838e-08
0.7333499755859375 7.174564270210293e-08
0.7343499755859375 6.192218005104295e-08
0.7353499755859375 7.876574776364862e-08
0.7363499755859375 4.742282952395652e-08
0.7373499755859375 6.697413325282646e-08
0.7383499755859375 6.886106995789787e-08
0.7393499755859375 1.032764842067812e-07
0.7403499755859375 6.017319720427452e-08
0.7413499755859375 9.168422800257077e-08
0.7423499755859375 8.030685487042799e-08
0.7433499755859375 5.767502068997918e-08
0.7443499755859375 4.063477469015889e-08
0.7453499755859375 8.391791013655569e-08
0.7463499755859375 5.125826004972472e-08
0.7473499755859375 7.83914264152761e-08
0.7483499755859375 2.474209680532618e-08
0.7493499755859375 6.921291060273937e-08
0.7503499755859375 9.11267959346239e-08
0.7513499755859375 6.800677124293223e-10
0.7523499755859375 7.71398920553983e-08
0.7533499755859375 1.1357274003376301e-07
0.7543499755859375 7.433931489871255e-08
0.7553499755859375 1.1542030317078848e-07
0.7563499755859375 9.804828222098659e-08
0.7573499755859375 6.785473052790482e-08
0.7583499755859375 1.0813800087265536e-07
0.7593499755859375 7.91822380646128e-08
0.7603499755859375 1.0258132243099887e-07
0.7613499755859375 9.201230272826282e-08
0.7623499755859375 4.18075971634988e-08
0.7633499755859375 5.5524078953955656e-08
0.7643499755859375 1.0589322859194587e-07
0.7653499755859375 8.416852228087045e-08
0.7663499755859375 7.686526487239837e-08
0.7673499755859375 2.8393147155424907e-08
0.7683499755859375 7.491978749843374e-08
0.7693499755859375 1.250928634436583e-07
0.7703499755859375 1.7929023003670975e-07
0.7713499755859375 7.933530159166467e-08
0.7723499755859375 1.0241820916463629e-07
0.7733499755859375 7.93826828974101e-08
0.7743499755859375 1.1569661785135318e-07
0.7753499755859375 7.904666864556279e-08
0.7763499755859375 1.14272170488298e-07
0.7773499755859375 5.000285454293442e-08
0.7783499755859375 1.1547099806847868e-07
0.7793499755859375 3.3849694796557794e-08
0.7803499755859375 6.451252492503743e-08
0.7813499755859376 4.951446712447637e-08
0.7823499755859376 4.776667476105471e-08
0.7833499755859376 7.438201157066686e-08
0.7843499755859376 5.834064941218868e-08
0.7853499755859376 1.2379023840967608e-07
0.7863499755859376 4.496569974758131e-08
0.7873499755859374 7.525024529295601e-08
0.7883499755859374 9.224766881057699e-08
0.7893499755859374 4.121075376893191e-08
0.7903499755859374 2.9737030387028312e-08
0.7913499755859374 1.0928753515097998e-07
0.7923499755859374 1.285566938820643e-07
0.7933499755859375 1.0071376602205278e-07
0.7943499755859375 1.4730420295812134e-07
0.7953499755859375 9.377392520095213e-09
0.7963499755859375 8.99726310824297e-08
0.7973499755859375 1.2141301486675473e-07
0.7983499755859375 8.4191696908621e-08
0.7993499755859375 1.7044845575956854e-07
0.8003499755859375 2.7415748892808014e-07
0.8013499755859375 2.834488454442671e-07
0.8023499755859375 3.0257502628610884e-07
0.8033499755859375 2.389865380822871e-07
0.8043499755859375 2.5064162230939465e-07
0.8053499755859375 2.0930558062220014e-07
0.8063499755859375 2.475923702220285e-07
0.8073499755859375 3.400826750380797e-07
0.8083499755859375 1.432782370243825e-07
0.8093499755859375 1.568111253426257e-07
0.8103499755859375 2.426976323072609e-07
0.8113499755859375 1.9353079934865676e-07
0.8123499755859375 1.3415317853395764e-07
0.8133499755859375 1.1019906511536179e-07
0.8143499755859375 1.7716770353757385e-07
0.8153499755859375 1.0038123588028232e-07
0.8163499755859375 1.531201472574869e-07
0.8173499755859375 1.7045532806837679e-07
0.8183499755859375 1.3312578983453775e-07
0.8193499755859375 1.7381929907737561e-07
0.8203499755859375 1.3841402317393648e-07
0.8213499755859375 2.677024806820525e-07
0.8223499755859375 1.1057427314874045e-07
0.8233499755859375 1.4501594054838552e-07
0.8243499755859375 1.5255570569240435e-07
0.8253499755859375 1.6230215428752467e-07
0.8263499755859375 1.1685196568483917e-07
0.8273499755859375 2.5022683824263465e-07
0.8283499755859375 2.3025953148841277e-07
0.8293499755859375 1.8734780515749071e-07
0.8303499755859375 1.2086923870696955e-07
0.8313499755859375 1.6538753685717e-07
0.8323499755859375 2.4203351908404516e-07
0.8333499755859375 1.4415735794359424e-07
0.8343499755859375 1.839487240969779e-07
0.8353499755859375 1.9419295792869947e-07
0.8363499755859375 1.5966133823274856e-07
0.8373499755859375 2.0505062620608078e-07
0.8383499755859375 1.6887868773709259e-07
0.8393499755859375 2.4633109218700264e-07
0.8403499755859375 2.572569490757052e-07
0.8413499755859375 2.427674775675976e-07
0.8423499755859375 2.9206150530552975e-07
0.8433499755859375 2.853264291207496e-07
0.8443499755859375 3.048910535344897e-07
0.8453499755859375 3.300374740136175e-07
0.8463499755859375 3.284479580936537e-07
0.8473499755859375 3.519981169845657e-07
0.8483499755859375 3.475665818026306e-07
0.8493499755859375 3.909692416113975e-07
0.8503499755859375 4.046200453461014e-07
0.8513499755859375 4.494813143612512e-07
0.8523499755859375 4.279954613554638e-07
0.8533499755859375 4.313700523296111e-07
0.8543499755859375 4.3850523900476616e-07
0.8553499755859375 4.367003662807673e-07
0.8563499755859375 4.804842994525048e-07
0.8573499755859375 4.44382830756176e-07
0.8583499755859375 4.67351067660498e-07
0.8593499755859375 4.73253126887443e-07
0.8603499755859375 4.10525978048505e-07
0.8613499755859375 3.782156663416311e-07
0.8623499755859375 4.757074932611685e-07
0.8633499755859375 4.597355096937252e-07
0.8643499755859375 4.614113498219647e-07
0.8653499755859375 4.913417679354897e-07
0.8663499755859375 4.6887043963232036e-07
0.8673499755859375 5.272967216348254e-07
0.8683499755859375 5.795640397556612e-07
0.8693499755859375 5.726616878923543e-07
0.8703499755859375 5.720861356983383e-07
0.8713499755859375 5.286252258644304e-07
0.8723499755859375 5.312817247211782e-07
0.8733499755859375 5.445195197986775e-07
0.8743499755859375 5.847203736980499e-07
0.8753499755859375 5.386549758613233e-07
0.8763499755859375 5.319177506670405e-07
0.8773499755859375 5.209889316772065e-07
0.8783499755859375 6.000408831011887e-07
0.8793499755859375 6.525349052594235e-07
0.8803499755859375 6.12984376861175e-07
0.8813499755859375 6.217701028146558e-07
0.8823499755859375 7.078093992501825e-07
0.8833499755859375 7.137484985101181e-07
0.8843499755859375 7.528154812202083e-07
0.8853499755859375 8.186333760445586e-07
0.8863499755859375 7.929483120806404e-07
0.8873499755859375 8.053561012882571e-07
0.8883499755859375 8.069257772529299e-07
0.8893499755859375 8.370191233845127e-07
0.8903499755859375 8.0962604397952e-07
0.8913499755859375 8.067269270881965e-07
0.8923499755859375 7.640167307249607e-07
0.8933499755859375 7.529453636340146e-07
0.8943499755859375 7.55250555838767e-07
0.8953499755859375 7.175622646986292e-07
0.8963499755859375 7.204849351966993e-07
0.8973499755859375 6.751700120022154e-07
0.8983499755859375 7.297602182313191e-07
0.8993499755859375 6.65180575644459e-07
0.9003499755859375 6.095453182454906e-07
0.9013499755859375 6.767137447805088e-07
0.9023499755859375 5.819270352537475e-07
0.9033499755859375 5.670500766139775e-07
0.9043499755859375 5.895328944405264e-07
0.9053499755859375 5.699497417804773e-07
0.9063499755859376 5.576660606905795e-07
0.9073499755859376 6.121082736880546e-07
0.9083499755859376 5.648932551412629e-07
0.9093499755859376 5.401724645337005e-07
0.9103499755859376 6.130387277262352e-07
0.9113499755859376 5.061057929653927e-07
0.9123499755859374 5.206104957824225e-07
0.9133499755859374 4.565194500202945e-07
0.9143499755859374 5.010146363412084e-07
0.9153499755859374 4.939981576214591e-07
0.9163499755859374 4.947794363965661e-07
0.9173499755859374 5.526822274303333e-07
0.9183499755859375 5.919072963249035e-07
0.9193499755859375 6.387146470101775e-07
0.9203499755859375 6.15578682436773e-07
0.9213499755859375 6.603666702831393e-07
0.9223499755859375 6.369975252012643e-07
0.9233499755859375 6.123678260269008e-07
0.9243499755859375 5.957316002957902e-07
0.9253499755859375 5.337140680567718e-07
0.9263499755859375 5.229479318190211e-07
0.9273499755859375 4.917399124940051e-07
0.9283499755859375 4.653697249575829e-07
0.9293499755859375 3.883794473362585e-07
0.9303499755859375 3.834368802502686e-07
0.9313499755859375 3.4613466322184335e-07
0.9323499755859375 2.7894326547738154e-07
0.9333499755859375 3.0853788101506773e-07
0.9343499755859375 3.472598191844586e-07
0.9353499755859375 3.2970397218294784e-07
0.9363499755859375 3.068119954318807e-07
0.9373499755859375 3.184327054126619e-07
0.9383499755859375 2.7139536877188295e-07
0.9393499755859375 2.2693719031912905e-07
0.9403499755859375 2.7609586541345894e-07
0.9413499755859375 2.9255579082731613e-07
0.9423499755859375 2.7466358010732105e-07
0.9433499755859375 3.054312212540678e-07
0.9443499755859375 2.6548657210319597e-07
0.9453499755859375 2.7221736558412875e-07
0.9463499755859375 3.1675200182106433e-07
0.9473499755859375 3.0671603025518216e-07
0.9483499755859375 2.7820895141581044e-07
0.9493499755859375 2.2490109225288195e-07
0.9503499755859375 2.193497582509279e-07
0.9513499755859375 3.155882287740987e-07
0.9523499755859375 3.081568527186221e-07
0.9533499755859375 3.424014111251021e-07
0.9543499755859375 4.589786616287027e-07
0.9553499755859375 4.846781328225022e-07
0.9563499755859375 5.691591011745852e-07
0.9573499755859375 5.688392176609951e-07
0.9583499755859375 6.475980748587134e-07
0.9593499755859375 5.345857573895051e-07
0.9603499755859375 5.515062721973695e-07
0.9613499755859375 5.91476741239983e-07
0.9623499755859375 5.717455376473803e-07
0.9633499755859375 5.957022624227778e-07
0.9643499755859375 5.488027708409641e-07
0.9653499755859375 5.184425852873538e-07
0.9663499755859375 4.631327025918847e-07
0.9673499755859375 3.9392560652568106e-07
0.9683499755859375 3.126083718115116e-07
0.9693499755859375 2.0874438781615323e-07
0.9703499755859375 1.8907462579544584e-07
0.9713499755859375 2.0437395367203956e-07
0.9723499755859375 1.9673310334346317e-07
0.9733499755859375 2.299350889496145e-07
0.9743499755859375 2.0780272447079214e-07
0.9753499755859375 2.417491453077324e-07
0.9763499755859375 2.8395522710523083e-07
0.9773499755859375 3.3492358478786385e-07
0.9783499755859375 4.725034956757075e-07
0.9793499755859375 6.256714919166703e-07
0.9803499755859375 7.415563018171071e-07
0.9813499755859375 8.15442273293429e-07
0.9823499755859375 8.636502931093331e-07
0.9833499755859375 8.521690999017763e-07
0.9843499755859375 8.070432907087839e-07
0.9853499755859375 7.871495345296532e-07
0.9863499755859375 7.942746939036921e-07
0.9873499755859375 7.893785195148939e-07
0.9883499755859375 8.058700217346655e-07
0.9893499755859375 8.242708562170262e-07
0.9903499755859375 8.235849339171158e-07
0.9913499755859375 7.859233821014784e-07
0.9923499755859375 6.881097772907854e-07
0.9933499755859375 5.685859200413061e-07
0.9943499755859375 3.8542746002943876e-07
0.9953499755859375 2.6546373679541576e-07
0.9963499755859375 1.840002409662044e-07
0.9973499755859375 2.0835361629209698e-07
0.9983499755859375 2.865986815450023e-07
0.9993499755859375 2.45050659123522e-07
1.0003499755859375 2.954413144731217e-07
1.0013499755859374 1.3956011159462372e-06
1.0023499755859375 3.861554486891002e-07
1.0033499755859374 1.5046079642754528e-06
1.0043499755859375 4.777301531844172e-07
1.0053499755859374 2.3500576498182985e-07
1.0063499755859375 4.5343075470398453e-07
1.0073499755859374 1.209950969974395e-06
1.0083499755859375 1.120293912741861e-07
1.0093499755859374 4.1862859685599315e-07
1.0103499755859375 4.301012746757204e-07
1.0113499755859374 7.04806813147245e-07
1.0123499755859375 7.74465098015884e-07
1.0133499755859374 4.581150937093652e-08
1.0143499755859375 2.0880067755722344e-11
1.0153499755859374 8.714228367278625e-08
1.0163499755859375 1.4323493684651039e-07
1.0173499755859374 1.0702942433857818e-07
1.0183499755859375 1.1677778545422482e-06
1.0193499755859374 1.6083187712187573e-07
1.0203499755859375 1.3313031941689706e-06
1.0213499755859374 8.387008283231738e-07
1.0223499755859375 7.112177127576665e-07
1.0233499755859374 5.750952132837077e-07
1.0243499755859375 1.020555418722807e-06
1.0253499755859374 1.518886096961233e-07
1.0263499755859375 4.815505135223642e-07
1.0273499755859374 4.3412887496663477e-07
1.0283499755859375 1.0323895250943902e-07
1.0293499755859374 1.4854308720407242e-08
1.0303499755859375 6.433160296033989e-07
1.0313499755859374 2.024986213376021e-11
1.0323499755859376 9.421687329258577e-07
1.0333499755859374 2.945904283790321e-07
1.0343499755859376 1.9111576396374976e-07
1.0353499755859374 9.761986064921495e-07
1.0363499755859376 1.0767332490253263e-06
1.0373499755859374 1.9980058466890845e-11
1.0383499755859376 5.01167722664043e-07
1.0393499755859374 5.904425495036386e-07
1.0403499755859376 5.687140946492492e-07
1.0413499755859374 1.978940713949186e-11
1.0423499755859376 2.1229371195027347e-07
1.0433499755859375 5.745650132671744e-07
1.0443499755859376 1.0804432888026658e-06
1.0453499755859375 6.068932136207166e-07
1.0463499755859376 5.925527183390855e-07
1.0473499755859375 4.2149492024530763e-07
1.0483499755859376 1.0067337350976442e-06
1.0493499755859375 3.533918609703492e-07
1.0503499755859376 8.357511302200211e-08
1.0513499755859375 4.2523298265607294e-07
1.0523499755859376 4.958592334910005e-07
1.0533499755859375 8.042205905163416e-07
1.0543499755859376 5.818363322924503e-08
1.0553499755859375 2.349709841884872e-07
1.0563499755859376 6.900170032167689e-07
1.0573499755859375 6.863031679482533e-07
1.0583499755859376 3.457146369046045e-08
1.0593499755859375 2.561801621586015e-07
1.0603499755859376 6.792659344623748e-07
1.0613499755859375 5.451778412419227e-07
1.0623499755859376 9.440181195841383e-07
1.0633499755859375 1.900062071775138e-11
1.0643499755859376 4.5485570048623863e-07
1.0653499755859375 2.5695870472702744e-07
1.0663499755859376 1.912053593926535e-11
1.0673499755859375 1.5731121191141256e-07
1.0683499755859376 8.000479033324627e-07
1.0693499755859375 5.360154334649082e-07
1.0703499755859376 6.036146196899433e-07
1.0713499755859375 9.974910575614405e-08
1.0723499755859376 2.5430152250692767e-08
1.0733499755859375 9.272149018104039e-08
1.0743499755859376 1.9200124776578937e-11
1.0753499755859375 1.6189035461843387e-06
1.0763499755859376 1.1053411627263824e-07
1.0773499755859375 1.122804374179332e-06
1.0783499755859376 1.8287121013105224e-07
1.0793499755859375 1.606462349032239e-07
1.0803499755859376 1.9721475818020428e-07
1.0813499755859375 1.200282817210805e-07
1.0823499755859376 5.38372911369121e-07
1.0833499755859375 1.5292553002778765e-07
1.0843499755859376 9.816773898590226e-09
1.0853499755859375 8.710281976610359e-07
1.0863499755859376 5.272355373797097e-09
1.0873499755859375 3.2452357132698254e-07
1.0883499755859376 3.1429911371670805e-07
1.0893499755859375 5.75755182063686e-07
1.0903499755859376 1.732921606575845e-07
1.0913499755859375 3.753504917942799e-08
1.0923499755859376 1.1354727542847903e-06
1.0933499755859375 1.9167432527266223e-11
1.0943499755859376 2.6831898417813874e-07
1.0953499755859375 1.914390590427393e-11
1.0963499755859376 2.3682184445111897e-07
1.0973499755859375 1.913568915315775e-11
1.0983499755859376 2.7845174125696626e-07
1.0993499755859375 4.52992060941543e-07
1.1003499755859374 3.5941219234661014e-07
1.1013499755859375 2.79969210215767e-07
1.1023499755859374 2.5266118823189354e-07
1.1033499755859375 3.594709388772508e-07
1.1043499755859374 4.620752476110859e-07
1.1053499755859375 4.966476518266769e-07
1.1063499755859374 4.4878124775896825e-07
1.1073499755859375 2.8403546518076134e-07
1.1083499755859374 1.8942529004126136e-11
1.1093499755859375 7.750205953463824e-07
1.1103499755859374 2.692470682840792e-07
1.1113499755859375 4.936109970629486e-07
1.1123499755859374 6.020942784744863e-07
1.1133499755859375 8.210903513291716e-08
1.1143499755859374 2.2726945790561971e-07
1.1153499755859375 4.685017949076815e-07
1.1163499755859374 5.430688709573486e-07
1.1173499755859375 3.088042510738791e-07
1.1183499755859374 1.212002056264763e-07
1.1193499755859375 1.897037371304311e-11
1.1203499755859374 6.185755973969627e-07
1.1213499755859375 1.0689763162443268e-07
1.1223499755859374 6.958121257305614e-07
1.1233499755859375 7.871069904259191e-07
1.1243499755859374 1.6662291464565682e-07
1.1253499755859375 6.141753313516431e-07
1.1263499755859374 1.9051478971357887e-07
1.1273499755859375 2.535363524507208e-07
1.1283499755859374 5.091992835100613e-07
1.1293499755859375 9.316338989165521e-07
1.1303499755859374 4.4282585241460716e-07
1.1313499755859375 6.596628884761684e-08
1.1323499755859374 7.045550997747088e-07
1.1333499755859375 3.886725266977093e-07
1.1343499755859374 3.3368674165309824e-07
1.1353499755859375 3.634506374372721e-07
1.1363499755859374 4.161991998275709e-07
1.1373499755859375 5.136442993698468e-07
1.1383499755859374 4.719772521320789e-07
1.1393499755859375 1.5032157376331811e-07
1.1403499755859374 3.619322723572537e-07
1.1413499755859375 1.3710105365335618e-07
1.1423499755859374 1.3290288944225774e-07
1.1433499755859375 8.28962525095131e-07
1.1443499755859374 1.4785279951746575e-07
1.1453499755859375 2.1307162119003014e-07
1.1463499755859374 1.3654878356009098e-07
1.1473499755859375 3.412735146461618e-07
1.1483499755859374 6.222989821612775e-07
1.1493499755859375 1.9809997702200002e-11
1.1503499755859374 6.93781698777325e-08
1.1513499755859375 6.567179790976605e-07
1.1523499755859374 1.9868592366368875e-11
1.1533499755859375 9.541439522257964e-07
1.1543499755859374 3.992242021672443e-08
1.1553499755859375 3.837147415932267e-07
1.1563499755859374 5.808762055837115e-07
1.1573499755859376 4.737980911255935e-07
1.1583499755859374 9.838894631482829e-08
1.1593499755859376 9.384085563725734e-09
1.1603499755859374 5.228648007304464e-07
1.1613499755859376 6.65235585320799e-07
1.1623499755859374 2.2178489223508823e-07
1.1633499755859376 2.8633835754401822e-08
1.1643499755859374 7.291739901824251e-07
1.1653499755859376 3.0641444025412054e-07
1.1663499755859374 2.9738628814298813e-07
1.1673499755859376 6.675082559410776e-08
1.1683499755859375 4.1404034172322483e-07
1.1693499755859376 2.3116061131019284e-07
1.1703499755859375 5.61503882730582e-07
1.1713499755859376 5.531091808540895e-07
1.1723499755859375 7.385200335648523e-07
1.1733499755859376 2.708625605891267e-07
1.1743499755859375 3.6516188680418836e-07
1.1753499755859376 4.2206631182027665e-09
1.1763499755859375 7.266323401032203e-07
1.1773499755859376 2.41901415842242e-07
1.1783499755859375 9.63616611670616e-07
1.1793499755859376 4.191564004507997e-07
1.1803499755859375 3.166143229835066e-07
1.1813499755859376 4.437571989375736e-07
1.1823499755859375 1.1693726158104919e-07
1.1833499755859376 1.337235748698161e-07
1.1843499755859375 3.4232453839452937e-07
1.1853499755859376 3.384202935797652e-07
1.1863499755859375 1.3711044204625512e-07
1.1873499755859376 5.45118567479153e-07
1.1883499755859375 3.79743367090983e-07
1.1893499755859376 4.732343307543103e-07
1.1903499755859375 2.86437352848855e-07
1.1913499755859376 6.829873503577095e-07
1.1923499755859375 6.610927561536679e-07
1.1933499755859376 6.493118068338437e-07
1.1943499755859375 3.8521634981111647e-07
1.1953499755859376 8.162900053452664e-07
1.1963499755859375 7.881468197969848e-07
1.1973499755859376 5.105811733842045e-07
1.1983499755859375 4.042446668679995e-07
1.1993499755859376 1.3786959263514745e-07
1.2003499755859375 8.801714970622126e-07
1.2013499755859376 2.2408182351179933e-07
1.2023499755859375 6.378452567484431e-07
1.2033499755859376 6.679653433047773e-07
1.2043499755859375 9.428274367218648e-07
1.2053499755859376 8.05672923675274e-07
1.2063499755859375 7.12900595649961e-08
1.2073499755859376 1.0227968556348062e-06
1.2083499755859375 4.7104383166780585e-07
1.2093499755859376 5.84326795255639e-07
1.2103499755859375 3.0638903216629466e-07
1.2113499755859376 1.2838452123579644e-06
1.2123499755859375 5.045212419836798e-07
1.2133499755859376 6.433011142154663e-07
1.2143499755859375 2.6963605766428486e-07
1.2153499755859376 6.895639956687969e-07
1.2163499755859375 9.582653664241358e-07
1.2173499755859376 7.332611174671198e-07
1.2183499755859375 5.163125640552225e-07
1.2193499755859376 3.2012381303832395e-07
1.2203499755859375 8.818527594483499e-07
1.2213499755859376 7.722980069192479e-07
1.2223499755859375 1.1479355894958155e-06
1.2233499755859376 5.503462727393163e-07
1.2243499755859375 8.682209484618573e-07
1.2253499755859374 8.078019379217466e-07
1.2263499755859375 9.39253579119384e-07
1.2273499755859374 6.783670721101215e-07
1.2283499755859375 4.40962635866832e-07
1.2293499755859374 6.308214075626416e-07
1.2303499755859375 1.0585196872199743e-06
1.2313499755859374 2.9534679153056594e-07
1.2323499755859375 9.446126352210461e-07
1.2333499755859374 9.050689497111826e-07
1.2343499755859375 9.182356260366219e-07
1.2353499755859374 4.772650894882268e-07
1.2363499755859375 1.247575802972399e-06
1.2373499755859374 1.2814749214152449e-06
1.2383499755859375 1.8824160673303878e-07
1.2393499755859374 1.5824933214435055e-06
1.2403499755859375 7.910195860086874e-07
1.2413499755859374 1.2528507281126997e-06
1.2423499755859375 1.8398744237883023e-06
1.2433499755859374 1.5857386796751335e-06
1.2443499755859375 7.810862997796406e-07
1.2453499755859374 1.7089620229356944e-06
1.2463499755859375 1.6748550228928637e-06
1.2473499755859374 1.9184683402236204e-06
1.2483499755859375 1.3274584172547316e-06
1.2493499755859374 2.285970520174887e-06
1.2503499755859375 1.5510580368468325e-06
1.2513499755859374 2.076998834309253e-06
1.2523499755859375 2.406077536499789e-06
1.2533499755859374 2.2855530300735782e-06
1.2543499755859375 2.96842891509919e-06
1.2553499755859374 2.6909432284603582e-06
1.2563499755859375 2.939839528010621e-06
1.2573499755859374 3.0691021178093175e-06
1.2583499755859375 3.2012281397074627e-06
1.2593499755859374 3.6503439737556328e-06
1.2603499755859375 4.567348430563809e-06
1.2613499755859374 3.965343976720105e-06
1.2623499755859375 5.058787586203774e-06
1.2633499755859374 6.068103561058466e-06
1.2643499755859375 6.918133582766782e-06
1.2653499755859374 7.259687378566773e-06
1.2663499755859375 8.84215731696954e-06
1.2673499755859374 9.493492199716003e-06
1.2683499755859375 1.1934332818592196e-05
1.2693499755859374 1.288492948980295e-05
1.2703499755859375 1.519866087177749e-05
1.2713499755859374 1.7906526539492547e-05
1.2723499755859375 1.9962501199647567e-05
1.2733499755859374 2.3746964810717934e-05
1.2743499755859375 2.4974647991622987e-05
1.2753499755859374 2.9329439695899614e-05
1.2763499755859375 3.36355837330868e-05
1.2773499755859374 3.82823925189903e-05
1.2783499755859375 4.2812391554218515e-05
1.2793499755859374 5.1090207997406564e-05
1.2803499755859375 5.628265002564879e-05
1.2813499755859374 6.313785403686093e-05
1.2823499755859376 7.131193240314326e-05
1.2833499755859374 8.67188802311881e-05
1.2843499755859376 9.503200055471322e-05
1.2853499755859374 0.00010815767760109234
1.2863499755859376 0.0001226084699679435
1.2873499755859374 0.0001477948015479969
1.2883499755859376 0.0001694916617063359
1.2893499755859374 0.00019552541554586385
1.2903499755859376 0.00023925676194382284
1.2913499755859374 0.00027411980766870586
1.2923499755859376 0.00033362409324877955
1.2933499755859375 0.0003818193984656527
1.2943499755859376 0.0004630512139919707
1.2953499755859375 0.0005730613201931959
1.2963499755859376 0.0006935404190218895
1.2973499755859375 0.0008532768522512438
1.2983499755859376 0.0010292454068199558
1.2993499755859375 0.0012755537505793064
1.3003499755859376 0.0015420596995147915
1.3013499755859375 0.001919539946608189
1.3023499755859376 0.002327359531991637
1.3033499755859375 0.0028691463121666974
1.3043499755859376 0.003513598868150892
1.3053499755859375 0.004075349833137038
1.3063499755859376 0.005028896809702009
1.3073499755859375 0.005841771803271771
1.3083499755859376 0.006551973472107166
1.3093499755859375 0.007447315431668443
1.3103499755859376 0.00816552404063919
1.3113499755859375 0.009404654069706714
1.3123499755859376 0.009758247044014299
1.3133499755859375 0.011456957906003625
1.3143499755859376 0.012891044799023496
1.3153499755859375 0.014922153073453012
1.3163499755859376 0.016752135171214814
1.3173499755859375 0.019375665277933107
1.3183499755859376 0.022237074510140894
1.3193499755859375 0.02641486986437812
1.3203499755859376 0.030032370006622656
1.3213499755859375 0.03537695716362194
1.3223499755859376 0.04083683209106824
1.3233499755859375 0.04972249100655453
1.3243499755859376 0.0553139184824691
1.3253499755859375 0.06691744449271068
1.3263499755859376 0.07750779277136868
1.3273499755859375 0.09137171632393108
1.3283499755859376 0.1071480544130472
1.3293499755859375 0.12396587725285875
1.3303499755859376 0.1412950079506064
1.3313499755859375 0.15853076188945384
1.3323499755859376 0.18263904893767854
1.3333499755859375 0.19814288144873135
1.3343499755859376 0.21824153897364673
1.3353499755859375 0.2296786274347903
1.3363499755859376 0.2382592769067654
1.3373499755859375 0.2575937706114873
1.3383499755859376 0.2546571073602355
1.3393499755859375 0.2701859758904595
1.3403499755859376 0.2614139202294221
1.3413499755859375 0.2667449824186949
1.3423499755859376 0.271925322100041
1.3433499755859375 0.26494558757028475
1.3443499755859376 0.2706883766247483
1.3453499755859375 0.26987495352903995
1.3463499755859376 0.27234943122659544
1.3473499755859375 0.2713236682907379
1.3483499755859376 0.2742310839436006
1.3493499755859375 0.27193278732015963
1.3503499755859374 0.2785867864915373
1.3513499755859375 0.27277718107607296
1.3523499755859374 0.27642358673762496
1.3533499755859375 0.27721348156293374
1.3543499755859374 0.2700942962496456
1.3553499755859375 0.28128030618776995
1.3563499755859374 0.2804621441146801
1.3573499755859375 0.27693140490528234
1.3583499755859374 0.27823647285418324
1.3593499755859375 0.27126268069716447
1.3603499755859374 0.28539766449148213
1.3613499755859375 0.28165602246465826
1.3623499755859374 0.2787650199147298
1.3633499755859375 0.2808561082629621
1.3643499755859374 0.279348887228605
1.3653499755859375 0.28315888754870205
1.3663499755859374 0.2788551436945469
1.3673499755859375 0.28599755251548786
1.3683499755859374 0.27943576245039736
1.3693499755859375 0.2837994397320226
1.3703499755859374 0.2845988350999269
1.3713499755859375 0.28220776216401977
1.3723499755859374 0.2817959979326918
1.3733499755859375 0.2824434587394907
1.3743499755859374 0.2815701065484347
1.3753499755859375 0.2802053484663289
1.3763499755859374 0.27770124719725287
1.3773499755859375 0.2726330499837264
1.3783499755859374 0.276691752645455
1.3793499755859375 0.2740963754900147
1.3803499755859374 0.2737629175941915
1.3813499755859375 0.27271702676138293
1.3823499755859374 0.27031246336550874
1.3833499755859375 0.272439815431484
1.3843499755859374 0.27380836751446586
1.3853499755859375 0.2693562112058264
1.3863499755859374 0.28009677688670676
1.3873499755859375 0.27209248235681915
1.3883499755859374 0.27395874652703467
1.3893499755859375 0.2725861057519913
1.3903499755859374 0.2794571135715049
1.3913499755859375 0.2735394897301338
1.3923499755859374 0.2837981314969615
1.3933499755859375 0.27802895600513944
1.3943499755859374 0.28085382360017547
1.3953499755859375 0.2800143839155841
1.3963499755859374 0.2809866449569846
1.3973499755859375 0.28393753823476736
1.3983499755859374 0.28977694038681273
1.3993499755859375 0.2848672482817018
1.4003499755859374 0.2881937389040333
1.4013499755859375 0.28905015456459326
1.4023499755859374 0.28649875212461406
1.4033499755859375 0.2963057932293335
1.4043499755859374 0.3003315803178337
1.4053499755859375 0.2960746083358339
1.4063499755859374 0.30065670767940683
1.4073499755859376 0.30099702268603845
1.4083499755859374 0.30473532223153593
1.4093499755859376 0.3027717006210882
1.4103499755859374 0.3118592521170509
1.4113499755859376 0.3079426650293555
1.4123499755859374 0.3104484498379663
1.4133499755859376 0.3129160496852055
1.4143499755859374 0.3076902605449236
1.4153499755859376 0.31549847817726295
1.4163499755859374 0.3184081597283512
1.4173499755859376 0.3179175121003515
1.4183499755859375 0.3196153727797109
1.4193499755859376 0.3182838555649754
1.4203499755859375 0.31606087943857225
1.4213499755859376 0.327498042167572
1.4223499755859375 0.3177922771016577
1.4233499755859376 0.32571769640227977
1.4243499755859375 0.32334530075949486
1.4253499755859376 0.3215565965319226
1.4263499755859375 0.33059514960011677
1.4273499755859376 0.3242800056587792
1.4283499755859375 0.3262665061128489
1.4293499755859376 0.32692053742913574
1.4303499755859375 0.33036383780076495
1.4313499755859376 0.3302934011516276
1.4323499755859375 0.3278772988059818
1.4333499755859376 0.3308617077988572
1.4343499755859375 0.3297891675246032
1.4353499755859376 0.32806954235376873
1.4363499755859375 0.3282897861171838
1.4373499755859376 0.3311474498970945
1.4383499755859375 0.3298437652245359
1.4393499755859376 0.3305810113646958
1.4403499755859375 0.33115364568030586
1.4413499755859376 0.33279924152825247
1.4423499755859375 0.33478223714811584
1.4433499755859376 0.3326564491277139
1.4443499755859375 0.33340712954518875
1.4453499755859376 0.33828597274036687
1.4463499755859375 0.33390665712396794
1.4473499755859376 0.33845381404692215
1.4483499755859375 0.33693305839693477
1.4493499755859376 0.34050054528570184
1.4503499755859375 0.3351674625384905
1.4513499755859376 0.3435609423866964
1.4523499755859375 0.3421019185393599
1.4533499755859376 0.3452848377751584
1.4543499755859375 0.3442927177100169
1.4553499755859376 0.34771439139812516
1.4563499755859375 0.3426551011165652
1.4573499755859376 0.34627004789736704
1.4583499755859375 0.3525135577704846
1.4593499755859376 0.3524770064532608
1.4603499755859375 0.35034749223523076
1.4613499755859376 0.35364120502577695
1.4623499755859375 0.35286132059473063
1.4633499755859376 0.3508976829419943
1.4643499755859375 0.3537999389792762
1.4653499755859376 0.35454943740474354
1.4663499755859375 0.3494195375791937
1.4673499755859376 0.35930764425389233
1.4683499755859375 0.3436798905535467
1.4693499755859376 0.34328747564247036
1.4703499755859375 0.33722501063422966
1.4713499755859376 0.3278841521834337
1.4723499755859375 0.3169543161248483
1.4733499755859376 0.2993620554143577
1.4743499755859375 0.2834672426658602
1.4753499755859374 0.26168323884105965
1.4763499755859375 0.2405084381324258
1.4773499755859374 0.21633465243307054
1.4783499755859375 0.1912278427901468
1.4793499755859374 0.1666571826040272
1.4803499755859375 0.14504658851562438
1.4813499755859374 0.12410640619986323
1.4823499755859375 0.10466615372549969
1.4833499755859374 0.09110886517843857
1.4843499755859375 0.07790360914845142
1.4853499755859374 0.06583040248869768
1.4863499755859375 0.05634059163836104
1.4873499755859374 0.047584522562431335
1.4883499755859375 0.0435868946250126
1.4893499755859374 0.036239617213865684
1.4903499755859375 0.03192745156951354
1.4913499755859374 0.027725838617560672
1.4923499755859375 0.024791170909965073
1.4933499755859374 0.02204834171903512
1.4943499755859375 0.019241623518811694
1.4953499755859374 0.018019061559467444
1.4963499755859375 0.016002219790271867
1.4973499755859374 0.014492431108852398
1.4983499755859375 0.012715834688028647
1.4993499755859374 0.011256737146955176
1.5003499755859375 0.009227186840906591
1.5013499755859374 0.0076838211142399165
1.5023499755859375 0.006442211426815922
1.5033499755859374 0.005281490424012642
1.5043499755859375 0.00447245959280546
1.5053499755859374 0.0037200227823501616
1.5063499755859375 0.0030996719809988425
1.5073499755859374 0.0026713944892420333
1.5083499755859375 0.002269371426519473
1.5093499755859374 0.001946344997074813
1.5103499755859375 0.0016615353468941861
1.5113499755859374 0.0014322799342445312
1.5123499755859375 0.0012364710385042777
1.5133499755859374 0.0010677365511569646
1.5143499755859375 0.0009540746376449872
1.5153499755859374 0.0008228463098104792
1.5163499755859375 0.0007239461398938792
1.5173499755859374 0.0006303601190173755
1.5183499755859375 0.0005714046835121743
1.5193499755859374 0.0005021198727914413
1.5203499755859375 0.0004373257554942787
1.5213499755859374 0.00039563475413171293
1.5223499755859375 0.000346095577056894
1.5233499755859374 0.00032519651284945066
1.5243499755859375 0.00028603980368438985
1.5253499755859374 0.0002527553902337274
1.5263499755859375 0.00023088527834941295
1.5273499755859374 0.00020813927576893027
1.5283499755859375 0.0001903760080197536
1.5293499755859374 0.00016884910274887088
1.5303499755859375 0.00015433203833850305
1.5313499755859374 0.00013979676730426033
1.5323499755859376 0.0001273182789904155
1.5333499755859374 0.00011457376534141846
1.5343499755859376 0.00010466304830876047
1.5353499755859374 9.501285971557945e-05
1.5363499755859376 8.750864506279798e-05
1.5373499755859374 7.914183356635428e-05
1.5383499755859376 7.144971966187905e-05
1.5393499755859374 6.618873029150983e-05
1.5403499755859376 6.114285142154695e-05
1.5413499755859374 5.342128490848814e-05
1.5423499755859376 5.06571694263619e-05
1.5433499755859375 4.648065618381484e-05
1.5443499755859376 4.227608349757341e-05
1.5453499755859375 3.811048404689491e-05
1.5463499755859376 3.584719687002443e-05
1.5473499755859375 3.4223509799090916e-05
1.5483499755859376 2.9495982683308178e-05
1.5493499755859375 2.8389689130179172e-05
1.5503499755859376 2.5329265817982464e-05
1.5513499755859375 2.18234470195578e-05
1.5523499755859376 2.262521346031353e-05
1.5533499755859375 1.9808275111120524e-05
1.5543499755859376 1.6898639010194293e-05
1.5553499755859375 1.941669281482492e-05
1.5563499755859376 1.692326748655644e-05
1.5573499755859375 1.4136859039830628e-05
1.5583499755859376 1.492295133792492e-05
1.5593499755859375 1.3955639338512517e-05
1.5603499755859376 1.2087274492767288e-05
1.5613499755859375 1.1260157737729166e-05
1.5623499755859376 1.105667783119944e-05
1.5633499755859375 9.934544775127148e-06
1.5643499755859376 8.947933459900618e-06
1.5653499755859375 8.783900861821882e-06
1.5663499755859376 7.994139774434934e-06
1.5673499755859375 8.184631435754012e-06
1.5683499755859376 6.654666233894397e-06
1.5693499755859375 8.193725953083886e-06
1.5703499755859376 6.859409508849962e-06
1.5713499755859375 6.784558736403164e-06
1.5723499755859376 6.740399808093574e-06
1.5733499755859375 7.043697755390146e-06
1.5743499755859376 6.798420786933496e-06
1.5753499755859375 5.9584722287715965e-06
1.5763499755859376 4.649212678264071e-06
1.5773499755859375 7.4277207898459945e-06
1.5783499755859376 6.1472467039612315e-06
1.5793499755859375 5.226850402404604e-06
1.5803499755859376 5.1656257984964485e-06
1.5813499755859375 5.753645851983059e-06
1.5823499755859376 5.202891782886345e-06
1.5833499755859375 6.768114536610458e-06
1.5843499755859376 3.892141339940934e-06
1.5853499755859375 3.133373593489115e-06
1.5863499755859376 4.4574768650308976e-06
1.5873499755859375 4.177838175904586e-06
1.5883499755859376 3.8948456456498825e-06
1.5893499755859375 3.2568447488027687e-06
1.5903499755859376 3.6702897917835624e-06
1.5913499755859375 5.4811044541119305e-06
1.5923499755859376 2.7303562096012426e-06
1.5933499755859375 3.4593492741021415e-06
1.5943499755859376 5.608791456802456e-06
1.5953499755859375 2.414777455353926e-06
1.5963499755859376 4.73956428603495e-06
1.5973499755859375 4.2386899964558014e-06
1.5983499755859376 2.3113735791518527e-06
1.5993499755859375 3.5033004076457473e-06
1.6003499755859374 3.103104374188844e-06
1.6013499755859375 3.6974884880824776e-06
1.6023499755859374 3.2777700449072853e-06
1.6033499755859375 2.8106642218014013e-06
1.6043499755859374 1.9915402995932933e-06
1.6053499755859375 3.942262002930728e-06
1.6063499755859374 1.7012742063690973e-06
1.6073499755859375 3.197891703243853e-06
1.6083499755859374 1.7285553963035343e-06
1.6093499755859375 4.475742643326483e-06
1.6103499755859374 1.7731809378148224e-06
1.6113499755859375 4.7128334238501006e-07
1.6123499755859374 1.3917612147463557e-06
1.6133499755859375 1.8736762652880864e-06
1.6143499755859374 2.9550275520778953e-06
1.6153499755859375 2.075704591257016e-06
1.6163499755859374 3.24284929452476e-06
1.6173499755859375 1.2801343033395461e-06
1.6183499755859374 3.122676284732109e-06
1.6193499755859375 1.5269414069776317e-06
1.6203499755859374 2.7451594153890713e-06
1.6213499755859375 1.2165639513230619e-06
1.6223499755859374 2.836167159715205e-06
1.6233499755859375 2.694827301099782e-06
1.6243499755859374 1.7469215595872756e-06
1.6253499755859375 3.369627137296107e-07
1.6263499755859374 2.179290161252889e-06
1.6273499755859375 6.357285013936889e-07
1.6283499755859374 6.807840432208839e-07
1.6293499755859375 3.7714864640389985e-06
1.6303499755859374 1.8130389930062593e-06
1.6313499755859375 4.5967044647797985e-06
1.6323499755859374 7.994365431963044e-07
1.6333499755859375 2.9170909277689117e-06
1.6343499755859374 2.004389322093855e-06
1.6353499755859375 1.8507017156975986e-06
1.6363499755859374 3.77859803240589e-06
1.6373499755859375 7.25780184113608e-07
1.6383499755859374 8.972868304596292e-07
1.6393499755859375 3.067626127069198e-06
1.6403499755859374 2.3155204258090846e-06
1.6413499755859375 2.948200782011004e-06
1.6423499755859374 3.8595993155740796e-06
1.6433499755859375 6.090059792883976e-07
1.6443499755859374 1.966370261157943e-06
1.6453499755859375 2.965694209588927e-07
1.6463499755859374 2.0678637155917295e-06
1.6473499755859375 8.031991872727864e-07
1.6483499755859374 3.434876958171919e-06
1.6493499755859375 1.0928908858476073e-06
1.6503499755859374 7.79873697643502e-07
1.6513499755859375 2.353044077070182e-06
1.6523499755859374 1.6115261520020114e-06
1.6533499755859375 2.0060652484514392e-06
1.6543499755859374 1.0325361376580855e-06
1.6553499755859375 2.237343944224251e-06
1.6563499755859374 1.7885187492505003e-06
1.6573499755859376 2.113812841870435e-06
1.6583499755859374 2.699213630944006e-06
1.6593499755859376 2.6630196580242134e-06
1.6603499755859374 3.4193549844741402e-06
1.6613499755859376 1.2469950326611957e-06
1.6623499755859374 2.5467293972677013e-06
1.6633499755859376 2.2339828321953983e-06
1.6643499755859374 3.5588236304404576e-06
1.6653499755859376 4.7588598921683256e-07
1.6663499755859374 2.8772390810436925e-06
1.6673499755859376 2.5675557228739376e-06
1.6683499755859375 3.2588080245362044e-06
1.6693499755859376 3.9361992437187424e-07
1.6703499755859375 7.220178111174427e-07
1.6713499755859376 3.1661509903826282e-06
1.6723499755859375 5.215604764434799e-07
1.6733499755859376 1.8698325906165563e-06
1.6743499755859375 1.8151539440990823e-06
1.6753499755859376 2.48570716725415e-06
1.6763499755859375 2.0256046649816994e-06
1.6773499755859376 3.5357766709758315e-06
1.6783499755859375 1.0643305586100935e-06
1.6793499755859376 3.5175217209986766e-06
1.6803499755859375 3.981360848187921e-06
1.6813499755859376 3.481554733743681e-06
1.6823499755859375 1.231285715156483e-06
1.6833499755859376 2.412965056859188e-06
1.6843499755859375 4.4416123750787954e-11
1.6853499755859376 1.7317649590006591e-06
1.6863499755859375 4.421237738762536e-11
1.6873499755859376 2.909317320404454e-06
1.6883499755859375 3.660431991821683e-06
1.6893499755859376 4.5739303068105756e-07
1.6903499755859375 3.3967448251926508e-06
1.6913499755859376 4.342481603615462e-06
1.6923499755859375 2.224409260670329e-06
1.6933499755859376 2.6525825223914056e-06
1.6943499755859375 2.0797762217532736e-06
1.6953499755859376 1.3589753160374391e-06
1.6963499755859375 3.0352007349325283e-06
1.6973499755859376 1.0342247555661213e-06
1.6983499755859375 1.545777681645992e-06
1.6993499755859376 5.705504891624002e-07
1.7003499755859375 3.252584792205738e-06
1.7013499755859376 1.622731513225434e-07
1.7023499755859375 1.8826029683406584e-06
1.7033499755859376 2.6449099579821896e-06
1.7043499755859375 2.369748601784282e-06
1.7053499755859376 2.503392635487312e-06
1.7063499755859375 2.6813126409658953e-07
1.7073499755859376 3.3201861277253916e-06
1.7083499755859375 1.1341396060992508e-06
1.7093499755859376 2.1587708899766495e-06
1.7103499755859375 2.0138752986407037e-07
1.7113499755859376 1.949414464575799e-06
1.7123499755859375 2.3861369325717346e-06
1.7133499755859376 1.3350367803801826e-06
1.7143499755859375 1.997992146165235e-06
1.7153499755859376 1.198782165425249e-06
1.7163499755859375 3.4086240380723116e-06
1.7173499755859376 5.1381297884911385e-06
1.7183499755859375 3.4941267939565927e-06
1.7193499755859376 4.5607110450258606e-11
1.7203499755859375 4.272354673183426e-06
1.7213499755859376 3.0288124120071344e-06
1.7223499755859375 1.7942514912836013e-06
1.7233499755859376 3.0135151817985923e-06
1.7243499755859375 4.568418578313012e-11
1.7253499755859374 3.977975353625277e-06
1.7263499755859375 4.7452256648681146e-06
1.7273499755859374 2.760302973694629e-06
1.7283499755859375 1.1571453375292805e-06
1.7293499755859374 1.937740025138501e-06
1.7303499755859375 4.357473844895911e-06
1.7313499755859374 5.552059184035043e-07
1.7323499755859375 2.3690211283169293e-06
1.7333499755859374 1.6799226595196474e-06
1.7343499755859375 4.377481390105725e-06
1.7353499755859374 7.509251581404017e-07
1.7363499755859375 1.7964868322426757e-06
1.7373499755859374 4.115660792661497e-06
1.7383499755859375 1.3444747249803657e-06
1.7393499755859374 4.299218714623704e-06
1.7403499755859375 5.492740124155927e-06
1.7413499755859374 1.3499094918791918e-06
1.7423499755859375 2.6239462466999497e-06
1.7433499755859374 2.5865553852305507e-06
1.7443499755859375 1.4379902144616701e-06
1.7453499755859374 2.6342108319425017e-06
1.7463499755859375 1.6081882428049695e-06
1.7473499755859374 1.313276027088417e-06
1.7483499755859375 2.3358135827615776e-06
1.7493499755859374 4.091852260635129e-06
1.7503499755859375 9.653230101012278e-07
1.7513499755859374 3.4278481984877497e-06
1.7523499755859375 1.5379334487270951e-06
1.7533499755859374 7.785994069015315e-07
1.7543499755859375 2.899617240995533e-06
1.7553499755859374 3.868623133715181e-06
1.7563499755859375 4.675788595779098e-06
1.7573499755859374 1.160944677760369e-06
1.7583499755859375 5.436317546613711e-06
1.7593499755859374 2.390804226218574e-06
1.7603499755859375 3.7041146123071827e-06
1.7613499755859374 2.7893525016903694e-06
1.7623499755859375 2.8858906796019757e-06
1.7633499755859374 4.611569638526104e-11
1.7643499755859375 3.3660060026314084e-06
1.7653499755859374 8.599895059144026e-07
1.7663499755859375 4.7866177036533246e-06
1.7673499755859374 2.0314556241594306e-06
1.7683499755859375 2.2256149053642243e-06
1.7693499755859374 1.616929435621566e-06
1.7703499755859375 2.094714139569083e-06
1.7713499755859374 6.739449065914101e-07
1.7723499755859375 3.817712577263264e-06
1.7733499755859374 1.0486968566601155e-06
1.7743499755859375 5.382820618154198e-06
1.7753499755859374 8.503215445436686e-07
1.7763499755859375 1.3393092883321253e-06
1.7773499755859374 1.45959313649822e-06
1.7783499755859375 3.017050198576553e-06
1.7793499755859374 1.6932590382321743e-06
1.7803499755859375 1.7625660811155922e-06
1.7813499755859374 2.9040708424897017e-06
1.7823499755859376 1.848908756505667e-06
1.7833499755859374 3.9971232536642845e-06
1.7843499755859376 1.3746641709022303e-06
1.7853499755859374 6.236216601008009e-06
1.7863499755859376 2.9899064105993534e-06
1.7873499755859374 4.4715610716338555e-06
1.7883499755859376 4.6488729416272875e-11
1.7893499755859374 1.7300798574128693e-06
1.7903499755859376 3.2668241650488786e-06
1.7913499755859374 2.9409281338402397e-06
1.7923499755859376 2.1650952934191263e-06
1.7933499755859375 2.7329726735841506e-06
1.7943499755859376 2.3503591499774005e-06
1.7953499755859375 4.64994266071467e-06
1.7963499755859376 1.6435921511610322e-06
1.7973499755859375 2.9564571286382528e-06
1.7983499755859376 2.721647180882203e-06
1.7993499755859375 5.831708804546557e-06
1.8003499755859376 2.4472885960699115e-06
1.8013499755859375 1.446598559948654e-06
1.8023499755859376 7.460820812134412e-07
1.8033499755859375 2.702992520359184e-06
1.8043499755859376 1.848050356214157e-06
1.8053499755859375 1.7739395252262403e-07
1.8063499755859376 3.755622647274927e-06
1.8073499755859375 2.5890670052444727e-06
1.8083499755859376 4.209712552667386e-06
1.8093499755859375 2.6811108200414745e-06
1.8103499755859376 1.8456457458514943e-06
1.8113499755859375 3.8118692950763913e-06
1.8123499755859376 7.766419837051629e-07
1.8133499755859375 2.567845673651057e-06
1.8143499755859376 3.3763572081674387e-06
1.8153499755859375 5.235012735209758e-06
1.8163499755859376 1.3103329216120608e-06
1.8173499755859375 3.5897765320082475e-07
1.8183499755859376 4.27220873884157e-06
1.8193499755859375 3.4280486521723885e-06
1.8203499755859376 3.75689124461188e-06
1.8213499755859375 1.0390888456696092e-06
1.8223499755859376 3.8053048805729324e-06
1.8233499755859375 3.6267700320561162e-06
1.8243499755859376 3.02668690041772e-07
1.8253499755859375 2.282453947778392e-06
1.8263499755859376 2.2161340956901243e-06
1.8273499755859375 2.4485285773330065e-06
1.8283499755859376 1.5761827280132818e-06
1.8293499755859375 6.7247017057884775e-06
1.8303499755859376 4.515050842632692e-06
1.8313499755859375 2.1726596480977926e-06
1.8323499755859376 6.571491344244481e-06
1.8333499755859375 4.6925851383360754e-11
1.8343499755859376 4.071687939696701e-06
1.8353499755859375 2.847700512090208e-06
1.8363499755859376 3.2451191464312807e-06
1.8373499755859375 3.534227413286165e-06
1.8383499755859376 5.428890658270869e-06
1.8393499755859375 4.400974718989229e-06
1.8403499755859376 2.53883136005314e-06
1.8413499755859375 3.304170797342739e-06
1.8423499755859376 2.2972120139496616e-06
1.8433499755859375 3.4030979682508466e-06
1.8443499755859376 4.472502535151379e-06
1.8453499755859375 5.9987536680628415e-06
1.8463499755859376 8.25250885789062e-06
1.8473499755859375 3.4682776644033086e-06
1.8483499755859376 3.166946648601121e-06
1.8493499755859375 4.538670343272195e-06
1.8503499755859374 1.773257404351651e-06
1.8513499755859375 8.380114374052255e-06
1.8523499755859374 5.2483551132643485e-06
1.8533499755859375 3.736679145862199e-06
1.8543499755859374 6.331690770867867e-06
1.8553499755859375 4.024388138503637e-06
1.8563499755859374 9.475534233026408e-06
1.8573499755859375 3.5727016071147757e-07
1.8583499755859374 6.982647257541816e-06
1.8593499755859375 2.8755633729616566e-06
1.8603499755859374 5.815302435633297e-06
1.8613499755859375 2.7567413020524207e-06
1.8623499755859374 7.459213774239346e-06
1.8633499755859375 9.313393059330455e-07
1.8643499755859374 4.946580017772966e-06
1.8653499755859375 7.444162824115381e-06
1.8663499755859374 1.991721891672062e-06
1.8673499755859375 3.090969084397366e-06
1.8683499755859374 5.088031121638206e-06
1.8693499755859375 3.3982313330845415e-06
1.8703499755859374 9.062148673714526e-06
1.8713499755859375 4.686937566571705e-11
1.8723499755859374 2.5278005677400635e-06
1.8733499755859375 5.5773921775957505e-06
1.8743499755859374 2.015731912394091e-06
1.8753499755859375 5.8062326890710515e-06
1.8763499755859374 6.224777817649017e-07
1.8773499755859375 2.624438132404203e-06
1.8783499755859374 8.195623877912307e-06
1.8793499755859375 6.009773434929629e-06
1.8803499755859374 5.946685468704465e-06
1.8813499755859375 2.484922533670146e-06
1.8823499755859374 1.899638891959644e-06
1.8833499755859375 6.787272134727574e-06
1.8843499755859374 1.9762384196630022e-07
1.8853499755859375 8.153802325582159e-06
1.8863499755859374 4.9790217676432605e-06
1.8873499755859375 5.316798308309812e-06
1.8883499755859374 3.349980056691631e-06
1.8893499755859375 7.63263655991055e-06
1.8903499755859374 3.6348561520865527e-06
1.8913499755859375 3.7144251692496067e-06
1.8923499755859374 3.1285895009273978e-06
1.8933499755859375 9.594414950544227e-07
1.8943499755859374 2.766480752371285e-06
1.8953499755859375 4.885182248916132e-06
1.8963499755859374 5.178967865200356e-06
1.8973499755859375 8.591353869429164e-07
1.8983499755859374 3.982796974872439e-06
1.8993499755859375 6.499862120102444e-06
1.9003499755859374 5.894865902723616e-07
1.9013499755859375 1.070869175932674e-05
1.9023499755859374 6.407774631508832e-06
1.9033499755859375 4.2998651277776215e-06
1.9043499755859374 3.9752235505200695e-06
1.9053499755859375 7.961662110862421e-06
1.9063499755859374 7.472801649306586e-06
1.9073499755859376 1.0029908341128927e-05
1.9083499755859374 3.696407747125737e-06
1.9093499755859376 7.82185975540108e-06
1.9103499755859374 5.0695882661672375e-06
1.9113499755859376 3.9420873909599985e-06
1.9123499755859374 2.0249392743579615e-06
1.9133499755859376 7.759324136663175e-06
1.9143499755859374 8.85977110091821e-06
1.9153499755859376 6.785049615617231e-06
1.9163499755859374 6.3568943028531705e-06
1.9173499755859376 5.8613005089755e-06
1.9183499755859375 6.022754616363497e-06
1.9193499755859376 8.203755817792656e-06
1.9203499755859375 3.640449839304801e-06
1.9213499755859376 5.917060889445162e-06
1.9223499755859375 3.955859655092223e-06
1.9233499755859376 6.286873819849376e-06
1.9243499755859375 1.1469728831303338e-05
1.9253499755859376 5.657937157325511e-06
1.9263499755859375 1.477882157842029e-06
1.9273499755859376 4.74418904762416e-11
1.9283499755859375 1.006704089104578e-05
1.9293499755859376 1.1898649178495126e-06
1.9303499755859375 1.0687779882772297e-06
1.9313499755859376 6.662231473473415e-06
1.9323499755859375 6.256077502252699e-06
1.9333499755859376 4.573567368674422e-06
1.9343499755859375 7.169276851110067e-06
1.9353499755859376 7.592424836983297e-06
1.9363499755859375 3.191150714579952e-06
1.9373499755859376 8.018598333579141e-06
1.9383499755859375 1.9091272449723885e-07
1.9393499755859376 8.463180720438323e-06
1.9403499755859375 1.010398435809335e-06
1.9413499755859376 4.760595335738438e-11
1.9423499755859375 4.298659102241385e-06
1.9433499755859376 3.0056475486712797e-06
1.9443499755859375 8.385019090129854e-06
1.9453499755859376 5.971108480687643e-06
1.9463499755859375 3.174082731830861e-06
1.9473499755859376 4.073420184957052e-06
1.9483499755859375 4.2877263598163586e-06
1.9493499755859376 3.2745349097032585e-06
1.9503499755859375 1.2413714444206241e-06
1.9513499755859376 7.058043530987811e-06
1.9523499755859375 4.759995401963592e-11
1.9533499755859376 8.264694407891271e-06
1.9543499755859375 4.266418498020316e-06
1.9553499755859376 5.027589729249866e-06
1.9563499755859375 1.0858339971864381e-06
1.9573499755859376 4.73232801675e-11
1.9583499755859375 9.821790306542361e-06
1.9593499755859376 7.2544561587906055e-06
1.9603499755859375 5.203633920889132e-06
1.9613499755859376 3.2159241040941437e-06
1.9623499755859375 5.170050878668417e-06
1.9633499755859376 5.91688991142812e-06
1.9643499755859375 6.726504134646966e-07
1.9653499755859376 4.344758036735514e-06
1.9663499755859375 5.840015250708565e-06
1.9673499755859376 5.228606428234227e-06
1.9683499755859375 4.328301863562393e-06
1.9693499755859376 6.968546615762334e-06
1.9703499755859375 3.2339568509324073e-06
1.9713499755859376 4.528625303569345e-06
1.9723499755859375 3.3588705500484946e-06
1.9733499755859376 1.8485517159246744e-06
1.9743499755859375 2.171160724869228e-06
1.9753499755859374 4.5215447881554815e-06
1.9763499755859375 9.711840464495936e-06
1.9773499755859374 6.497831441160197e-06
1.9783499755859375 6.217770237284412e-06
1.9793499755859374 8.167622466158111e-06
1.9803499755859375 2.854153582186525e-06
1.9813499755859374 6.417523791990419e-06
1.9823499755859375 1.4292928076793906e-06
1.9833499755859374 6.487613365916951e-06
1.9843499755859375 1.1549504809560907e-05
1.9853499755859374 1.1319771836731359e-06
1.9863499755859375 6.333222188986012e-06
1.9873499755859374 5.1122410627623294e-09
1.9883499755859375 6.349832396567555e-06
1.9893499755859374 3.6749447457736547e-06
1.9903499755859375 2.5940988483626257e-06
1.9913499755859374 5.758401930745095e-06
1.9923499755859375 3.8855781030197075e-06
1.9933499755859374 9.989101992946051e-06
1.9943499755859375 4.3802438770676346e-06
1.9953499755859374 7.968745954783524e-06
1.9963499755859375 2.7144203287157567e-06
1.9973499755859374 3.23859683294904e-06
1.9983499755859375 3.931542572067497e-06
1.9993499755859374 9.346653683289435e-06
2.0003499755859373 3.980637420049867e-06
2.0013499755859376 2.069611275778538e-06
2.0023499755859375 4.021523820135858e-06
2.0033499755859374 7.0444062624401496e-06
2.0043499755859373 3.704107166676335e-06
2.0053499755859376 5.552277158387284e-06
2.0063499755859375 6.513802665442454e-06
2.0073499755859374 9.937599169781756e-06
2.0083499755859373 4.4554535476752065e-06
2.0093499755859376 3.3708899070708756e-06
2.0103499755859375 6.188603436651372e-06
2.0113499755859374 7.791560727360848e-06
2.0123499755859373 3.0694438653088375e-06
2.0133499755859376 5.903008332455832e-06
2.0143499755859375 1.2017168612301549e-06
2.0153499755859374 7.553426703782256e-06
2.0163499755859373 6.744913265835929e-06
2.0173499755859376 6.699047715829192e-06
2.0183499755859375 2.3873439080364644e-06
2.0193499755859374 8.996302176548071e-06
2.0203499755859373 5.821488525406237e-06
2.0213499755859377 7.771374309568967e-06
2.0223499755859375 6.948736060169588e-06
2.0233499755859374 1.0263310248423834e-05
2.0243499755859373 7.836737466113403e-06
2.0253499755859377 6.1028383388674085e-06
2.0263499755859375 1.4060047898377162e-05
2.0273499755859374 1.051187297686642e-05
2.0283499755859373 1.1643478831773682e-05
2.0293499755859377 1.910943402269033e-06
2.0303499755859375 3.0428745321465202e-06
2.0313499755859374 5.3681292909613244e-06
2.0323499755859373 8.963855462935435e-06
2.0333499755859377 6.16133280484155e-06
2.0343499755859376 1.6755862936377299e-06
2.0353499755859374 2.465978359766694e-06
2.0363499755859373 4.817719935105594e-11
2.0373499755859377 1.4856122459153596e-05
2.0383499755859376 9.597610639747353e-06
2.0393499755859374 8.006169147513193e-06
2.0403499755859373 9.863028820261697e-06
2.0413499755859377 5.794685181236242e-06
2.0423499755859376 3.2988128116211234e-06
2.0433499755859375 4.417691770743609e-06
2.0443499755859373 1.420449767505266e-05
2.0453499755859377 3.25186744315592e-06
2.0463499755859376 9.845575139485548e-06
2.0473499755859375 4.557654750613077e-06
2.04835009765625 1.5921021166393137e-05
2.04935009765625 2.272539772872277e-06
2.05035009765625 3.3568599111183732e-06
2.05135009765625 2.9315965377023462e-06
2.05235009765625 7.960820715761331e-06
2.05335009765625 4.0876516968540624e-06
2.05435009765625 1.5352506219258708e-06
2.05535009765625 8.711353626954805e-06
2.05635009765625 2.3868247938854592e-06
2.05735009765625 8.75323627964306e-06
2.05835009765625 4.344497225774972e-06
2.05935009765625 5.7315297854950315e-06
2.06035009765625 8.780399685656449e-06
2.06135009765625 5.38255540121015e-06
2.06235009765625 1.9486694611117056e-06
2.06335009765625 1.4403114432008226e-05
2.06435009765625 7.115592240985071e-06
2.06535009765625 2.4893697020118888e-06
2.06635009765625 8.645520988376224e-06
2.06735009765625 5.768940551498732e-06
2.06835009765625 7.0019116720966674e-06
2.06935009765625 6.736655456388313e-06
2.07035009765625 4.707757533761034e-06
2.07135009765625 1.705214853770374e-06
2.07235009765625 3.263282314382732e-06
2.07335009765625 4.203649676053568e-06
2.07435009765625 1.0451868575129769e-05
2.07535009765625 1.3384630269728626e-05
2.07635009765625 3.329553725614552e-06
2.07735009765625 5.035481176793031e-06
2.07835009765625 6.7989878029621854e-06
2.07935009765625 1.0591091794822193e-05
2.08035009765625 4.850505614656352e-11
2.08135009765625 6.953365576397594e-06
2.08235009765625 4.176840602553774e-06
2.08335009765625 6.085642608379686e-06
2.08435009765625 1.7496621384301539e-06
2.08535009765625 1.1816344744960033e-05
2.08635009765625 5.276206468711695e-06
2.08735009765625 5.733786039906983e-07
2.08835009765625 9.038820604941368e-06
2.08935009765625 1.2667251641807858e-05
2.09035009765625 2.30742149306946e-06
2.09135009765625 1.0609356997790453e-05
2.09235009765625 3.5038417432083796e-06
2.09335009765625 4.444586492658133e-06
2.09435009765625 1.1075751823798106e-05
2.09535009765625 5.8079107329615074e-08
2.09635009765625 7.290429831529166e-06
2.09735009765625 6.970482793290308e-06
2.09835009765625 7.160468256318796e-06
2.09935009765625 9.434947921395403e-06
2.10035009765625 5.93421519018543e-06
2.10135009765625 3.748196361997005e-06
2.10235009765625 5.287606333690716e-06
2.10335009765625 2.884011192232686e-06
2.10435009765625 9.403095154757815e-06
2.10535009765625 1.6836080061898032e-05
2.10635009765625 4.799813909183493e-11
2.10735009765625 1.2083786111778804e-05
2.10835009765625 7.657554770257815e-06
2.10935009765625 9.660823726411598e-06
2.11035009765625 5.301243913847778e-06
2.11135009765625 1.0279420656633437e-05
2.11235009765625 7.566972074691481e-06
2.11335009765625 8.623708510457626e-06
2.11435009765625 3.5905065434465057e-06
2.11535009765625 1.1862426045112202e-05
2.11635009765625 7.828084324617161e-06
2.11735009765625 7.852343901130726e-06
2.11835009765625 7.406134387582212e-06
2.11935009765625 8.318104604724141e-06
2.12035009765625 9.61822951575732e-07
2.12135009765625 9.858210012898586e-06
2.12235009765625 6.426563987988881e-06
2.12335009765625 3.0113709596951696e-06
2.12435009765625 3.746934219308516e-06
2.12535009765625 4.6606021544850587e-07
2.12635009765625 1.2431997167268115e-05
2.12735009765625 6.661857107569178e-07
2.12835009765625 1.4749252478110222e-05
2.12935009765625 8.875911895271613e-06
2.13035009765625 6.64820539222876e-06
2.13135009765625 1.873561521734028e-05
2.13235009765625 9.221136192521487e-06
2.13335009765625 4.842704695118129e-11
2.13435009765625 6.608036429953455e-06
2.13535009765625 1.2117499229808562e-05
2.13635009765625 1.2068633292854501e-05
2.13735009765625 5.71274829113797e-07
2.13835009765625 1.2857173117397497e-05
2.13935009765625 4.455489805913231e-06
2.14035009765625 1.1706672738130996e-06
2.14135009765625 1.2663492644968157e-05
2.14235009765625 8.420198818173287e-06
2.14335009765625 1.9413986690020345e-06
2.14435009765625 8.024354280464111e-06
2.14535009765625 1.2723673054961194e-05
2.14635009765625 7.1780330700149845e-06
2.14735009765625 8.492800596089675e-06
2.14835009765625 5.801044850968438e-06
2.14935009765625 6.520919533025824e-06
2.15035009765625 5.312485984177225e-06
2.15135009765625 5.430634948349792e-06
2.15235009765625 8.580945226550143e-06
2.15335009765625 1.4807481059250354e-05
2.15435009765625 3.263179949986634e-06
2.15535009765625 6.027292164069272e-06
2.15635009765625 5.573111054000878e-06
2.15735009765625 7.869784545234446e-06
2.15835009765625 1.133007303586422e-06
2.15935009765625 1.1267333715849241e-05
2.16035009765625 7.778948520962655e-08
2.16135009765625 1.1068765178449428e-05
2.16235009765625 4.0578488246111466e-06
2.16335009765625 1.2115976781372639e-05
2.16435009765625 3.3597081923865755e-06
2.16535009765625 3.5258870887138774e-06
2.16635009765625 2.953831610412263e-06
2.16735009765625 1.0718756182105657e-05
2.16835009765625 4.216847560969074e-06
2.16935009765625 4.32061476282333e-06
2.17035009765625 2.6118529100155244e-06
2.17135009765625 4.355446929559736e-06
2.17235009765625 5.530070772160421e-06
2.17335009765625 7.305285099393638e-06
2.17435009765625 1.1169854040480367e-05
2.17535009765625 1.996051141475036e-06
2.17635009765625 1.2806247987889424e-05
2.17735009765625 6.498359212229041e-06
2.17835009765625 1.7471579962048048e-06
2.17935009765625 8.156045110978973e-06
2.18035009765625 5.362840283558323e-06
2.18135009765625 8.509570576142573e-06
2.18235009765625 7.3623120801033105e-06
2.18335009765625 6.091748398243084e-06
2.18435009765625 3.149256639692505e-06
2.18535009765625 1.2372791186798634e-05
2.18635009765625 8.801544329955839e-07
2.18735009765625 1.1419803502472454e-05
2.18835009765625 2.850881732247932e-06
2.18935009765625 5.071379141072898e-06
2.19035009765625 5.4322776602376956e-06
2.19135009765625 4.69686789656673e-11
2.19235009765625 3.362887550575549e-06
2.19335009765625 5.8671721389405215e-06
2.19435009765625 1.0401408281937163e-05
2.19535009765625 4.7689488057688206e-06
2.19635009765625 1.7383417937026194e-06
2.19735009765625 3.615526807592606e-06
2.19835009765625 5.730411118018507e-06
2.19935009765625 1.035642734465516e-05
2.20035009765625 1.7935916613526283e-06
2.20135009765625 5.825092629912388e-06
2.20235009765625 1.2592227043506382e-05
2.20335009765625 6.632669441417614e-06
2.20435009765625 1.1666521963548363e-05
2.20535009765625 3.5925436101977614e-06
2.20635009765625 6.423345475516921e-06
2.20735009765625 4.0829283866371625e-06
2.20835009765625 1.5674281859069643e-05
2.20935009765625 3.36836567556068e-07
2.21035009765625 5.394568997978988e-06
2.21135009765625 1.4262652550371438e-05
2.21235009765625 5.205897491438879e-06
2.21335009765625 4.850359752517188e-06
2.21435009765625 1.514606838412134e-05
2.21535009765625 4.382251672540769e-06
2.21635009765625 1.0152321755929e-05
2.21735009765625 7.707128407234477e-06
2.21835009765625 1.1250811651778073e-05
2.21935009765625 4.3215901951903254e-11
2.22035009765625 1.073698230090623e-05
2.22135009765625 1.0053411303002128e-05
2.22235009765625 1.250710565655095e-05
2.22335009765625 9.91222717675539e-06
2.22435009765625 9.840979454943897e-06
2.22535009765625 1.9685042008061537e-06
2.22635009765625 6.4807523984369675e-06
2.22735009765625 7.338357328415784e-06
2.22835009765625 1.817407155735672e-05
2.22935009765625 1.0225964641630773e-05
2.23035009765625 1.3653257196560491e-05
2.23135009765625 1.521677854791042e-05
2.23235009765625 8.977825585357704e-06
2.23335009765625 6.817310981019772e-06
2.23435009765625 1.31402914807489e-06
2.23535009765625 1.2679556498392886e-05
2.23635009765625 1.1782794419795377e-05
2.23735009765625 5.508396514427069e-06
2.23835009765625 2.415501742278466e-07
2.23935009765625 4.4478064234002666e-11
2.24035009765625 6.580256964096309e-06
2.24135009765625 4.231446757892905e-06
2.24235009765625 1.1080473148953093e-05
2.24335009765625 1.4893558450039843e-05
2.24435009765625 2.6109039635879725e-06
2.24535009765625 1.4770411815042978e-05
2.24635009765625 2.6380553442753103e-06
2.24735009765625 8.931506347626591e-06
2.24835009765625 3.6794153154128634e-06
2.24935009765625 5.5659010613759275e-06
2.25035009765625 2.2863671075448718e-05
2.25135009765625 1.1536147319809644e-05
2.25235009765625 1.3009235506521215e-05
2.25335009765625 8.243292141495821e-06
2.25435009765625 1.1183173306382496e-05
2.25535009765625 2.3492676452711403e-06
2.25635009765625 9.195812602253086e-06
2.25735009765625 8.198399284783007e-06
2.25835009765625 1.6306053391504272e-06
2.25935009765625 1.3778640141360192e-05
2.26035009765625 6.834862132623111e-06
2.26135009765625 3.489443727859004e-07
2.26235009765625 6.389521857807314e-06
2.26335009765625 2.362509972120761e-05
2.26435009765625 3.7944198287331557e-06
2.26535009765625 1.145265253528335e-05
2.26635009765625 8.906300028568454e-06
2.26735009765625 1.3800814966383957e-05
2.26835009765625 1.3819679918715392e-05
2.26935009765625 1.320696358100074e-07
2.27035009765625 2.3061714746329666e-05
2.27135009765625 2.081239065101507e-06
2.27235009765625 5.0209389703907695e-06
2.27335009765625 1.779203584627105e-05
2.27435009765625 7.25228636050234e-06
2.27535009765625 7.32336549677928e-06
2.27635009765625 6.791217549853004e-06
2.27735009765625 6.8605049437495204e-06
2.27835009765625 3.4523277468362816e-06
2.27935009765625 6.248299403433477e-06
2.28035009765625 1.426754096074823e-05
2.28135009765625 6.355598273019237e-06
2.28235009765625 4.162867326821097e-06
2.28335009765625 8.222267129961712e-06
2.28435009765625 8.896575948814556e-06
2.28535009765625 1.9345914490358836e-06
2.28635009765625 7.903153140465551e-06
2.28735009765625 2.607034436451062e-06
2.28835009765625 1.308244962138323e-05
2.28935009765625 5.733530776677016e-07
2.29035009765625 2.1019207675762257e-06
2.29135009765625 7.811622544963895e-06
2.29235009765625 1.3297894513269759e-05
2.29335009765625 2.09193407953337e-06
2.29435009765625 4.459327038654425e-06
2.29535009765625 3.7258000672545723e-06
2.29635009765625 1.1175491225840343e-06
2.29735009765625 9.17731190909297e-06
2.29835009765625 4.224909871889237e-06
2.29935009765625 2.0306987172392375e-06
2.30035009765625 4.686673678927191e-06
2.30135009765625 1.1137721952741558e-06
2.30235009765625 3.000689531569571e-06
2.30335009765625 4.134010236102179e-06
2.30435009765625 9.425434351633841e-07
2.30535009765625 4.47244516332778e-06
2.30635009765625 1.5222060525745022e-06
2.30735009765625 5.7403461739614015e-06
2.30835009765625 4.257845935080563e-06
2.30935009765625 3.3328777748635695e-06
2.31035009765625 2.856981601384414e-06
2.31135009765625 5.15430027819487e-06
2.31235009765625 4.3551618163277024e-06
2.31335009765625 3.898421804334328e-06
2.31435009765625 4.7239286781474945e-06
2.31535009765625 9.482136511882586e-07
2.31635009765625 4.63464459409593e-07
2.31735009765625 9.966205371234307e-07
2.31835009765625 1.8052278626659519e-06
2.31935009765625 8.663859854143416e-07
2.32035009765625 1.3148791420987205e-07
2.32135009765625 1.9169718088873875e-06
2.32235009765625 3.836066491327449e-06
2.32335009765625 5.01854194546408e-07
2.32435009765625 1.220647553912481e-06
2.32535009765625 3.0040123205505225e-06
2.32635009765625 2.0326016911898075e-06
2.32735009765625 1.2672674671193012e-06
2.32835009765625 7.359725078400576e-07
2.32935009765625 1.8938207858422933e-06
2.33035009765625 1.5371230997374291e-06
2.33135009765625 4.130485177928472e-07
2.33235009765625 1.8889245600544333e-06
2.33335009765625 1.3350688826968505e-06
2.33435009765625 2.3746935632812307e-11
2.33535009765625 2.7054866710797717e-06
2.33635009765625 1.0475637952875657e-07
2.33735009765625 8.529127499346632e-07
2.33835009765625 1.8140566514255495e-06
2.33935009765625 2.2898144659678266e-06
2.34035009765625 1.5941940193725756e-06
2.34135009765625 5.817649127989616e-07
2.34235009765625 1.2766799077835422e-06
2.34335009765625 5.170700889570024e-07
2.34435009765625 1.1732744922529603e-06
2.34535009765625 2.083475578894555e-06
2.34635009765625 1.1729733283960212e-06
2.34735009765625 1.1599461465224273e-06
2.34835009765625 7.716502802648864e-07
2.34935009765625 1.6187737435399225e-06
2.35035009765625 1.4174628140225878e-06
2.35135009765625 1.3996575616932431e-06
2.35235009765625 4.89100222697559e-07
2.35335009765625 8.75085094534058e-07
2.35435009765625 2.571315948067118e-07
2.35535009765625 5.31531600891099e-07
2.35635009765625 1.1007824747895286e-06
2.35735009765625 8.485425860453442e-07
2.35835009765625 5.044170757561837e-07
2.35935009765625 2.670507537227626e-07
2.36035009765625 7.187092171148496e-07
2.36135009765625 7.681586769071739e-07
2.36235009765625 4.6474144780129695e-07
2.36335009765625 3.2587498659615103e-07
2.36435009765625 4.3930213021114993e-07
2.36535009765625 8.981147231881063e-07
2.36635009765625 3.8248854310570594e-07
2.36735009765625 1.097328877552179e-08
2.36835009765625 5.699225950939402e-12
2.36935009765625 1.9234659582429748e-07
2.37035009765625 7.77672933695162e-07
2.37135009765625 1.4309781068478117e-07
2.37235009765625 2.708534406894111e-07
2.37335009765625 3.2673167501276257e-07
2.37435009765625 1.9131500318094736e-07
2.37535009765625 9.353399300873449e-09
2.37635009765625 2.0898787889047177e-08
2.37735009765625 1.5298482609476202e-07
2.37835009765625 2.832047690117142e-07
2.37935009765625 4.511505497706126e-08
2.38035009765625 5.3565003957824395e-08
2.38135009765625 7.62180853038029e-08
2.38235009765625 2.626713850983696e-07
2.38335009765625 4.262131602653475e-08
2.38435009765625 2.7851320240871208e-08
2.38535009765625 7.234350659230248e-08
2.38635009765625 1.063620481825716e-07
2.38735009765625 2.739464039253174e-08
2.38835009765625 1.2201928575104294e-07
2.38935009765625 6.793165753617938e-08
2.39035009765625 6.089191745909096e-08
2.39135009765625 4.3622262571091374e-08
2.39235009765625 8.314751264816555e-09
2.39335009765625 5.721071516682618e-13
2.39435009765625 4.724336817533426e-08
2.39535009765625 1.2415006011859074e-07
2.39635009765625 4.4069835645147623e-13
2.39735009765625 7.510919511579299e-09
2.39835009765625 4.774821961319767e-08
2.39935009765625 1.2875674402295925e-08
2.40035009765625 7.816900742239928e-10
2.40135009765625 7.299405560838364e-08
2.40235009765625 2.662806012086196e-08
2.40335009765625 6.339798130622602e-08
2.40435009765625 1.1940829805211548e-08
2.40535009765625 2.5977473527820968e-08
2.40635009765625 2.891087122639203e-08
2.40735009765625 1.5354050751545863e-08
2.40835009765625 5.220207310176742e-09
2.40935009765625 1.6551219252066464e-08
2.41035009765625 1.3932513195270133e-08
2.41135009765625 3.958854366555796e-09
2.41235009765625 7.48394151273739e-09
2.41335009765625 3.1161134116211896e-09
2.41435009765625 5.592756330933175e-09
2.41535009765625 7.3733144943351514e-09
2.41635009765625 5.173677287257752e-09
2.41735009765625 3.7686576212675875e-09
2.41835009765625 7.783375965100443e-10
2.41935009765625 4.670561605623358e-09
2.42035009765625 3.3413871836242913e-10
2.42135009765625 3.5863801353332525e-09
2.42235009765625 2.3216728598362284e-09
2.42335009765625 3.6936422238364724e-09
2.42435009765625 5.774918516834759e-10
2.42535009765625 1.4144556168984894e-09
2.42635009765625 1.7136745420916109e-10
2.42735009765625 1.7864651677677914e-09
2.42835009765625 5.675611124019831e-10
2.42935009765625 8.250514190638717e-10
2.43035009765625 1.7600110455366283e-09
2.43135009765625 7.018843589841523e-10
2.43235009765625 5.0253709506227e-10
2.43335009765625 4.407201919334506e-10
2.43435009765625 8.512917761297775e-10
2.43535009765625 8.92661483773925e-10
2.43635009765625 9.270469900042531e-10
2.43735009765625 1.0214804507768177e-09
2.43835009765625 8.490055207964116e-10
2.43935009765625 6.332260716132386e-10
2.44035009765625 4.248282939108885e-11
2.44135009765625 7.344885449608217e-10
2.44235009765625 7.093111853340794e-10
2.44335009765625 4.899573339931288e-10
2.44435009765625 3.153993797871206e-10
2.44535009765625 2.413570507603463e-10
2.44635009765625 4.3077371508388005e-11
2.44735009765625 4.4958666232917755e-10
2.44835009765625 2.1476314367531728e-10
2.44935009765625 1.258994873497059e-10
2.45035009765625 1.7437750737246083e-10
2.45135009765625 2.681821422725024e-10
2.45235009765625 4.9420592012235605e-11
2.45335009765625 2.328085041444832e-10
2.45435009765625 1.5138246064755033e-10
2.45535009765625 1.986828522309826e-10
2.45635009765625 1.4538706640420964e-10
2.45735009765625 6.731084430540824e-12
2.45835009765625 3.5158652552790083e-16
2.45935009765625 8.329286754358237e-11
2.46035009765625 4.875204609612502e-11
2.46135009765625 9.514109573808962e-11
2.46235009765625 5.696066091213031e-11
2.46335009765625 8.94688275523545e-11
2.46435009765625 2.1078325514140555e-11
2.46535009765625 4.1820570884819686e-11
2.46635009765625 2.6838720937222154e-11
2.46735009765625 1.9183639907581956e-11
2.46835009765625 3.38963564547408e-11
2.46935009765625 7.861332738054717e-12
2.47035009765625 1.3479055709353956e-11
2.47135009765625 1.0380694004302734e-11
2.47235009765625 2.553102489113246e-11
2.47335009765625 1.2452188104843211e-11
2.47435009765625 3.7542406856324205e-17
2.47535009765625 8.17950837907974e-12
2.47635009765625 1.1357488992567756e-12
2.47735009765625 1.0763548028386672e-11
2.47835009765625 4.86471271243408e-12
2.47935009765625 8.236658346014046e-12
2.48035009765625 3.7098995493478225e-12
2.48135009765625 1.4666329249750478e-17
2.48235009765625 2.349464330724857e-12
2.48335009765625 2.136896680793216e-12
2.48435009765625 1.7125180650461285e-12
2.48535009765625 5.7418755872224575e-12
2.48635009765625 6.02439184632318e-12
2.48735009765625 2.5637692731703767e-12
2.48835009765625 2.51144878504403e-12
2.48935009765625 3.1223844343089145e-13
2.49035009765625 1.0628723738799973e-12
2.49135009765625 1.9440369220214615e-13
2.49235009765625 5.059536635074574e-13
2.49335009765625 5.670896438798554e-13
2.49435009765625 3.844563228939715e-13
2.49535009765625 9.365403538622712e-13
2.49635009765625 9.96243942321565e-13
2.49735009765625 1.4852669082248269e-12
2.49835009765625 3.108281970136849e-13
2.49935009765625 5.901637635571417e-13
2.50035009765625 8.69462167241872e-13
2.50135009765625 7.20890511250688e-13
2.50235009765625 5.308783607788054e-13
2.50335009765625 4.406066739982617e-13
2.50435009765625 7.490112686801925e-14
2.50535009765625 1.5002445306867848e-12
2.50635009765625 1.5914601147442212e-18
2.50735009765625 4.747400198065277e-13
2.50835009765625 1.5296314052823835e-13
2.50935009765625 8.994927936761046e-14
2.51035009765625 5.47040549415002e-13
2.51135009765625 1.1706656034954566e-12
2.51235009765625 2.9723231274226785e-13
2.51335009765625 2.0799426417021376e-13
2.51435009765625 4.4279977984809435e-14
2.51535009765625 5.219452867044538e-14
2.51635009765625 1.8109261820071427e-13
2.51735009765625 3.3603537069943893e-13
2.51835009765625 1.204176280609518e-13
2.51935009765625 3.095732117634437e-13
2.52035009765625 1.7648484246842555e-13
2.52135009765625 1.1529115187318068e-13
2.52235009765625 4.6350831370372e-15
2.52335009765625 1.2723763469883333e-13
2.52435009765625 3.059888072079102e-13
2.52535009765625 1.4151596498212015e-13
2.52635009765625 9.585689739334641e-14
2.52735009765625 2.526193242043873e-13
2.52835009765625 4.856307697068383e-13
2.52935009765625 3.2297838510027584e-19
2.53035009765625 1.94464575665763e-13
2.53135009765625 1.5007633781617465e-13
2.53235009765625 1.841934402085741e-13
2.53335009765625 2.373969513582156e-19
2.53435009765625 2.273914990247868e-13
2.53535009765625 3.323737575824051e-14
2.53635009765625 2.1096779574544622e-13
2.53735009765625 7.371262694586215e-14
2.53835009765625 9.365836488085406e-14
2.53935009765625 1.7994060936439762e-13
2.54035009765625 8.623594043333897e-14
2.54135009765625 9.340280520518419e-14
2.54235009765625 9.859329691711131e-14
2.54335009765625 4.9709825354494897e-14
2.54435009765625 5.3726457140276757e-14
2.54535009765625 4.222983876183213e-15
2.54635009765625 7.565272283689751e-14
2.54735009765625 3.3322746066104033e-14
2.54835009765625 3.306809036275501e-14
2.54935009765625 1.138452630521838e-14
2.55035009765625 3.4460004726617664e-14
2.55135009765625 2.894971070713804e-14
2.55235009765625 3.3290219299577585e-14
2.55335009765625 4.6764784642104104e-14
2.55435009765625 2.7745834167840732e-14
2.55535009765625 1.864278083174402e-14
2.55635009765625 4.296854751117803e-14
2.55735009765625 1.7208227168526785e-14
2.55835009765625 2.3745789813576385e-14
2.55935009765625 2.7448123382519444e-14
2.56035009765625 1.7792265573956374e-14
2.56135009765625 2.4301814864450623e-15
2.56235009765625 8.769768797699646e-15
2.56335009765625 5.593586705828952e-15
2.56435009765625 2.74925647110974e-14
2.56535009765625 1.566610099460548e-14
2.56635009765625 1.3826933757976096e-14
2.56735009765625 8.192619959236915e-15
2.56835009765625 1.2708331094664622e-14
2.56935009765625 1.992579369941209e-15
2.57035009765625 9.479865812550812e-15
2.57135009765625 5.998298902716254e-15
2.57235009765625 5.864415057258897e-15
2.57335009765625 1.4747634090818607e-15
2.57435009765625 4.801632221726507e-15
2.57535009765625 2.7024270617483297e-15
2.57635009765625 5.247569905793088e-15
2.57735009765625 3.760603060197122e-15
2.57835009765625 5.118006700748781e-15
2.57935009765625 1.6739726220572522e-15
2.58035009765625 6.207567781210323e-15
2.58135009765625 3.519342181636853e-16
2.58235009765625 1.4548368584128438e-15
2.58335009765625 1.3642550663482222e-15
2.58435009765625 2.8519141595914137e-15
2.58535009765625 1.3394822058936248e-15
2.58635009765625 2.167147060746971e-15
2.58735009765625 2.5521844810985223e-15
2.58835009765625 8.790120281765977e-16
2.58935009765625 1.2678937184049947e-15
2.59035009765625 7.913989101427519e-16
2.59135009765625 2.4388351062331202e-16
2.59235009765625 1.3680095892154033e-15
2.59335009765625 1.4697262925631047e-15
2.59435009765625 1.0707347590056224e-15
2.59535009765625 1.8112969179418957e-15
2.59635009765625 1.0596174052204348e-16
2.59735009765625 7.710126438911537e-16
2.59835009765625 5.249147297220509e-16
2.59935009765625 6.906518607381839e-16
2.60035009765625 5.596189504141196e-16
