Wavelength_microns Throughput
0.398 0.0
0.399 0.0
0.4 0.0
0.401 0.0
0.402 0.0
0.403 0.0
0.404 0.0
0.405 0.0
0.406 0.0
0.407 0.0
0.408 0.0
0.409 0.0
0.41 0.0
0.411 0.0
0.412 0.0
0.413 0.0
0.414 0.0
0.415 0.0
0.416 0.0
0.417 0.0
0.418 0.0
0.419 0.0
0.42 0.0
0.421 0.0
0.422 0.0
0.423 0.0
0.424 0.0
0.425 0.0
0.426 0.0
0.427 0.0
0.428 0.0
0.429 0.0
0.43 0.0
0.431 0.0
0.432 0.0
0.433 0.0
0.434 0.0
0.435 0.0
0.436 0.0
0.437 0.0
0.438 0.0
0.439 0.0
0.44 0.0
0.441 0.0
0.442 0.0
0.443 0.0
0.444 0.0
0.445 0.0
0.446 0.0
0.447 0.0
0.448 0.0
0.449 0.0
0.45 0.0
0.451 0.0
0.452 0.0
0.453 0.0
0.454 0.0
0.455 0.0
0.456 0.0
0.457 0.0
0.458 0.0
0.459 0.0
0.46 0.0
0.461 0.0
0.462 0.0
0.463 0.0
0.464 0.0
0.465 0.0
0.466 0.0
0.467 0.0
0.468 0.0
0.469 0.0
0.47 0.0
0.471 0.0
0.472 0.0
0.473 0.0
0.474 0.0
0.475 0.0
0.476 0.0
0.477 0.0
0.478 0.0
0.479 0.0
0.48 0.0
0.481 0.0
0.482 0.0
0.483 0.0
0.484 0.0
0.485 0.0
0.486 0.0
0.487 0.0
0.488 0.0
0.489 0.0
0.49 0.0
0.491 0.0
0.492 0.0
0.493 0.0
0.494 0.0
0.495 0.0
0.496 0.0
0.497 0.0
0.498 0.0
0.499 0.0
0.5 0.0
0.501 0.0
0.502 0.0
0.503 0.0
0.504 0.0
0.505 0.0
0.506 0.0
0.507 0.0
0.508 0.0
0.509 0.0
0.51 0.0
0.511 0.0
0.512 0.0
0.513 0.0
0.514 0.0
0.515 0.0
0.516 0.0
0.517 0.0
0.518 0.0
0.519 0.0
0.52 0.0
0.521 0.0
0.522 0.0
0.523 0.0
0.524 0.0
0.525 2.273534906888186e-07
0.526 9.620616157369649e-07
0.527 1.6695460236593665e-06
0.528 2.113036058433121e-06
0.529 2.171560613134219e-06
0.53 2.002709313724062e-06
0.531 1.8683913192542955e-06
0.532 1.8286863237831461e-06
0.533 1.874231605400034e-06
0.534 1.9572258368512145e-06
0.535 2.2442091256614828e-06
0.536 2.765236732521132e-06
0.537 3.6631393267545135e-06
0.538 5.052698261853732e-06
0.539 7.681147152713918e-06
0.54 1.195878178364657e-05
0.541 1.6993339136197445e-05
0.542 1.980621478758372e-05
0.543 1.8906004792980918e-05
0.544 1.5070771277145655e-05
0.545 1.093291628572055e-05
0.546 7.73932908867601e-06
0.547 5.913063366117716e-06
0.548 4.924325243480207e-06
0.549 4.430814063184384e-06
0.55 4.3814617540940455e-06
0.551 4.717629501613458e-06
0.552 5.20290551579943e-06
0.553 5.852037771664714e-06
0.554 6.612020492659031e-06
0.555 7.330044468217875e-06
0.556 7.548518496020081e-06
0.557 7.635956816282308e-06
0.558 6.516345275614278e-06
0.559 4.5837394588037255e-06
0.56 4.535932703189123e-06
0.561 5.133740087405591e-06
0.562 4.8850415899312736e-06
0.563 4.540300930085688e-06
0.564 5.019356787748142e-06
0.565 5.709706268456039e-06
0.566 6.308348271319808e-06
0.567 6.39527981874075e-06
0.568 6.704120035906265e-06
0.569 7.031561444116965e-06
0.57 6.92154119654835e-06
0.571 7.2997065572997325e-06
0.572 8.633148454945596e-06
0.573 1.026149095137217e-05
0.574 1.1145619663360272e-05
0.575 1.2424217275315925e-05
0.576 1.4955405265552677e-05
0.577 1.713896003317167e-05
0.578 1.8016202109545152e-05
0.579 1.8847971097070952e-05
0.58 2.089328620864352e-05
0.581 2.5690896020753595e-05
0.582 3.462123838001216e-05
0.583 5.1971766735204333e-05
0.584 9.263947198292395e-05
0.585 0.0001903906318844252
0.586 0.0003530409983112119
0.587 0.0004754759005302129
0.588 0.00044659254334131676
0.589 0.00029342685417045535
0.59 0.00015563826392791247
0.591 8.778107208524288e-05
0.592 6.119181999488955e-05
0.593 4.696492199911556e-05
0.594 3.913853721770103e-05
0.595 3.828682054808737e-05
0.596 3.585849304747321e-05
0.597 3.683839594289635e-05
0.598 3.9998354993709476e-05
0.599 4.158454450904109e-05
0.6 4.5133345281829634e-05
0.601 5.037022572291626e-05
0.602 5.848132877836911e-05
0.603 7.136617496420664e-05
0.604 8.696519049792647e-05
0.605 0.00010091070529889971
0.606 0.00011614488469739065
0.607 0.00012972076353961941
0.608 0.0001334395687275538
0.609 0.00012899740383121199
0.61 0.00011895317176888096
0.611 0.00010531769435302051
0.612 8.922224887073815e-05
0.613 7.592305899762437e-05
0.614 6.50138731610478e-05
0.615 5.84834514896043e-05
0.616 5.298219191984048e-05
0.617 4.99794972684698e-05
0.618 4.941035934584893e-05
0.619 4.606830102988535e-05
0.62 4.287236975226839e-05
0.621 4.0915919715570274e-05
0.622 4.578246585311292e-05
0.623 4.924200192017623e-05
0.624 5.484513575808012e-05
0.625 6.528253632415729e-05
0.626 8.073193417572547e-05
0.627 0.00010547195908842106
0.628 0.000147912137909321
0.629 0.00021788563696224339
0.63 0.00032514290536856695
0.631 0.0004591673853260475
0.632 0.0005591590851689514
0.633 0.0005650538407140841
0.634 0.000480922326867353
0.635 0.00037411856320565225
0.636 0.0002904450483676638
0.637 0.00024235271622000262
0.638 0.00021840619963153017
0.639 0.00021118691060850479
0.64 0.00022323956637068366
0.641 0.0002467686955328844
0.642 0.0002804438512607951
0.643 0.0003159021429066945
0.644 0.00034469485822051515
0.645 0.0003489346055796567
0.646 0.00031824925047851173
0.647 0.00026544265096192283
0.648 0.00020793831343147678
0.649 0.00016535957905228582
0.65 0.00013421555394696794
0.651 0.00011063973540847421
0.652 9.571393986701388e-05
0.653 9.21867065773434e-05
0.654 9.11821961783693e-05
0.655 9.400033509729283e-05
0.656 0.00010158722131761754
0.657 0.0001194236248499713
0.658 0.00014088053343495768
0.659 0.0001697620020870324
0.66 0.0002044409625546109
0.661 0.00024046142069194962
0.662 0.0002540176781204135
0.663 0.00024232604711969853
0.664 0.0002169233873570712
0.665 0.00019082126949282138
0.666 0.00016431442673198518
0.667 0.0001418598285234507
0.668 0.0001312897146880414
0.669 0.00012556783936819172
0.67 0.00012433944996785668
0.671 0.00012540581780261012
0.672 0.00013909673230578942
0.673 0.000161142915421561
0.674 0.0001913813649633047
0.675 0.00022008523401885612
0.676 0.0002477375897120337
0.677 0.00026447519447200915
0.678 0.0002710839409644062
0.679 0.00025930128369967213
0.68 0.00023144096638216756
0.681 0.00019234753061122905
0.682 0.0001624878690745313
0.683 0.00015191711891856334
0.684 0.0001467662266934067
0.685 0.0001409904083948872
0.686 0.0001365360984770401
0.687 0.00014067041577852754
0.688 0.00014837017141601354
0.689 0.00015396267285755437
0.69 0.0001655409410323175
0.691 0.00017668045419815548
0.692 0.00017801946723335584
0.693 0.00016959665282688987
0.694 0.00015716592969085643
0.695 0.00014157566777369177
0.696 0.00012138178634388353
0.697 0.00010731324243956583
0.698 9.81210756771536e-05
0.699 9.109413054928222e-05
0.7 8.456613984120242e-05
0.701 7.68034843839063e-05
0.702 7.300573408902233e-05
0.703 7.704393932649437e-05
0.704 8.908145208663933e-05
0.705 0.0001041524679750679
0.706 0.0001229545077977786
0.707 0.00014461225185347838
0.708 0.00017198443113692778
0.709 0.00021724870187949185
0.71 0.00030251383903276343
0.711 0.00044326053007442696
0.712 0.0006556670070319168
0.713 0.0009448748434772149
0.714 0.001335537735398264
0.715 0.0017348020108591418
0.716 0.001974339153099491
0.717 0.0018621541764100632
0.718 0.001498310627245124
0.719 0.0010904276789976209
0.72 0.000769088446482913
0.721 0.0005311551883032305
0.722 0.0003668400926596948
0.723 0.0002720874479895211
0.724 0.0001990641170964194
0.725 0.00015142857398840753
0.726 0.00012107152803603682
0.727 0.00010195049839735283
0.728 8.233903108074858e-05
0.729 6.365319608692215e-05
0.73 5.820007174767091e-05
0.731 5.54580093651613e-05
0.732 5.240528880989707e-05
0.733 4.7890488191262105e-05
0.734 5.272726343681403e-05
0.735 5.4791016818958353e-05
0.736 4.943848574832713e-05
0.737 5.198377286794733e-05
0.738 6.376890196376217e-05
0.739 8.031643033896965e-05
0.74 8.831978502322376e-05
0.741 0.00011028090125852942
0.742 0.00014550316293342674
0.743 0.00020971183129321966
0.744 0.00031272210762935376
0.745 0.00047495563625115793
0.746 0.0007102181731321546
0.747 0.0010183428576672061
0.748 0.0013381778044488932
0.749 0.0015689110725814167
0.75 0.0016660428886325425
0.751 0.0017304619445525932
0.752 0.0020261525862730876
0.753 0.0027407122405391482
0.754 0.003532372914351772
0.755 0.003527389508945268
0.756 0.0025006535299489296
0.757 0.0012333188198956752
0.758 0.0005060265150646828
0.759 0.0002489209329506579
0.76 0.00014184922611544938
0.761 8.014193530824411e-05
0.762 4.801683674778466e-05
0.763 3.8951907010918764e-05
0.764 2.7040700566060362e-05
0.765 1.5244253590042186e-05
0.766 1.4668709376102846e-05
0.767 1.566517672616405e-05
0.768 1.5372355269396748e-05
0.769 1.0544910502186273e-05
0.77 1.0943963503248001e-05
0.771 9.149339174160308e-06
0.772 1.153353569403316e-05
0.773 1.1159857383683752e-05
0.774 5.0202685509880306e-06
0.775 6.568597147738697e-06
0.776 9.50633067407776e-06
0.777 1.731605724521816e-05
0.778 6.7372168837417e-06
0.779 7.822137139623409e-06
0.78 1.094341535599557e-05
0.781 1.616256957891994e-05
0.782 9.207912225710858e-06
0.783 1.7802125506434784e-05
0.784 1.782846725668256e-05
0.785 1.37618208214853e-05
0.786 1.1872313116939719e-05
0.787 1.850885948825025e-05
0.788 2.8778551974561084e-05
0.789 5.3312151525766334e-05
0.79 0.0001045507145187363
0.791 0.00015924678629921943
0.792 0.00018486747548359257
0.793 0.00015207407540063396
0.794 0.00010104886474085863
0.795 6.767221622542115e-05
0.796 4.977660233907654e-05
0.797 -8.562228180158444e-05
0.798 0.00035256555744958546
0.799 0.0010252603634233514
0.8 0.002174740729938954
0.801 0.0016004557939529622
0.802 0.002375067733525061
0.803 0.002126206843847471
0.804 0.0021670408364740687
0.805 0.0004551952186769315
0.806 0.00017532297932285488
0.807 0.000796192678239657
0.808 0.0018215377132090415
0.809 0.0020234167341948448
0.81 0.0009854418030009427
0.811 0.0012509388253868568
0.812 0.0011669597339122018
0.813 0.001697971560644922
0.814 0.0016177999808600527
0.815 0.0018077918677927712
0.816 0.0012659529654311084
0.817 0.0014214734650127825
0.818 0.0013213462979379158
0.819 0.0010646526702310772
0.82 0.0014754420756163894
0.821 0.0023945918548620828
0.822 0.0020033603451843716
0.823 0.0005979037155416155
0.824 -0.00037624569375188134
0.825 0.0002529296193154543
0.826 0.0015882173897679428
0.827 0.0019619510647893605
0.828 0.0008751347741432182
0.829 5.4478114244471204e-06
0.83 0.0005686445486704818
0.831 0.001093389655852577
0.832 0.0014072366910697224
0.833 0.0012362006182020666
0.834 0.0012057385421091762
0.835 0.001097234393632295
0.836 0.001167539752621358
0.837 0.0010858687032341274
0.838 0.0013581358333599036
0.839 0.0014023745432763953
0.84 0.0011305014843013001
0.841 0.0009218120273082467
0.842 0.0011067099451295703
0.843 0.0009699487683883477
0.844 0.0008356417706390402
0.845 0.0007545178587804852
0.846 0.0009414863968663278
0.847 0.001299726992187695
0.848 0.0014355489925621525
0.849 0.001061687294536428
0.85 0.0009244727685545649
0.851 0.0011874107050023936
0.852 0.0013756257900515588
0.853 0.001401209370311699
0.854 0.0016293051230376473
0.855 0.001091278494587669
0.856 0.0006128712611719909
0.857 0.000381701861691264
0.858 0.0009856549602999922
0.859 0.0012343940027777695
0.86 0.0016621244336193785
0.861 0.001093047946500425
0.862 0.0008730849990942723
0.863 0.000610769073198215
0.864 0.001123138259010946
0.865 0.0011893714097677389
0.866 0.0013255792850466724
0.867 0.0007548128703928269
0.868 0.0009223050129676032
0.869 0.001239192415700988
0.87 0.0014858209557269304
0.871 0.0011731017486963373
0.872 0.0013233348338991674
0.873 0.0013280759983421157
0.874 0.0011512894372310346
0.875 0.001137393843986807
0.876 0.00126603360271086
0.877 0.00129643161509287
0.878 0.0012165062076339545
0.879 0.001166226775599531
0.88 0.0010564757118650431
0.881 0.0009141130707885551
0.882 0.000886127900560581
0.883 0.000936105252970487
0.884 0.0008366097452705467
0.885 0.0006853515997578265
0.886 0.0007659720405458916
0.887 0.0009565725954980973
0.888 0.0008309781186287833
0.889 0.0006844617651032287
0.89 0.0008764735433789421
0.891 0.0010147011268340253
0.892 0.0009886827849443375
0.893 0.0010372829490949654
0.894 0.001153001949079432
0.895 0.001184715109150691
0.896 0.0011735801783266336
0.897 0.0011098670842658023
0.898 0.001086262587604002
0.899 0.0010888567062500778
0.9 0.0011539061334172502
0.901 0.0012772063402348352
0.902 0.0013188520477740303
0.903 0.0012778837986546037
0.904 0.0012210790018459194
0.905 0.0012120930639621388
0.906 0.001073456287736285
0.907 0.0009290508804317701
0.908 0.0009567017547603498
0.909 0.0010218070081018326
0.91 0.0009380210771295171
0.911 0.0007919162412909073
0.912 0.0008216266110096006
0.913 0.0009755936634791121
0.914 0.000936301427251405
0.915 0.0008166254976100244
0.916 0.0006551969105627039
0.917 0.0005209657596977163
0.918 0.0005388889001034594
0.919 0.0006870804770879691
0.92 0.0007781777181273653
0.921 0.0007327546731182175
0.922 0.0006943683815516012
0.923 0.0007874752201578113
0.924 0.0009333230669932652
0.925 0.0010414825854156797
0.926 0.0010530356885641548
0.927 0.001208356033423534
0.928 0.001373955049637292
0.929 0.0015166611933090817
0.93 0.0015528537978993983
0.931 0.0016588943221315926
0.932 0.0018694809121564257
0.933 0.0020708522043684187
0.934 0.0021700214546332133
0.935 0.0022244603198126587
0.936 0.0023433249119211574
0.937 0.002494499908805313
0.938 0.0026148189226198677
0.939 0.002710030212144904
0.94 0.0027408347045373054
0.941 0.0027366677262915425
0.942 0.002736111098489664
0.943 0.002785661643239284
0.944 0.0027469210621630133
0.945 0.0026991478121993337
0.946 0.002637231795610257
0.947 0.002561654095242527
0.948 0.0024529993072053753
0.949 0.0023613262472706627
0.95 0.002256156191862438
0.951 0.0021433490740254296
0.952 0.00208029810132715
0.953 0.001999282051265961
0.954 0.0018768055565718663
0.955 0.0018000021448708323
0.956 0.0017513960241467904
0.957 0.0016914240495426252
0.958 0.0016316794743319056
0.959 0.0016203641967333106
0.96 0.001615165542226289
0.961 0.0016592688958425676
0.962 0.0017666393587871707
0.963 0.0018988957563361693
0.964 0.0019773783094828054
0.965 0.002119271109417306
0.966 0.0023322447014067914
0.967 0.002587472462868034
0.968 0.0028585945505687988
0.969 0.003221490990257252
0.97 0.003730212827805935
0.971 0.00430440609362599
0.972 0.004983084242050272
0.973 0.005827960804794422
0.974 0.006875005336018663
0.975 0.00805863337157682
0.976 0.00957691464570351
0.977 0.01138437986203867
0.978 0.013523344070096017
0.979 0.01599087728886405
0.98 0.01911543480622596
0.981 0.022544787501596893
0.982 0.026605704821971984
0.983 0.03118630149998501
0.984 0.03639391205111431
0.985 0.04258970643470237
0.986 0.049095691017246944
0.987 0.05614705022283191
0.988 0.06364536964965357
0.989 0.07256477105325394
0.99 0.08187442711450925
0.991 0.09147481286461817
0.992 0.10285824114214343
0.993 0.11385935521568159
0.994 0.12487533154148892
0.995 0.13594664779929977
0.996 0.1492344537570996
0.997 0.16234715874311978
0.998 0.17560795018067904
0.999 0.1886544665192818
1.0 0.2007097563511084
1.001 0.21245420256588157
1.002 0.22432503097655887
1.003 0.23634457581401655
1.004 0.24838761384675997
1.005 0.2591546178513727
1.006 0.2691036242346442
1.007 0.27742215883076665
1.008 0.28607510910579886
1.009 0.29393472113822167
1.01 0.30145423214857925
1.011 0.3091971584443315
1.012 0.31584289421308603
1.013 0.3220578935703062
1.014 0.32743665785497966
1.015 0.33265427797416924
1.016 0.33605666851911786
1.017 0.3395576477825175
1.018 0.34373255117552176
1.019 0.34756702329086314
1.02 0.3514703944174654
1.021 0.35503826996171406
1.022 0.3579853618583645
1.023 0.35941109763635104
1.024 0.36085824445147213
1.025 0.3617362349103516
1.026 0.36239555721330163
1.027 0.3636798483616174
1.028 0.36573175084602105
1.029 0.36757621739813523
1.03 0.36891940212399377
1.031 0.37035173361500134
1.032 0.37135915662601954
1.033 0.3717924350801765
1.034 0.37314404812790736
1.035 0.3742671598459226
1.036 0.3755922289600283
1.037 0.37697876882695236
1.038 0.37789328688986107
1.039 0.3777575566013953
1.04 0.37721982568061446
1.041 0.37740357806240227
1.042 0.3778323909979268
1.043 0.3795438252639516
1.044 0.381168447387937
1.045 0.3815303002095635
1.046 0.3816704566276502
1.047 0.38205598976773236
1.048 0.3830988896723752
1.049 0.3831670915619988
1.05 0.38291215261690903
1.051 0.38284712828183515
1.052 0.3837511716326285
1.053 0.38519532725120625
1.054 0.38547714384889564
1.055 0.38491857881482294
1.056 0.3837369728862357
1.057 0.38334797220633376
1.058 0.38348456938229103
1.059 0.3837804082138448
1.06 0.3844702835804087
1.061 0.3847592481147621
1.062 0.3851345157341414
1.063 0.38531132814139035
1.064 0.38522555869129405
1.065 0.38486496100455264
1.066 0.3850075835641788
1.067 0.3860115691557841
1.068 0.3867569043428755
1.069 0.38739187022625826
1.07 0.38666615097920637
1.071 0.38619280997931665
1.072 0.3858220248709971
1.073 0.3864524323510297
1.074 0.3874266664402058
1.075 0.38897163355126574
1.076 0.3910005827240331
1.077 0.39262798404288146
1.078 0.39403583103939566
1.079 0.3949053134388011
1.08 0.396413456810985
1.081 0.39774740326066543
1.082 0.3985670718396432
1.083 0.39901361159171345
1.084 0.3998165487571465
1.085 0.4012587811484639
1.086 0.4026904700070025
1.087 0.404119476595167
1.088 0.4045640459423244
1.089 0.40420471672699837
1.09 0.403831975399952
1.091 0.4051721066541687
1.092 0.4075758947997492
1.093 0.4090303053412764
1.094 0.40952699514666724
1.095 0.40913149802492577
1.096 0.4091524626810188
1.097 0.4092047145643836
1.098 0.4099638863900256
1.099 0.4108884549171402
1.1 0.41162772315024104
1.101 0.4124816985093118
1.102 0.4130219005728965
1.103 0.4132101506948377
1.104 0.413145648152858
1.105 0.4130701518514486
1.106 0.4133055722694604
1.107 0.41390793262181
1.108 0.41524496540386047
1.109 0.4153274181728992
1.11 0.4152511254282881
1.111 0.4151923335673903
1.112 0.41542999561192356
1.113 0.4152629792162887
1.114 0.4153765558859141
1.115 0.4162182453547051
1.116 0.4165130803669429
1.117 0.4168969309398764
1.118 0.41723971578329844
1.119 0.41726287672360896
1.12 0.4162564423599753
1.121 0.4152742096853691
1.122 0.41505007350544176
1.123 0.4145364705866964
1.124 0.4145250568827334
1.125 0.4154038596345328
1.126 0.41611022969092337
1.127 0.41557116559343066
1.128 0.4146238084106211
1.129 0.4141563801976378
1.13 0.41464743772189133
1.131 0.4160787796786653
1.132 0.41676963018994495
1.133 0.41649109852673283
1.134 0.4161237258442895
1.135 0.4160628799419935
1.136 0.41663508315279524
1.137 0.417289406527103
1.138 0.41800075251112323
1.139 0.41822561714267414
1.14 0.419435560142257
1.141 0.4213658289761392
1.142 0.42338675394836767
1.143 0.42466873507480357
1.144 0.42473264340377337
1.145 0.42481819194834625
1.146 0.42565057750507135
1.147 0.4271380548939836
1.148 0.42901669212944316
1.149 0.429471125017025
1.15 0.4298908850141741
1.151 0.43036008418567495
1.152 0.43153241829008393
1.153 0.4321075860822982
1.154 0.4325903978944023
1.155 0.4333605490172909
1.156 0.4339174484377004
1.157 0.43519117829668963
1.158 0.43639430151627157
1.159 0.4374747549171446
1.16 0.4370749016078028
1.161 0.43679967738687403
1.162 0.4371236864871997
1.163 0.43834619882209
1.164 0.43924060682914434
1.165 0.4399466897011166
1.166 0.44015261078742685
1.167 0.4400728646876219
1.168 0.4395789164552235
1.169 0.4397867844577702
1.17 0.4395906121798796
1.171 0.4393040654504466
1.172 0.4385800986180443
1.173 0.4387949428772326
1.174 0.43836183853870886
1.175 0.4372739927641157
1.176 0.4350980462253973
1.177 0.4325119125653954
1.178 0.43014517582687195
1.179 0.42708859889428497
1.18 0.4235830177773921
1.181 0.41951258792240964
1.182 0.4140776707538734
1.183 0.4068425443181545
1.184 0.39746379043814517
1.185 0.388276028026693
1.186 0.37784775329698306
1.187 0.36616635974975537
1.188 0.353029695453028
1.189 0.3406217308783207
1.19 0.3287146320128943
1.191 0.3154513132850163
1.192 0.30227714553823865
1.193 0.2896770819205392
1.194 0.2784861188625812
1.195 0.26887338298380264
1.196 0.2610391547450021
1.197 0.2553899708894189
1.198 0.2533942612048588
1.199 0.2541676691219701
1.2 0.2559297387952343
1.201 0.2588868529550832
1.202 0.2644548344135155
1.203 0.2726617710294685
1.204 0.28233458386270577
1.205 0.2929087972277788
1.206 0.3051856119849012
1.207 0.31785071817507954
1.208 0.3306608664682211
1.209 0.3439096869579189
1.21 0.3587499123066471
1.211 0.37246107177754134
1.212 0.38466152444409857
1.213 0.39669420331183697
1.214 0.4073749873272607
1.215 0.4164047085101529
1.216 0.42395565323614964
1.217 0.43129583210460604
1.218 0.4381411454302163
1.219 0.44341921674978274
1.22 0.4466887868315301
1.221 0.4485319285991343
1.222 0.45030703170409253
1.223 0.4522346190873441
1.224 0.4527354847642288
1.225 0.4531536428174039
1.226 0.4535056707582283
1.227 0.4545419750868636
1.228 0.4549653270694165
1.229 0.4549110561007698
1.23 0.45426268612127596
1.231 0.4535426681705176
1.232 0.4539575328347257
1.233 0.45482430301838267
1.234 0.455461199734005
1.235 0.455425783421058
1.236 0.4553356912625909
1.237 0.45567959489921656
1.238 0.4555946698799096
1.239 0.4554004880265004
1.24 0.455374106132441
1.241 0.4560992270689959
1.242 0.4570300390770262
1.243 0.45749678348839695
1.244 0.4577405612170085
1.245 0.4570876895589848
1.246 0.45714354814642905
1.247 0.4568929448145764
1.248 0.4571330813205319
1.249 0.45768903473099076
1.25 0.4584802799255304
1.251 0.4587887615090308
1.252 0.4588588011186891
1.253 0.4592004242276903
1.254 0.45881665585264086
1.255 0.458802654304531
1.256 0.4586819161092146
1.257 0.4587329601172666
1.258 0.4589581672669425
1.259 0.4596420840203826
1.26 0.46031500274001735
1.261 0.4605789962692221
1.262 0.46059069532735347
1.263 0.46035416819781044
1.264 0.4604686941986287
1.265 0.4612083449614421
1.266 0.46190898212355497
1.267 0.46254511527273867
1.268 0.46230064540614557
1.269 0.4617447812310976
1.27 0.461221171160969
1.271 0.4615250775952441
1.272 0.4616959572987648
1.273 0.4617150945642764
1.274 0.4618113724550645
1.275 0.4620134415114936
1.276 0.4621945944238648
1.277 0.4625717037377907
1.278 0.46252545707334636
1.279 0.4617707237827406
1.28 0.4610993297590548
1.281 0.46159110140205456
1.282 0.46217606248422166
1.283 0.46281467444074437
1.284 0.46301661403141803
1.285 0.4632680539658671
1.286 0.46277542897632085
1.287 0.4621478833677117
1.288 0.4618098706061417
1.289 0.46173158411247067
1.29 0.4614381393321166
1.291 0.46116149146459967
1.292 0.46154488506017827
1.293 0.46180704012990376
1.294 0.46146496747105437
1.295 0.4602066076409253
1.296 0.459155736915671
1.297 0.4600857059610148
1.298 0.46223458935398204
1.299 0.46446041400556876
1.3 0.46477220891821613
1.301 0.4643901258115355
1.302 0.46307204919204237
1.303 0.4625966374212048
1.304 0.46232649982916046
1.305 0.4628608352060115
1.306 0.4630060142641143
1.307 0.4632868817828177
1.308 0.4632713118016739
1.309 0.46395715277576866
1.31 0.4642465885580491
1.311 0.46511204314708515
1.312 0.46563823868927445
1.313 0.46614284645564424
1.314 0.4666787624698995
1.315 0.4682209411093878
1.316 0.4693713012122991
1.317 0.46946780909718133
1.318 0.4690699616895515
1.319 0.4698392757423282
1.32 0.47075009950661123
1.321 0.4710645074070062
1.322 0.4703501370711764
1.323 0.4708565231374279
1.324 0.4720716774403527
1.325 0.47318446555312016
1.326 0.4730903190089171
1.327 0.4725306959002442
1.328 0.47198094974876226
1.329 0.47175568532121365
1.33 0.47269027167381406
1.331 0.4739157035623172
1.332 0.47484968491536445
1.333 0.4746351746067359
1.334 0.47391883167134297
1.335 0.473088536475505
1.336 0.4733616681241165
1.337 0.4745425774795665
1.338 0.47533262653912156
1.339 0.4755284041787355
1.34 0.4758306501108239
1.341 0.4764834013809251
1.342 0.47721884974678963
1.343 0.4775252644985055
1.344 0.47745669638901317
1.345 0.47724800145829466
1.346 0.4773806984247206
1.347 0.47798587238939605
1.348 0.47945153567447596
1.349 0.4804719406560645
1.35 0.47995498704907535
1.351 0.4789009979415865
1.352 0.47845549451945263
1.353 0.4788401987352915
1.354 0.48046338967413277
1.355 0.4814707574814854
1.356 0.4813044183139819
1.357 0.48111537884076117
1.358 0.4817979735492465
1.359 0.48145165187259087
1.36 0.4802946651326784
1.361 0.47964539769967995
1.362 0.48045564669712887
1.363 0.48161074923295993
1.364 0.48245965739023555
1.365 0.4820658514867915
1.366 0.4810243133173564
1.367 0.47894895470015053
1.368 0.4776393419409671
1.369 0.477385706477672
1.37 0.478184609217261
1.371 0.47834232482532746
1.372 0.47731774304148156
1.373 0.475205968972493
1.374 0.47290330497907046
1.375 0.47163703622428393
1.376 0.47113516980865744
1.377 0.4703866046343916
1.378 0.46881110549196214
1.379 0.46738922410477035
1.38 0.4666046887793499
1.381 0.4655040671311691
1.382 0.4642780103261569
1.383 0.4628767920040246
1.384 0.4615141059229214
1.385 0.46114529428790374
1.386 0.4618592204443831
1.387 0.46241239201321405
1.388 0.4618425410209446
1.389 0.46144987539421967
1.39 0.46151263034766987
1.391 0.4621425120256134
1.392 0.4621835743553323
1.393 0.46318273511188135
1.394 0.4646323023111966
1.395 0.4661189235757332
1.396 0.46607817411288366
1.397 0.46631979861593054
1.398 0.467151062323693
1.399 0.46810327901637916
1.4 0.4688950838407342
1.401 0.4699582117124035
1.402 0.47087890346102257
1.403 0.47141226814663384
1.404 0.4721518760444906
1.405 0.4726747151424128
1.406 0.4723514276174671
1.407 0.47260612600838325
1.408 0.47373835035237644
1.409 0.4751305213139258
1.41 0.47595251020820406
1.411 0.47725688375397124
1.412 0.47878900207098885
1.413 0.479810964419763
1.414 0.48028554690668596
1.415 0.4800346646185327
1.416 0.48070113178914603
1.417 0.48226894752667004
1.418 0.48359838052739
1.419 0.4837585496192085
1.42 0.4827350093296469
1.421 0.4820798770339239
1.422 0.48074762047300473
1.423 0.47963857911975444
1.424 0.47757951523590025
1.425 0.4756075160610589
1.426 0.4734038829697985
1.427 0.4706915372427636
1.428 0.4667629589275536
1.429 0.46215715738670915
1.43 0.457787608475387
1.431 0.45233079244261626
1.432 0.4461302321534035
1.433 0.4399993112461881
1.434 0.43363827845303027
1.435 0.42652952758560114
1.436 0.41824269545179643
1.437 0.4114086172890587
1.438 0.40308755713218014
1.439 0.39361857367351843
1.44 0.3828255170355747
1.441 0.3738084675416621
1.442 0.36517059624410575
1.443 0.3554854353198927
1.444 0.3451849524152179
1.445 0.3351781515181849
1.446 0.32535956911642094
1.447 0.3167170747532458
1.448 0.3089484199271858
1.449 0.30258654340256047
1.45 0.29617145634987546
1.451 0.29097268360952533
1.452 0.2863073317527761
1.453 0.28221737576233413
1.454 0.2798331133828
1.455 0.27938564670972854
1.456 0.2806110935997508
1.457 0.2823974154311625
1.458 0.2859114260298165
1.459 0.2912794013373792
1.46 0.2982710477690061
1.461 0.3059058618287527
1.462 0.3140999960422434
1.463 0.3238231159352302
1.464 0.33484221464172936
1.465 0.34849705014548643
1.466 0.3619906412999928
1.467 0.3757751437866777
1.468 0.38693848535784137
1.469 0.3990035376161969
1.47 0.4110148090548265
1.471 0.42377135556892953
1.472 0.4368303132748537
1.473 0.4486182699214689
1.474 0.4600860750373349
1.475 0.4686524483252263
1.476 0.47736275953122587
1.477 0.4835664973399342
1.478 0.4892601730122772
1.479 0.49374328183530625
1.48 0.4987218032491937
1.481 0.5024166605222897
1.482 0.5054466050638692
1.483 0.5081204594119686
1.484 0.5103866065520396
1.485 0.5106217679379624
1.486 0.5105780490511946
1.487 0.5098360637141166
1.488 0.510490102448879
1.489 0.5113258815283874
1.49 0.5130007173286308
1.491 0.513782651162826
1.492 0.5139422159391267
1.493 0.5133850213683405
1.494 0.512074093140154
1.495 0.5112784443495914
1.496 0.5108504223325793
1.497 0.5121850368151377
1.498 0.5128788835044568
1.499 0.5136494085947282
1.5 0.5131453417851016
1.501 0.5131804015610353
1.502 0.5130986177729817
1.503 0.5128625221227817
1.504 0.5129228196381801
1.505 0.5141284783710712
1.506 0.5157662820923871
1.507 0.5159772339027542
1.508 0.5165334344606552
1.509 0.5170858652492731
1.51 0.5170917486917217
1.511 0.5172384047804625
1.512 0.5175652912678906
1.513 0.5183825197356926
1.514 0.519170578336354
1.515 0.5199564859247755
1.516 0.5207619640066814
1.517 0.5212225285153338
1.518 0.5210994504413033
1.519 0.5196316910397726
1.52 0.518882005235553
1.521 0.5186848969448009
1.522 0.5193193159949165
1.523 0.521132621783079
1.524 0.5224405784958319
1.525 0.5221532360987162
1.526 0.5220013059055445
1.527 0.5220929817954675
1.528 0.5234779410947489
1.529 0.523762822398184
1.53 0.524627714430745
1.531 0.5246307270850948
1.532 0.5255224093573331
1.533 0.5255934776157556
1.534 0.5250746945400228
1.535 0.5247767863622377
1.536 0.5246393228379647
1.537 0.5252066109096106
1.538 0.5262579810783385
1.539 0.5272561547989801
1.54 0.5273585632442727
1.541 0.5269964400744815
1.542 0.5264843399830763
1.543 0.5248881843919843
1.544 0.5239807199067278
1.545 0.5237361389522551
1.546 0.5253766967565399
1.547 0.5257537046020186
1.548 0.526423482293066
1.549 0.5262257166965744
1.55 0.5259307423369287
1.551 0.5251037133568921
1.552 0.5251982675209724
1.553 0.5260627545858809
1.554 0.5264636173036776
1.555 0.5276336679898529
1.556 0.5286112057537121
1.557 0.5283706476602024
1.558 0.526851278053675
1.559 0.5255831186505977
1.56 0.5257183855354656
1.561 0.5264426875689476
1.562 0.5271849575485914
1.563 0.5279704984316989
1.564 0.5291814352978459
1.565 0.5291440921222723
1.566 0.5271771968168917
1.567 0.5258153315690535
1.568 0.525377340492054
1.569 0.5256912796563227
1.57 0.5259241321532205
1.571 0.5263447442864966
1.572 0.5272102654945214
1.573 0.5272845825463908
1.574 0.5267356633870977
1.575 0.52565354683736
1.576 0.5254898144156043
1.577 0.5257097494347807
1.578 0.5262725072597167
1.579 0.5272691461848132
1.58 0.5282418574789097
1.581 0.5288830402513116
1.582 0.5267066593079079
1.583 0.5251932140855157
1.584 0.525385416561127
1.585 0.5267599652956025
1.586 0.5258704621970983
1.587 0.5251044980149017
1.588 0.525222477846004
1.589 0.5246572671733802
1.59 0.5241016954496048
1.591 0.5229238478211822
1.592 0.523130626588868
1.593 0.5234081378348259
1.594 0.5238193806898085
1.595 0.5238605188826699
1.596 0.5239920867092817
1.597 0.5249868966437645
1.598 0.5242881107986043
1.599 0.5237410934749921
1.6 0.5232912071973816
1.601 0.5237937648598189
1.602 0.5252352452577108
1.603 0.5274167012127251
1.604 0.5295952750562704
1.605 0.5286985615349368
1.606 0.5275776104972199
1.607 0.5264119632816578
1.608 0.5261606268224113
1.609 0.5264818146782828
1.61 0.5275276246026197
1.611 0.5282441661792546
1.612 0.527287834638181
1.613 0.5276715094316335
1.614 0.5286802282097626
1.615 0.5287402420434595
1.616 0.5271956153610068
1.617 0.5266131555348056
1.618 0.5275880514364335
1.619 0.5293180628078547
1.62 0.5304366146144052
1.621 0.5306304826947119
1.622 0.5294880359896958
1.623 0.5285731357410774
1.624 0.5278451206978
1.625 0.5294733980262445
1.626 0.5317548226788233
1.627 0.5336859393756044
1.628 0.5335851683632122
1.629 0.5347729801451553
1.63 0.5346587504389916
1.631 0.5321896667706373
1.632 0.5303763198553304
1.633 0.5306906535470329
1.634 0.5323037470304306
1.635 0.5332986648149871
1.636 0.5351137812652269
1.637 0.5347844902230134
1.638 0.5340681160504487
1.639 0.5326694264094421
1.64 0.5328427670587005
1.641 0.5337231148993454
1.642 0.5346257157082287
1.643 0.534023196574654
1.644 0.5339031055854094
1.645 0.5335389815498197
1.646 0.5335104138952336
1.647 0.532937406608714
1.648 0.5330505385573154
1.649 0.5320118634323119
1.65 0.532443077015777
1.651 0.5337451867376248
1.652 0.5353150937249548
1.653 0.5350837569555771
1.654 0.5336619647975539
1.655 0.5329132512530953
1.656 0.5324171138024005
1.657 0.5321736461285999
1.658 0.5319906997150246
1.659 0.5329192496036187
1.66 0.5334742920267359
1.661 0.532804626878122
1.662 0.5318394544177005
1.663 0.5313693392668997
1.664 0.5298642723903232
1.665 0.5288953557413242
1.666 0.5285440384169332
1.667 0.529186172230332
1.668 0.5284628668829103
1.669 0.5277474332988494
1.67 0.5255662359966312
1.671 0.5234016934441941
1.672 0.5210127452577054
1.673 0.5212859649863762
1.674 0.5234681160181252
1.675 0.5256143217469141
1.676 0.5271225655333591
1.677 0.5275276887895376
1.678 0.5277278237012717
1.679 0.5284147320663253
1.68 0.530678201374927
1.681 0.5310788671483081
1.682 0.5305214477804069
1.683 0.5316970481512368
1.684 0.5336450478041173
1.685 0.5359057418012517
1.686 0.5362172411683741
1.687 0.5355450278356328
1.688 0.5347237821624875
1.689 0.5357792678988225
1.69 0.5355947848859466
1.691 0.5363057593519376
1.692 0.5370740943706973
1.693 0.5385297719273504
1.694 0.5379675291828617
1.695 0.5375845456112585
1.696 0.5357196956036412
1.697 0.5357663415046369
1.698 0.5354196926535175
1.699 0.5358121753446171
1.7 0.5362310918432973
1.701 0.537624231925665
1.702 0.5373122634589867
1.703 0.5354198288067886
1.704 0.5333018056845977
1.705 0.5320788051800663
1.706 0.5322519632663997
1.707 0.532482362218723
1.708 0.5324910074583855
1.709 0.5323576741323116
1.71 0.531412831961544
1.711 0.5307282225085399
1.712 0.5294996753361054
1.713 0.528124773126244
1.714 0.5272731988203397
1.715 0.527686662553458
1.716 0.5286226595084965
1.717 0.5289530926585586
1.718 0.5305703964832701
1.719 0.5306797881682319
1.72 0.5303796262793369
1.721 0.5290362313652932
1.722 0.5302646224865911
1.723 0.5313927344966656
1.724 0.5323733481094755
1.725 0.5338493402324338
1.726 0.5359114629984448
1.727 0.5374366005778273
1.728 0.5357478893903361
1.729 0.5342434776452715
1.73 0.5328784913675205
1.731 0.533595146867258
1.732 0.5342852693806016
1.733 0.5351031727911377
1.734 0.5352506542446964
1.735 0.5346840753727695
1.736 0.5343471727752463
1.737 0.5343709940206675
1.738 0.5351629834269322
1.739 0.535777653897139
1.74 0.5364659002018912
1.741 0.5366497990319141
1.742 0.5371754647866909
1.743 0.5383626128776474
1.744 0.5381392424677146
1.745 0.5373856591176749
1.746 0.5366770177753538
1.747 0.5367341161521737
1.748 0.5369197492528829
1.749 0.5382244468643673
1.75 0.5404272623109112
1.751 0.5408425051956146
1.752 0.5394882505031782
1.753 0.5384885210046082
1.754 0.5378396193894093
1.755 0.5383914665446125
1.756 0.5388161960405006
1.757 0.5398920963267285
1.758 0.5392491000497134
1.759 0.5395026168054656
1.76 0.5393362030754814
1.761 0.5383200122595293
1.762 0.5367046475663282
1.763 0.5364529685849004
1.764 0.53740257134294
1.765 0.5385870477662568
1.766 0.5393798859982042
1.767 0.5396125474218899
1.768 0.5379951975510516
1.769 0.5367785745367266
1.77 0.5354891676403105
1.771 0.5360956225774154
1.772 0.5362181497705315
1.773 0.535601139919888
1.774 0.5361707228821644
1.775 0.5388003913084751
1.776 0.5441565112260317
1.777 0.5420342095729526
1.778 0.5377832328094364
1.779 0.5342709269332954
1.78 0.5368711407095239
1.781 0.5383186173527705
1.782 0.5399921098518061
1.783 0.5414093741012292
1.784 0.541527994643386
1.785 0.5402767033789997
1.786 0.5395755992246325
1.787 0.5400841891876866
1.788 0.541073202515846
1.789 0.5421558850287751
1.79 0.5428332104364153
1.791 0.5429936400011939
1.792 0.5423132282927074
1.793 0.540926334908464
1.794 0.5401399677469699
1.795 0.5401053102450435
1.796 0.5394096398121538
1.797 0.5394432624792591
1.798 0.540609305436805
1.799 0.5426154469359246
1.8 0.5427012668297013
1.801 0.5425516321746678
1.802 0.5422458101623531
1.803 0.5418925684861913
1.804 0.5418656723789217
1.805 0.5422765926230945
1.806 0.5437101075601917
1.807 0.5440657836910611
1.808 0.5443897906598402
1.809 0.5439665428986166
1.81 0.543791233744976
1.811 0.5434974095439655
1.812 0.5435980654715739
1.813 0.5446525101040696
1.814 0.5462990809504936
1.815 0.547362968987609
1.816 0.5471393021455601
1.817 0.5465877581616467
1.818 0.545312485734275
1.819 0.5434658489611328
1.82 0.5422158202986427
1.821 0.542205231975017
1.822 0.5431543870590784
1.823 0.543596822220515
1.824 0.543891290948505
1.825 0.5434578437576488
1.826 0.5427253156304511
1.827 0.5417025342802334
1.828 0.5414733897012081
1.829 0.5413196705085849
1.83 0.5418736693202766
1.831 0.5429000610349884
1.832 0.5443673975093536
1.833 0.5440912534411662
1.834 0.5430934001545871
1.835 0.5426526259683304
1.836 0.5427182152545204
1.837 0.5428775764296793
1.838 0.5436275935836257
1.839 0.5459442838593553
1.84 0.5463108410480301
1.841 0.5451694620420793
1.842 0.5430951587241297
1.843 0.541964048333111
1.844 0.5417583411482587
1.845 0.5428550462758274
1.846 0.5443669269775521
1.847 0.5449169716751889
1.848 0.5450829822141856
1.849 0.5441184446033152
1.85 0.5431127158990161
1.851 0.5419116833930573
1.852 0.5415136545796474
1.853 0.5418681606292889
1.854 0.5428693992110144
1.855 0.543889659563016
1.856 0.5435648784350375
1.857 0.542500977086987
1.858 0.5411248128503828
1.859 0.5407781369622644
1.86 0.5407091032143128
1.861 0.5404704364839163
1.862 0.5414624457947896
1.863 0.5428073224416898
1.864 0.5444362960635313
1.865 0.5442657972355323
1.866 0.5429582328291703
1.867 0.5411899575773482
1.868 0.5410213282968863
1.869 0.5430039139978531
1.87 0.5438643931186958
1.871 0.5443026075931895
1.872 0.5440073889594098
1.873 0.5453249266522991
1.874 0.5456797976347676
1.875 0.5456458625503161
1.876 0.5449709188708145
1.877 0.5454104438933431
1.878 0.5461031547200617
1.879 0.5470206981025814
1.88 0.5476508993449501
1.881 0.5466355852129223
1.882 0.544340837103414
1.883 0.5425471198112809
1.884 0.5419574204162214
1.885 0.5427272046840265
1.886 0.5436444106789047
1.887 0.5445266382608962
1.888 0.5442144201113811
1.889 0.5438200829132922
1.89 0.5427210663524227
1.891 0.5414994138059688
1.892 0.541168364594076
1.893 0.540999083404192
1.894 0.5410689187285108
1.895 0.5415878229044977
1.896 0.5428368148051756
1.897 0.5436974391556028
1.898 0.5427126608324713
1.899 0.5414343991474013
1.9 0.5405420329355792
1.901 0.5415944595445152
1.902 0.5420836016072637
1.903 0.5421806775682716
1.904 0.5423564865826307
1.905 0.5423764049431634
1.906 0.541382948365562
1.907 0.5398951641623256
1.908 0.5398687937292019
1.909 0.5409462921580039
1.91 0.5423659066658981
1.911 0.5436047841699938
1.912 0.5436880968115815
1.913 0.5439112089514635
1.914 0.5430608317004155
1.915 0.5419363378911414
1.916 0.5402575023287556
1.917 0.5399556009795616
1.918 0.5413116602544245
1.919 0.5420304833759817
1.92 0.5424107701664614
1.921 0.5415786477236918
1.922 0.5414211087891205
1.923 0.5404939386048532
1.924 0.5395178880701655
1.925 0.5384048273963488
1.926 0.538055710516373
1.927 0.5386217604519611
1.928 0.5389901896029141
1.929 0.5389914355555939
1.93 0.5383471675187351
1.931 0.5372687941951491
1.932 0.5356164464830326
1.933 0.5339531895026551
1.934 0.5344801139944755
1.935 0.5357342698649832
1.936 0.5370397204024855
1.937 0.5367891556957938
1.938 0.5370222333917699
1.939 0.536455084536351
1.94 0.5361377586635925
1.941 0.5359365313507382
1.942 0.5367067204888122
1.943 0.5383695850347945
1.944 0.539807957869507
1.945 0.540985668434114
1.946 0.5413007816635846
1.947 0.5408341829011301
1.948 0.5394416171056775
1.949 0.5383137830484709
1.95 0.5387743434272381
1.951 0.5402044888024821
1.952 0.5413291986711626
1.953 0.5413213888731503
1.954 0.5412106355175327
1.955 0.5409586478420525
1.956 0.5405524098335555
1.957 0.54027446824869
1.958 0.5402757011529251
1.959 0.5403070392780809
1.96 0.540704364109757
1.961 0.5407853128680296
1.962 0.5411576418503015
1.963 0.5408721823025235
1.964 0.540625684880512
1.965 0.5397077799280201
1.966 0.5401929828927584
1.967 0.5414238814469926
1.968 0.541642018400736
1.969 0.54107938828795
1.97 0.5399309955258293
1.971 0.5400481554702803
1.972 0.5395992607255498
1.973 0.5398102419844645
1.974 0.5393813808920366
1.975 0.5397533120092509
1.976 0.5402013559603087
1.977 0.5406563337570089
1.978 0.5414074604739496
1.979 0.5416467962707592
1.98 0.5415143771090097
1.981 0.5406365315426954
1.982 0.5404741263983893
1.983 0.5408694342430724
1.984 0.5412347064840848
1.985 0.5420435072644193
1.986 0.5425922664811157
1.987 0.5434522627159609
1.988 0.5430091339681686
1.989 0.5426882703119065
1.99 0.5421206325072012
1.991 0.5423537888311155
1.992 0.5424312183496773
1.993 0.5415836115003869
1.994 0.5400124237116718
1.995 0.5371046110747433
1.996 0.5339443136946392
1.997 0.5309979803442137
1.998 0.5329345075343678
1.999 0.5356198183292409
2.0 0.537405885748688
2.001 0.5374054088744602
2.002 0.5374376825852117
2.003 0.5371425759854093
2.004 0.5364899868778601
2.005 0.5371073576789006
2.006 0.537419279458329
2.007 0.538749508816459
2.008 0.5390594447626389
2.009 0.5388456148226168
2.01 0.5381546485307577
2.011 0.5371688070233379
2.012 0.5368600179732921
2.013 0.5371367676877775
2.014 0.5379452187549173
2.015 0.5374513299524747
2.016 0.5370194010071896
2.017 0.5372644315530186
2.018 0.5374207445515639
2.019 0.5367066475605682
2.02 0.5352770720462935
2.021 0.5354331272038254
2.022 0.5372228062837581
2.023 0.538270228284161
2.024 0.5374168564730802
2.025 0.5358494571493123
2.026 0.5357026642496204
2.027 0.5352416762518388
2.028 0.5348706616184944
2.029 0.5341667531226575
2.03 0.5352166725933488
2.031 0.5366511118349536
2.032 0.5371774787377289
2.033 0.5362435368833248
2.034 0.5353478677624305
2.035 0.5354363102648357
2.036 0.5353614568827599
2.037 0.5350477165460836
2.038 0.5350538222779582
2.039 0.5346696296852002
2.04 0.533584469782941
2.041 0.532196200584221
2.042 0.5316054536387353
2.043 0.5316885986127611
2.044 0.5315494798071294
2.045 0.531327896115406
2.046 0.5306553300379869
2.047 0.5308845551483665
2.048 0.5307273427784903
2.049 0.5304247525292125
2.05 0.5300293559799196
2.051 0.5293089450820383
2.052 0.5284679456064879
2.053 0.5272631109566314
2.054 0.5280871608821662
2.055 0.5286282036252411
2.056 0.5297140916002164
2.057 0.5300721451863853
2.058 0.5312757666750808
2.059 0.5317413227067481
2.06 0.5310082442992864
2.061 0.5304856331452331
2.062 0.5304734534114474
2.063 0.5321090240464337
2.064 0.5323485883029125
2.065 0.5320849837614245
2.066 0.531553734430813
2.067 0.5307626965484844
2.068 0.5307979740836829
2.069 0.530503169270254
2.07 0.5317333212930441
2.071 0.5327507495992989
2.072 0.5347438512722956
2.073 0.5353372735736243
2.074 0.535649380976368
2.075 0.5367233655639819
2.076 0.5368195767572783
2.077 0.5356955288023277
2.078 0.5338938061409542
2.079 0.5346716783458751
2.08 0.5364881951888923
2.081 0.5376285852046565
2.082 0.5379979875019738
2.083 0.5379812524377184
2.084 0.5387307911677867
2.085 0.5378261192188325
2.086 0.5383861201402065
2.087 0.5385380339819972
2.088 0.5398189960474588
2.089 0.5383178417008827
2.09 0.5364238843375929
2.091 0.5351612103704063
2.092 0.5358386938765642
2.093 0.5369873638110239
2.094 0.5362309791286779
2.095 0.5349318130147962
2.096 0.5344778346813862
2.097 0.5358833738333338
2.098 0.5371411168239482
2.099 0.5370110299271539
2.1 0.5361080581420729
2.101 0.5356540246715376
2.102 0.5353873578574357
2.103 0.5347954440624947
2.104 0.534291516803524
2.105 0.5352013060086687
2.106 0.5358016719318712
2.107 0.535787164439211
2.108 0.5354571050723972
2.109 0.5360001426697475
2.11 0.5366799341572172
2.111 0.535719425935162
2.112 0.5345192907146786
2.113 0.5347755786784913
2.114 0.5359635684885754
2.115 0.5356063953869926
2.116 0.535103313947072
2.117 0.5351210696118175
2.118 0.5356646236333151
2.119 0.5363853502930094
2.12 0.5372164727034394
2.121 0.537948011543657
2.122 0.5377337763248198
2.123 0.5367802172270039
2.124 0.5363636607220484
2.125 0.5374547673476365
2.126 0.5388566385824765
2.127 0.5379820808468516
2.128 0.5365600957592495
2.129 0.5357692578188732
2.13 0.5369055203697052
2.131 0.5378733146518281
2.132 0.5375230551087351
2.133 0.5364652555290881
2.134 0.5349047946078427
2.135 0.5347524684238971
2.136 0.5342147154160741
2.137 0.5336361814205656
2.138 0.5322250993498256
2.139 0.5308426725164236
2.14 0.5292984114481595
2.141 0.5282289028861605
2.142 0.528622977600855
2.143 0.5284036138137161
2.144 0.5280033586771913
2.145 0.526796226611843
2.146 0.5266689263532409
2.147 0.5267936339526536
2.148 0.527111013909666
2.149 0.5272658893154893
2.15 0.5267331102124793
2.151 0.5257041995240709
2.152 0.5240336359128925
2.153 0.5230983592374623
2.154 0.5227376936608186
2.155 0.5229042192814637
2.156 0.5234502405897814
2.157 0.522361724338169
2.158 0.5214050679402781
2.159 0.5217041563160459
2.16 0.5225149222292136
2.161 0.5219821566591137
2.162 0.5207626853502842
2.163 0.520619451808753
2.164 0.5194202569425815
2.165 0.5176956705538618
2.166 0.5160281050694916
2.167 0.5161090926666277
2.168 0.5163891452472315
2.169 0.5153139589216253
2.17 0.514231253509104
2.171 0.5135381276955366
2.172 0.5136734435036401
2.173 0.5133542857039106
2.174 0.5132493099261743
2.175 0.5122489702695266
2.176 0.5098712372894677
2.177 0.5070729200465225
2.178 0.5042708650587274
2.179 0.5023503772056483
2.18 0.5002406857271792
2.181 0.4986633604145739
2.182 0.49759413173649614
2.183 0.49620253876394566
2.184 0.4935188758307946
2.185 0.4897453512892594
2.186 0.4868315803008894
2.187 0.4834314373868361
2.188 0.48187119775284437
2.189 0.47879086157404227
2.19 0.4771971893381449
2.191 0.4734615354434587
2.192 0.4712734462894043
2.193 0.4676180048195425
2.194 0.4649787004735832
2.195 0.46117406109235176
2.196 0.4584035302326181
2.197 0.45515199385159766
2.198 0.4513138083299197
2.199 0.44712641413597254
2.2 0.44423336639784544
2.201 0.44046555634949114
2.202 0.43609848056662887
2.203 0.43120613775785643
2.204 0.42758400588043416
2.205 0.4248840463699586
2.206 0.42303611941145813
2.207 0.42085325251898725
2.208 0.4180903500422715
2.209 0.41497669155352135
2.21 0.4122836562449487
2.211 0.4109720665508554
2.212 0.4109597687103779
2.213 0.41107475425521106
2.214 0.41056821925185444
2.215 0.4095655191860764
2.216 0.40972650456694415
2.217 0.4108459005849817
2.218 0.4121972307531061
2.219 0.4129199405834706
2.22 0.4139523805529069
2.221 0.4153637165023543
2.222 0.41628918721834374
2.223 0.418058891530549
2.224 0.41987720217046315
2.225 0.421155652558508
2.226 0.42120722368521063
2.227 0.42158525772278393
2.228 0.4222772917354436
2.229 0.4235687886385776
2.23 0.42505659526538664
2.231 0.42575745581590385
2.232 0.4261170703529371
2.233 0.42702237379039487
2.234 0.4281371105720513
2.235 0.4289572254718228
2.236 0.42964998309773245
2.237 0.4300123148778879
2.238 0.4302347621825405
2.239 0.4313702490004137
2.24 0.43269338414535646
2.241 0.432307867500742
2.242 0.43088138206652904
2.243 0.4302497351462631
2.244 0.4315360382835441
2.245 0.4333053086950984
2.246 0.4346508343965262
2.247 0.4348170540650707
2.248 0.43359913650764426
2.249 0.43323728100101166
2.25 0.4336276532749942
2.251 0.4348997559207013
2.252 0.4347261169370364
2.253 0.43413648598368854
2.254 0.4337610506726493
2.255 0.43434831760280657
2.256 0.43537382379535994
2.257 0.4352492247742269
2.258 0.4351359063134422
2.259 0.4350151835627152
2.26 0.43539799764980525
2.261 0.4355054459420574
2.262 0.4363869486993265
2.263 0.4365096631356745
2.264 0.4358811001967331
2.265 0.43521711407906716
2.266 0.4360946486180152
2.267 0.43704362300274824
2.268 0.4379129504684127
2.269 0.4393365842321899
2.27 0.4418822260680654
2.271 0.444688032822001
2.272 0.4477160427573921
2.273 0.4496844840615374
2.274 0.4511281870104746
2.275 0.4525952090809545
2.276 0.45469087057194185
2.277 0.45683994083909235
2.278 0.4584120074803707
2.279 0.45980606445323036
2.28 0.4605165693323112
2.281 0.461536770833174
2.282 0.46342608937409857
2.283 0.466374812994271
2.284 0.4688527135320994
2.285 0.46947717153304946
2.286 0.47004449164673995
2.287 0.4711386557129145
2.288 0.4730825784876137
2.289 0.4745765802318092
2.29 0.4757465761558851
2.291 0.4761020977348419
2.292 0.4762633745900773
2.293 0.4774512785414126
2.294 0.4797087224873938
2.295 0.4819088930001346
2.296 0.48245144347124475
2.297 0.48264974254334403
2.298 0.48315034355589903
2.299 0.48513339293395946
2.3 0.48717606942482866
2.301 0.48789468919461376
2.302 0.488173275875687
2.303 0.48937022057138124
2.304 0.4924315671510003
2.305 0.4955082147305426
2.306 0.4979670503226159
2.307 0.49925177292287004
2.308 0.5013750831110939
2.309 0.5046629175881835
2.31 0.5073742248148841
2.311 0.5094255427504417
2.312 0.5110969901809238
2.313 0.5114338953501384
2.314 0.511072037976906
2.315 0.5109573262295534
2.316 0.513181193053235
2.317 0.5151671985464533
2.318 0.5163909961788299
2.319 0.5164373177647513
2.32 0.5167642486036144
2.321 0.5176583061696207
2.322 0.5196873778674339
2.323 0.5212398947801347
2.324 0.520860871587707
2.325 0.520228720214505
2.326 0.5203806926985769
2.327 0.520523387981571
2.328 0.521829255215128
2.329 0.522426559820501
2.33 0.5228961408414304
2.331 0.5218031448570282
2.332 0.523473741377081
2.333 0.5259208263178644
2.334 0.5272609699687022
2.335 0.5264827054286835
2.336 0.5258395673533521
2.337 0.5259136855961145
2.338 0.5262147001244806
2.339 0.5267639175848584
2.34 0.5265951163291753
2.341 0.5263554459021696
2.342 0.5263111848455931
2.343 0.5260172373308424
2.344 0.5265510875019356
2.345 0.5261026028477988
2.346 0.5262448634546452
2.347 0.5262794782107245
2.348 0.5280043459948834
2.349 0.5298384129088904
2.35 0.5306596581783196
2.351 0.5313369056854695
2.352 0.5311758226993136
2.353 0.5322552353791875
2.354 0.5331230952368586
2.355 0.5346853011134785
2.356 0.5357333290721701
2.357 0.53612193413461
2.358 0.536918422596076
2.359 0.5378432597941258
2.36 0.5397737208039136
2.361 0.5396920367003515
2.362 0.5392814164204236
2.363 0.5377478972922047
2.364 0.5376409487653196
2.365 0.5387500057230437
2.366 0.5399522008800629
2.367 0.5409148047275951
2.368 0.540664018890909
2.369 0.5401213556575362
2.37 0.5399891995613696
2.371 0.5406641572587696
2.372 0.5413681111379178
2.373 0.5404896342486062
2.374 0.5397967832310758
2.375 0.5399084477277858
2.376 0.5410266293119951
2.377 0.5408811258809042
2.378 0.5406831549570381
2.379 0.539829157580562
2.38 0.5385042127436622
2.381 0.0
2.3819999999999997 0.0
