Wavelength_microns Throughput
0.5507899780273438 1.3787339944466054e-10
0.5517899780273438 4.737018517181019e-10
0.5527899780273438 1.941311107893914e-10
0.5537899780273438 1.2905582349064372e-10
0.5547899780273438 1.4164741132413234e-09
0.5557899780273438 5.383691335064148e-10
0.5567899780273438 6.546059391848739e-10
0.5577899780273438 1.6260112053993091e-10
0.5587899780273438 1.3032155107188338e-09
0.5597899780273438 1.5682222120917132e-09
0.5607899780273438 6.76373418880075e-11
0.5617899780273438 8.597015220042185e-13
0.5627899780273438 9.329390900781565e-13
0.5637899780273438 5.627083097528753e-10
0.5647899780273438 4.093156722205573e-10
0.5657899780273438 1.4705612830966756e-09
0.5667899780273438 1.1094894333508988e-12
0.5677899780273438 1.7738754796787092e-09
0.5687899780273438 3.8801747347842633e-10
0.5697899780273438 2.7519018029828193e-10
0.5707899780273438 1.393975728991504e-09
0.5717899780273438 4.76660538478676e-11
0.5727899780273438 1.2669609272665985e-12
0.5737899780273438 1.6526102848447714e-09
0.5747899780273438 1.0583430154502836e-09
0.5757899780273438 9.139308475960439e-10
0.5767899780273438 3.723821269691077e-10
0.5777899780273438 1.8883137900924897e-09
0.5787899780273438 1.7413653695529457e-09
0.5797899780273438 8.301778587301442e-10
0.5807899780273438 2.265854831718747e-09
0.5817899780273438 3.687462843979871e-10
0.5827899780273438 1.6374193127814442e-09
0.5837899780273438 4.129952430869162e-09
0.5847899780273438 4.028405254964514e-09
0.5857899780273438 3.421961461741585e-09
0.5867899780273438 1.0914817896702872e-09
0.5877899780273438 4.088202720927194e-12
0.5887899780273438 3.0229592444538295e-09
0.5897899780273438 4.080957696907688e-09
0.5907899780273438 4.493420639921247e-12
0.5917899780273438 2.8612102415270512e-09
0.5927899780273438 3.2450757057663385e-09
0.5937899780273438 6.121301203297518e-09
0.5947899780273438 4.413699299628151e-09
0.5957899780273438 1.2374422203478542e-08
0.5967899780273438 4.4048866054633135e-09
0.5977899780273438 3.976379659761326e-09
0.5987899780273438 6.259613426148581e-09
0.5997899780273438 5.138385608788173e-12
0.6007899780273438 2.3798971464064616e-10
0.6017899780273438 8.679685979543114e-09
0.6027899780273438 9.024359812497942e-09
0.6037899780273438 8.01858969704589e-09
0.6047899780273438 1.0551522893759874e-09
0.6057899780273438 3.4159315935467586e-09
0.6067899780273438 1.0644981401008524e-08
0.6077899780273438 6.983397074610258e-09
0.6087899780273438 1.3161670408557246e-09
0.6097899780273438 4.603087186134385e-09
0.6107899780273438 6.093678644661253e-12
0.6117899780273437 8.77690282856442e-10
0.6127899780273437 6.258494817062523e-12
0.6137899780273437 6.335273694466282e-12
0.6147899780273437 8.256008981500872e-11
0.6157899780273437 1.1780364530146768e-08
0.6167899780273437 7.257635205164252e-09
0.6177899780273437 1.0940794267828293e-08
0.6187899780273437 1.4238054234072477e-08
0.6197899780273437 5.744999169640935e-09
0.6207899780273437 1.3085763299426735e-08
0.6217899780273437 7.707410271307693e-09
0.6227899780273437 1.0265382447497464e-08
0.6237899780273437 2.1715191177538414e-08
0.6247899780273437 6.889041589669429e-09
0.6257899780273437 4.310499258950515e-09
0.6267899780273437 2.1997287228245648e-08
0.6277899780273437 1.366981274874325e-09
0.6287899780273437 1.7219600217519398e-09
0.6297899780273437 7.527887237732396e-09
0.6307899780273437 3.163702963030301e-09
0.6317899780273437 3.218773273729636e-09
0.6327899780273437 5.747060916728994e-09
0.6337899780273437 4.024804712394824e-09
0.6347899780273437 3.754393205034386e-09
0.6357899780273437 1.3614785057509812e-08
0.6367899780273437 8.779800005143866e-09
0.6377899780273437 5.493649429728885e-09
0.6387899780273437 5.218303117026811e-09
0.6397899780273437 5.301802970676489e-09
0.6407899780273437 5.806683238647298e-09
0.6417899780273437 1.2700890007324943e-08
0.6427899780273437 1.7323060226952305e-08
0.6437899780273437 8.416860445905528e-09
0.6447899780273437 1.1212901035819783e-08
0.6457899780273437 6.769754296469242e-09
0.6467899780273437 1.0131495377731715e-11
0.6477899780273437 1.763000637844187e-08
0.6487899780273437 1.1754525761877318e-08
0.6497899780273437 3.260722784451381e-09
0.6507899780273437 1.1779617400442516e-08
0.6517899780273437 1.2879111681528516e-08
0.6527899780273437 1.2238946656080368e-08
0.6537899780273437 3.858195492353064e-09
0.6547899780273437 1.9483480929282956e-09
0.6557899780273437 1.0144418050689822e-08
0.6567899780273437 3.016380068473988e-08
0.6577899780273437 3.339239638249641e-08
0.6587899780273437 5.741899456070355e-09
0.6597899780273437 2.3240164409938702e-08
0.6607899780273437 1.9147220494459933e-08
0.6617899780273437 1.956939229345735e-08
0.6627899780273437 1.0519447877480086e-08
0.6637899780273437 1.7632402249806008e-08
0.6647899780273437 3.1244618366112174e-08
0.6657899780273437 9.015004346293596e-09
0.6667899780273437 3.656959427850033e-08
0.6677899780273437 5.519823411922023e-08
0.6687899780273437 4.481311627918349e-08
0.6697899780273437 3.6220554677861695e-08
0.6707899780273437 3.886291564172135e-08
0.6717899780273437 1.7322757175179418e-08
0.6727899780273437 6.088344145648104e-08
0.6737899780273438 3.4833018913929026e-08
0.6747899780273438 3.269415277972687e-08
0.6757899780273438 2.16186965514e-08
0.6767899780273438 4.0949590041928926e-08
0.6777899780273438 3.047316652337895e-08
0.6787899780273438 5.0810973842124774e-08
0.6797899780273438 4.1987791235528815e-08
0.6807899780273438 3.580575754297345e-08
0.6817899780273438 5.524867053672407e-08
0.6827899780273438 4.065816481301995e-08
0.6837899780273438 2.9561770077337804e-08
0.6847899780273438 4.6053396611795555e-08
0.6857899780273438 5.4049660828465676e-08
0.6867899780273438 2.1737955358237757e-08
0.6877899780273438 1.8028754127110982e-08
0.6887899780273438 2.3184194202567734e-08
0.6897899780273438 5.316324136874383e-08
0.6907899780273438 3.3466976844157936e-08
0.6917899780273438 3.1353680310915396e-08
0.6927899780273438 3.784592204827472e-08
0.6937899780273438 4.4463937296564436e-08
0.6947899780273438 3.768401037417678e-08
0.6957899780273438 6.973604465132184e-08
0.6967899780273438 4.338034631793389e-08
0.6977899780273438 6.766315054030067e-08
0.6987899780273438 5.3549362323044934e-08
0.6997899780273438 2.801030888270673e-08
0.7007899780273438 2.5733463125440625e-08
0.7017899780273438 6.043044657048727e-08
0.7027899780273438 2.7895407994990634e-08
0.7037899780273438 4.6211600631602335e-08
0.7047899780273438 3.326479405634516e-08
0.7057899780273438 4.6307745527794986e-08
0.7067899780273438 4.1160563350500794e-08
0.7077899780273438 5.987466973000436e-08
0.7087899780273438 3.9835414971337936e-08
0.7097899780273438 3.1335891373981926e-08
0.7107899780273438 3.4698994380880756e-08
0.7117899780273438 2.203307888162369e-08
0.7127899780273438 1.532886322416415e-08
0.7137899780273438 2.7385449505342084e-08
0.7147899780273438 3.150251107032196e-08
0.7157899780273438 5.353950693581896e-08
0.7167899780273438 5.550690437086501e-08
0.7177899780273438 3.730054495658367e-08
0.7187899780273438 1.8623595727876063e-08
0.7197899780273438 4.118065203859359e-08
0.7207899780273438 2.5777337454065307e-08
0.7217899780273438 6.70336532235879e-08
0.7227899780273438 3.866185706516836e-08
0.7237899780273438 4.278139744403424e-08
0.7247899780273438 5.9347478001179323e-08
0.7257899780273438 6.365501736701495e-08
0.7267899780273438 3.4655649339613704e-08
0.7277899780273438 4.233066498115778e-08
0.7287899780273438 2.325543289679471e-08
0.7297899780273438 1.5486163652629886e-08
0.7307899780273438 2.0439953832178644e-08
0.7317899780273438 4.747151932150079e-08
0.7327899780273438 5.829187383622652e-08
0.7337899780273438 4.1941632506134804e-08
0.7347899780273438 5.728936853263657e-08
0.7357899780273438 3.7354747960674734e-08
0.7367899780273437 4.9430789299534074e-08
0.7377899780273437 5.6455171685272177e-08
0.7387899780273437 4.984529726176808e-08
0.7397899780273437 4.3116629654804795e-08
0.7407899780273437 4.648235391577096e-08
0.7417899780273437 3.0733798698907205e-08
0.7427899780273437 5.295612499691503e-08
0.7437899780273437 2.8726329065710196e-08
0.7447899780273437 3.135839443177352e-08
0.7457899780273437 3.727939812026139e-08
0.7467899780273437 3.191658387777372e-08
0.7477899780273437 3.714838852416618e-08
0.7487899780273437 4.9230703541261386e-08
0.7497899780273437 5.383702121465948e-08
0.7507899780273437 7.178788823817161e-08
0.7517899780273437 8.417336389650378e-08
0.7527899780273437 4.170030341314179e-08
0.7537899780273437 6.783256296872108e-08
0.7547899780273437 5.993759928378071e-08
0.7557899780273437 3.608698254838018e-08
0.7567899780273437 5.7701332227722394e-08
0.7577899780273437 4.7666925965692375e-08
0.7587899780273437 4.2244734998682814e-08
0.7597899780273437 4.775046170644028e-08
0.7607899780273437 4.081177258623563e-08
0.7617899780273437 3.395293728786156e-08
0.7627899780273437 5.805001949000901e-08
0.7637899780273437 3.750035563303294e-08
0.7647899780273437 4.52660572072612e-08
0.7657899780273437 8.08664036898997e-08
0.7667899780273437 6.851333321945626e-08
0.7677899780273437 8.26024273969652e-08
0.7687899780273437 6.605409709447313e-08
0.7697899780273437 6.107335399555581e-08
0.7707899780273437 7.037485284719326e-08
0.7717899780273437 8.649032089922092e-08
0.7727899780273437 6.039476503245261e-08
0.7737899780273437 3.780071341917221e-08
0.7747899780273437 2.9701950571384942e-08
0.7757899780273437 4.355043529172452e-08
0.7767899780273437 2.667578895650753e-08
0.7777899780273437 5.2695449043901205e-08
0.7787899780273437 1.9738624397306798e-08
0.7797899780273437 5.328359056574038e-08
0.7807899780273437 3.529446303868008e-08
0.7817899780273437 6.651088355972163e-08
0.7827899780273437 4.119985711755965e-08
0.7837899780273437 6.67720075844907e-08
0.7847899780273437 3.4532892292307e-08
0.7857899780273437 2.6781344233892694e-08
0.7867899780273437 1.3693363448358331e-08
0.7877899780273437 1.9549562197146425e-08
0.7887899780273437 1.8114045741286876e-08
0.7897899780273437 1.4279386362482268e-08
0.7907899780273437 1.47155462257898e-08
0.7917899780273437 3.228084280363438e-08
0.7927899780273437 9.000720188621091e-09
0.7937899780273437 2.0656878533925758e-08
0.7947899780273437 1.6714891150336347e-08
0.7957899780273437 1.2348652028855359e-08
0.7967899780273437 2.2153655516717954e-08
0.7977899780273437 3.1487426660669175e-08
0.7987899780273438 1.7934528347437228e-08
0.7997899780273438 3.643374742607035e-08
0.8007899780273438 4.6575100323136615e-08
0.8017899780273438 4.807786172712736e-08
0.8027899780273438 2.6817788111537442e-08
0.8037899780273438 4.4241539667857377e-08
0.8047899780273438 1.3959131461789287e-08
0.8057899780273438 3.615060839605401e-08
0.8067899780273438 2.678296497127459e-08
0.8077899780273438 2.0266741551757373e-08
0.8087899780273438 3.497766256445601e-08
0.8097899780273438 1.8612573150247686e-08
0.8107899780273438 4.3640790038247593e-08
0.8117899780273438 7.109540035363468e-09
0.8127899780273438 4.9699972621909066e-08
0.8137899780273438 3.372189141585933e-08
0.8147899780273438 4.803830445761833e-08
0.8157899780273438 7.195067384147089e-08
0.8167899780273438 3.344172939128244e-08
0.8177899780273438 3.162899568267064e-08
0.8187899780273438 3.977724659941183e-08
0.8197899780273438 5.889625686899217e-08
0.8207899780273438 3.5917050931683725e-08
0.8217899780273438 6.736468205463325e-08
0.8227899780273438 6.928632681859524e-08
0.8237899780273438 2.6516758576657646e-08
0.8247899780273438 3.694964912282586e-08
0.8257899780273438 4.708711504349928e-08
0.8267899780273438 6.6183685358599655e-09
0.8277899780273438 2.480326567223051e-08
0.8287899780273438 5.35723709919129e-08
0.8297899780273438 5.372111791858045e-08
0.8307899780273438 4.549399918120286e-08
0.8317899780273438 4.240684574023212e-08
0.8327899780273438 4.8872415295728225e-08
0.8337899780273438 8.021327735899777e-08
0.8347899780273438 9.205079554548831e-08
0.8357899780273438 1.0978592866315645e-07
0.8367899780273438 6.489982749058129e-08
0.8377899780273438 4.7440463443610575e-08
0.8387899780273438 9.222855863521845e-08
0.8397899780273438 1.0278591893116071e-07
0.8407899780273438 7.31972251004789e-08
0.8417899780273438 2.8896729579567627e-08
0.8427899780273438 6.009481507060153e-08
0.8437899780273438 8.240069058519562e-08
0.8447899780273438 7.756373535212512e-08
0.8457899780273438 1.0226383940482138e-07
0.8467899780273438 5.6363489510881735e-08
0.8477899780273438 8.888565932086488e-08
0.8487899780273438 1.1381191647547423e-07
0.8497899780273438 7.435047241997551e-08
0.8507899780273438 8.746784745636622e-08
0.8517899780273438 1.013172837902202e-07
0.8527899780273438 7.477283644939037e-08
0.8537899780273438 4.0600837842758645e-08
0.8547899780273438 1.388187419688206e-07
0.8557899780273438 1.1854565622640192e-07
0.8567899780273438 1.1344702184475723e-07
0.8577899780273438 8.846457654196424e-08
0.8587899780273438 4.857808292607298e-09
0.8597899780273438 9.15002150895473e-08
0.8607899780273438 1.6795898953703224e-07
0.8617899780273437 1.4601945404454113e-07
0.8627899780273437 1.214825148202444e-07
0.8637899780273437 7.483980843515434e-08
0.8647899780273437 6.491810200636066e-08
0.8657899780273437 4.2920621703769546e-08
0.8667899780273437 6.333570377136195e-08
0.8677899780273437 2.490302443912642e-11
0.8687899780273437 5.9554524280614015e-08
0.8697899780273437 2.5072406097779078e-11
0.8707899780273437 2.518271982338428e-11
0.8717899780273437 2.5320169200530326e-11
0.8727899780273437 6.981331206943685e-08
0.8737899780273437 2.555464892937597e-11
0.8747899780273437 8.652519988290082e-08
0.8757899780273437 2.406504016938684e-07
0.8767899780273437 2.895873870417114e-07
0.8777899780273437 2.5994107633885168e-11
0.8787899780273437 2.6085565219040224e-11
0.8797899780273437 3.0178351946542375e-07
0.8807899780273437 7.135182048185469e-08
0.8817899780273437 6.511682400894797e-08
0.8827899780273437 2.4703066779769894e-07
0.8837899780273437 2.582413034473357e-07
0.8847899780273437 2.0581630025885536e-07
0.8857899780273437 5.574865223364623e-07
0.8867899780273437 3.7254847481114914e-07
0.8877899780273437 7.016159301760406e-09
0.8887899780273437 5.404904981740808e-07
0.8897899780273437 2.676344747760197e-11
0.8907899780273437 7.584509681474923e-07
0.8917899780273437 2.6975333013170707e-11
0.8927899780273437 2.704645963197955e-11
0.8937899780273437 6.87164420665399e-07
0.8947899780273437 2.7197442901505634e-11
0.8957899780273437 1.2491636407018471e-06
0.8967899780273437 2.728109415375317e-11
0.8977899780273437 1.128523368449682e-07
0.8987899780273437 3.38982914358628e-08
0.8997899780273437 9.853949908475424e-08
0.9007899780273437 1.738989901691846e-08
0.9017899780273437 6.362211998608699e-08
0.9027899780273437 2.6295983890536226e-08
0.9037899780273437 7.354725323381874e-08
0.9047899780273437 1.1751588253647169e-07
0.9057899780273437 1.1849855237584681e-07
0.9067899780273437 8.271503478044897e-08
0.9077899780273437 5.139529314665217e-08
0.9087899780273437 8.393670042049225e-08
0.9097899780273437 1.0272633030214178e-07
0.9107899780273437 1.575798409655303e-08
0.9117899780273437 9.711293986781525e-08
0.9127899780273437 1.6237126407241838e-07
0.9137899780273437 7.037678645696207e-08
0.9147899780273437 1.127117025723981e-07
0.9157899780273437 7.134742999693716e-08
0.9167899780273437 1.1300482703956931e-07
0.9177899780273437 1.0036974940025588e-07
0.9187899780273437 6.092636559315983e-08
0.9197899780273437 1.354726137056082e-07
0.9207899780273437 9.837735853525466e-08
0.9217899780273437 1.0375542862163403e-07
0.9227899780273437 1.4526540120372286e-07
0.9237899780273438 1.0032726060586124e-07
0.9247899780273438 1.349210051111513e-07
0.9257899780273438 1.237100562589866e-07
0.9267899780273438 6.451675426003017e-08
0.9277899780273438 1.5115753957579048e-07
0.9287899780273438 2.028429250812032e-07
0.9297899780273438 2.0468673180929092e-07
0.9307899780273438 1.0555390045969182e-07
0.9317899780273438 1.7948679767744364e-07
0.9327899780273438 2.073060397069455e-07
0.9337899780273438 1.2374286096819192e-07
0.9347899780273438 1.8019910602909987e-07
0.9357899780273438 1.8999174093599982e-07
0.9367899780273438 2.0303476461526584e-07
0.9377899780273438 1.6683510809160796e-07
0.9387899780273438 2.0710299452717272e-07
0.9397899780273438 1.3386501893564464e-07
0.9407899780273438 1.506191869449847e-07
0.9417899780273438 1.2559304201415995e-07
0.9427899780273438 1.7812759265222722e-07
0.9437899780273438 1.6917829236448538e-07
0.9447899780273438 1.2820970164210384e-07
0.9457899780273438 9.335577528681973e-08
0.9467899780273438 1.846439216232717e-07
0.9477899780273438 1.912926256576446e-07
0.9487899780273438 1.8623613077960991e-07
0.9497899780273438 1.1883402186097665e-07
0.9507899780273438 2.039691341625299e-07
0.9517899780273438 1.800195204621738e-07
0.9527899780273438 2.020989383382412e-07
0.9537899780273438 2.454095128728595e-07
0.9547899780273438 1.8577047541077565e-07
0.9557899780273438 1.8400044702178647e-07
0.9567899780273438 2.0093595946738198e-07
0.9577899780273438 2.651392888778012e-07
0.9587899780273438 2.1180009075208157e-07
0.9597899780273438 1.5643164040184633e-07
0.9607899780273438 1.7409538914309095e-07
0.9617899780273438 1.8607497298722522e-07
0.9627899780273438 1.0701546818435131e-07
0.9637899780273438 1.654777636729355e-07
0.9647899780273438 1.5634246554290866e-07
0.9657899780273438 2.0062776542220461e-07
0.9667899780273438 1.7155895404855301e-07
0.9677899780273438 1.3829445714157793e-07
0.9687899780273438 2.3601322950496594e-07
0.9697899780273438 2.0272641975442135e-07
0.9707899780273438 1.8374722535509226e-07
0.9717899780273438 2.066291284987727e-07
0.9727899780273438 2.3361594757939257e-07
0.9737899780273438 1.6223655349291824e-07
0.9747899780273438 1.639378405304211e-07
0.9757899780273438 2.023658886736058e-07
0.9767899780273438 1.6728423852964504e-07
0.9777899780273438 1.2990818128644608e-07
0.9787899780273438 8.24031067349667e-08
0.9797899780273438 1.5673742819571845e-07
0.9807899780273438 1.3930583260177884e-07
0.9817899780273438 1.617090859364458e-07
0.9827899780273438 9.969203710256695e-08
0.9837899780273438 1.1396706956835513e-07
0.9847899780273438 1.3639623546996795e-07
0.9857899780273438 1.5882630388817832e-07
0.9867899780273437 2.0577618969484402e-07
0.9877899780273437 1.0055160991303842e-07
0.9887899780273437 1.6935342860782874e-07
0.9897899780273437 2.072213181843721e-07
0.9907899780273437 1.7291011654549623e-07
0.9917899780273437 1.3709016072404944e-07
0.9927899780273437 1.488123936800475e-07
0.9937899780273437 1.5869563034781877e-07
0.9947899780273437 1.7738113426382265e-07
0.9957899780273437 1.7470373351365172e-07
0.9967899780273437 1.5980999060848292e-07
0.9977899780273437 1.6651157715863096e-07
0.9987899780273437 1.030353264778739e-06
0.9997899780273437 8.882891820609436e-07
1.0007899780273437 1.2839177285733384e-06
1.0017899780273438 1.0804334759035411e-06
1.0027899780273437 1.058388849567635e-06
1.0037899780273438 1.255206829433193e-06
1.0047899780273437 9.836373819994019e-07
1.0057899780273438 1.0771423268583186e-06
1.0067899780273437 6.570358347110563e-07
1.0077899780273438 9.443055528842168e-07
1.0087899780273437 8.945714185345523e-07
1.0097899780273438 1.0230154350357801e-06
1.0107899780273437 1.0118257416325143e-06
1.0117899780273438 7.361439441238941e-07
1.0127899780273437 9.363084972367716e-07
1.0137899780273438 9.74486848419731e-07
1.0147899780273437 1.2962740169488581e-06
1.0157899780273438 1.0098382842257296e-06
1.0167899780273437 1.1425909713957605e-06
1.0177899780273438 9.210912458920378e-07
1.0187899780273437 1.1474764454248751e-06
1.0197899780273438 9.850536577037358e-07
1.0207899780273437 8.663168037326958e-07
1.0217899780273438 9.74427798369039e-07
1.0227899780273437 9.83123650319336e-07
1.0237899780273438 9.254686309903717e-07
1.0247900390625 9.151836348533222e-07
1.0257900390625 8.1392835120511e-07
1.0267900390625 8.523849262258946e-07
1.0277900390625 8.295520501942465e-07
1.0287900390625 7.653211703828402e-07
1.0297900390625 9.284496604758647e-07
1.0307900390625 8.177036782085121e-07
1.0317900390625 8.168910080823025e-07
1.0327900390625 6.081921411736594e-07
1.0337900390625 7.270757169654245e-07
1.0347900390625 7.854136428384376e-07
1.0357900390625 7.121415973758537e-07
1.0367900390625 8.603772964848678e-07
1.0377900390625 8.595439514245382e-07
1.0387900390625 8.12147574704451e-07
1.0397900390625 6.478289520963958e-07
1.0407900390625 5.644543223276508e-07
1.0417900390625 4.992149223087832e-07
1.0427900390625 7.190527407469003e-07
1.0437900390625 8.01531956157222e-07
1.0447900390625 7.317716507990707e-07
1.0457900390625 7.547179458844303e-07
1.0467900390625 8.454131527469233e-07
1.0477900390625 7.096659150158974e-07
1.0487900390625 7.182564414820818e-07
1.0497900390625 1.9082883152792643e-07
1.0507900390625 5.613690044875513e-07
1.0517900390625 4.826645814273758e-07
1.0527900390625 5.721588602126246e-07
1.0537900390625 6.015405914209204e-07
1.0547900390625 7.317005114085135e-07
1.0557900390625 5.729139827080487e-07
1.0567900390625 6.346477993558374e-07
1.0577900390625 7.07804474006208e-07
1.0587900390625 4.682058320911521e-07
1.0597900390625 7.849715051779299e-07
1.0607900390625 6.909239497065267e-07
1.0617900390625 7.057549999336745e-07
1.0627900390625 4.0053782956849243e-07
1.0637900390625 5.644898971673896e-07
1.0647900390625 5.17031789481412e-07
1.0657900390625 6.390484502938513e-07
1.0667900390625 8.664508504346067e-07
1.0677900390625 7.002915750143644e-07
1.0687900390625 5.575326596797159e-07
1.0697900390625 5.328552831237046e-07
1.0707900390625 5.27717394399583e-07
1.0717900390625 5.09447447603442e-07
1.0727900390625 4.657606024617656e-07
1.0737900390625 5.736046513314646e-07
1.0747900390625 5.055538471738851e-07
1.0757900390625 4.0905570268157746e-07
1.0767900390625 7.767944773803916e-07
1.0777900390625 4.5014489249490726e-07
1.0787900390625 4.923493893739176e-07
1.0797900390625 6.867673358818408e-07
1.0807900390625 6.01783629323817e-07
1.0817900390625 6.979038993148036e-07
1.0827900390625 4.721469793274382e-07
1.0837900390625 6.571568505475216e-07
1.0847900390625 6.561535256647588e-07
1.0857900390625 3.4824011565522657e-07
1.0867900390625 4.856792125093095e-07
1.0877900390625 5.555689112153209e-07
1.0887900390625 5.745144318956272e-07
1.0897900390625 3.2040776434549424e-07
1.0907900390625 4.3555306605426147e-07
1.0917900390625 4.6691042876500745e-07
1.0927900390625 7.309741802028782e-07
1.0937900390625 6.372577164675905e-07
1.0947900390625 5.307751276135675e-07
1.0957900390625 6.017026887314672e-07
1.0967900390625 4.821851235226433e-07
1.0977900390625 6.52392862690937e-07
1.0987900390625 4.899159461984184e-07
1.0997900390625 3.3278838601230874e-07
1.1007900390625 6.250778062855981e-07
1.1017900390625 6.379791863305141e-07
1.1027900390625 4.156869965249133e-07
1.1037900390625 2.8358429895376765e-07
1.1047900390625 6.698559665445197e-07
1.1057900390625 5.425780790456643e-07
1.1067900390625 5.49642558603298e-07
1.1077900390625 5.634452438671006e-07
1.1087900390625 6.160051386621178e-07
1.1097900390625 4.612974024026016e-07
1.1107900390625 4.5247679936437237e-07
1.1117900390625 5.988837004919148e-07
1.1127900390625 3.670754122160003e-07
1.1137900390625 3.9096391283437473e-07
1.1147900390625 6.374694979528222e-07
1.1157900390625 4.4608911712268935e-07
1.1167900390625 6.512934750654425e-07
1.1177900390625 5.29382625705671e-07
1.1187900390625 5.537680647141404e-07
1.1197900390625 3.6018102216680756e-07
1.1207900390625 3.2927981739024763e-07
1.1217900390625 3.7270198799894116e-07
1.1227900390625 5.259989792863186e-07
1.1237900390625 5.192537244640134e-07
1.1247900390625 3.7567993115978377e-07
1.1257900390625 4.068543708792575e-07
1.1267900390625 4.5157519598649206e-07
1.1277900390625 4.363093057700549e-07
1.1287900390625 5.469210548350295e-07
1.1297900390625 5.944150177197616e-07
1.1307900390625 6.154369722494542e-07
1.1317900390625 5.579927850120043e-07
1.1327900390625 6.047543307835479e-07
1.1337900390625 4.899667178981986e-07
1.1347900390625 6.86541397793055e-07
1.1357900390625 4.0998602234535995e-07
1.1367900390625 5.187516960227218e-07
1.1377900390625 3.51823041840235e-07
1.1387900390625 5.274915523798666e-07
1.1397900390625 6.154199394266776e-07
1.1407900390625 5.843089434383873e-07
1.1417900390625 3.883402289850821e-07
1.1427900390625 5.263380800119864e-07
1.1437900390625 5.396517765699832e-07
1.1447900390625 4.833014337353333e-07
1.1457900390625 4.3411944760076895e-07
1.1467900390625 5.848361343512867e-07
1.1477900390625 5.307073895956692e-07
1.1487900390625 4.5913303823307225e-07
1.1497900390625 3.1727243161491025e-07
1.1507900390625 4.705614806319223e-07
1.1517900390625 4.606422162590947e-07
1.1527900390625 6.300625908826068e-07
1.1537900390625 6.924211116221701e-07
1.1547900390625 5.913229669992843e-07
1.1557900390625 7.434923373899204e-07
1.1567900390625 6.341533011065437e-07
1.1577900390625 4.2453848951267917e-07
1.1587900390625 6.073754255606196e-07
1.1597900390625 4.027925188488692e-07
1.1607900390625 5.814243701563601e-07
1.1617900390625 4.235718771645626e-07
1.1627900390625 6.406599093311504e-07
1.1637900390625 4.7130015919449834e-07
1.1647900390625 5.475242026600913e-07
1.1657900390625 3.9009683998640957e-07
1.1667900390625 5.800962676403561e-07
1.1677900390625 3.099387035429002e-07
1.1687900390625 4.6613198680953624e-07
1.1697900390625 6.050926443026564e-07
1.1707900390625 4.818608040587909e-07
1.1717900390625 4.828598832096142e-07
1.1727900390625 6.419542386964402e-07
1.1737900390625 4.7153535782759565e-07
1.1747900390625 6.172475428291481e-07
1.1757900390625 6.937223141603217e-07
1.1767900390625 7.57293738965232e-07
1.1777900390625 5.808280949469014e-07
1.1787900390625 5.263713123064803e-07
1.1797900390625 5.660970827271123e-07
1.1807900390625 4.834543495678617e-07
1.1817900390625 5.691668352532183e-07
1.1827900390625 4.442413208227754e-07
1.1837900390625 5.260516650736324e-07
1.1847900390625 4.1376201126859506e-07
1.1857900390625 3.977233401873332e-07
1.1867900390625 5.860585235939369e-07
1.1877900390625 6.299492015458666e-07
1.1887900390625 6.052635227179324e-07
1.1897900390625 6.695012222441038e-07
1.1907900390625 6.502923373904909e-07
1.1917900390625 4.93643682762345e-07
1.1927900390625 5.194662540977167e-07
1.1937900390625 6.778818274756205e-07
1.1947900390625 4.0457540406500887e-07
1.1957900390625 6.993041407119104e-07
1.1967900390625 7.253732696249788e-07
1.1977900390625 4.4176507593179346e-07
1.1987900390625 7.556249334068798e-07
1.1997900390625 7.041758051958746e-07
1.2007900390625 6.667297642824963e-07
1.2017900390625 5.106145688085309e-07
1.2027900390625 7.149566937019537e-07
1.2037900390625 4.2174151678284327e-07
1.2047900390625 7.183021371635913e-07
1.2057900390625 6.007420359422488e-07
1.2067900390625 6.516576565579848e-07
1.2077900390625 4.600050380965091e-07
1.2087900390625 6.06283167211142e-07
1.2097900390625 7.06324278591545e-07
1.2107900390625 4.55177294789203e-07
1.2117900390625 6.49613122716927e-07
1.2127900390625 6.352311467824524e-07
1.2137900390625 5.703870642054508e-07
1.2147900390625 8.329026850460103e-07
1.2157900390625 6.842621725424567e-07
1.2167900390625 6.379575223040056e-07
1.2177900390625 7.577511969343936e-07
1.2187900390625 8.808187847777494e-07
1.2197900390625 8.135986863516232e-07
1.2207900390625 8.091472309804654e-07
1.2217900390625 9.422212799147491e-07
1.2227900390625 9.540709618889453e-07
1.2237900390625 1.032544606204947e-06
1.2247900390625 9.169683670342617e-07
1.2257900390625 9.079649955108072e-07
1.2267900390625 1.0279949184579686e-06
1.2277900390625 7.818257831458811e-07
1.2287900390625 9.501333031835515e-07
1.2297900390625 9.933858596880306e-07
1.2307900390625 1.1725816179140867e-06
1.2317900390625 1.0257466667627242e-06
1.2327900390625 8.993022733661549e-07
1.2337900390625 1.142691563795823e-06
1.2347900390625 1.313890471790711e-06
1.2357900390625 1.2945978648021355e-06
1.2367900390625 1.4938905949880857e-06
1.2377900390625 1.3769194177195354e-06
1.2387900390625 1.283451447352691e-06
1.2397900390625 1.5996349077531264e-06
1.2407900390625 1.3929334758227485e-06
1.2417900390625 1.911603878405833e-06
1.2427900390625 2.017077999382817e-06
1.2437900390625 1.7471372880446902e-06
1.2447900390625 1.9881588684640794e-06
1.2457900390625 2.0324419876353198e-06
1.2467900390625 2.2900120068733776e-06
1.2477900390625 2.4827796535696847e-06
1.2487900390625 2.5963065084451462e-06
1.2497900390625 2.7842057315815344e-06
1.2507900390625 2.9840133369183686e-06
1.2517900390625 3.446217488603562e-06
1.2527900390625 3.811649038111779e-06
1.2537900390625 3.700413360850197e-06
1.2547900390625 4.405007111527477e-06
1.2557900390625 4.8593523057611545e-06
1.2567900390625 5.23517464536593e-06
1.2577900390625 5.5571544358774125e-06
1.2587900390625 5.994094933679066e-06
1.2597900390625 6.550675911338668e-06
1.2607900390625 7.29610012240364e-06
1.2617900390625 7.954366018152585e-06
1.2627900390625 8.734654599911854e-06
1.2637900390625 9.55781937810346e-06
1.2647900390625 1.0525096546288415e-05
1.2657900390625 1.1748565382348854e-05
1.2667900390625 1.2977973082746646e-05
1.2677900390625 1.454152244735829e-05
1.2687900390625 1.6198163019158573e-05
1.2697900390625 1.7589683861735263e-05
1.2707900390625 1.9960352493468237e-05
1.2717900390625 2.2225478896546952e-05
1.2727900390625 2.5279220609908034e-05
1.2737900390625 2.8262874067715763e-05
1.2747900390625 3.207400276264762e-05
1.2757900390625 3.660677969994369e-05
1.2767900390625 4.1527121661521e-05
1.2777900390625 4.737049648629202e-05
1.2787900390625 5.4204413639990286e-05
1.2797900390625 6.210446273722889e-05
1.2807900390625 7.155195725662148e-05
1.2817900390625 8.21447794774021e-05
1.2827900390625 9.439448483403513e-05
1.2837900390625 0.00010877591850646
1.2847900390625 0.0001248639480668961
1.2857900390625 0.00014348921772233336
1.2867900390625 0.00016610248951104772
1.2877900390625 0.0001904314105019915
1.2887900390625 0.00022110630543868475
1.2897900390625 0.0002557535113507256
1.2907900390625 0.00029559773133553313
1.2917900390625 0.000342310400319648
1.2927900390625 0.0004033399626481064
1.2937900390625 0.0004684544391380057
1.2947900390625 0.0005479897023838092
1.2957900390625 0.0006528140905568548
1.2967900390625 0.0007711884281337466
1.2977900390625 0.0009155055327792446
1.2987900390625 0.0011021779048236624
1.2997900390625 0.001326689519709271
1.3007900390625 0.0015943715418744778
1.3017900390625 0.0019433658084562432
1.3027900390625 0.0023644012818614963
1.3037900390625 0.0028705877998274156
1.3047900390625 0.003504619029308255
1.3057900390625 0.004308106915477762
1.3067900390625 0.0051763515482996895
1.3077900390625 0.005947974951870722
1.3087900390625 0.0066424322588696065
1.3097900390625 0.007012032144977329
1.3107900390625 0.007682989030038172
1.3117900390625 0.008659234386773027
1.3127900390625 0.009542362327061725
1.3137900390625 0.01059129813209083
1.3147900390625 0.012107834891652293
1.3157900390625 0.013378311903965849
1.3167900390625 0.015265360143141667
1.3177900390625 0.017252382638883273
1.3187900390625 0.019936627689926014
1.3197900390625 0.022602598016418292
1.3207900390625 0.02694092183741868
1.3217900390625 0.03176527565805911
1.3227900390625 0.03764304125530922
1.3237900390625 0.043955280663681574
1.3247900390625 0.05259489074397779
1.3257900390625 0.06108931181132699
1.3267900390625 0.07146372214327318
1.3277900390625 0.08283969276377469
1.3287900390625 0.0961898030790786
1.3297900390625 0.11090713087795442
1.3307900390625 0.1276580149762299
1.3317900390625 0.14442716164703764
1.3327900390625 0.16210169743771582
1.3337900390625 0.17964466616483454
1.3347900390625 0.19507281131543538
1.3357900390625 0.21077905280159143
1.3367900390625 0.22310768130823785
1.3377900390625 0.23386571186981048
1.3387900390625 0.24210922569795218
1.3397900390625 0.2492092031499427
1.3407900390625 0.2542770791490126
1.3417900390625 0.2574811356721161
1.3427900390625 0.26001445568895903
1.3437900390625 0.26296104691392613
1.3447900390625 0.2631982349457111
1.3457900390625 0.26417828762915013
1.3467900390625 0.2670790301702216
1.3477900390625 0.267400824205019
1.3487900390625 0.26880699105304
1.3497900390625 0.26973853158261957
1.3507900390625 0.2713328211140622
1.3517900390625 0.27286362251012586
1.3527900390625 0.2735235762576679
1.3537900390625 0.2745656980433649
1.3547900390625 0.2746533783459511
1.3557900390625 0.27539576875623023
1.3567900390625 0.2761833894437007
1.3577900390625 0.2762106923748206
1.3587900390625 0.2766128858011495
1.3597900390625 0.2770540990092583
1.3607900390625 0.2770009891825896
1.3617900390625 0.2774567987102776
1.3627900390625 0.27644010693341287
1.3637900390625 0.2782796694129297
1.3647900390625 0.2780182938956896
1.3657900390625 0.27803753262290243
1.3667900390625 0.27764318737113736
1.3677900390625 0.27724488991335605
1.3687900390625 0.27904607820241
1.3697900390625 0.2782309545887782
1.3707900390625 0.2791271314540923
1.3717900390625 0.2796666404608806
1.3727900390625 0.2783313147568892
1.3737900390625 0.2785983562257589
1.3747900390625 0.2783323300184982
1.3757900390625 0.2776842056268271
1.3767900390625 0.27765509269845867
1.3777900390625 0.2776865117365276
1.3787900390625 0.2769480860761887
1.3797900390625 0.2764337304196367
1.3807900390625 0.2766439947254556
1.3817900390625 0.27687039743184794
1.3827900390625 0.27765471872480824
1.3837900390625 0.2779534448189418
1.3847900390625 0.2789638872040898
1.3857900390625 0.2789035819153611
1.3867900390625 0.2801138205881535
1.3877900390625 0.28036216228304395
1.3887900390625 0.28119977296250154
1.3897900390625 0.28222145346768684
1.3907900390625 0.2833358790315659
1.3917900390625 0.2842854929014072
1.3927900390625 0.28584512626855757
1.3937900390625 0.28699031935247393
1.3947900390625 0.28786836929194787
1.3957900390625 0.2900307861545699
1.3967900390625 0.290920024573462
1.3977900390625 0.2927758115379306
1.3987900390625 0.2939911341655351
1.3997900390625 0.29590068938407943
1.4007900390625 0.29739740627581635
1.4017900390625 0.2990087118281294
1.4027900390625 0.30061907418251366
1.4037900390625 0.30144685219549827
1.4047900390625 0.3025116522230694
1.4057900390625 0.30458726262180075
1.4067900390625 0.305991162236155
1.4077900390625 0.30633216004238406
1.4087900390625 0.308971456711939
1.4097900390625 0.3098558821436503
1.4107900390625 0.30991289609965983
1.4117900390625 0.3113547332138307
1.4127900390625 0.31287108933668095
1.4137900390625 0.3140856437511427
1.4147900390625 0.31473826070914246
1.4157900390625 0.3159983431582188
1.4167900390625 0.3176259571308966
1.4177900390625 0.3184015353333794
1.4187900390625 0.31953782863105396
1.4197900390625 0.3201478532095215
1.4207900390625 0.3208316389539517
1.4217900390625 0.3238167803608471
1.4227900390625 0.32277932692999267
1.4237900390625 0.3247831410037223
1.4247900390625 0.325413205674945
1.4257900390625 0.3246438141130025
1.4267900390625 0.32754213614414285
1.4277900390625 0.3274295811913759
1.4287900390625 0.3283051141234566
1.4297900390625 0.33076346130532636
1.4307900390625 0.3305604626149215
1.4317900390625 0.3317322826830384
1.4327900390625 0.3315115678572175
1.4337900390625 0.33338386826928346
1.4347900390625 0.33395169281069326
1.4357900390625 0.3330169142788331
1.4367900390625 0.3344649687636852
1.4377900390625 0.33611927735527924
1.4387900390625 0.3363474991993159
1.4397900390625 0.33759729739352184
1.4407900390625 0.3381132129835944
1.4417900390625 0.33826113763485777
1.4427900390625 0.3389832681191665
1.4437900390625 0.3409177298656044
1.4447900390625 0.3414818074355311
1.4457900390625 0.34075079776049333
1.4467900390625 0.3420360876377296
1.4477900390625 0.34280480991914775
1.4487900390625 0.3435011970920472
1.4497900390625 0.3424117527104976
1.4507900390625 0.34398004665587417
1.4517900390625 0.34481916069563867
1.4527900390625 0.3443885822849576
1.4537900390625 0.3443954118325654
1.4547900390625 0.344040056090982
1.4557900390625 0.3454788193173204
1.4567900390625 0.3456587378167567
1.4577900390625 0.34569284954360907
1.4587900390625 0.3464391375518768
1.4597900390625 0.346118731571638
1.4607900390625 0.3456194355195862
1.4617900390625 0.3444544174098152
1.4627900390625 0.34440500014675485
1.4637900390625 0.34414674831875564
1.4647900390625 0.34496072555608376
1.4657900390625 0.34595444889528826
1.4667900390625 0.3443946758659643
1.4677900390625 0.3450829570130464
1.4687900390625 0.3454833622711907
1.4697900390625 0.34476361301330277
1.4707900390625 0.3436808679126305
1.4717900390625 0.3449524472359141
1.4727900390625 0.34573791637070556
1.4737900390625 0.3452903337610435
1.4747900390625 0.34669498313504465
1.4757900390625 0.34623705077344863
1.4767900390625 0.3457840220165866
1.4777900390625 0.3483799674644212
1.4787900390625 0.3484315798015717
1.4797900390625 0.34907399928350974
1.4807900390625 0.34871810221752575
1.4817900390625 0.3510763168408722
1.4827900390625 0.3510676114491345
1.4837900390625 0.3512935012989649
1.4847900390625 0.35268021944929034
1.4857900390625 0.3561087885085695
1.4867900390625 0.355802480385685
1.4877900390625 0.3572987749411976
1.4887900390625 0.3580404039151946
1.4897900390625 0.35893856137826313
1.4907900390625 0.3606859202122463
1.4917900390625 0.361753923438012
1.4927900390625 0.3630233736334899
1.4937900390625 0.36338250857815574
1.4947900390625 0.3656871148482173
1.4957900390625 0.3671242136288432
1.4967900390625 0.3684573702494099
1.4977900390625 0.3686864044708481
1.4987900390625 0.36998479192317135
1.4997900390625 0.3719240797289123
1.5007900390625 0.3739687159088506
1.5017900390625 0.3740216021205059
1.5027900390625 0.37515444362364614
1.5037900390625 0.37651782210372264
1.5047900390625 0.37653611123232944
1.5057900390625 0.37832825085583244
1.5067900390625 0.37923558054503004
1.5077900390625 0.38042992605565495
1.5087900390625 0.38198192179400214
1.5097900390625 0.3834123168145902
1.5107900390625 0.3837498554717453
1.5117900390625 0.3844481226036209
1.5127900390625 0.38587112747881713
1.5137900390625 0.3870421222449879
1.5147900390625 0.38537496607915667
1.5157900390625 0.3869753322322869
1.5167900390625 0.38639771729845523
1.5177900390625 0.38824840272357614
1.5187900390625 0.3880377280865512
1.5197900390625 0.38872398828740556
1.5207900390625 0.3884612751814462
1.5217900390625 0.38901531919473575
1.5227900390625 0.3894220672207397
1.5237900390625 0.3908543067624067
1.5247900390625 0.3895889956669488
1.5257900390625 0.390619586078799
1.5267900390625 0.39053366661261063
1.5277900390625 0.39087953845394163
1.5287900390625 0.3912445779509092
1.5297900390625 0.3890939752553148
1.5307900390625 0.39189308369836845
1.5317900390625 0.3907458343824676
1.5327900390625 0.39004892181379863
1.5337900390625 0.38844100162606404
1.5347900390625 0.39153402710196833
1.5357900390625 0.3907417041283073
1.5367900390625 0.3903523134651474
1.5377900390625 0.3910220108582605
1.5387900390625 0.39101688300436277
1.5397900390625 0.3900566308430969
1.5407900390625 0.3899449551852293
1.5417900390625 0.39055446629053553
1.5427900390625 0.39040184211267265
1.5437900390625 0.3901875523531175
1.5447900390625 0.3924508180113189
1.5457900390625 0.3902517528599167
1.5467900390625 0.3906473666327382
1.5477900390625 0.39052939069057974
1.5487900390625 0.39265107939386745
1.5497900390625 0.39167097331204564
1.5507900390625 0.3915141030714735
1.5517900390625 0.38912461734013365
1.5527900390625 0.39092541444586393
1.5537900390625 0.3902435058046969
1.5547900390625 0.39034105851851436
1.5557900390625 0.3897046675239624
1.5567900390625 0.388629517034147
1.5577900390625 0.38849402535241023
1.5587900390625 0.3887603759836731
1.5597900390625 0.3885840146868999
1.5607900390625 0.38738287153042533
1.5617900390625 0.3887539804811642
1.5627900390625 0.38703370633900086
1.5637900390625 0.38896821017352823
1.5647900390625 0.3891183354905312
1.5657900390625 0.3892190840279801
1.5667900390625 0.39043218042280786
1.5677900390625 0.38959182368857803
1.5687900390625 0.3912795710404327
1.5697900390625 0.39305314965253874
1.5707900390625 0.3926401397068762
1.5717900390625 0.39518777746932
1.5727900390625 0.39745002453767614
1.5737900390625 0.3978299454092501
1.5747900390625 0.39904402017578117
1.5757900390625 0.39872984195284134
1.5767900390625 0.4013881869926805
1.5777900390625 0.4023224179397962
1.5787900390625 0.40284830279367995
1.5797900390625 0.4053353066601556
1.5807900390625 0.40747841701367005
1.5817900390625 0.40730024994002384
1.5827900390625 0.40846716741612804
1.5837900390625 0.4109132374673591
1.5847900390625 0.4116498560172442
1.5857900390625 0.41326378485958
1.5867900390625 0.41178401163259953
1.5877900390625 0.41430738230035724
1.5887900390625 0.41368980138315936
1.5897900390625 0.4163198890386608
1.5907900390625 0.41556293335050565
1.5917900390625 0.4169630885066761
1.5927900390625 0.41681911649362086
1.5937900390625 0.4171014352121695
1.5947900390625 0.41718582169739005
1.5957900390625 0.4165031266353849
1.5967900390625 0.41965765201744715
1.5977900390625 0.41908909938112704
1.5987900390625 0.4195265754827921
1.5997900390625 0.4183956220622242
1.6007900390625 0.4219310188258459
1.6017900390625 0.41968295532694744
1.6027900390625 0.4208448727872278
1.6037900390625 0.42066679771702065
1.6047900390625 0.42369406753811767
1.6057900390625 0.42353719507987
1.6067900390625 0.4231975195839714
1.6077900390625 0.4218651972826549
1.6087900390625 0.4237413948994579
1.6097900390625 0.42448775544588185
1.6107900390625 0.42395668786527374
1.6117900390625 0.4246537386831485
1.6127900390625 0.4237507699890436
1.6137900390625 0.4251609077108359
1.6147900390625 0.42627299568210514
1.6157900390625 0.42562394454788105
1.6167900390625 0.4266959494109494
1.6177900390625 0.4268608774076559
1.6187900390625 0.4233694966988598
1.6197900390625 0.42527489894997883
1.6207900390625 0.4226284070480099
1.6217900390625 0.4245412732783239
1.6227900390625 0.4220866332179984
1.6237900390625 0.4232702773459705
1.6247900390625 0.42226113048951724
1.6257900390625 0.4209263480956893
1.6267900390625 0.4197776267360657
1.6277900390625 0.42126223669199886
1.6287900390625 0.41864986196906173
1.6297900390625 0.41795696995649556
1.6307900390625 0.4174553715191554
1.6317900390625 0.4176150078908349
1.6327900390625 0.4191658123670122
1.6337900390625 0.41806027575510823
1.6347900390625 0.4191516488978163
1.6357900390625 0.4211500789743949
1.6367900390625 0.42099046959345965
1.6377900390625 0.42195509378558743
1.6387900390625 0.42340703327520957
1.6397900390625 0.42461934035871324
1.6407900390625 0.42473553712841783
1.6417900390625 0.4266347601856754
1.6427900390625 0.4257053509444002
1.6437900390625 0.4279089668832521
1.6447900390625 0.42506052141438294
1.6457900390625 0.42941137476762986
1.6467900390625 0.42860183128652773
1.6477900390625 0.42993251768297114
1.6487900390625 0.42882784730735246
1.6497900390625 0.4312573702838489
1.6507900390625 0.4314704537694468
1.6517900390625 0.43250124717225
1.6527900390625 0.4350999946667417
1.6537900390625 0.4356758781972719
1.6547900390625 0.4358450768034852
1.6557900390625 0.43410936667104
1.6567900390625 0.43414753681864915
1.6577900390625 0.4319571648900946
1.6587900390625 0.4275207943224797
1.6597900390625 0.4196033935645944
1.6607900390625 0.4121861523724875
1.6617900390625 0.3971561693281106
1.6627900390625 0.38203442348562744
1.6637900390625 0.3588134877576291
1.6647900390625 0.3357438117869315
1.6657900390625 0.30999485063971116
1.6667900390625 0.2828168391913168
1.6677900390625 0.2569326480790683
1.6687900390625 0.22810817776520667
1.6697900390625 0.19964033346395238
1.6707900390625 0.17544097439774387
1.6717900390625 0.15095811731454714
1.6727900390625 0.1300494285600972
1.6737900390625 0.11046917008188692
1.6747900390625 0.09472801361120348
1.6757900390625 0.08218350767374416
1.6767900390625 0.07123034237193768
1.6777900390625 0.06300196109892327
1.6787900390625 0.05473371185029598
1.6797900390625 0.04796269774154996
1.6807900390625 0.041988356087015774
1.6817900390625 0.037351056741607616
1.6827900390625 0.0327141451147346
1.6837900390625 0.02943896860919522
1.6847900390625 0.02604257184710998
1.6857900390625 0.022475789370192612
1.6867900390625 0.019199162818191874
1.6877900390625 0.016189713815321596
1.6887900390625 0.013551520205007246
1.6897900390625 0.011445615260881338
1.6907900390625 0.009644438463614796
1.6917900390625 0.008165132234967709
1.6927900390625 0.006840034139643915
1.6937900390625 0.00581384506900973
1.6947900390625 0.004917972978619841
1.6957900390625 0.004146224965282527
1.6967900390625 0.0035433717212693208
1.6977900390625 0.003006816147465472
1.6987900390625 0.00256978291580338
1.6997900390625 0.0022036823892688513
1.7007900390625 0.0018960100846880307
1.7017900390625 0.0016258200234570378
1.7027900390625 0.0014062965154732468
1.7037900390625 0.001218860452844401
1.7047900390625 0.0010520290227171807
1.7057900390625 0.0009191347604723469
1.7067900390625 0.0008036269286584531
1.7077900390625 0.000702808507053158
1.7087900390625 0.0006160981590599962
1.7097900390625 0.0005424827239736247
1.7107900390625 0.00047719684785558076
1.7117900390625 0.0004189350879521209
1.7127900390625 0.0003728980138666062
1.7137900390625 0.00032900502982856095
1.7147900390625 0.00029406739463639004
1.7157900390625 0.00026225927013429686
1.7167900390625 0.00023439833774674515
1.7177900390625 0.00020835056324752582
1.7187900390625 0.00018849047564730047
1.7197900390625 0.00016954774381257908
1.7207900390625 0.00015246819063254247
1.7217900390625 0.00013800483913669752
1.7227900390625 0.00012450435790102994
1.7237900390625 0.00011341718611566504
1.7247900390625 0.00010224431377168484
1.7257900390625 9.395661326752692e-05
1.7267900390625 8.445919750722975e-05
1.7277900390625 7.819526918576869e-05
1.7287900390625 7.023502861908511e-05
1.7297900390625 6.495111557034131e-05
1.7307900390625 5.9837648245744325e-05
1.7317900390625 5.364159902131679e-05
1.7327900390625 5.1414901682538855e-05
1.7337900390625 4.507226576882041e-05
1.7347900390625 4.1724479374745576e-05
1.7357900390625 3.937151628633684e-05
1.7367900390625 3.542834140649403e-05
1.7377900390625 3.350614960425559e-05
1.7387900390625 3.207011793681496e-05
1.7397900390625 2.8803833915822648e-05
1.7407900390625 2.6373333374409404e-05
1.7417900390625 2.50092205895093e-05
1.7427900390625 2.292161204859403e-05
1.7437900390625 2.1403458192277724e-05
1.7447900390625 1.959491808329686e-05
1.7457900390625 1.8555852260284258e-05
1.7467900390625 1.682653813124922e-05
1.7477900390625 1.6280038089572847e-05
1.7487900390625 1.5817545776585426e-05
1.7497900390625 1.469805950033959e-05
1.7507900390625 1.3468695509275774e-05
1.7517900390625 1.3069218152813612e-05
1.7527900390625 1.1962388852419018e-05
1.7537900390625 1.1282351285742084e-05
1.7547900390625 1.0870900549072352e-05
1.7557900390625 9.886310318066848e-06
1.7567900390625 1.0001035203591884e-05
1.7577900390625 1.0704097323248294e-05
1.7587900390625 9.398012782649775e-06
1.7597900390625 7.292970292519131e-06
1.7607900390625 9.29985494196859e-06
1.7617900390625 6.808320973520987e-06
1.7627900390625 6.853541896424726e-06
1.7637900390625 8.045490989311411e-06
1.7647900390625 7.545929930556005e-06
1.7657900390625 7.5306647676545036e-06
1.7667900390625 6.358938445887202e-06
1.7677900390625 6.236377356048207e-06
1.7687900390625 4.713009911782537e-06
1.7697900390625 7.48492528971897e-06
1.7707900390625 4.7002642937306156e-06
1.7717900390625 5.632567558376042e-06
1.7727900390625 5.505970020993528e-06
1.7737900390625 5.06699053211185e-06
1.7747900390625 5.447178504339289e-06
1.7757900390625 3.965393929919787e-06
1.7767900390625 5.093873433090504e-06
1.7777900390625 6.013652264645579e-06
1.7787900390625 5.5807284223061064e-06
1.7797900390625 6.0433063059140296e-06
1.7807900390625 4.308292871515799e-06
1.7817900390625 5.48272920289677e-06
1.7827900390625 4.462774666714923e-06
1.7837900390625 6.3784368729510254e-06
1.7847900390625 4.18865532436711e-06
1.7857900390625 5.625083457994952e-06
1.7867900390625 3.6867172483097452e-06
1.7877900390625 4.49808746034691e-06
1.7887900390625 5.040638012425105e-06
1.7897900390625 5.6974930205681895e-06
1.7907900390625 4.7019521728397245e-06
1.7917900390625 3.385885216677666e-06
1.7927900390625 5.297633805328318e-06
1.7937900390625 4.056937668222236e-06
1.7947900390625 5.032907071983951e-06
1.7957900390625 4.55395282627939e-06
1.7967900390625 2.8010078534479817e-06
1.7977900390625 4.298375186714727e-06
1.7987900390625 3.691162576327436e-06
1.7997900390625 3.3173228330304137e-06
1.8007900390625 3.1245874980824975e-06
1.8017900390625 6.085913707035539e-06
1.8027900390625 3.7811639850144745e-06
1.8037900390625 3.823657652193837e-06
1.8047900390625 2.758536928890647e-06
1.8057900390625 3.5349032669164964e-06
1.8067900390625 5.171253042934655e-06
1.8077900390625 5.020668106113215e-06
1.8087900390625 5.113637422391777e-06
1.8097900390625 4.328557459340919e-06
1.8107900390625 4.595416822313958e-06
1.8117900390625 6.276276565490201e-06
1.8127900390625 3.6686693869179832e-06
1.8137900390625 4.666815267225591e-06
1.8147900390625 4.5898906439060524e-06
1.8157900390625 4.783656085540908e-06
1.8167900390625 4.358797162788535e-06
1.8177900390625 4.132577442428387e-06
1.8187900390625 4.424477922417471e-06
1.8197900390625 5.438703620610825e-06
1.8207900390625 3.3832391064724414e-06
1.8217900390625 4.77293861460447e-06
1.8227900390625 4.915812940980947e-06
1.8237900390625 5.7325662204474145e-06
1.8247900390625 4.289046330868165e-06
1.8257900390625 6.083146013097634e-06
1.8267900390625 3.945590688853381e-06
1.8277900390625 4.304248155225629e-06
1.8287900390625 5.168792802978217e-06
1.8297900390625 5.520757208619261e-06
1.8307900390625 5.208875758247574e-06
1.8317900390625 4.04286580854498e-06
1.8327900390625 3.6568358519728402e-06
1.8337900390625 4.135555204919755e-06
1.8347900390625 5.514302334081801e-06
1.8357900390625 4.844051893822e-06
1.8367900390625 4.0962809415001165e-06
1.8377900390625 3.775892723042747e-06
1.8387900390625 4.996539348891638e-06
1.8397900390625 4.372918389891235e-06
1.8407900390625 5.872278199097317e-06
1.8417900390625 3.64255758209048e-06
1.8427900390625 4.31248823099374e-06
1.8437900390625 5.434042156859018e-06
1.8447900390625 4.36231613857274e-06
1.8457900390625 2.387719002684825e-06
1.8467900390625 4.593835475150781e-06
1.8477900390625 6.498259864729937e-06
1.8487900390625 3.904204768455591e-06
1.8497900390625 6.498133320885485e-06
1.8507900390625 4.500708642696771e-06
1.8517900390625 3.188326300495338e-06
1.8527900390625 4.247288001078873e-06
1.8537900390625 3.577494261549793e-06
1.8547900390625 5.0785577342796676e-06
1.8557900390625 6.558019048930029e-06
1.8567900390625 4.218130630284808e-06
1.8577900390625 4.087149466487355e-06
1.8587900390625 4.9658293947263245e-06
1.8597900390625 4.250248812832832e-06
1.8607900390625 4.716988975174554e-06
1.8617900390625 4.48231634192809e-06
1.8627900390625 3.258558021646816e-06
1.8637900390625 5.421773771933652e-06
1.8647900390625 6.185456410152827e-06
1.8657900390625 4.499175966394396e-06
1.8667900390625 5.016546857894213e-06
1.8677900390625 6.106463129588353e-06
1.8687900390625 5.427654743684415e-06
1.8697900390625 5.329925558580902e-06
1.8707900390625 5.3576398088816975e-06
1.8717900390625 3.7117337461490594e-06
1.8727900390625 1.9342993893578575e-06
1.8737900390625 2.2578741176726154e-06
1.8747900390625 3.7435756345426186e-06
1.8757900390625 4.448997656139084e-06
1.8767900390625 6.645748538719854e-06
1.8777900390625 5.767632064429788e-06
1.8787900390625 6.652612459389609e-06
1.8797900390625 5.683334896994598e-06
1.8807900390625 4.526595642417949e-06
1.8817900390625 5.151540959892153e-06
1.8827900390625 4.897197465823622e-06
1.8837900390625 3.6463395269190246e-06
1.8847900390625 7.567095065261392e-06
1.8857900390625 5.070355150550936e-06
1.8867900390625 7.39859582509133e-06
1.8877900390625 5.094503369419574e-06
1.8887900390625 5.243029388874382e-06
1.8897900390625 4.82279099770264e-06
1.8907900390625 4.735399954774936e-06
1.8917900390625 6.187828242102971e-06
1.8927900390625 4.865670194192998e-06
1.8937900390625 4.5763217574061554e-06
1.8947900390625 6.230062307200661e-06
1.8957900390625 6.132800377243193e-06
1.8967900390625 2.5958927894608706e-06
1.8977900390625 6.398808335885215e-06
1.8987900390625 4.121231531194711e-06
1.8997900390625 4.77920040928166e-06
1.9007900390625 3.643406784875851e-06
1.9017900390625 5.084630564207143e-06
1.9027900390625 6.835679324414075e-06
1.9037900390625 5.073182008467109e-06
1.9047900390625 4.59208103471054e-06
1.9057900390625 4.875308035690788e-06
1.9067900390625 5.791669322856652e-06
1.9077900390625 5.7993423005182175e-06
1.9087900390625 3.229131075521216e-06
1.9097900390625 6.619868494033091e-06
1.9107900390625 5.106122694144608e-06
1.9117900390625 4.94705393656372e-06
1.9127900390625 6.157579491854818e-06
1.9137900390625 3.856443326068704e-06
1.9147900390625 3.562644898023065e-06
1.9157900390625 6.11864307349446e-06
1.9167900390625 3.804321886950946e-06
1.9177900390625 5.6128161966461105e-06
1.9187900390625 3.5655460267898945e-06
1.9197900390625 7.419279835074698e-06
1.9207900390625 6.3200502241005976e-06
1.9217900390625 6.556321056602571e-06
1.9227900390625 5.7964986960982235e-06
1.9237900390625 4.047360258146218e-06
1.9247900390625 5.487441031326929e-06
1.9257900390625 5.189306878344061e-06
1.9267900390625 5.100544977027742e-06
1.9277900390625 4.996882654845278e-06
1.9287900390625 5.30078829617806e-06
1.9297900390625 4.19079292792893e-06
1.9307900390625 5.709651908956192e-06
1.9317900390625 4.250926564988145e-06
1.9327900390625 3.4750037677303232e-06
1.9337900390625 6.427075158702775e-06
1.9347900390625 5.858742017494567e-06
1.9357900390625 5.581240731654492e-06
1.9367900390625 5.7375826354001576e-06
1.9377900390625 7.046281056740156e-06
1.9387900390625 5.359815953917864e-06
1.9397900390625 4.2707910727248566e-06
1.9407900390625 7.1396338916869476e-06
1.9417900390625 6.33759614517338e-06
1.9427900390625 5.4035501338123525e-06
1.9437900390625 5.83344499868904e-06
1.9447900390625 8.89388972150069e-06
1.9457900390625 5.227290216796963e-06
1.9467900390625 6.4075862931017545e-06
1.9477900390625 7.167268441776745e-06
1.9487900390625 5.7854246579871285e-06
1.9497900390625 6.2786153338414204e-06
1.9507900390625 6.6295825060083415e-06
1.9517900390625 5.464210371970117e-06
1.9527900390625 8.061986675199639e-06
1.9537900390625 4.991958410941386e-06
1.9547900390625 6.557521375397375e-06
1.9557900390625 4.366138162394872e-06
1.9567900390625 5.786800348500512e-06
1.9577900390625 6.468927936571285e-06
1.9587900390625 6.003621403377694e-06
1.9597900390625 6.581471245569129e-06
1.9607900390625 5.4277698653994355e-06
1.9617900390625 5.997161568069424e-06
1.9627900390625 5.642127385945478e-06
1.9637900390625 4.850624997469096e-06
1.9647900390625 6.266959199706808e-06
1.9657900390625 6.451139482806762e-06
1.9667900390625 4.433568027667303e-06
1.9677900390625 6.061802769897578e-06
1.9687900390625 5.610052311770563e-06
1.9697900390625 7.398674643322852e-06
1.9707900390625 6.438130697421073e-06
1.9717900390625 6.1615583021125835e-06
1.9727900390625 4.710769985395388e-06
1.9737900390625 4.981983132882955e-06
1.9747900390625 6.479820915661046e-06
1.9757900390625 5.769879413970668e-06
1.9767900390625 6.1449532833782185e-06
1.9777900390625 4.958240616343441e-06
1.9787900390625 5.374039117903439e-06
1.9797900390625 5.3326892282468475e-06
1.9807900390625 6.154719567560282e-06
1.9817900390625 5.228377467814672e-06
1.9827900390625 6.9597178214654774e-06
1.9837900390625 4.83251391635133e-06
1.9847900390625 7.749985137039425e-06
1.9857900390625 5.072114071653292e-06
1.9867900390625 3.7354921591754977e-06
1.9877900390625 4.609953390213531e-06
1.9887900390625 5.398441045433373e-06
1.9897900390625 6.7243585748357e-06
1.9907900390625 4.405847335104502e-06
1.9917900390625 8.356114162695327e-06
1.9927900390625 6.420397378694557e-06
1.9937900390625 4.939915532549215e-06
1.9947900390625 5.092079471173879e-06
1.9957900390625 4.855512127142375e-06
1.9967900390625 6.0183256376779366e-06
1.9977900390625 6.689562453859643e-06
1.9987900390625 6.369013747821851e-06
1.9997900390625 7.911860326849052e-06
2.0007900390625 6.131455493651125e-06
2.0017900390625 6.33964821351482e-06
2.0027900390625 6.007118772133088e-06
2.0037900390625 6.507981596544648e-06
2.0047900390625 6.594376760369678e-06
2.0057900390625 6.8357480590107755e-06
2.0067900390625 8.485560899892194e-06
2.0077900390625 7.199845388989962e-06
2.0087900390625 7.654706410782673e-06
2.0097900390625 7.802750452508539e-06
2.0107900390625 6.163385900117696e-06
2.0117900390625 7.229418556292369e-06
2.0127900390625 8.796530799924334e-06
2.0137900390625 4.707127668424432e-06
2.0147900390625 8.549612749334e-06
2.0157900390625 7.495027214847614e-06
2.0167900390625 4.773772275379223e-06
2.0177900390625 7.298278234388085e-06
2.0187900390625 5.839625024902721e-06
2.0197900390625 9.681452043477965e-06
2.0207900390625 5.250032148218757e-06
2.0217900390625 7.104239371106874e-06
2.0227900390625 7.4339802675129504e-06
2.0237900390625 8.045089247519895e-06
2.0247900390625 5.637976529891667e-06
2.0257900390625 3.900904472646862e-06
2.0267900390625 7.032867821173929e-06
2.0277900390625 7.060984432638966e-06
2.0287900390625 9.092392350019776e-06
2.0297900390625 3.765347306992732e-06
2.0307900390625 7.126268440946113e-06
2.0317900390625 7.908792622338438e-06
2.0327900390625 4.936130646475113e-06
2.0337900390625 9.757723325649095e-06
2.0347900390625 7.098898900029312e-06
2.0357900390625 8.026200865256268e-06
2.0367900390625 6.2077909667411095e-06
2.0377900390625 6.521164797638605e-06
2.0387900390625 4.4034117190590915e-06
2.0397900390625 8.513589917190912e-06
2.0407900390625 5.5888908703587685e-06
2.0417900390625 8.887385117447703e-06
2.0427900390625 5.461425834182585e-06
2.0437900390625 6.995959317830238e-06
2.0447900390625 5.505029942512656e-06
2.0457900390625 1.0042391442806854e-05
2.0467900390625 8.953358141637927e-06
2.0477900390625 7.400919740314357e-06
2.0487900390625 8.466742465766528e-06
2.0497900390625 4.970673151259797e-06
2.0507900390625 1.0466475769066868e-05
2.0517900390625 6.238532498599731e-06
2.0527900390625 8.550410066710195e-06
2.0537900390625 7.204252467675283e-06
2.0547900390625 6.837175724806473e-06
2.0557900390625 1.0610082884615107e-05
2.0567900390625 6.021936023413199e-06
2.0577900390625 5.809260420923043e-06
2.0587900390625 8.152516950396067e-06
2.0597900390625 8.896734851449798e-06
2.0607900390625 7.218445470842951e-06
2.0617900390625 8.393546635617385e-06
2.0627900390625 8.523957710892563e-06
2.0637900390625 9.81947333869259e-06
2.0647900390625 8.14148646220597e-06
2.0657900390625 6.414180447288916e-06
2.0667900390625 6.817322243893932e-06
2.0677900390625 7.364651582469835e-06
2.0687900390625 7.617904380340776e-06
2.0697900390625 8.641531291241782e-06
2.0707900390625 6.181084571448617e-06
2.0717900390625 1.181599015085154e-05
2.0727900390625 6.587411338856275e-06
2.0737900390625 7.95191590677499e-06
2.0747900390625 1.109899027432189e-05
2.0757900390625 6.40628294320078e-06
2.0767900390625 9.941989662877684e-06
2.0777900390625 6.49909457276905e-06
2.0787900390625 6.509416635305225e-06
2.0797900390625 8.837067438787814e-06
2.0807900390625 6.116957413932088e-06
2.0817900390625 7.548613628570664e-06
2.0827900390625 7.415102123198756e-06
2.0837900390625 8.975991728038774e-06
2.0847900390625 8.54013091982708e-06
2.0857900390625 1.0673546550972641e-05
2.0867900390625 9.021089443212425e-06
2.0877900390625 6.678751273115739e-06
2.0887900390625 9.428219960008492e-06
2.0897900390625 1.1374044174618236e-05
2.0907900390625 6.789247533266929e-06
2.0917900390625 6.915318056362088e-06
2.0927900390625 8.675535468282164e-06
2.0937900390625 6.8146079834407805e-06
2.0947900390625 9.671460048748192e-06
2.0957900390625 7.740389525092871e-06
2.0967900390625 7.630587480322478e-06
2.0977900390625 6.737117961864674e-06
2.0987900390625 6.331620665800885e-06
2.0997900390625 7.03625851169706e-06
2.1007900390625 7.856696153184577e-06
2.1017900390625 8.859737991958657e-06
2.1027900390625 8.884839750592852e-06
2.1037900390625 1.1046648031991203e-05
2.1047900390625 6.501865357734991e-06
2.1057900390625 6.447301063839642e-06
2.1067900390625 6.589389878601445e-06
2.1077900390625 6.250919864192354e-06
2.1087900390625 7.531077829087825e-06
2.1097900390625 8.547389647675756e-06
2.1107900390625 7.25396080061194e-06
2.1117900390625 1.0383767431353519e-05
2.1127900390625 9.061379349231146e-06
2.1137900390625 9.58302229702091e-06
2.1147900390625 1.1552676213368912e-05
2.1157900390625 8.564424778980968e-06
2.1167900390625 8.882969371660139e-06
2.1177900390625 7.960041476157373e-06
2.1187900390625 1.1659546286910273e-05
2.1197900390625 8.94086413647121e-06
2.1207900390625 6.450121146955103e-06
2.1217900390625 5.739708962205309e-06
2.1227900390625 8.454087839093262e-06
2.1237900390625 8.077669542835224e-06
2.1247900390625 9.85873154478156e-06
2.1257900390625 9.191889874625216e-06
2.1267900390625 1.1020444854092583e-05
2.1277900390625 1.1318576669590381e-05
2.1287900390625 1.1159220769608648e-05
2.1297900390625 1.1625497313664499e-05
2.1307900390625 1.167667020871968e-05
2.1317900390625 7.620902419963173e-06
2.1327900390625 1.2411847857857014e-05
2.1337900390625 1.1320453604869285e-05
2.1347900390625 5.501891347483045e-06
2.1357900390625 9.895551011892442e-06
2.1367900390625 1.1519813725416099e-05
2.1377900390625 5.850618902466359e-06
2.1387900390625 1.2837742817726943e-05
2.1397900390625 9.795549193793673e-06
2.1407900390625 1.151520837503734e-05
2.1417900390625 1.168275264548828e-05
2.1427900390625 1.2023376420885166e-05
2.1437900390625 1.3247925012018956e-05
2.1447900390625 9.150813314781544e-06
2.1457900390625 1.2465931816574456e-05
2.1467900390625 9.625340583062036e-06
2.1477900390625 1.1989673208578947e-05
2.1487900390625 1.3269961022177537e-05
2.1497900390625 1.0763878614721241e-05
2.1507900390625 8.4138945266305e-06
2.1517900390625 1.3160664949517814e-05
2.1527900390625 1.173044545713018e-05
2.1537900390625 1.638299935267778e-05
2.1547900390625 1.1576341998148196e-05
2.1557900390625 1.3937535596630707e-05
2.1567900390625 1.2367126374035765e-05
2.1577900390625 1.2844669328508518e-05
2.1587900390625 1.1145258418735955e-05
2.1597900390625 9.593525320080829e-06
2.1607900390625 1.1341240026436407e-05
2.1617900390625 9.436845230589869e-06
2.1627900390625 8.381986258400764e-06
2.1637900390625 1.1989998839744793e-05
2.1647900390625 1.0462596135782613e-05
2.1657900390625 7.1739460291392455e-06
2.1667900390625 1.0772077862111723e-05
2.1677900390625 9.022820576069248e-06
2.1687900390625 1.2541041628442137e-05
2.1697900390625 1.1390906636159299e-05
2.1707900390625 1.058300796920193e-05
2.1717900390625 1.2438547082669878e-05
2.1727900390625 1.3859991441151423e-05
2.1737900390625 1.2687992629599857e-05
2.1747900390625 1.1793778948682961e-05
2.1757900390625 1.0552154089365116e-05
2.1767900390625 5.495487517145148e-06
2.1777900390625 1.138064350486754e-05
2.1787900390625 7.732282987671279e-06
2.1797900390625 1.0376280936261544e-05
2.1807900390625 9.431145758144088e-06
2.1817900390625 9.823024248535892e-06
2.1827900390625 1.1144602128816558e-05
2.1837900390625 1.0993572538365311e-05
2.1847900390625 1.3635930544172512e-05
2.1857900390625 9.356214719339853e-06
2.1867900390625 1.2709593306921037e-05
2.1877900390625 7.925672906940392e-06
2.1887900390625 1.114749991225425e-05
2.1897900390625 1.2419395552294574e-05
2.1907900390625 1.0470092705369255e-05
2.1917900390625 1.3385506559530463e-05
2.1927900390625 9.599552054027833e-06
2.1937900390625 9.700735332146226e-06
2.1947900390625 1.1377230263830545e-05
2.1957900390625 1.0148997977997416e-05
2.1967900390625 1.3100156583065245e-05
2.1977900390625 1.0931590518578053e-05
2.1987900390625 1.1487765815799462e-05
2.1997900390625 1.2337099011359577e-05
2.2007900390625 9.811887254581237e-06
2.2017900390625 1.1318715717743988e-05
2.2027900390625 1.3723323351342328e-05
2.2037900390625 1.394035934081336e-05
2.2047900390625 1.086214925356889e-05
2.2057900390625 1.292545369813459e-05
2.2067900390625 1.4908378455286607e-05
2.2077900390625 1.3255992061691132e-05
2.2087900390625 1.2258983525249143e-05
2.2097900390625 1.6086445166924877e-05
2.2107900390625 1.183815901357351e-05
2.2117900390625 1.7435950968545455e-05
2.2127900390625 1.2883365775220363e-05
2.2137900390625 1.4613824650834263e-05
2.2147900390625 1.6990683266682723e-05
2.2157900390625 1.3219434578089233e-05
2.2167900390625 1.281699261336782e-05
2.2177900390625 1.4094764767993509e-05
2.2187900390625 1.0758572627583364e-05
2.2197900390625 1.400190762084204e-05
2.2207900390625 1.0504655599352441e-05
2.2217900390625 1.4805861670840455e-05
2.2227900390625 1.0536418385618175e-05
2.2237900390625 1.1627582148972766e-05
2.2247900390625 1.559852177208538e-05
2.2257900390625 1.3945091403225174e-05
2.2267900390625 1.0868432807914352e-05
2.2277900390625 1.6092562465467097e-05
2.2287900390625 1.0445332241268625e-05
2.2297900390625 1.3554343383072357e-05
2.2307900390625 1.29839944903363e-05
2.2317900390625 1.3394975035149509e-05
2.2327900390625 1.379623415955752e-05
2.2337900390625 1.8553107995342578e-05
2.2347900390625 1.694459070166718e-05
2.2357900390625 1.0466866851903087e-05
2.2367900390625 1.0038504550364785e-05
2.2377900390625 1.4233651158133543e-05
2.2387900390625 1.359468724521613e-05
2.2397900390625 1.5463119840383264e-05
2.2407900390625 1.1456550265230178e-05
2.2417900390625 1.3119385341443212e-05
2.2427900390625 1.8064674952205954e-05
2.2437900390625 1.4782371940808556e-05
2.2447900390625 2.0288395675728757e-05
2.2457900390625 1.3107893170233425e-05
2.2467900390625 1.4427478832146913e-05
2.2477900390625 2.2140980906046792e-05
2.2487900390625 1.5007079143413362e-05
2.2497900390625 1.9340693802068905e-05
2.2507900390625 1.7378734380517252e-05
2.2517900390625 1.284698352584735e-05
2.2527900390625 1.8558927299700586e-05
2.2537900390625 1.3884371739664531e-05
2.2547900390625 1.3109507312481406e-05
2.2557900390625 1.562631636448091e-05
2.2567900390625 1.4123541084667906e-05
2.2577900390625 1.751970370708218e-05
2.2587900390625 1.5133594119027596e-05
2.2597900390625 1.7422082307825232e-05
2.2607900390625 1.1462897996180262e-05
2.2617900390625 1.948648078571644e-05
2.2627900390625 1.5142615139134646e-05
2.2637900390625 1.9600114170081326e-05
2.2647900390625 1.7349786326355018e-05
2.2657900390625 2.050633069666226e-05
2.2667900390625 2.0700102269713065e-05
2.2677900390625 2.3156449668180746e-05
2.2687900390625 1.8606556374707937e-05
2.2697900390625 1.672308135833218e-05
2.2707900390625 1.9287272618485648e-05
2.2717900390625 1.68003072793154e-05
2.2727900390625 1.903282010605724e-05
2.2737900390625 1.654648381277038e-05
2.2747900390625 1.6520136390298565e-05
2.2757900390625 1.7367569254011362e-05
2.2767900390625 1.77960436179712e-05
2.2777900390625 1.3744520673443402e-05
2.2787900390625 1.6269718406885436e-05
2.2797900390625 1.3241938402898645e-05
2.2807900390625 1.5187566383472522e-05
2.2817900390625 1.0807489266227633e-05
2.2827900390625 9.740478843885104e-06
2.2837900390625 1.1264139809940249e-05
2.2847900390625 1.068911815526089e-05
2.2857900390625 1.2156450677012506e-05
2.2867900390625 1.0893130044339018e-05
2.2877900390625 8.0060958280261e-06
2.2887900390625 1.4663671583131393e-05
2.2897900390625 8.08593153616701e-06
2.2907900390625 1.2609468727240868e-05
2.2917900390625 8.443666051357871e-06
2.2927900390625 8.301713905385e-06
2.2937900390625 1.105079261381169e-05
2.2947900390625 7.3674697225860674e-06
2.2957900390625 5.343914075740338e-06
2.2967900390625 6.436241404475517e-06
2.2977900390625 4.635451801206818e-06
2.2987900390625 7.629614585047287e-06
2.2997900390625 6.547130367385395e-06
2.3007900390625 6.199104158748025e-06
2.3017900390625 8.783263451789812e-06
2.3027900390625 6.535428047187501e-06
2.3037900390625 7.577254385772675e-06
2.3047900390625 5.906881211292553e-06
2.3057900390625 6.560713686275119e-06
2.3067900390625 4.990062718165703e-06
2.3077900390625 5.3720348159959246e-06
2.3087900390625 6.375356208793677e-06
2.3097900390625 4.159364212734016e-06
2.3107900390625 6.614958272455787e-06
2.3117900390625 7.286396317270761e-06
2.3127900390625 5.3195597776510185e-06
2.3137900390625 3.9922561831953875e-06
2.3147900390625 5.3847639231053575e-06
2.3157900390625 6.195513679710162e-06
2.3167900390625 5.767592551805355e-06
2.3177900390625 3.0062415919742017e-06
2.3187900390625 4.159642577269845e-06
2.3197900390625 4.638091897562545e-06
2.3207900390625 3.953210325938358e-06
2.3217900390625 4.505508023709894e-06
2.3227900390625 4.6026602446189e-06
2.3237900390625 2.8500896799119165e-06
2.3247900390625 3.2606176270891725e-06
2.3257900390625 3.894784370369078e-06
2.3267900390625 3.2237962768308296e-06
2.3277900390625 2.9611681934413205e-06
2.3287900390625 3.3529362473781015e-06
2.3297900390625 3.6137765279073782e-06
2.3307900390625 2.4178737519691606e-06
2.3317900390625 2.500345440837781e-06
2.3327900390625 2.934207116053934e-06
2.3337900390625 2.7004300543628515e-06
2.3347900390625 2.2189517567597354e-06
2.3357900390625 2.074367755917544e-06
2.3367900390625 1.8171527495831766e-06
2.3377900390625 2.538365895741543e-06
2.3387900390625 1.84651363216243e-06
2.3397900390625 2.223589389934455e-06
2.3407900390625 1.4216587791559809e-06
2.3417900390625 2.0053167413194955e-06
2.3427900390625 1.943705457075855e-06
2.3437900390625 1.4890023922762433e-06
2.3447900390625 1.8278442302982412e-06
2.3457900390625 1.7191291777081941e-06
2.3467900390625 2.044375428117807e-06
2.3477900390625 1.6190413836066615e-06
2.3487900390625 1.4636579926513202e-06
2.3497900390625 1.7323281971080243e-06
2.3507900390625 1.387968306697681e-06
2.3517900390625 1.4232719402162563e-06
2.3527900390625 1.8725725063984694e-06
2.3537900390625 1.825262781670958e-06
2.3547900390625 1.6223889460072966e-06
2.3557900390625 6.548673497652047e-07
2.3567900390625 1.8395926025705226e-06
2.3577900390625 1.4941944132417531e-06
2.3587900390625 1.138873183977596e-06
2.3597900390625 1.7956397313526364e-06
2.3607900390625 1.6149665951749852e-06
2.3617900390625 1.082180648697217e-06
2.3627900390625 1.11691117935196e-06
2.3637900390625 1.048310501831965e-06
2.3647900390625 8.836405543463629e-07
2.3657900390625 9.929003201715817e-07
2.3667900390625 5.721787676647044e-07
2.3677900390625 5.404686590911813e-07
2.3687900390625 4.953602034016391e-07
2.3697900390625 4.6372043457635585e-07
2.3707900390625 4.1709340454750214e-07
2.3717900390625 3.586587297846652e-07
2.3727900390625 3.9368621495321165e-07
2.3737900390625 1.9759029018567685e-07
2.3747900390625 2.383451414333153e-07
2.3757900390625 2.399492270132248e-07
2.3767900390625 1.4434350155305537e-07
2.3777900390625 1.5369005647789894e-07
2.3787900390625 1.8355161598282856e-07
2.3797900390625 1.893086103895878e-07
2.3807900390625 1.35565911614538e-07
2.3817900390625 1.2077721315429094e-07
2.3827900390625 1.21305607062606e-07
2.3837900390625 9.105943392722844e-08
2.3847900390625 1.1091456483189876e-07
2.3857900390625 1.372415339976273e-07
2.3867900390625 8.712228837614977e-08
2.3877900390625 7.74882172954832e-08
2.3887900390625 1.0769622794101103e-07
2.3897900390625 8.796665735227445e-08
2.3907900390625 8.417907177942521e-08
2.3917900390625 1.2913516168889266e-07
2.3927900390625 7.264554745820369e-08
2.3937900390625 9.00991363192699e-08
2.3947900390625 7.239057352517116e-08
2.3957900390625 7.760172199787881e-08
2.3967900390625 5.718358828760724e-08
2.3977900390625 3.4980924100470624e-08
2.3987900390625 4.318855436194341e-08
2.3997900390625 4.434217992237889e-08
2.4007900390625 5.1239518004183125e-08
2.4017900390625 3.685841829443853e-08
2.4027900390625 3.041293246920741e-08
2.4037900390625 1.823029880608822e-08
2.4047900390625 2.212505138523479e-08
2.4057900390625 2.4607234081837592e-08
2.4067900390625 2.3031891624543973e-08
2.4077900390625 1.759450567982757e-08
2.4087900390625 1.2912871496321172e-08
2.4097900390625 1.4213255219324618e-08
2.4107900390625 5.530741596256033e-09
2.4117900390625 9.355431794150614e-09
2.4127900390625 5.4393473147543145e-09
2.4137900390625 8.758805202213797e-09
2.4147900390625 5.291985091274733e-09
2.4157900390625 5.058310187951264e-09
2.4167900390625 5.351716705337835e-09
2.4177900390625 2.8705854548608006e-09
2.4187900390625 4.035814419386145e-09
2.4197900390625 3.238763059982564e-09
2.4207900390625 2.74001361292027e-09
2.4217900390625 1.9675487118858222e-09
2.4227900390625 1.969852190677756e-09
2.4237900390625 1.3119504284763857e-09
2.4247900390625 1.3642814375041845e-09
2.4257900390625 1.6953716795851618e-09
2.4267900390625 1.3961824435173923e-09
2.4277900390625 1.916826831443784e-09
2.4287900390625 1.2477003113057754e-09
2.4297900390625 1.0291584806758773e-09
2.4307900390625 1.0622738728379032e-09
2.4317900390625 1.0244806713249182e-09
2.4327900390625 8.5971113674011e-10
2.4337900390625 9.815106014755825e-10
2.4347900390625 7.642527032191301e-10
2.4357900390625 4.977102814166334e-10
2.4367900390625 7.748167654224943e-10
2.4377900390625 6.508253140647686e-10
2.4387900390625 6.05819053272361e-10
2.4397900390625 6.093271393749107e-10
2.4407900390625 3.5140481858687965e-10
2.4417900390625 4.3549728237181594e-10
2.4427900390625 3.803816594664085e-10
2.4437900390625 4.240773915147727e-10
2.4447900390625 1.740214532489464e-10
2.4457900390625 3.715421317944361e-10
2.4467900390625 3.22327789627221e-10
2.4477900390625 3.373496020580111e-10
2.4487900390625 1.8611661857567123e-10
2.4497900390625 2.621984693772383e-10
2.4507900390625 1.5644652436133397e-10
2.4517900390625 1.4473761341516786e-10
2.4527900390625 1.8922692237311323e-10
2.4537900390625 1.3387792320237584e-10
2.4547900390625 1.2231096952478827e-10
2.4557900390625 1.0261347843960631e-10
2.4567900390625 9.46989209083746e-11
2.4577900390625 9.219287922047435e-11
2.4587900390625 7.460452923183894e-11
2.4597900390625 8.156097039262777e-11
2.4607900390625 3.4082467701273864e-11
2.4617900390625 5.8181442096946135e-11
2.4627900390625 6.044282238306772e-11
2.4637900390625 3.45509011292644e-11
2.4647900390625 2.8250908776592382e-11
2.4657900390625 4.3954676922313865e-11
2.4667900390625 2.7991828572183274e-11
2.4677900390625 2.6226389084170363e-11
2.4687900390625 1.9254565025315772e-11
2.4697900390625 1.2619871864726713e-11
2.4707900390625 1.9476566034922824e-11
2.4717900390625 1.3228816556830332e-11
2.4727900390625 8.754594101964536e-12
2.4737900390625 1.2454773745545126e-11
2.4747900390625 7.234465720260726e-12
2.4757900390625 8.25182878847353e-12
2.4767900390625 7.441683839345465e-12
2.4777900390625 4.24957182818665e-12
2.4787900390625 4.6063893682344055e-12
2.4797900390625 4.043374338960969e-12
2.4807900390625 4.1452134453864795e-12
2.4817900390625 4.638351093250534e-12
2.4827900390625 3.713272909271919e-12
2.4837900390625 2.5269175575303786e-12
2.4847900390625 3.1862809704687904e-12
2.4857900390625 2.168189202772628e-12
2.4867900390625 2.1931345786887124e-12
2.4877900390625 1.8081645575050534e-12
2.4887900390625 1.6350501720145033e-12
2.4897900390625 1.8649398366299153e-12
2.4907900390625 1.384821125700822e-12
2.4917900390625 1.4457263720961767e-12
2.4927900390625 8.390252626536368e-13
2.4937900390625 1.2948414736815688e-12
2.4947900390625 1.2973281149429562e-12
2.4957900390625 1.0160384470262622e-12
2.4967900390625 5.770234568269881e-13
2.4977900390625 1.086521544456054e-12
2.4987900390625 1.0348270388942334e-12
2.4997900390625 8.067002661841657e-13
2.5007900390625 7.619251170359777e-13
2.5017900390625 6.211340729423813e-13
2.5027900390625 5.613641320466854e-13
2.5037900390625 5.267446759626911e-13
2.5047900390625 6.18381529643241e-13
2.5057900390625 3.0233445614736855e-13
2.5067900390625 5.24517382072296e-13
2.5077900390625 4.872065573996071e-13
2.5087900390625 3.6674873169122124e-13
2.5097900390625 5.326595670476193e-13
2.5107900390625 4.177002671423086e-13
2.5117900390625 2.920129036229558e-13
2.5127900390625 3.0637525283900734e-13
2.5137900390625 4.1155866533950233e-13
2.5147900390625 3.7689218433010866e-13
2.5157900390625 3.263461739926064e-13
2.5167900390625 1.684944215335831e-13
2.5177900390625 2.742664492466096e-13
2.5187900390625 2.693204332580975e-13
2.5197900390625 2.953528652881533e-13
2.5207900390625 2.1421680252578882e-13
2.5217900390625 1.9183186724930284e-13
2.5227900390625 1.958782428319506e-13
2.5237900390625 1.9744463269264377e-13
2.5247900390625 1.901219631055036e-13
2.5257900390625 1.7631529895303599e-13
2.5267900390625 1.4371687260117711e-13
2.5277900390625 1.3084554069218487e-13
2.5287900390625 1.218891252727244e-13
2.5297900390625 1.358704507874978e-13
2.5307900390625 1.1928108707554562e-13
2.5317900390625 1.3939196559702038e-13
2.5327900390625 1.02900022344557e-13
2.5337900390625 1.0219507170707045e-13
2.5347900390625 7.557212867688872e-14
2.5357900390625 9.324167692355516e-14
2.5367900390625 9.545152140947781e-14
2.5377900390625 1.0212137417671132e-13
2.5387900390625 6.069632766292922e-14
2.5397900390625 5.94229768375087e-14
2.5407900390625 8.827376825069327e-14
2.5417900390625 6.59950615552016e-14
2.5427900390625 2.896521693841336e-14
2.5437900390625 2.326408710906761e-14
2.5447900390625 5.4637007050678574e-14
2.5457900390625 5.732748524144692e-14
2.5467900390625 4.3373016098176197e-14
2.5477900390625 3.6347552641784936e-14
2.5487900390625 3.3225511975913635e-14
2.5497900390625 3.3285354833742547e-14
2.5507900390625 2.2917023442195177e-14
2.5517900390625 2.895231385567411e-14
2.5527900390625 2.204652918361638e-14
2.5537900390625 2.2142544748341062e-14
2.5547900390625 1.8171969831298206e-14
2.5557900390625 1.6435707310836497e-14
2.5567900390625 1.5589986214240728e-14
2.5577900390625 1.9933506107850182e-14
2.5587900390625 1.4772743127682516e-14
2.5597900390625 9.399896269897992e-15
2.5607900390625 8.231482616186783e-15
2.5617900390625 1.0957859858766047e-14
2.5627900390625 1.2670929808183191e-14
2.5637900390625 7.742383648283674e-15
2.5647900390625 7.714718515230831e-15
2.5657900390625 8.20885808005921e-15
2.5667900390625 9.241847373368635e-15
2.5677900390625 3.747285033105939e-15
2.5687900390625 5.488758219883498e-15
2.5697900390625 6.577263534975244e-15
2.5707900390625 2.8575812386794413e-15
2.5717900390625 3.7792600993829985e-15
2.5727900390625 3.439979341916404e-15
2.5737900390625 2.648026698176163e-15
2.5747900390625 2.3986611971626866e-15
2.5757900390625 3.0944111866480483e-15
2.5767900390625 3.80666174681752e-15
2.5777900390625 1.7347341697737915e-15
2.5787900390625 1.5904796653927325e-15
2.5797900390625 1.4101818113565389e-15
2.5807900390625 2.3085617435535106e-15
2.5817900390625 3.7457658212520167e-16
2.5827900390625 9.603488033425405e-16
2.5837900390625 5.626258651147698e-16
2.5847900390625 1.1559435026646386e-15
2.5857900390625 7.10109818285648e-16
2.5867900390625 1.5040216072559275e-15
2.5877900390625 2.2612450978366756e-16
2.5887900390625 9.890534413260223e-16
2.5897900390625 7.383940349475075e-16
2.5907900390625 7.7006882546562e-16
2.5917900390625 5.3886129974787e-16
2.5927900390625 2.7872959941329113e-16
2.5937900390625 6.253544872701295e-16
2.5947900390625 5.457494893430331e-16
2.5957900390625 4.630780240156104e-16
2.5967900390625 3.258596034917103e-16
2.5977900390625 3.679149084333019e-16
