Wavelength_microns Throughput
1.5484000244140628 0.0
1.5494000244140627 0.0
1.5504000244140625 2.9988035985722174e-07
1.5514000244140624 4.2117571755295395e-07
1.5524000244140626 1.3798155839678457e-06
1.5534000244140624 6.457346010876344e-08
1.5544000244140626 2.9278470504287736e-07
1.5554000244140624 9.487218951043517e-07
1.5564000244140626 6.843145903497857e-07
1.5574000244140624 8.043177895855428e-08
1.5584000244140626 1.1441871218891455e-06
1.5594000244140624 6.961178398153672e-07
1.5604000244140626 5.168755353994536e-07
1.5614000244140624 1.6802822389339226e-06
1.5624000244140626 8.576422148889294e-07
1.5634000244140625 9.850193528334455e-07
1.5644000244140626 4.282633519648627e-11
1.5654000244140625 4.919574477044799e-07
1.5664000244140626 3.3290963446627066e-06
1.5674000244140625 2.834195020441248e-07
1.5684000244140626 3.8550132069606836e-07
1.5694000244140625 1.2326914642620216e-06
1.5704000244140626 1.227118520663799e-06
1.5714000244140625 1.0063047518906028e-06
1.5724000244140626 1.2722287529395787e-06
1.5734000244140625 4.574687574804141e-07
1.5744000244140626 4.042104388992769e-07
1.5754000244140625 1.269146001064918e-06
1.5764000244140626 1.5740288179384061e-06
1.5774000244140625 1.0666294147346305e-06
1.5784000244140626 5.829341987299543e-07
1.5794000244140625 1.5021424118264193e-06
1.5804000244140626 5.679583082566273e-07
1.5814000244140625 1.7160152953490958e-06
1.5824000244140626 1.0501251335010972e-06
1.5834000244140625 4.3253348825604665e-11
1.5844000244140626 1.547747551110671e-06
1.5854000244140625 3.142494588917683e-07
1.5864000244140626 4.323144685526441e-07
1.5874000244140625 1.4169166460289026e-06
1.5884000244140626 1.8237775374315397e-06
1.5894000244140625 1.3411952357583562e-06
1.5904000244140626 1.5658781527577157e-06
1.5914000244140625 2.225768581700996e-06
1.5924000244140626 2.4294476176027184e-06
1.5934000244140625 2.660423246304492e-06
1.5944000244140626 3.6206588180046606e-06
1.5954000244140625 6.678364710016112e-06
1.5964000244140626 6.921561519708945e-06
1.5974000244140625 8.708491552624903e-06
1.5984000244140626 1.0252768979720693e-05
1.5994000244140625 1.4237534895445524e-05
1.6004000244140626 1.6333974895660135e-05
1.6014000244140625 1.823493118992483e-05
1.6024000244140626 2.3910272811519895e-05
1.6034000244140625 3.011217860984607e-05
1.6044000244140626 3.593845454729093e-05
1.6054000244140625 4.472344031059873e-05
1.6064000244140626 5.6646986321414956e-05
1.6074000244140625 7.404287761205184e-05
1.6084000244140626 9.590584068791263e-05
1.6094000244140625 0.0001313003459244629
1.6104000244140626 0.0001795300022623462
1.6114000244140625 0.0002810977180696653
1.6124000244140626 0.0003895566543716116
1.6134000244140625 0.0006308470769958891
1.6144000244140626 0.0010308030228680727
1.6154000244140625 0.0018118467902114056
1.6164000244140626 0.0029758445238701223
1.6174000244140625 0.0048851992189085725
1.6184000244140626 0.00819485488330874
1.6194000244140625 0.010767203589593058
1.6204000244140624 0.013109744180930126
1.6214000244140625 0.015326595685254425
1.6224000244140624 0.018822188950346742
1.6234000244140625 0.021155172884607647
1.6244000244140624 0.020597104752990803
1.6254000244140625 0.02522472290141391
1.6264000244140624 0.028965641982206965
1.6274000244140625 0.035940100986425
1.6284000244140624 0.037769540627649506
1.6294000244140625 0.04828869668773166
1.6304000244140624 0.0612740227001073
1.6314000244140625 0.07314613184453132
1.6324000244140624 0.09435425706215442
1.6334000244140625 0.12294354467326506
1.6344000244140624 0.16499736683096408
1.6354000244140625 0.21874990813124742
1.6364000244140624 0.2788545385264526
1.6374000244140625 0.34449306633529214
1.6384000244140624 0.37967788312412737
1.6394000244140625 0.4075381497791191
1.6404000244140624 0.4310312293472045
1.6414000244140625 0.4294946248718306
1.6424000244140624 0.4282693106542356
1.6434000244140625 0.42601249183897955
1.6444000244140624 0.4304877533462736
1.6454000244140625 0.4399512191376343
1.6464000244140624 0.43318184729707343
1.6474000244140625 0.4258744600402382
1.6484000244140624 0.426585340483651
1.6494000244140625 0.3915170473581455
1.6504000244140624 0.3702264344692256
1.6514000244140625 0.3239973301103905
1.6524000244140624 0.2755509327090701
1.6534000244140625 0.21417593144273064
1.6544000244140624 0.1700891104594315
1.6554000244140625 0.13564758000297172
1.6564000244140624 0.10322451041184377
1.6574000244140625 0.0843327233475806
1.6584000244140624 0.06807135249350459
1.6594000244140625 0.05777585322927663
1.6604000244140624 0.05143667224112129
1.6614000244140625 0.04432292900970449
1.6624000244140624 0.035505692919095805
1.6634000244140625 0.030146933502585235
1.6644000244140624 0.030232910205495688
1.6654000244140625 0.025385239317593074
1.6664000244140624 0.022112740149310743
1.6674000244140625 0.018328557998722576
1.6684000244140624 0.013414877198656914
1.6694000244140625 0.010737031381770965
1.6704000244140624 0.007204252525027655
1.6714000244140625 0.005081150334066204
1.6724000244140624 0.0030370846266203713
1.6734000244140625 0.0018737157652047498
1.6744000244140624 0.0011385169778352774
1.6754000244140625 0.0006439769914936823
1.6764000244140624 0.00044157287460796547
1.6774000244140626 0.00028882082938713684
1.6784000244140624 0.00021969546442708558
1.6794000244140626 0.00015276728963587108
1.6804000244140624 0.00011759132641526231
1.6814000244140626 9.024971128093165e-05
1.6824000244140624 7.194398576073984e-05
1.6834000244140626 5.859184785118012e-05
1.6844000244140624 4.422060865907067e-05
1.6854000244140626 3.754678107675671e-05
1.6864000244140624 2.9472467577789606e-05
1.6874000244140626 2.3718848539967632e-05
1.6884000244140625 2.0007372636846252e-05
1.6894000244140626 1.595069289539552e-05
1.6904000244140625 9.837825391538065e-06
1.6914000244140626 8.7641274810493e-06
1.6924000244140625 9.869862482865465e-06
1.6934000244140626 5.3003389204065475e-06
1.6944000244140625 5.6991362112255305e-06
1.6954000244140626 3.726477215776843e-06
1.6964000244140625 4.698965729265404e-06
1.6974000244140626 3.6316713766743007e-07
1.6984000244140625 2.6971784215514474e-06
1.6994000244140626 1.5472512339671992e-06
1.7004000244140625 2.9913920858583267e-06
1.7014000244140626 1.1465923625572808e-06
1.7024000244140625 1.5728175535282005e-06
1.7034000244140626 2.1242939181535886e-06
1.7044000244140625 3.826570822706981e-06
1.7054000244140626 2.0765093999618464e-06
1.7064000244140625 5.15545077779261e-07
1.7074000244140626 1.9737571851477717e-06
1.7084000244140625 1.0094747110421677e-06
1.7094000244140626 8.39318802129691e-07
1.7104000244140625 1.3171162279864626e-06
1.7114000244140626 7.874532423240911e-07
1.7124000244140625 2.7111626512504864e-06
1.7134000244140626 1.940710410243045e-06
1.7144000244140625 1.8244563111434078e-06
1.7154000244140626 1.357611953218794e-06
1.7164000244140625 2.9457547359656464e-06
1.7174000244140626 7.490141520276704e-07
1.7184000244140625 2.753492261927971e-06
1.7194000244140626 8.22378090513618e-07
1.7204000244140625 1.1204648694528408e-06
1.7214000244140626 4.203557334005773e-07
1.7224000244140625 1.3021411330951248e-06
1.7234000244140626 6.820904011803257e-07
1.7244000244140625 2.911360536902232e-06
1.7254000244140626 1.0970232211302e-06
1.7264000244140625 7.694185998387551e-07
1.7274000244140626 1.1427245670208382e-07
1.7284000244140625 1.4051376891304362e-06
1.7294000244140626 1.5664131838784865e-06
1.7304000244140625 1.0713903259880957e-06
1.7314000244140626 4.863376781023548e-07
1.7324000244140625 1.938268006532622e-06
1.7334000244140626 6.496460633817477e-07
1.7344000244140625 2.475281855177118e-06
1.7354000244140626 2.238938183093298e-06
1.7364000244140625 6.941661316188583e-07
1.7374000244140626 1.1045536911513356e-06
1.7384000244140625 1.2243727619236938e-07
1.7394000244140626 9.12987534385056e-07
1.7404000244140625 6.687111553585807e-08
1.7414000244140626 2.4402668634559218e-06
1.7424000244140625 3.711580162245149e-08
1.7434000244140626 1.3131534058631412e-06
1.7444000244140625 1.7378830187387003e-06
1.7454000244140624 1.3566304963594572e-06
1.7464000244140625 2.9480652050546295e-06
1.7474000244140624 1.8008515736348286e-07
1.7484000244140625 1.1581960685210596e-06
1.7494000244140624 8.869315045146065e-07
1.7504000244140625 1.4246630484449882e-06
1.7514000244140624 0.0
1.7524000244140623 0.0
