Wavelength_microns Throughput
1.2487900390624997 0.0
1.2497900390624999 0.0
1.2507900390625 3.558564319440282e-06
1.2517900390625 4.040524156200766e-06
1.2527900390625 4.305504331882088e-06
1.2537900390625 4.589789426582819e-06
1.2547900390625 5.171432418802992e-06
1.2557900390625 5.607426509271662e-06
1.2567900390625 6.062890171826214e-06
1.2577900390625 6.506410007324084e-06
1.2587900390625 7.165348096906277e-06
1.2597900390625 7.771693964090203e-06
1.2607900390625 8.659826011135084e-06
1.2617900390625 9.294047225976765e-06
1.2627900390625 1.0522300776478483e-05
1.2637900390625 1.1546120251954322e-05
1.2647900390625 1.2692154034346633e-05
1.2657900390625 1.4158254120107643e-05
1.2667900390625 1.5625038431446163e-05
1.2677900390625 1.7414550692685825e-05
1.2687900390625 1.9261423092155563e-05
1.2697900390625 2.1413090277757705e-05
1.2707900390625 2.4332936536580197e-05
1.2717900390625 2.714727370314701e-05
1.2727900390625 3.081740872401925e-05
1.2737900390625 3.464198771364225e-05
1.2747900390625 3.9411167331373976e-05
1.2757900390625 4.491796612587024e-05
1.2767900390625 5.1406660121066955e-05
1.2777900390625 5.8607315620935945e-05
1.2787900390625 6.716808961748693e-05
1.2797900390625 7.706716815597737e-05
1.2807900390625 8.852655965913894e-05
1.2817900390625 0.00010194541125732565
1.2827900390625 0.00011716099817061085
1.2837900390625 0.00013466707501977936
1.2847900390625 0.00015465679049457955
1.2857900390625 0.0001782111741029748
1.2867900390625 0.0002066263522173976
1.2877900390625 0.0002368703741086714
1.2887900390625 0.00027552166885256836
1.2897900390625 0.00032059360660698105
1.2907900390625 0.0003712708369322723
1.2917900390625 0.0004307098133924558
1.2927900390625 0.0005088874325215091
1.2937900390625 0.0005941458240384852
1.2947900390625 0.0006955300595557171
1.2957900390625 0.0008305698562042394
1.2967900390625 0.0009836542298075574
1.2977900390625 0.0011730614218022223
1.2987900390625 0.0014157851052212064
1.2997900390625 0.001706523525191532
1.3007900390625 0.0020639758246701026
1.3017900390625 0.002516008606771077
1.3027900390625 0.003074440243501157
1.3037900390625 0.003738835803375959
1.3047900390625 0.004539408695969393
1.3057900390625 0.005461527020987983
1.3067900390625 0.006323534925171221
1.3077900390625 0.006931296572743937
1.3087900390625 0.007704911192568989
1.3097900390625 0.008397466333071733
1.3107900390625 0.009217132512563193
1.3117900390625 0.010252694435159302
1.3127900390625 0.01151637245058519
1.3137900390625 0.012870935200662768
1.3147900390625 0.014734540117219995
1.3157900390625 0.016332053782349955
1.3167900390625 0.018761977090641608
1.3177900390625 0.021317493322807822
1.3187900390625 0.024947345691899495
1.3197900390625 0.028897834939591256
1.3207900390625 0.034372712533134855
1.3217900390625 0.0403480063411486
1.3227900390625 0.04789195578290315
1.3237900390625 0.05589801278632227
1.3247900390625 0.06635983730337214
1.3257900390625 0.07670297696102901
1.3267900390625 0.08952945184103296
1.3277900390625 0.10349232994751142
1.3287900390625 0.11963147001311195
1.3297900390625 0.13693302692357495
1.3307900390625 0.15571273677183076
1.3317900390625 0.17418693685219877
1.3327900390625 0.19274083318863464
1.3337900390625 0.21096271533203861
1.3347900390625 0.22697072555213732
1.3357900390625 0.24135731358379256
1.3367900390625 0.25358969920814445
1.3377900390625 0.2639334550006918
1.3387900390625 0.2717187318548375
1.3397900390625 0.2777601799985781
1.3407900390625 0.2819563358370017
1.3417900390625 0.28500604838269555
1.3427900390625 0.28737222611188756
1.3437900390625 0.2905040304670756
1.3447900390625 0.2905250475449015
1.3457900390625 0.2920625863430328
1.3467900390625 0.29425833855873595
1.3477900390625 0.29520032046265243
1.3487900390625 0.2967382009292016
1.3497900390625 0.29791505687111836
1.3507900390625 0.29965692759709284
1.3517900390625 0.30058689569901764
1.3527900390625 0.30146830216524273
1.3537900390625 0.30314525817340837
1.3547900390625 0.30313373217024125
1.3557900390625 0.30398489310660887
1.3567900390625 0.304335734779136
1.3577900390625 0.30458814908850157
1.3587900390625 0.3051179845671353
1.3597900390625 0.3053880940361775
1.3607900390625 0.3055383328310334
1.3617900390625 0.3057526187315053
1.3627900390625 0.30555627579674216
1.3637900390625 0.30640505097239623
1.3647900390625 0.3073554397423735
1.3657900390625 0.30793643040215224
1.3667900390625 0.3075644124392159
1.3677900390625 0.3078931636122177
1.3687900390625 0.3091594619744681
1.3697900390625 0.30903850257231225
1.3707900390625 0.3100594825691171
1.3717900390625 0.31019081827314143
1.3727900390625 0.3092152035895912
1.3737900390625 0.30885008343224674
1.3747900390625 0.30849822543332706
1.3757900390625 0.30839224757423134
1.3767900390625 0.307994531569229
1.3777900390625 0.3079346473216452
1.3787900390625 0.30752061530285235
1.3797900390625 0.30713711182993075
1.3807900390625 0.3065599015828409
1.3817900390625 0.3064462505421911
1.3827900390625 0.3078561865911245
1.3837900390625 0.3078182500909308
1.3847900390625 0.30792124902893514
1.3857900390625 0.3087399289605663
1.3867900390625 0.309554518654973
1.3877900390625 0.3094522647670643
1.3887900390625 0.31074984919590076
1.3897900390625 0.31192638535642914
1.3907900390625 0.3131149797442748
1.3917900390625 0.313636116416182
1.3927900390625 0.3155188198813738
1.3937900390625 0.3162941062974014
1.3947900390625 0.3179374069329707
1.3957900390625 0.31926155845032755
1.3967900390625 0.3203036262513762
1.3977900390625 0.3219183241129564
1.3987900390625 0.32276009078690143
1.3997900390625 0.32370832537374017
1.4007900390625 0.32594573924722675
1.4017900390625 0.3270986591954149
1.4027900390625 0.3284247462087788
1.4037900390625 0.3300658875035399
1.4047900390625 0.33122183878564104
1.4057900390625 0.33294960512616073
1.4067900390625 0.33391317795452546
1.4077900390625 0.33460273908201266
1.4087900390625 0.33647327316225384
1.4097900390625 0.3378883561871971
1.4107900390625 0.3380785984760234
1.4117900390625 0.3403017278394313
1.4127900390625 0.3416986973175806
1.4137900390625 0.34345788423928797
1.4147900390625 0.344277261301553
1.4157900390625 0.3458733785750995
1.4167900390625 0.3476850010660668
1.4177900390625 0.34796100766474014
1.4187900390625 0.3503545393033319
1.4197900390625 0.3512485748278198
1.4207900390625 0.3520107649196929
1.4217900390625 0.35363323643982353
1.4227900390625 0.3544750131215728
1.4237900390625 0.3562360878688717
1.4247900390625 0.3571855677243376
1.4257900390625 0.3572554277645503
1.4267900390625 0.3591508055990445
1.4277900390625 0.3599349982524341
1.4287900390625 0.3606930878931911
1.4297900390625 0.3629964794064913
1.4307900390625 0.36351154884989145
1.4317900390625 0.3647152915095581
1.4327900390625 0.3646166394554605
1.4337900390625 0.3657246964930913
1.4347900390625 0.36720577606981863
1.4357900390625 0.3675197642786476
1.4367900390625 0.3682190363247179
1.4377900390625 0.36994928288801004
1.4387900390625 0.3703939467241202
1.4397900390625 0.37093794639762273
1.4407900390625 0.3726872176856185
1.4417900390625 0.3723777489860029
1.4427900390625 0.3736010258957184
1.4437900390625 0.3748099469936132
1.4447900390625 0.37598883598140176
1.4457900390625 0.37594211486516055
1.4467900390625 0.37692064301537925
1.4477900390625 0.3773119987522483
1.4487900390625 0.37940371094793907
1.4497900390625 0.37910756003753254
1.4507900390625 0.3797071630019902
1.4517900390625 0.3810546555754306
1.4527900390625 0.3816097708410918
1.4537900390625 0.3808203758223055
1.4547900390625 0.38061705980585364
1.4557900390625 0.38207243528113605
1.4567900390625 0.3816298917562369
1.4577900390625 0.38215401233151175
1.4587900390625 0.38330869704740755
1.4597900390625 0.38318282419757865
1.4607900390625 0.3822476536960513
1.4617900390625 0.381832373050949
1.4627900390625 0.38187507869791465
1.4637900390625 0.381994854750901
1.4647900390625 0.38239134889301557
1.4657900390625 0.3829753626889258
1.4667900390625 0.3818384788586743
1.4677900390625 0.3822675305298749
1.4687900390625 0.3829302389259551
1.4697900390625 0.38256872431085687
1.4707900390625 0.38172225789853076
1.4717900390625 0.3819844083732209
1.4727900390625 0.38294004596828973
1.4737900390625 0.38207587768883067
1.4747900390625 0.3839947184021026
1.4757900390625 0.38343253289838275
1.4767900390625 0.3844815777392531
1.4777900390625 0.385164976995395
1.4787900390625 0.38583665355316515
1.4797900390625 0.38664392466962166
1.4807900390625 0.3867547802514425
1.4817900390625 0.3878325070920635
1.4827900390625 0.3890133125026752
1.4837900390625 0.3890968292258642
1.4847900390625 0.3909031434371328
1.4857900390625 0.3934157380538969
1.4867900390625 0.3930164245515088
1.4877900390625 0.39443294153786884
1.4887900390625 0.3953694086900599
1.4897900390625 0.3964311122398684
1.4907900390625 0.397623006287332
1.4917900390625 0.39983370788076056
1.4927900390625 0.4005701319846837
1.4937900390625 0.4014754391972601
1.4947900390625 0.4023523800387766
1.4957900390625 0.4040029448707996
1.4967900390625 0.40565999217311377
1.4977900390625 0.4054251024856504
1.4987900390625 0.4068182817233398
1.4997900390625 0.4097089511597515
1.5007900390625 0.41068988665794415
1.5017900390625 0.4111751203864769
1.5027900390625 0.41189374909578114
1.5037900390625 0.4138626738669207
1.5047900390625 0.4147458188273449
1.5057900390625 0.4154972123865143
1.5067900390625 0.4173781496811533
1.5077900390625 0.41789779605189864
1.5087900390625 0.41958578655266143
1.5097900390625 0.4211826498699363
1.5107900390625 0.4220570072389751
1.5117900390625 0.4221716009204191
1.5127900390625 0.42412816293949734
1.5137900390625 0.42515393632666654
1.5147900390625 0.42467061186299104
1.5157900390625 0.4260239204924796
1.5167900390625 0.42679687174658737
1.5177900390625 0.428613564384302
1.5187900390625 0.42712639094424387
1.5197900390625 0.4286861187614322
1.5207900390625 0.42843056421313114
1.5217900390625 0.4282419333453224
1.5227900390625 0.43094862551756835
1.5237900390625 0.4297697772977085
1.5247900390625 0.42927913730725453
1.5257900390625 0.43050171455381825
1.5267900390625 0.4309149726708437
1.5277900390625 0.4309695507735914
1.5287900390625 0.4308037887227344
1.5297900390625 0.42976788228063606
1.5307900390625 0.43174464357524095
1.5317900390625 0.43087376284632317
1.5327900390625 0.43092945324666543
1.5337900390625 0.43014051298419825
1.5347900390625 0.4311461027351211
1.5357900390625 0.431574246123259
1.5367900390625 0.4312556790894081
1.5377900390625 0.43288846423083793
1.5387900390625 0.4324839227416607
1.5397900390625 0.431941579016672
1.5407900390625 0.43220745693389756
1.5417900390625 0.432743905785518
1.5427900390625 0.4330038156406502
1.5437900390625 0.43398331479508967
1.5447900390625 0.4334473598888113
1.5457900390625 0.43402804384237786
1.5467900390625 0.4343157794906599
1.5477900390625 0.434139445347261
1.5487900390625 0.4358134853566379
1.5497900390625 0.4339050725596259
1.5507900390625 0.43538500880457026
1.5517900390625 0.43398774103529886
1.5527900390625 0.43585022839912785
1.5537900390625 0.4351513772441181
1.5547900390625 0.4366476501881584
1.5557900390625 0.4352477445936889
1.5567900390625 0.4349841637980193
1.5577900390625 0.43538000579761693
1.5587900390625 0.4359780519514631
1.5597900390625 0.43653288701507736
1.5607900390625 0.4362445420364795
1.5617900390625 0.4375404814287351
1.5627900390625 0.43582321923839773
1.5637900390625 0.43700292339806723
1.5647900390625 0.4368875509090334
1.5657900390625 0.43731510142934904
1.5667900390625 0.43849451364644576
1.5677900390625 0.4387224815703944
1.5687900390625 0.4392938836398447
1.5697900390625 0.43990332814320826
1.5707900390625 0.44023881247027946
1.5717900390625 0.44147118669689084
1.5727900390625 0.4440466980259815
1.5737900390625 0.4432110842692292
1.5747900390625 0.44553322193598327
1.5757900390625 0.4452386263403853
1.5767900390625 0.44777453083377244
1.5777900390625 0.4486197985973574
1.5787900390625 0.44862585643759517
1.5797900390625 0.4507083159110628
1.5807900390625 0.452150058657953
1.5817900390625 0.4526802669419567
1.5827900390625 0.45392563321585994
1.5837900390625 0.4555904556841175
1.5847900390625 0.45721229775486666
1.5857900390625 0.4573668937502446
1.5867900390625 0.45621943423723194
1.5877900390625 0.4582540085938522
1.5887900390625 0.45781623575418384
1.5897900390625 0.45920222805585403
1.5907900390625 0.4594297257370223
1.5917900390625 0.4609924987718341
1.5927900390625 0.4617201644285747
1.5937900390625 0.4615500212876522
1.5947900390625 0.46112178237127377
1.5957900390625 0.4616551273933523
1.5967900390625 0.4637442392463627
1.5977900390625 0.4634934245853633
1.5987900390625 0.46370760149923895
1.5997900390625 0.4620121713434711
1.6007900390625 0.4649888504589912
1.6017900390625 0.4641435939957122
1.6027900390625 0.4644344029593003
1.6037900390625 0.4642253116292595
1.6047900390625 0.46571064249546096
1.6057900390625 0.46578026093136093
1.6067900390625 0.46617570260001695
1.6077900390625 0.4660603254228741
1.6087900390625 0.4658458325188852
1.6097900390625 0.46646278569436417
1.6107900390625 0.4666048885184816
1.6117900390625 0.4671664674438802
1.6127900390625 0.4662167409163717
1.6137900390625 0.46764667605428284
1.6147900390625 0.46766648771346964
1.6157900390625 0.46835449632543663
1.6167900390625 0.468890880541817
1.6177900390625 0.47065101221621075
1.6187900390625 0.467958386303654
1.6197900390625 0.47016342363216235
1.6207900390625 0.4684653041736007
1.6217900390625 0.4709809581212369
1.6227900390625 0.46993824202081774
1.6237900390625 0.4707959157689559
1.6247900390625 0.47094150749081826
1.6257900390625 0.4710427017272622
1.6267900390625 0.47042038338858344
1.6277900390625 0.472633403780218
1.6287900390625 0.47248070527537817
1.6297900390625 0.47178098243402466
1.6307900390625 0.4725403259307461
1.6317900390625 0.4733150802098586
1.6327900390625 0.47436447950525706
1.6337900390625 0.4735208927829985
1.6347900390625 0.4739240091382327
1.6357900390625 0.47517959751921196
1.6367900390625 0.47454941291886393
1.6377900390625 0.4748984403336412
1.6387900390625 0.4743198495206925
1.6397900390625 0.47547715603981505
1.6407900390625 0.4741226359348766
1.6417900390625 0.4747345113630974
1.6427900390625 0.47433693250474807
1.6437900390625 0.4750449343781506
1.6447900390625 0.47179400239426245
1.6457900390625 0.47503890165085494
1.6467900390625 0.4744840116360727
1.6477900390625 0.47622017305742054
1.6487900390625 0.47534429255478255
1.6497900390625 0.4762021096490815
1.6507900390625 0.47735425951513205
1.6517900390625 0.4775686093570081
1.6527900390625 0.4797453224132512
1.6537900390625 0.4802077893625678
1.6547900390625 0.4801020742601999
1.6557900390625 0.4775453687387193
1.6567900390625 0.47605815909694604
1.6577900390625 0.4724156400299063
1.6587900390625 0.46520095773613007
1.6597900390625 0.45428638965418133
1.6607900390625 0.442184941904653
1.6617900390625 0.42402063113079463
1.6627900390625 0.40341361893841404
1.6637900390625 0.3764428519246109
1.6647900390625 0.3494567263078981
1.6657900390625 0.32051594592222743
1.6667900390625 0.2890321970199432
1.6677900390625 0.2594666935392567
1.6687900390625 0.22837455361993506
1.6697900390625 0.19851562807804735
1.6707900390625 0.1728987209445868
1.6717900390625 0.1480480086653289
1.6727900390625 0.12693721480778727
1.6737900390625 0.10832760738502428
1.6747900390625 0.09330063613275316
1.6757900390625 0.08163713113768095
1.6767900390625 0.07106750614845289
1.6777900390625 0.06287997338934258
1.6787900390625 0.05472609870009034
1.6797900390625 0.04822641241312546
1.6807900390625 0.0424822488332989
1.6817900390625 0.03816402678360708
1.6827900390625 0.03355527642868011
1.6837900390625 0.03000564173535869
1.6847900390625 0.026239434014973775
1.6857900390625 0.02244125297495744
1.6867900390625 0.019104458921774453
1.6877900390625 0.0161217124220339
1.6887900390625 0.013483134456076974
1.6897900390625 0.011373074674265987
1.6907900390625 0.00956356213679962
1.6917900390625 0.00806599131595763
1.6927900390625 0.006751055100191596
1.6937900390625 0.005720260424556951
1.6947900390625 0.004828192140822998
1.6957900390625 0.004064470085027905
1.6967900390625 0.0034710628977929502
1.6977900390625 0.002941123750138211
1.6987900390625 0.002508392614909736
1.6997900390625 0.002150100895100614
1.7007900390625 0.001853317418881052
1.7017900390625 0.0015870851736059775
1.7027900390625 0.0013713139897430456
1.7037900390625 0.0011877032285454133
1.7047900390625 0.001027614425754199
1.7057900390625 0.0008966948821162065
1.7067900390625 0.000782920153316724
1.7077900390625 0.0006835055973432797
1.7087900390625 0.0005990148345419598
1.7097900390625 0.0005274888733479026
1.7107900390625 0.00046394330749800853
1.7117900390625 0.00040896911710855665
1.7127900390625 0.00036375133067786974
1.7137900390625 0.00031975441830306965
1.7147900390625 0.00028631959677587665
1.7157900390625 0.00025496273970291027
1.7167900390625 0.00022857612718834373
1.7177900390625 0.00020400767474593998
1.7187900390625 0.0001838903911173248
1.7197900390625 0.00016588563567878728
1.7207900390625 0.0001499783038830642
1.7217900390625 0.00013647944296535486
1.7227900390625 0.00012245559323552333
1.7237900390625 0.00011192307244757304
1.7247900390625 0.00010159299065857259
1.7257900390625 9.305593056211579e-05
1.7267900390625 8.361013364471611e-05
1.7277900390625 7.787016106074207e-05
1.7287900390625 6.975809211370771e-05
1.7297900390625 6.507808248432939e-05
1.7307900390625 5.9766122737918465e-05
1.7317900390625 5.4168938064036626e-05
1.7327900390625 5.091088912111119e-05
1.7337900390625 4.4861502900391614e-05
1.7347900390625 4.247919270393983e-05
1.7357900390625 3.904617535412771e-05
1.7367900390625 3.5863840878355924e-05
1.7377900390625 3.40801965555361e-05
1.7387900390625 3.141275863449191e-05
1.7397900390625 2.8985668781457525e-05
1.7407900390625 2.6609501418540358e-05
1.7417900390625 2.4646319567763356e-05
1.7427900390625 2.2978496194181584e-05
1.7437900390625 2.206111592978121e-05
1.7447900390625 2.0004199080129437e-05
1.7457900390625 1.9326922191406098e-05
1.7467900390625 1.7566559053810126e-05
1.7477900390625 1.725342931752623e-05
1.7487900390625 1.6579576897993496e-05
1.7497900390625 1.4883999943154955e-05
1.7507900390625002 0.0
1.7517900390625003 0.0
