Wavelength_microns Throughput
0.55 3.2509051989942592e-06
0.551 2.5251807884325833e-06
0.552 3.6555247701199118e-06
0.553 4.750841015632072e-06
0.554 5.221183869862069e-06
0.555 5.20860536101695e-06
0.556 4.994141057959031e-06
0.557 5.698426763128711e-06
0.558 6.868816945092587e-06
0.559 7.912873997485134e-06
0.56 8.503342110573077e-06
0.561 9.024155710304372e-06
0.562 9.175540974198515e-06
0.563 8.863381129102355e-06
0.564 8.769843088865697e-06
0.565 8.326716686105696e-06
0.566 7.863305300225634e-06
0.567 7.0603139775161245e-06
0.568 6.746253279626059e-06
0.569 6.58974737977793e-06
0.57 6.202568863176767e-06
0.571 6.382952565376951e-06
0.572 7.525953388071545e-06
0.573 9.043593612209436e-06
0.574 1.0126533378197394e-05
0.575 1.2119718356770575e-05
0.576 1.630780874283808e-05
0.577 2.1471074457931782e-05
0.578 2.638464576703427e-05
0.579 3.221020052247495e-05
0.58 3.969353976022375e-05
0.581 4.933359270123158e-05
0.582 6.221481294459601e-05
0.583 8.45325864276691e-05
0.584 0.00013651148995597647
0.585 0.0002586976333224663
0.586 0.00045046075791595544
0.587 0.0005743067428796527
0.588 0.000513580134816914
0.589 0.00032319442391526797
0.59 0.00016481988476211624
0.591 8.949786960726855e-05
0.592 5.997015946596362e-05
0.593 4.422714682921081e-05
0.594 3.5628339469610386e-05
0.595 3.400005670772219e-05
0.596 3.124271474394308e-05
0.597 3.15982306995344e-05
0.598 3.3887035923937635e-05
0.599 3.487567808668976e-05
0.6 3.747171253873955e-05
0.601 4.1844782790783204e-05
0.602 4.8779690218545894e-05
0.603 5.9656764340557155e-05
0.604 7.27891411724445e-05
0.605 8.475015650300608e-05
0.606 9.76226180463596e-05
0.607 0.00010933255984613185
0.608 0.0001128018341490054
0.609 0.00010918337977527544
0.61 0.000100767509935026
0.611 8.939064642019162e-05
0.612 7.58728316631427e-05
0.613 6.453476310956645e-05
0.614 5.5263350421632144e-05
0.615 4.9537169880364716e-05
0.616 4.482623620759421e-05
0.617 4.252833102109349e-05
0.618 4.233617790566689e-05
0.619 3.973247529161063e-05
0.62 3.703862295674499e-05
0.621 3.538408664394649e-05
0.622 3.9730420481602086e-05
0.623 4.296125578730796e-05
0.624 4.785298834028408e-05
0.625 5.67810456188994e-05
0.626 7.011708296288116e-05
0.627 9.160581887944776e-05
0.628 0.00012855540512675856
0.629 0.00018928363798055602
0.63 0.00028280877649086483
0.631 0.0003999660144681658
0.632 0.00048659185581467794
0.633 0.0004920326262536111
0.634 0.00041908457949356816
0.635 0.0003258077630522156
0.636 0.000253181819405802
0.637 0.00021117503288413058
0.638 0.00019024987538620116
0.639 0.00018419433343952774
0.64 0.00019468340720331945
0.641 0.00021541364151372335
0.642 0.0002451600765007798
0.643 0.0002761587779796095
0.644 0.0003013636118723166
0.645 0.0003051756982332235
0.646 0.000278525470877572
0.647 0.0002324924951794376
0.648 0.0001822744940478789
0.649 0.00014485450042198944
0.65 0.00011783568136367075
0.651 9.710906031670082e-05
0.652 8.390052525904734e-05
0.653 8.084516006614198e-05
0.654 8.004439445712547e-05
0.655 8.254168352413815e-05
0.656 8.941203462338877e-05
0.657 0.00010523392364917295
0.658 0.00012430003633958104
0.659 0.00014997202430231941
0.66 0.00018106805701584492
0.661 0.0002128120722685378
0.662 0.0002246173667173238
0.663 0.00021402771119401252
0.664 0.00019163711125866044
0.665 0.00016839534453462883
0.666 0.00014487528739479485
0.667 0.00012480894555499513
0.668 0.00011544726316633044
0.669 0.0001105114457679557
0.67 0.00010937407354514095
0.671 0.00011021952713061083
0.672 0.00012220651339007175
0.673 0.0001417361119574222
0.674 0.0001682861347323007
0.675 0.00019319861217942903
0.676 0.0002174268072870249
0.677 0.00023240917966868546
0.678 0.00023782829220319636
0.679 0.00022745212125821718
0.68 0.00020327281613274036
0.681 0.00016896877389124094
0.682 0.00014261015134650428
0.683 0.00013301613040625046
0.684 0.00012857146494080028
0.685 0.00012339575135058363
0.686 0.00011956024407597606
0.687 0.0001230708168798397
0.688 0.00012969323008466728
0.689 0.0001346577515482151
0.69 0.00014481291965563032
0.691 0.0001545583835467379
0.692 0.00015551084717134125
0.693 0.00014794880615573024
0.694 0.0001371140077303019
0.695 0.00012333858923319513
0.696 0.00010573785149827732
0.697 9.346718874982118e-05
0.698 8.54387944114059e-05
0.699 7.929422988229681e-05
0.7 7.355498082922347e-05
0.701 6.686435211769517e-05
0.702 6.336324708452821e-05
0.703 6.683011921423243e-05
0.704 7.734253842829139e-05
0.705 9.025295419297725e-05
0.706 0.00010664700586351041
0.707 0.0001251884165409719
0.708 0.00014885575605356235
0.709 0.00018818564101219962
0.71 0.00026148859838297966
0.711 0.0003833540429668061
0.712 0.0005665040359137764
0.713 0.0008167282554415125
0.714 0.0011532277722986835
0.715 0.0014985446142066507
0.716 0.0017018066697555405
0.717 0.0016034242156641712
0.718 0.001290597936320318
0.719 0.0009395994462633991
0.72 0.0006629493615368754
0.721 0.0004573044346139284
0.722 0.00031545202337145974
0.723 0.00023377344241002154
0.724 0.00017083240769625948
0.725 0.0001299830487329266
0.726 0.00010395044110454196
0.727 8.755548804253329e-05
0.728 7.0633370847849e-05
0.729 5.461935275329857e-05
0.73 4.995496339112507e-05
0.731 4.749569068073698e-05
0.732 4.489276799095825e-05
0.733 4.1036486577468155e-05
0.734 4.5131894083914976e-05
0.735 4.691334938596871e-05
0.736 4.2344887194822145e-05
0.737 4.4479858154733417e-05
0.738 5.452682922577086e-05
0.739 6.870482652284925e-05
0.74 7.54805248518829e-05
0.741 9.429301551279354e-05
0.742 0.0001242971641148479
0.743 0.0001789939444581129
0.744 0.00026705873620404605
0.745 0.0004058291982154211
0.746 0.0006057232490989774
0.747 0.0008690501948104547
0.748 0.0011411963615140458
0.749 0.0013389563153722815
0.75 0.0014197259906796487
0.751 0.0014729583439273334
0.752 0.001725310543771324
0.753 0.0023292328552820996
0.754 0.003003753616941631
0.755 0.0029973580971012284
0.756 0.0021234928508066893
0.757 0.0010466770887601231
0.758 0.0004297964870811711
0.759 0.00021102839670551893
0.76 0.00012019880841744849
0.761 6.789709115085846e-05
0.762 4.0605709611658633e-05
0.763 3.2968298938652085e-05
0.764 2.2875446944491854e-05
0.765 1.28897643609564e-05
0.766 1.2397350232350964e-05
0.767 1.3233721208895776e-05
0.768 1.2967137105277054e-05
0.769 8.879692486847605e-06
0.77 9.224987236684397e-06
0.771 7.703655500602314e-06
0.772 9.726652361680915e-06
0.773 9.40125589072343e-06
0.774 4.230710016726905e-06
0.775 5.530792630273605e-06
0.776 7.999498927683977e-06
0.777 1.4577786006473103e-05
0.778 5.666570062705841e-06
0.779 6.5816438772689605e-06
0.78 9.19893172893838e-06
0.781 1.3588196159253013e-05
0.782 7.731932182332358e-06
0.783 1.4934006822085073e-05
0.784 1.493682398767036e-05
0.785 1.152916343378653e-05
0.786 9.931094731634484e-06
0.787 1.5478441196888224e-05
0.788 2.4024922930275775e-05
0.789 4.440935153937648e-05
0.79 8.683213453611117e-05
0.791 0.00013194068638531893
0.792 0.00015249006673871256
0.793 0.00012513200619931447
0.794 8.33556593328367e-05
0.795 5.62544285892678e-05
0.796 4.165130788059784e-05
0.797 0.0
0.798 0.0002982556186279132
0.799 0.0008706812597208168
0.8 0.0018528774710656261
0.801 0.0013682328000627617
0.802 0.0020393870091915357
0.803 0.001837049861444967
0.804 0.001877135128024472
0.805 0.00039326233944778045
0.806 0.00015076729914381402
0.807 0.0006804799926372957
0.808 0.0015498290160440688
0.809 0.0017164087564799464
0.81 0.0008352759367393172
0.811 0.0010585843186627928
0.812 0.0009863266364916097
0.813 0.0014339101159102734
0.814 0.0013654967764677685
0.815 0.0015248104714010236
0.816 0.0010671228097639965
0.817 0.0011975372408761468
0.818 0.001112603186093309
0.819 0.000897214663763432
0.82 0.001242829774405544
0.821 0.002016615916749236
0.822 0.0016863648316713322
0.823 0.000503740171101449
0.824 0.0
0.825 0.00021292844479431852
0.826 0.0013366271714399217
0.827 0.0016507529342160577
0.828 0.0007371436158001935
0.829 4.582835203167335e-06
0.83 0.0004782362041953611
0.831 0.000920389951439841
0.832 0.0011855611036406186
0.833 0.0010408799241768552
0.834 0.0010145850329447703
0.835 0.0009238546997309057
0.836 0.0009823255249150071
0.837 0.0009131617565082945
0.838 0.001141354115189303
0.839 0.001179415541969133
0.84 0.0009503475811089462
0.841 0.000774789153292536
0.842 0.0009313341375831312
0.843 0.0008172370979775378
0.844 0.0007032280586746645
0.845 0.0006348757103683698
0.846 0.0007941840756434853
0.847 0.0010962326989885406
0.848 0.0012105989183242942
0.849 0.0008952069123391954
0.85 0.0007814615674881322
0.851 0.0010033052594281085
0.852 0.0011604845555076215
0.853 0.0011828910312996152
0.854 0.001376218230941688
0.855 0.0009209835739459419
0.856 0.0005167595477379285
0.857 0.0003219621393007041
0.858 0.0008316748264047229
0.859 0.0010394064737678167
0.86 0.0014000416131913546
0.861 0.0009196992537743357
0.862 0.0007347476020982682
0.863 0.000514047537712777
0.864 0.0009440176627847685
0.865 0.0009982053162571583
0.866 0.0011136075470679612
0.867 0.000632303153991489
0.868 0.0007712647418649603
0.869 0.0010361066400570297
0.87 0.001241231866029317
0.871 0.0009811555883950606
0.872 0.0011087551988042059
0.873 0.0011134908872614468
0.874 0.0009659165691766958
0.875 0.0009549877839525003
0.876 0.001063441901429789
0.877 0.0010907608124728178
0.878 0.0010251810345266884
0.879 0.0009831577035453638
0.88 0.0008910208735191126
0.881 0.0007723859139739649
0.882 0.000748318952238809
0.883 0.0007907374494913545
0.884 0.0007073446776963289
0.885 0.000579398678775998
0.886 0.0006459128918958701
0.887 0.0008049324708089219
0.888 0.0006971037627616133
0.889 0.0005738399637235892
0.89 0.0007350027647015589
0.891 0.0008530703714416726
0.892 0.0008318394121989897
0.893 0.0008731940578685771
0.894 0.0009724109612491246
0.895 0.0009999787050355383
0.896 0.0009918432828013367
0.897 0.0009394471209483527
0.898 0.0009192066695966446
0.899 0.0009217689415665648
0.9 0.0009748161113510256
0.901 0.0010768274747430095
0.902 0.0011102840857863028
0.903 0.0010760330131952918
0.904 0.0010273617115593445
0.905 0.001019134853304955
0.906 0.0009030684797025898
0.907 0.0007812226392153415
0.908 0.0008041485928745603
0.909 0.0008596744702307521
0.91 0.0007889196035136815
0.911 0.0006659113288237633
0.912 0.0006907707976143938
0.913 0.0008200740438565044
0.914 0.000786905993218139
0.915 0.000686193211448101
0.916 0.0005504244332212001
0.917 0.0004375334353791
0.918 0.0004524194759086817
0.919 0.0005771730796213628
0.92 0.0006532306879338066
0.921 0.0006144330120032496
0.922 0.0005813305666890933
0.923 0.0006577823208946585
0.924 0.000777170327136388
0.925 0.00086406901937032
0.926 0.0008712967952575999
0.927 0.00099860436828964
0.928 0.0011384811159191207
0.929 0.0012610032748024925
0.93 0.0012950180269188888
0.931 0.0013867523035413273
0.932 0.0015674338102060897
0.933 0.0017367162259973052
0.934 0.0018224714543957177
0.935 0.0018708359903061823
0.936 0.0019738042304182765
0.937 0.0021021012916725575
0.938 0.0022053453773035144
0.939 0.0022918332998081974
0.94 0.002325341992474252
0.941 0.0023287829055911183
0.942 0.002331397667562163
0.943 0.002367652471646313
0.944 0.002327646949894685
0.945 0.002278640206643052
0.946 0.0022170734881178556
0.947 0.0021454821916070646
0.948 0.002050777623003373
0.949 0.00197395338381056
0.95 0.0018908070190475023
0.951 0.0018001991363066207
0.952 0.0017501712236469237
0.953 0.00168222226684695
0.954 0.0015794661515174911
0.955 0.0015176790635543231
0.956 0.0014802162749372263
0.957 0.0014328401659759594
0.958 0.0013833532137961758
0.959 0.0013732734241083708
0.96 0.001361638915528134
0.961 0.0013952079078756222
0.962 0.0014822828711575063
0.963 0.0015903649616626594
0.964 0.0016534731137820703
0.965 0.001769635144388489
0.966 0.0019426290324457268
0.967 0.0021505109480320786
0.968 0.0023747923110161153
0.969 0.002676421620450001
0.97 0.0031010786650759745
0.971 0.0035824220872465186
0.972 0.004152210152319538
0.973 0.004863215774131258
0.974 0.0057452718756003775
0.975 0.006743887215899586
0.976 0.008025187083460315
0.977 0.009539175691474293
0.978 0.011344397337867686
0.979 0.013410209322087153
0.98 0.01604331762868976
0.981 0.018928645699349055
0.982 0.022340955054113723
0.983 0.026185557789681426
0.984 0.030554176628143137
0.985 0.035753770398601115
0.986 0.041210603788641845
0.987 0.04714193279791879
0.988 0.05345904231656764
0.989 0.0609809739268812
0.99 0.06884156353350926
0.991 0.07695048713654665
0.992 0.08655858921318514
0.993 0.09583077976512971
0.994 0.10508339736267157
0.995 0.11418472977302137
0.996 0.12522635549370134
0.997 0.13606160631726005
0.998 0.14696953904751264
0.999 0.15782656087157285
1.0 0.16768788043050595
1.001 0.17728618354304468
1.002 0.18698819614083548
1.003 0.19683092250943007
1.004 0.20671402339004263
1.005 0.21554993089159588
1.006 0.22370936102202454
1.007 0.23020532050555959
1.008 0.2372642096596165
1.009 0.24368277190327517
1.01 0.24990045122107163
1.011 0.2564431382675761
1.012 0.26282619509299526
1.013 0.26827635163043595
1.014 0.27302900777849076
1.015 0.27761338053600276
1.016 0.280704332039439
1.017 0.2839274873542449
1.018 0.2877667207102729
1.019 0.2917421856418948
1.02 0.295412929433238
1.021 0.2988062349846596
1.022 0.3020610142272534
1.023 0.30361244646528984
1.024 0.30552963450779286
1.025 0.30649584326131774
1.026 0.307529916544672
1.027 0.3086533525203999
1.028 0.31025834522899365
1.029 0.3118684957123736
1.03 0.31244630489193354
1.031 0.3130079353478463
1.032 0.3136036143238705
1.033 0.31373690316500497
1.034 0.31426253730194686
1.035 0.31461723095265176
1.036 0.31515458422967874
1.037 0.3161589116749228
1.038 0.316348714036933
1.039 0.3164035600481262
1.04 0.3153539600304392
1.041 0.31527208580165694
1.042 0.3149852067889516
1.043 0.3157805828814104
1.044 0.31653431445002406
1.045 0.31712308945932655
1.046 0.3167880558578663
1.047 0.31676520564058763
1.048 0.3178176743908995
1.049 0.3177583015936524
1.05 0.31751560807649
1.051 0.3178938654465033
1.052 0.3194291285932661
1.053 0.32062400859325263
1.054 0.3207795364463983
1.055 0.3209538999961572
1.056 0.3196158570609864
1.057 0.31877080264897073
1.058 0.3183356930063561
1.059 0.31871230932939754
1.06 0.31978920034905556
1.061 0.32043966884032715
1.062 0.32184528870094353
1.063 0.3228381251810005
1.064 0.32405152594149766
1.065 0.32451681122764614
1.066 0.3260374853491553
1.067 0.3273907199182482
1.068 0.32889114123303836
1.069 0.3303725178403339
1.07 0.3304957237193331
1.071 0.3308537393979958
1.072 0.33193279564760664
1.073 0.332615290553416
1.074 0.3331253323587003
1.075 0.33372845902046
1.076 0.3353826498383751
1.077 0.3357802850511527
1.078 0.3360530425093782
1.079 0.3371497977842943
1.08 0.33751263387744634
1.081 0.33772862780299157
1.082 0.3380594537131508
1.083 0.33822331989062937
1.084 0.33837199747432634
1.085 0.339154179730361
1.086 0.3404415619000524
1.087 0.34177247034557223
1.088 0.3417739369030063
1.089 0.34142712192210234
1.09 0.34104486174225723
1.091 0.34168368043810404
1.092 0.3436238841106594
1.093 0.3448527408853898
1.094 0.34528361680342384
1.095 0.34451784482339187
1.096 0.3445352650788554
1.097 0.3445665673403161
1.098 0.3447312464462754
1.099 0.3450094736004035
1.1 0.3455425983268675
1.101 0.3461725857210293
1.102 0.34605811406726694
1.103 0.34560955840658253
1.104 0.34579517053752806
1.105 0.34543075711969495
1.106 0.3449357511802466
1.107 0.3447506421844752
1.108 0.34610121228148133
1.109 0.34563409477088963
1.11 0.3451906749284722
1.111 0.3453087866819766
1.112 0.3458134029728231
1.113 0.34566328679652125
1.114 0.34583449850054815
1.115 0.3471006149143672
1.116 0.34791666047044045
1.117 0.34833596221832996
1.118 0.34910703417444156
1.119 0.3494648611830115
1.12 0.3489396801135586
1.121 0.34794471861680437
1.122 0.34816888363823983
1.123 0.3481153327967962
1.124 0.3488063625808618
1.125 0.35079058528004436
1.126 0.3526671256814433
1.127 0.3530423994986341
1.128 0.35303171890551127
1.129 0.3533751834929813
1.13 0.3553959223683841
1.131 0.35726147383726886
1.132 0.35873324758561187
1.133 0.3588581249314807
1.134 0.35931885583986894
1.135 0.3600078083895512
1.136 0.3606914430515128
1.137 0.3612715514472917
1.138 0.3621391296925466
1.139 0.36192099980972087
1.14 0.36240996109189194
1.141 0.3638450513446949
1.142 0.3651793762248191
1.143 0.3652359917532465
1.144 0.3642756847731894
1.145 0.3638961474985576
1.146 0.3638947105673149
1.147 0.3649967154179772
1.148 0.3664994323379551
1.149 0.3663789727618667
1.15 0.3662741622576014
1.151 0.36622994664554237
1.152 0.3672754745062922
1.153 0.3673739133112594
1.154 0.36741263449726946
1.155 0.36817306091204266
1.156 0.368300552352763
1.157 0.3695087231692477
1.158 0.3701971886983602
1.159 0.3707831009469653
1.16 0.3705122992077807
1.161 0.36995743662568703
1.162 0.37036949584457557
1.163 0.3710662426534366
1.164 0.3719349360054474
1.165 0.37215102001283284
1.166 0.37190173954317124
1.167 0.3713369118976583
1.168 0.37075272279543087
1.169 0.37012833715835886
1.17 0.3693449020113293
1.171 0.36888780990737563
1.172 0.36803687000977137
1.173 0.3678283118879574
1.174 0.3669768163498831
1.175 0.36644060678848644
1.176 0.36405237141154684
1.177 0.3617279152199894
1.178 0.3592541326517127
1.179 0.35630348080995494
1.18 0.35311235053394674
1.181 0.3496232763936405
1.182 0.34557847665888763
1.183 0.3397193489817815
1.184 0.3321603377877048
1.185 0.32481544999951467
1.186 0.3164666376777137
1.187 0.3071126703084972
1.188 0.2966254564430103
1.189 0.28667808313126275
1.19 0.27705137368506366
1.191 0.26613314479804007
1.192 0.25502349054994383
1.193 0.24475471420107145
1.194 0.23548252065820158
1.195 0.22762469195006282
1.196 0.22134879035240507
1.197 0.21698334360471327
1.198 0.2157503189986525
1.199 0.2168727141424078
1.2 0.21881017255170038
1.201 0.2219690089657619
1.202 0.22705749757620483
1.203 0.2343887231342209
1.204 0.2429708860794298
1.205 0.25232517586846426
1.206 0.26313566819592266
1.207 0.27424694236969094
1.208 0.2854105576855031
1.209 0.2971545472559852
1.21 0.3098166275930476
1.211 0.32134790171905536
1.212 0.3314324888472167
1.213 0.3412680489087978
1.214 0.34988178644055307
1.215 0.3570610844012099
1.216 0.3629872546501336
1.217 0.3687654563171705
1.218 0.3741603043231561
1.219 0.37825920817054987
1.22 0.3806874257831467
1.221 0.3819520823489538
1.222 0.3836733190094691
1.223 0.38507845651543404
1.224 0.38529541880994594
1.225 0.3854651535305397
1.226 0.3860110382612317
1.227 0.38674294126576225
1.228 0.3869670137771312
1.229 0.386796716585708
1.23 0.3861315750165491
1.231 0.3854363705755032
1.232 0.38571291749634196
1.233 0.38637935135496754
1.234 0.3868554569585381
1.235 0.38676479548489684
1.236 0.3866313492158141
1.237 0.3873540345183785
1.238 0.38722998951505
1.239 0.3870149994010654
1.24 0.38694405970480616
1.241 0.3875047212914933
1.242 0.3886557206795454
1.243 0.38899760658430327
1.244 0.3891495540199801
1.245 0.3885385689712441
1.246 0.38852898086055804
1.247 0.38825738701922785
1.248 0.38840075351793846
1.249 0.3888097622690496
1.25 0.389415307062625
1.251 0.3895861001995377
1.252 0.3895501001996325
1.253 0.3897392427493704
1.254 0.38930601026994505
1.255 0.3891793040523811
1.256 0.3889535585173131
1.257 0.38886355112860255
1.258 0.3889095028653771
1.259 0.3897463151590475
1.26 0.3901421034795077
1.261 0.3901409430923192
1.262 0.389904918234157
1.263 0.3894346502713606
1.264 0.3892340054572603
1.265 0.3895305856439501
1.266 0.38975976131064827
1.267 0.38989856579625887
1.268 0.38925937990975495
1.269 0.3883263578439744
1.27 0.38739737664576884
1.271 0.3871768110326474
1.272 0.38685797551576984
1.273 0.38645644575883537
1.274 0.38619939448147506
1.275 0.38655618404312914
1.276 0.38661986195862036
1.277 0.3869899677394278
1.278 0.38713488505539223
1.279 0.38678618810575366
1.28 0.38656936682739207
1.281 0.38785215949516777
1.282 0.38872554483867405
1.283 0.3896158776032205
1.284 0.39009198027280095
1.285 0.39054924438118804
1.286 0.3903074746795361
1.287 0.38987101380315375
1.288 0.3895924187938003
1.289 0.38944886002174517
1.29 0.3890595227308302
1.291 0.3887263977122932
1.292 0.3894368335199438
1.293 0.3902971556652677
1.294 0.39042141230150434
1.295 0.3900248335160394
1.296 0.38996357196770526
1.297 0.39161976744569965
1.298 0.39425442493681423
1.299 0.39734838894942787
1.3 0.3982090484025442
1.301 0.3983407491753431
1.302 0.39763169238246665
1.303 0.397639429892517
1.304 0.3978372000437984
1.305 0.39874109128458696
1.306 0.3992974254078337
1.307 0.39990405917759236
1.308 0.4005416892831141
1.309 0.4011539937969963
1.31 0.40118737955374995
1.311 0.40148730724507126
1.312 0.40134431478480465
1.313 0.40161156669304465
1.314 0.4013983931493587
1.315 0.40208540695580225
1.316 0.4024906886599886
1.317 0.4020545378982127
1.318 0.40125633410404576
1.319 0.401510478133397
1.32 0.40193059876628395
1.321 0.40187114809794083
1.322 0.40096637561900456
1.323 0.40112874264118004
1.324 0.4028447669158118
1.325 0.4040650425199087
1.326 0.40376696435744097
1.327 0.40308369068041927
1.328 0.4024188983056444
1.329 0.4020388359221533
1.33 0.4026532139393355
1.331 0.4035294702950551
1.332 0.4041607894752676
1.333 0.40382219725986984
1.334 0.4030771841947248
1.335 0.40273807936364187
1.336 0.4028374793789802
1.337 0.40370948031585946
1.338 0.4042484127229471
1.339 0.4042812236728632
1.34 0.4044035468658175
1.341 0.4052664742076253
1.342 0.40576793185990523
1.343 0.40590223132370495
1.344 0.40571520968910374
1.345 0.4054061469358797
1.346 0.40588790034904865
1.347 0.4062631271441378
1.348 0.4073648277085522
1.349 0.4080826295512173
1.35 0.40748915889342324
1.351 0.40693461283980814
1.352 0.4063842095130965
1.353 0.40652933702893224
1.354 0.40771891945669114
1.355 0.4083760680502114
1.356 0.40853460075388065
1.357 0.4085896104647923
1.358 0.40893979012731335
1.359 0.40840469080850017
1.36 0.40717039941993344
1.361 0.4063182164472282
1.362 0.40669000625551427
1.363 0.4073407313930893
1.364 0.40772079486692275
1.365 0.4075473046442826
1.366 0.406316695059492
1.367 0.40421494587470747
1.368 0.4027675123921393
1.369 0.4022240623415697
1.37 0.40308715957248276
1.371 0.4029644611829122
1.372 0.40188097857309635
1.373 0.40034780854386465
1.374 0.39876602033135666
1.375 0.397606570819339
1.376 0.39713287713472173
1.377 0.3964871314346427
1.378 0.3951728898056087
1.379 0.39400801506539296
1.38 0.3933913904619221
1.381 0.39254400189363736
1.382 0.39207000800278985
1.383 0.3909504294169782
1.384 0.38984692325568543
1.385 0.39004744673786995
1.386 0.39066153855073354
1.387 0.3911246866457028
1.388 0.3906307253646133
1.389 0.39029169278171943
1.39 0.391255521945755
1.391 0.3918394680352129
1.392 0.3919787753765466
1.393 0.39299466024661134
1.394 0.39445702573626934
1.395 0.39600546394040986
1.396 0.39629278813518887
1.397 0.39683615480751555
1.398 0.3988650713601279
1.399 0.4000014719733785
1.4 0.4009796625117193
1.401 0.40212876729663144
1.402 0.40313631294988767
1.403 0.4037872742284716
1.404 0.40458834868489313
1.405 0.40517322308151726
1.406 0.4054948276406481
1.407 0.4057668612298413
1.408 0.4067369750495347
1.409 0.407867016371935
1.41 0.40894581415945536
1.411 0.409873874176217
1.412 0.41093802414642006
1.413 0.4115160367388693
1.414 0.4120971717881311
1.415 0.4115290326253262
1.416 0.41173897316618047
1.417 0.41272048416994767
1.418 0.41350364624805613
1.419 0.413297925767418
1.42 0.41209573805189215
1.421 0.4117906215754769
1.422 0.4109183577955299
1.423 0.4097456331167161
1.424 0.40777573325849836
1.425 0.4058935999928084
1.426 0.40382588135154046
1.427 0.4013352317463676
1.428 0.3978179063345195
1.429 0.393733176228706
1.43 0.39033747040033656
1.431 0.38598052107446873
1.432 0.38051567938351855
1.433 0.37511829441859357
1.434 0.369532108301337
1.435 0.36331582931080386
1.436 0.3561032799017058
1.437 0.3501342371596546
1.438 0.34290582639104616
1.439 0.33511832258909624
1.44 0.32579007395266657
1.441 0.3179626027118132
1.442 0.31084716055396705
1.443 0.30245494520697735
1.444 0.2935465279106074
1.445 0.2848952461720944
1.446 0.2764110791396437
1.447 0.26926219105013793
1.448 0.2625231765872389
1.449 0.25698433046346464
1.45 0.25140457567646585
1.451 0.24686001092612955
1.452 0.24307033775040762
1.453 0.2394682564823621
1.454 0.23731580924874154
1.455 0.23680687325709854
1.456 0.23800661716732735
1.457 0.23939148563914153
1.458 0.2422397733529479
1.459 0.24665679686699366
1.46 0.25244608868791124
1.461 0.2587718673370845
1.462 0.26556867433658815
1.463 0.2739931465391158
1.464 0.2831861549437826
1.465 0.29496713871928976
1.466 0.30626477945678515
1.467 0.31780934431934854
1.468 0.3271398740743522
1.469 0.33723691230125463
1.47 0.34729292660360506
1.471 0.3580090057337579
1.472 0.36898633539752623
1.473 0.3793611829443965
1.474 0.389017312902954
1.475 0.3967089686596663
1.476 0.40405209645510903
1.477 0.40927797120580894
1.478 0.41407681668117363
1.479 0.4178563232165202
1.48 0.4220613607075655
1.481 0.42517870366916316
1.482 0.42774312867577297
1.483 0.4300182059511204
1.484 0.432492341345833
1.485 0.4327335452405838
1.486 0.4332826779702241
1.487 0.43272778330690725
1.488 0.43337285701070916
1.489 0.4341852055775431
1.49 0.4357202005926989
1.491 0.43648118232639277
1.492 0.436715500200669
1.493 0.4363386328635921
1.494 0.43531513951610823
1.495 0.4352531771532889
1.496 0.43495874549166064
1.497 0.43615102082561613
1.498 0.4373136189707676
1.499 0.4379922178196104
1.5 0.43756412741077266
1.501 0.4376161242886136
1.502 0.4375641991557173
1.503 0.4373585923170522
1.504 0.4373833811683223
1.505 0.4383627051674395
1.506 0.440227285618887
1.507 0.44031763320834116
1.508 0.44068503907977985
1.509 0.4410341443939494
1.51 0.440904911641031
1.511 0.4414089542898467
1.512 0.4415235065746192
1.513 0.44205153003428194
1.514 0.44255176185466905
1.515 0.4430488866374331
1.516 0.44356262635700106
1.517 0.44378353931913456
1.518 0.44350947565264187
1.519 0.4426344142220515
1.52 0.44183213225666207
1.521 0.4414864153660607
1.522 0.44185075161393034
1.523 0.44321948689990054
1.524 0.4441592516909948
1.525 0.4437438715719269
1.526 0.44344469635573186
1.527 0.4438916429158085
1.528 0.4448988240068329
1.529 0.4449698662346945
1.53 0.44553201064081965
1.531 0.44537658336628194
1.532 0.4465172046605097
1.533 0.44641311817511614
1.534 0.44580402521792234
1.535 0.4453777295714247
1.536 0.44508183336110324
1.537 0.4453766954403761
1.538 0.44607338433736726
1.539 0.44671488424175676
1.54 0.44658631620626615
1.541 0.44605748530090894
1.542 0.4453882955813784
1.543 0.44378756395861313
1.544 0.442753107342573
1.545 0.4422602791125863
1.546 0.443337478909526
1.547 0.4438646868292744
1.548 0.44407256118058464
1.549 0.44405967201800833
1.55 0.4433978407141594
1.551 0.4422657140273099
1.552 0.4418814128332672
1.553 0.4421164781146031
1.554 0.4419362943576744
1.555 0.4423812128616853
1.556 0.4426517239341708
1.557 0.44190198055757396
1.558 0.4400995669308449
1.559 0.43854211813940314
1.56 0.4382083101078508
1.561 0.43841973382794225
1.562 0.43873469905853596
1.563 0.4391890252378031
1.564 0.44064575144625756
1.565 0.44064302281501955
1.566 0.4391427987777533
1.567 0.4382435362921143
1.568 0.4381955967773188
1.569 0.4388389430297807
1.57 0.4394609243108533
1.571 0.440234823513093
1.572 0.4413959080004539
1.573 0.44189726723725653
1.574 0.44186855274187525
1.575 0.44137701060221
1.576 0.4416366717435638
1.577 0.442196654644805
1.578 0.44302128428787046
1.579 0.4441865811914656
1.58 0.4453062141305847
1.581 0.4461791293909618
1.582 0.44464519932944635
1.583 0.4436384238094373
1.584 0.444039395906089
1.585 0.4454056746549959
1.586 0.4453622439785192
1.587 0.4448431149295214
1.588 0.44503496782690105
1.589 0.44461330095129886
1.59 0.44417213150533397
1.591 0.4431552620931494
1.592 0.44331097840760336
1.593 0.44354286755046957
1.594 0.4439199123934765
1.595 0.4440255844058985
1.596 0.4442531381496683
1.597 0.44525346308287017
1.598 0.4448479866189352
1.599 0.4445888564039061
1.6 0.44441808506758085
1.601 0.44501774888924045
1.602 0.4464259969672393
1.603 0.4484543006567959
1.604 0.45047058406901924
1.605 0.4498606515957785
1.606 0.44904860835866284
1.607 0.44818613403795104
1.608 0.4480869150813771
1.609 0.4484547337264718
1.61 0.44941062247926494
1.611 0.4500493212584719
1.612 0.449207549170728
1.613 0.44943721389796015
1.614 0.4501148639894574
1.615 0.4504363556503633
1.616 0.4487444661889974
1.617 0.44777265572908453
1.618 0.44802851481887623
1.619 0.4488336680446308
1.62 0.44903621957865525
1.621 0.4483945385503381
1.622 0.4465597079150612
1.623 0.4448607180269682
1.624 0.4432684955271605
1.625 0.4436079559857445
1.626 0.444454707410228
1.627 0.44498932371080485
1.628 0.44384809385541885
1.629 0.44384491839217083
1.63 0.44288586808131086
1.631 0.44015962815535975
1.632 0.4382326480616547
1.633 0.4383602396556051
1.634 0.43987078471260793
1.635 0.4411621343190067
1.636 0.44337512751008573
1.637 0.44398457525912355
1.638 0.444369397782822
1.639 0.4442170900024353
1.64 0.44535930912471294
1.641 0.4470351017939355
1.642 0.4486697899043643
1.643 0.44896949754394316
1.644 0.44960011887762824
1.645 0.44995369854056333
1.646 0.45052394800840395
1.647 0.45057467463696566
1.648 0.45115350584510033
1.649 0.45071320543890725
1.65 0.45148208951572827
1.651 0.4529646376341887
1.652 0.45465555867158686
1.653 0.45480345059975663
1.654 0.4539308533648927
1.655 0.453628180752989
1.656 0.4535447569870462
1.657 0.45368748309124063
1.658 0.4538995066751719
1.659 0.45508532599807056
1.66 0.4564681286118989
1.661 0.45639458004717953
1.662 0.45611413939406403
1.663 0.4563119716045106
1.664 0.45568002510706934
1.665 0.4555705442893377
1.666 0.45605378925424667
1.667 0.45744646390628335
1.668 0.4576863522949802
1.669 0.4579163268027536
1.67 0.4567929917100028
1.671 0.45553462714697807
1.672 0.45383209798302176
1.673 0.4535769086985523
1.674 0.45516927365981813
1.675 0.45636633551219935
1.676 0.45669148664698034
1.677 0.45582111981359213
1.678 0.4546176991089329
1.679 0.4537434466273125
1.68 0.45416955300983464
1.681 0.45295389138935216
1.682 0.4508980360100261
1.683 0.45028527282900055
1.684 0.45029048367004104
1.685 0.45054225712881013
1.686 0.44920282082131857
1.687 0.44724557220329775
1.688 0.44550942209024536
1.689 0.44567726980552785
1.69 0.4459314866208707
1.691 0.4468715015800787
1.692 0.44826092412351604
1.693 0.4504617614677426
1.694 0.4510576802610909
1.695 0.45177606803569603
1.696 0.45116020805948753
1.697 0.4520439324359216
1.698 0.45248833962786267
1.699 0.4534618420094587
1.7 0.45437948969971503
1.701 0.4560192895637253
1.702 0.45621792379930803
1.703 0.4550617132556538
1.704 0.4537146027478537
1.705 0.45314417628336834
1.706 0.45427216132389814
1.707 0.4550122920352807
1.708 0.45561454512694105
1.709 0.4561523545271598
1.71 0.4560493980607252
1.711 0.45623825406124313
1.712 0.4559696535507981
1.713 0.4555338584485448
1.714 0.4554411720737205
1.715 0.4562616186400925
1.716 0.45729635722572
1.717 0.45754479975443224
1.718 0.45866265198088196
1.719 0.4582886778638327
1.72 0.4574463693680604
1.721 0.4556786770152764
1.722 0.45613336618637246
1.723 0.4565408021796158
1.724 0.4568795025221605
1.725 0.45770815385039704
1.726 0.4591031488932005
1.727 0.4600976349318461
1.728 0.45839580497935506
1.729 0.4569005056741796
1.73 0.45556539693549686
1.731 0.4559927086936906
1.732 0.4564235486246592
1.733 0.4569839445994301
1.734 0.4569868187963208
1.735 0.4563899479369131
1.736 0.45599373019829853
1.737 0.4553514000048897
1.738 0.4559116089147106
1.739 0.4563114742235678
1.74 0.4567616545283101
1.741 0.45678413890984
1.742 0.45707959861226377
1.743 0.4579167223246192
1.744 0.4575305428689691
1.745 0.45666925766448446
1.746 0.4558228114586971
1.747 0.45560727877739576
1.748 0.4554902346600132
1.749 0.4563367165719798
1.75 0.4579591995001048
1.751 0.45813281947555295
1.752 0.4573744246467528
1.753 0.4565403107421962
1.754 0.4561209545786493
1.755 0.456831480993114
1.756 0.45752567779355424
1.757 0.45883580820822495
1.758 0.4587173327298873
1.759 0.4593679903508246
1.76 0.45965070229440547
1.761 0.4591586595419275
1.762 0.4581312439899278
1.763 0.4582461492807326
1.764 0.45937218374281186
1.765 0.46069174286048803
1.766 0.4616768318226592
1.767 0.46219023402895715
1.768 0.46113207642859594
1.769 0.4604341548265808
1.77 0.4596930464565477
1.771 0.4606096487294341
1.772 0.46112790594348413
1.773 0.4610176989506937
1.774 0.4619206715761935
1.775 0.46456839275205786
1.776 0.46950766948894884
1.777 0.46789613292417476
1.778 0.4643135280823687
1.779 0.4612184452410116
1.78 0.46325073782534404
1.781 0.4641675772139623
1.782 0.4651826080029295
1.783 0.4659200660455724
1.784 0.4655215566439335
1.785 0.4639582992687299
1.786 0.46290000366145534
1.787 0.4629206077587484
1.788 0.4633965568774548
1.789 0.46399556974230416
1.79 0.46428796834013913
1.791 0.4641626682632329
1.792 0.46335170701972384
1.793 0.46196650512274906
1.794 0.46111952640958764
1.795 0.4609356325992299
1.796 0.4602058506224983
1.797 0.4605991678444833
1.798 0.46148672037079563
1.799 0.46310167475821423
1.8 0.4630861453609341
1.801 0.4629609390671135
1.802 0.46270782899537455
1.803 0.4624185834807652
1.804 0.4624117315788737
1.805 0.46278233839797944
1.806 0.4640294882087091
1.807 0.46492468714933305
1.808 0.46523237055455624
1.809 0.46490442119595615
1.81 0.46479092446025694
1.811 0.4645124216522638
1.812 0.46457297181749024
1.813 0.4654501943133026
1.814 0.4674005082076449
1.815 0.4682890872677206
1.816 0.4680769503195411
1.817 0.4675850023491558
1.818 0.46647445842711593
1.819 0.46487552746831085
1.82 0.4637870985242025
1.821 0.4637341103217175
1.822 0.46450149946490793
1.823 0.46483477038938525
1.824 0.4650404696463255
1.825 0.4646224264947098
1.826 0.46394695748815207
1.827 0.4630211466319946
1.828 0.46277081811381415
1.829 0.46258138609989663
1.83 0.4629926877070666
1.831 0.4638532971136935
1.832 0.4650881878694287
1.833 0.46483409605497755
1.834 0.4639682528439824
1.835 0.46358674173784126
1.836 0.4636472434385972
1.837 0.4637952918446454
1.838 0.46445180921415924
1.839 0.46644731246389914
1.84 0.46677474642760103
1.841 0.46581441467045587
1.842 0.4640530355980601
1.843 0.46309351184146025
1.844 0.46292069423773635
1.845 0.4638567795877927
1.846 0.4651436356396587
1.847 0.46560459930341036
1.848 0.46573331651193756
1.849 0.46545605257570194
1.85 0.46457401442126567
1.851 0.46348323067531066
1.852 0.46307459458507927
1.853 0.463304389211592
1.854 0.46408155909253673
1.855 0.4654317744956923
1.856 0.46506300809929496
1.857 0.4640558184418451
1.858 0.4627754610786107
1.859 0.46236921164423533
1.86 0.4621937251840573
1.861 0.46183517696711074
1.862 0.4625216985195129
1.863 0.46350310880198087
1.864 0.46472112145092315
1.865 0.46439864898959976
1.866 0.4631036598431484
1.867 0.46141516924712206
1.868 0.4610905669948543
1.869 0.4625987606672302
1.87 0.46315071978969713
1.871 0.4633519041817451
1.872 0.4629340079280448
1.873 0.46389794571094894
1.874 0.46461943149303236
1.875 0.46446599705531494
1.876 0.4637884204738217
1.877 0.4640822573632379
1.878 0.4646146845006625
1.879 0.4653609224714751
1.88 0.46588378642833816
1.881 0.46504432027932896
1.882 0.46313229394427885
1.883 0.46165917073901724
1.884 0.4617776875588664
1.885 0.4625027211451319
1.886 0.463356688675862
1.887 0.4641809185842363
1.888 0.4639836057048444
1.889 0.46370943804316017
1.89 0.46282390372049315
1.891 0.4618404058965838
1.892 0.4620835176977164
1.893 0.46195277713932836
1.894 0.46199330814412354
1.895 0.46293485780628246
1.896 0.46388884735329905
1.897 0.4644518518727566
1.898 0.4633843683178581
1.899 0.4620387976789999
1.9 0.4610540979385148
1.901 0.461889549865852
1.902 0.46245926428359685
1.903 0.4629139003060789
1.904 0.4635639560797023
1.905 0.4640988186854528
1.906 0.46371588487630283
1.907 0.463394437666604
1.908 0.4636963740572532
1.909 0.4648877686033288
1.91 0.46632644450075994
1.911 0.4675438842080798
1.912 0.4683029762824311
1.913 0.46859293519150325
1.914 0.4679387333702769
1.915 0.46703310412243565
1.916 0.465638213076421
1.917 0.46542199101462733
1.918 0.4666300415827525
1.919 0.4672866983015889
1.92 0.4676517276678801
1.921 0.46695745490313467
1.922 0.4668486748969429
1.923 0.4660815196764505
1.924 0.46576835037895753
1.925 0.4648536798258276
1.926 0.46460707786599736
1.927 0.4657217224324625
1.928 0.46667963355330544
1.929 0.46677101295540185
1.93 0.46632021483664904
1.931 0.4655609526563738
1.932 0.46432987992589037
1.933 0.46311955310744785
1.934 0.4638410209210196
1.935 0.46521764224645235
1.936 0.4666365173468996
1.937 0.46665570884028984
1.938 0.466994948253308
1.939 0.4665052930497211
1.94 0.46611484634531924
1.941 0.46572754333527094
1.942 0.4667344241648702
1.943 0.4679713499838143
1.944 0.469034917170008
1.945 0.469889054261976
1.946 0.47056902167973746
1.947 0.47000354640889885
1.948 0.46862531422782605
1.949 0.4674597531560931
1.95 0.46764319758298695
1.951 0.46859330912260405
1.952 0.4691959607800149
1.953 0.46873223212749066
1.954 0.46820563381393027
1.955 0.4674795436400681
1.956 0.4668621395238696
1.957 0.4657536513994696
1.958 0.46353159020013995
1.959 0.46025832347553014
1.96 0.45773151039119864
1.961 0.4587617975030846
1.962 0.4624563026914757
1.963 0.4654591651085363
1.964 0.4668527338893851
1.965 0.4669836518877966
1.966 0.46795313019385915
1.967 0.4693630117958037
1.968 0.47034347074199145
1.969 0.47001247142583885
1.97 0.4691318087209571
1.971 0.46927330387423954
1.972 0.4689092434866163
1.973 0.46911119967065906
1.974 0.4687536129765021
1.975 0.4690908831883577
1.976 0.46949471536113735
1.977 0.4699058563500194
1.978 0.4705761778798503
1.979 0.47136959914305443
1.98 0.47127613400122614
1.981 0.47111555719106013
1.982 0.4710146637421266
1.983 0.47140311063046225
1.984 0.4717696137269886
1.985 0.47252845270176586
1.986 0.4730687388447235
1.987 0.47389250753733586
1.988 0.4735987573746476
1.989 0.47393984464026995
1.99 0.4736209217049884
1.991 0.4741208363573636
1.992 0.47454396605446875
1.993 0.47477428481091927
1.994 0.4745937320526059
1.995 0.47316833433499905
1.996 0.4721517325480358
1.997 0.47113227976584693
1.998 0.4726120590197652
1.999 0.4732364671340173
2.0 0.47310719769041165
2.001 0.4719937415899203
2.002 0.4713377755828953
2.003 0.47062488603330166
2.004 0.4702815627076257
2.005 0.470547009033624
2.006 0.470571869072897
2.007 0.4714968221226647
2.008 0.4715268390540928
2.009 0.47165659067173
2.01 0.47079447450140105
2.011 0.4696578837226571
2.012 0.46910725738815523
2.013 0.4690658281414395
2.014 0.46949146405075287
2.015 0.4687906542279798
2.016 0.4687231670464827
2.017 0.46871144920482094
2.018 0.4686560921539152
2.019 0.46788238408548205
2.02 0.4665308691218317
2.021 0.46661081872571747
2.022 0.4681631549188131
2.023 0.46911603857833595
2.024 0.4690172318385129
2.025 0.46777200054382184
2.026 0.46779974607101177
2.027 0.46813957270305373
2.028 0.4680199130517742
2.029 0.4676251292538292
2.03 0.46877816249307064
2.031 0.4702862486114684
2.032 0.4710058804338444
2.033 0.4704495208596373
2.034 0.4699293596566148
2.035 0.4702755764408847
2.036 0.470481061029919
2.037 0.47047904889377423
2.038 0.47076075227053266
2.039 0.47182743040440733
2.04 0.47115061956330806
2.041 0.4702081323100068
2.042 0.46996903957714065
2.043 0.4703231268150795
2.044 0.47047532736699643
2.045 0.4705452940785489
2.046 0.4702017088737259
2.047 0.47063782226923256
2.048 0.4707062836589799
2.049 0.4706143471765459
2.05 0.47096397247054905
2.051 0.47042312319937357
2.052 0.4697284775673499
2.053 0.4692215937743863
2.054 0.4699099011658237
2.055 0.4702986061985936
2.056 0.47112737163934765
2.057 0.4712688960216373
2.058 0.47212798120012905
2.059 0.4723029407360833
2.06 0.4713923691639501
2.061 0.4711851012711096
2.062 0.4708608275304237
2.063 0.47199416057351934
2.064 0.4718880308355831
2.065 0.4713389438957203
2.066 0.47055857984419674
2.067 0.47011625102992805
2.068 0.4698526328980405
2.069 0.4693053738851755
2.07 0.47011517595343677
2.071 0.47076530751400436
2.072 0.47284635840774775
2.073 0.4731354935634967
2.074 0.47318224900393563
2.075 0.47390729931575903
2.076 0.4737735238696053
2.077 0.4725673098189774
2.078 0.4707676007643143
2.079 0.4712450911616817
2.08 0.47263824816666294
2.081 0.4740342136046086
2.082 0.4741857692135754
2.083 0.4745586392085551
2.084 0.4750404401367716
2.085 0.47405959999001746
2.086 0.4743646681489001
2.087 0.47430346959499414
2.088 0.47522835663469626
2.089 0.4736949714803704
2.09 0.4718067301829839
2.091 0.47047966623329024
2.092 0.470844788326518
2.093 0.4716076988469537
2.094 0.471800091503194
2.095 0.4703746472446851
2.096 0.46967238751276746
2.097 0.47058081228222554
2.098 0.47133321063527467
2.099 0.4708409433237747
2.1 0.469644529535867
2.101 0.46882751670756795
2.102 0.46814773698067047
2.103 0.46715833067720636
2.104 0.46622365399547666
2.105 0.4670571144967309
2.106 0.46705435680179674
2.107 0.46651262956273604
2.108 0.4662596204165304
2.109 0.466235507136471
2.11 0.466368741660654
2.111 0.46513821997298976
2.112 0.4637734516143996
2.113 0.46375923890490234
2.114 0.46464935456837025
2.115 0.4643022304236548
2.116 0.46448095504805814
2.117 0.46465907216690344
2.118 0.46538165246845864
2.119 0.4663334108768513
2.12 0.46744182458427247
2.121 0.46853145943897256
2.122 0.4693843434634783
2.123 0.46905106732290214
2.124 0.4691914733826425
2.125 0.4706482996913794
2.126 0.472369841081533
2.127 0.472640490395166
2.128 0.47185151189122293
2.129 0.47159623151897245
2.13 0.473017220053548
2.131 0.47425601023049546
2.132 0.47431321793963943
2.133 0.47372620923900455
2.134 0.47267593541841163
2.135 0.4734134772339859
2.136 0.4732337319589539
2.137 0.4730037390331794
2.138 0.47258065255395576
2.139 0.47161187381858594
2.14 0.4704886647089051
2.141 0.4697517121587584
2.142 0.4703093510325251
2.143 0.4703157855080065
2.144 0.47015660353392463
2.145 0.46927504858479696
2.146 0.46935264845214963
2.147 0.4696535183238495
2.148 0.47012593453149487
2.149 0.47156758676587884
2.15 0.4712827130953228
2.151 0.47050319836162907
2.152 0.4691515884676564
2.153 0.4684612061798056
2.154 0.46828944219319113
2.155 0.468594997691023
2.156 0.46924663171590214
2.157 0.46843924574119217
2.158 0.46775649094303445
2.159 0.4682076959464115
2.16 0.46912671110704984
2.161 0.46942512441325956
2.162 0.4685611855900935
2.163 0.46867454628354166
2.164 0.46840016104244064
2.165 0.46710589439334815
2.166 0.4658713236020388
2.167 0.4662243235016114
2.168 0.4667667772214111
2.169 0.46609255170803576
2.17 0.4654180782954806
2.171 0.46509614751337414
2.172 0.4660772069172957
2.173 0.46610043840038456
2.174 0.466317568397708
2.175 0.465716896887051
2.176 0.46385441472193834
2.177 0.4615943947437053
2.178 0.4598540600186455
2.179 0.45834764923365673
2.18 0.456639443430332
2.181 0.45537036026360395
2.182 0.45452671135603134
2.183 0.4533457551174106
2.184 0.45146828596029254
2.185 0.4480115549092971
2.186 0.4452917045503071
2.187 0.44207803074551966
2.188 0.44049939869382126
2.189 0.4374865655514677
2.19 0.43579131236534874
2.191 0.4321219370959457
2.192 0.4298343194720861
2.193 0.4266861210976423
2.194 0.42393759984257406
2.195 0.4201114989036232
2.196 0.4172166733308884
2.197 0.4143628080654242
2.198 0.41048078386751435
2.199 0.40628030640397067
2.2 0.4032556937722748
2.201 0.3994184353209758
2.202 0.3950399444885045
2.203 0.3901880652329671
2.204 0.38648615443215867
2.205 0.3836144946980506
2.206 0.38150470924108815
2.207 0.37908200064097386
2.208 0.3765669645542531
2.209 0.3732724894807563
2.21 0.370769690924677
2.211 0.36900141778858186
2.212 0.3683604394741779
2.213 0.36778411629225194
2.214 0.3665941314735233
2.215 0.3648959307957679
2.216 0.3641580544043421
2.217 0.36418127442767345
2.218 0.36430843359514703
2.219 0.36377589588073134
2.22 0.3634184126440532
2.221 0.36335491789863594
2.222 0.3628274501690749
2.223 0.3639166550273539
2.224 0.36431360751252195
2.225 0.3644737499809189
2.226 0.36391322291682726
2.227 0.36404674149141153
2.228 0.3648737774782956
2.229 0.3665909045061294
2.23 0.36875604731636397
2.231 0.3704068687635004
2.232 0.37182065424895316
2.233 0.37369234232123294
2.234 0.37567964917541713
2.235 0.377312621043301
2.236 0.37916946889775116
2.237 0.38018462716689805
2.238 0.38097376562556895
2.239 0.38247973851660655
2.24 0.3845240442942218
2.241 0.38451901666587923
2.242 0.3835254079368688
2.243 0.38318627556110463
2.244 0.3845125144645882
2.245 0.38623517788764794
2.246 0.3875535408013583
2.247 0.38780058850212507
2.248 0.38680021496665523
2.249 0.3865582195775874
2.25 0.38699072452232625
2.251 0.38871061903080734
2.252 0.38870884875182277
2.253 0.3883692992349943
2.254 0.3882685595623862
2.255 0.38909214393316777
2.256 0.39038822895665165
2.257 0.3912086580330696
2.258 0.39169211685043315
2.259 0.39229325749166255
2.26 0.39347897675539256
2.261 0.3945339756487211
2.262 0.3963845696756376
2.263 0.39758164807399776
2.264 0.3980348928343715
2.265 0.3982766871797538
2.266 0.4000961203350728
2.267 0.4011194767703178
2.268 0.4016324525266267
2.269 0.40224738151705974
2.27 0.4035710139513909
2.271 0.40493397004178777
2.272 0.40641259152882003
2.273 0.40693863650917234
2.274 0.4070658275486251
2.275 0.40780289457551827
2.276 0.40874996281208464
2.277 0.40986326510513393
2.278 0.4105685104708142
2.279 0.4112117120498311
2.28 0.41132739528005485
2.281 0.41180878845719304
2.282 0.41360338024297255
2.283 0.41590569142045364
2.284 0.4178205239045714
2.285 0.41810876237345007
2.286 0.418364576628314
2.287 0.4191007085173672
2.288 0.42059747455928187
2.289 0.42169342812771526
2.29 0.42249615639982535
2.291 0.4225348995248711
2.292 0.42238808790381877
2.293 0.42313379339569196
2.294 0.42530159516370364
2.295 0.4268932925822088
2.296 0.4269835228101383
2.297 0.42673217540892217
2.298 0.42670530488831804
2.299 0.42832330249304074
2.3 0.4293449168959944
2.301 0.4290770430999732
2.302 0.4279032990421183
2.303 0.42724795776385427
2.304 0.4277465016541386
2.305 0.4281176331343561
2.306 0.4277895073093517
2.307 0.4266894807410112
2.308 0.42593857085302417
2.309 0.4256824303013559
2.31 0.42495432915181697
2.311 0.4233568142621469
2.312 0.4207758031500755
2.313 0.4167037682165596
2.314 0.4121123822769986
2.315 0.40706630055804505
2.316 0.403205667834184
2.317 0.39876134587591444
2.318 0.3927862767283656
2.319 0.38524464379405815
2.32 0.3769761344603623
2.321 0.3684163822826273
2.322 0.36002762025073665
2.323 0.35097699357156337
2.324 0.34019031388037374
2.325 0.3288943808118215
2.326 0.3181562244878953
2.327 0.30742864909201406
2.328 0.2972101101264196
2.329 0.28655812557028515
2.33 0.2757842501488614
2.331 0.2642826179030585
2.332 0.2540591581382077
2.333 0.24398672419236173
2.334 0.23346248484100168
2.335 0.22223312855480504
2.336 0.21140115294185705
2.337 0.20173663297438832
2.338 0.1929690938706173
2.339 0.18512400339912252
2.34 0.17813679044130606
2.341 0.17224587925776594
2.342 0.167613877094102
2.343 0.16398855625105427
2.344 0.16148007346437432
2.345 0.15942037660230216
2.346 0.15810227471733695
2.347 0.1571623232738306
2.348 0.15690545377752713
2.349 0.15664341006536203
2.35 0.15593785034834556
2.351 0.1549200970928597
2.352 0.15332138673174922
2.353 0.15158964403987593
2.354 0.14921805484729042
2.355 0.14646165156937296
2.356 0.14291496671426437
2.357 0.13849264001633468
2.358 0.13350517415309762
2.359 0.127884727957677
2.36 0.12188087920335385
2.361 0.11495224491365298
2.362 0.10742999026963942
2.363 0.09919044279439923
2.364 0.09094943111080403
2.365 0.08272061702372314
2.366 0.07445325844061444
2.367 0.06625402097821911
2.368 0.05819169690474834
2.369 0.05053685166906816
2.37 0.04348242966024048
2.371 0.03715452969933723
2.372 0.03155579589917116
2.373 0.02664827815682928
2.374 0.022562199185036748
2.375 0.01929508420729574
2.376 0.016798216415760115
2.377 0.014934383274172415
2.378 0.013670751091655187
2.379 0.012912814225771225
2.38 0.012580838359441172
2.381 0.011406874068124635
2.382 0.010584523834012122
2.383 0.009978437303218263
2.384 0.00946480264884096
2.385 0.008998099365540272
2.386 0.008568028527954158
2.387 0.008165202026481714
2.388 0.007763009005732285
2.389 0.007316768991556109
2.39 0.006867207645655896
2.391 0.006424496238459765
2.392 0.005996172509686734
2.393 0.0055683614064838596
2.394 0.00512987084621273
2.395 0.004684067514992089
2.396 0.004262295177840474
2.397 0.0038776832927419295
2.398 0.003518770729767939
2.399 0.0031747187462206647
2.4 0.002846472055321384
2.401 0.0025368229339461238
2.402 0.0022544122280087667
2.403 0.001996513615339284
2.404 0.0017625253572996784
2.405 0.0015431617717234897
2.406 0.0013467090336955732
2.407 0.0011719313836790017
2.408 0.001019248231097041
2.409 0.0008832649615565654
2.41 0.0007631592383451458
2.411 0.0006562539966354999
2.412 0.0005624325643412969
2.413 0.00048221861749820423
2.414 0.0004141795732546464
2.415 0.00035614849283222076
2.416 0.0003062879104512722
2.417 0.00026315285110041243
2.418 0.00022662350402759558
2.419 0.00019568140941841146
2.42 0.00016983144123681516
2.421 0.00014810653256563426
2.422 0.00012994452421618427
2.423 0.00011446204054146399
2.424 0.00010147786141689207
2.425 9.079666892635627e-05
2.426 8.160869007226449e-05
2.427 7.359231212531818e-05
2.428 6.64484241121387e-05
2.429 6.027755542192093e-05
2.43 5.494523993113425e-05
2.431 5.022955735430893e-05
2.432 4.607694543582903e-05
2.433 4.221646581695336e-05
2.434 3.871941803585902e-05
2.435 3.552044804219495e-05
2.436 3.258724663704723e-05
2.437 2.9871657643820056e-05
2.438 2.732956503856423e-05
2.439 2.4962765058636227e-05
2.44 2.272259007273351e-05
2.441 2.07226898779269e-05
2.442 1.885666793361086e-05
2.443 1.7124595420991162e-05
2.444 1.5475551855822487e-05
2.445 1.3942646209393824e-05
2.446 1.2548936572652792e-05
2.447 1.1288557227630665e-05
2.448 1.0157673276970332e-05
2.449 9.101859089465412e-06
2.45 8.120490949789857e-06
2.451 7.21616100731477e-06
2.452 6.409420211107779e-06
2.453 5.677871054708363e-06
2.454 5.014587515900188e-06
2.455 4.417849647442299e-06
2.456 3.88610092542552e-06
2.457 3.4170593821235187e-06
2.458 3.0062712355187745e-06
2.459 2.6375802246637433e-06
2.46 2.3063573642440217e-06
2.461 2.0073607960829895e-06
2.462 1.7468541097328354e-06
2.463 1.521458108983014e-06
2.464 1.3260556257739496e-06
2.465 1.1515379509845809e-06
2.466 9.965958412005621e-07
2.467 8.619899763402017e-07
2.468 7.449308437610475e-07
2.469 6.443633549998145e-07
2.47 5.577004126016915e-07
2.471 4.823211632536307e-07
2.472 4.1663347356541375e-07
2.473 3.606593569032288e-07
2.474 3.1333495450834363e-07
2.475 2.716547124134709e-07
2.476 2.3524671746441222e-07
2.477 2.0419813379374885e-07
2.478 1.7751548600964834e-07
2.479 1.5480455028329898e-07
2.48 1.35431163345037e-07
2.481 1.1896373920304822e-07
2.482 1.0495038109301171e-07
2.483 9.276842040283971e-08
2.484 8.216754124549392e-08
2.485 7.302584806228751e-08
2.486 6.529770624006924e-08
2.487 5.852891505380875e-08
2.488 5.260897757364737e-08
2.489 4.736372242584565e-08
2.49 4.290406409655846e-08
2.491 3.904824582003224e-08
2.492 3.562002918901776e-08
2.493 3.252680515278163e-08
2.494 2.9717740488069554e-08
2.495 2.7293560551262437e-08
2.496 2.512201493524495e-08
2.497 2.3218207222581048e-08
2.498 2.1463764416525325e-08
2.499 1.9851821345736407e-08
2.5 1.8356219086393856e-08
2.501 1.6997149499422227e-08
2.502 1.5783230649783095e-08
2.503 1.4638355420246593e-08
2.504 1.3576997078891018e-08
2.505 1.2626739011886972e-08
2.506 1.1792445482432122e-08
2.507 1.1030717181604005e-08
2.508 1.0286815724358694e-08
2.509 9.58661275348256e-09
2.51 8.92348416289227e-09
2.511 8.33051424103904e-09
2.512 7.788197429524e-09
2.513 7.285260623263714e-09
2.514 6.80060135186233e-09
2.515 6.3416378402735845e-09
2.516 5.91967072154589e-09
2.517 5.528501401927805e-09
2.518 5.159943172799531e-09
2.519 4.805435666906585e-09
2.52 4.4748700740065196e-09
2.521 4.163876141372927e-09
2.522 3.879657202099052e-09
2.523 3.609655271262264e-09
2.524 3.3587179547082367e-09
2.525 3.115835301878234e-09
2.526 2.890299663095068e-09
2.527 2.6824739996031003e-09
2.528 2.493392723526093e-09
2.529 2.32022728744317e-09
2.53 2.153136216113127e-09
2.531 1.9876158937073283e-09
2.532 1.8352523423432084e-09
2.533 1.697315103649966e-09
2.534 1.570466504250106e-09
2.535 1.4490617792498781e-09
2.536 1.336762208872579e-09
2.537 1.2293167900997096e-09
2.538 1.131395528230776e-09
2.539 1.0405690138511676e-09
2.54 9.579400578656362e-10
2.541 8.794222716151934e-10
2.542 8.0728882392566e-10
2.543 7.390480267954888e-10
2.544 6.769475469186118e-10
2.545 6.188314413701974e-10
2.546 5.641854459642955e-10
2.547 5.131182029360731e-10
2.548 4.676194195085097e-10
2.549 4.272767598622376e-10
2.55 3.9051791273662744e-10
2.551 3.555858516674325e-10
2.552 3.2378782204547397e-10
2.553 2.94805229203474e-10
2.554 2.679813833987046e-10
2.555 2.4313934234373795e-10
2.556 2.204481117552007e-10
2.557 1.9966187410506424e-10
2.558 1.8099584566897148e-10
2.559 1.6467053389244884e-10
2.56 1.49772967461186e-10
2.561 1.3556083436203775e-10
2.562 1.2233106155380545e-10
2.563 1.1038471865235556e-10
2.564 9.989583650129446e-11
2.565 9.048016488167381e-11
2.566 8.179467733570864e-11
2.567 7.393526246898515e-11
2.568 6.689621341431502e-11
2.569 6.044789313702617e-11
2.57 5.4495186173458836e-11
2.571 4.888928725776456e-11
2.572 4.406394788959245e-11
2.573 3.9807609673058575e-11
2.574 3.606573742617394e-11
2.575 3.2556290569321105e-11
2.576 2.942601617785789e-11
2.577 2.655568410760324e-11
2.578 2.3932607205112497e-11
2.579 2.1598204840405914e-11
2.58 1.9428919744823322e-11
2.581 1.746996159933757e-11
2.582 1.573761952698664e-11
2.583 1.4204687809980143e-11
2.584 1.2790760378126795e-11
2.585 1.1553748350951824e-11
2.586 1.0427815877638725e-11
2.587 9.366120037116744e-12
2.588 8.365945596695058e-12
2.589 7.51324873632423e-12
2.59 6.781834460230154e-12
2.591 6.1233246404411215e-12
2.592 5.501409766383388e-12
2.593 4.939470162386154e-12
2.594 4.427182979739105e-12
2.595 3.9545788284095e-12
2.596 3.534225210335324e-12
2.59614990234375 4.55653320622859e-15
2.597 3.168474986468407e-12
2.59714990234375 4.051621637286937e-15
2.598 2.8449118859573236e-12
2.59814990234375 3.6538886020368406e-15
2.59914990234375 3.307848232344887e-15
