Wavelength_microns Throughput
0.5504000244140625 9.189110966030732e-13
0.5514000244140626 7.629761307898122e-13
0.5524000244140626 5.98142254771306e-13
0.5534000244140626 3.6036139160952505e-13
0.5544000244140626 2.1923903530972586e-12
0.5554000244140626 1.616754169150821e-12
0.5564000244140626 3.0648041955569024e-12
0.5574000244140624 1.2588222891725331e-12
0.5584000244140624 2.0113389400189257e-12
0.5594000244140624 5.164472016449009e-13
0.5604000244140624 1.1944919504166539e-12
0.5614000244140624 9.659205533771796e-13
0.5624000244140624 3.998704232680577e-13
0.5634000244140625 4.4462370940804254e-13
0.5644000244140625 1.04662703696074e-12
0.5654000244140625 7.787918746139748e-13
0.5664000244140625 1.4953171079620757e-12
0.5674000244140625 1.710903003125036e-12
0.5684000244140625 1.3808554594586916e-12
0.5694000244140625 9.601970777080023e-13
0.5704000244140625 7.786558847842653e-16
0.5714000244140625 8.534517011424639e-16
0.5724000244140625 1.0041797153685514e-15
0.5734000244140625 3.282681192500902e-13
0.5744000244140625 2.52550543690487e-13
0.5754000244140625 2.536168324328172e-13
0.5764000244140625 5.049259384581477e-13
0.5774000244140625 1.7919565492171493e-15
0.5784000244140625 1.3820870559498798e-12
0.5794000244140625 1.9788037975083835e-15
0.5804000244140625 2.567637423782847e-12
0.5814000244140625 5.572662853596094e-12
0.5824000244140625 7.408118588408348e-13
0.5834000244140625 1.4720836871135445e-12
0.5844000244140625 4.233600756962973e-12
0.5854000244140625 5.7135037316840915e-12
0.5864000244140625 3.8423257009146605e-14
0.5874000244140625 4.262930680720917e-12
0.5884000244140625 1.777206314942606e-11
0.5894000244140625 1.5800009267465077e-12
0.5904000244140625 2.2794564214338634e-11
0.5914000244140625 6.903247817969969e-12
0.5924000244140625 5.720412655891147e-12
0.5934000244140625 1.9648711343833254e-12
0.5944000244140625 3.4010653798824683e-15
0.5954000244140625 3.2365887564654514e-15
0.5964000244140625 1.4568941442159552e-12
0.5974000244140625 2.9757138089106148e-12
0.5984000244140625 4.407072707478836e-12
0.5994000244140625 3.582428111108221e-15
0.6004000244140625 2.8906203589547833e-12
0.6014000244140625 3.722979632612219e-12
0.6024000244140625 4.182502320158535e-12
0.6034000244140625 4.505257060797318e-12
0.6044000244140625 7.751689025908149e-15
0.6054000244140625 3.484585893351309e-12
0.6064000244140625 1.196180299630633e-11
0.6074000244140625 6.604911656943558e-12
0.6084000244140625 9.336168966128425e-12
0.6094000244140625 6.8860159020766675e-12
0.6104000244140625 1.6269474052481408e-13
0.6114000244140625 7.1387507851579985e-12
0.6124000244140625 9.480828066608983e-12
0.6134000244140625 9.234252008548122e-12
0.6144000244140625 5.3338709529600434e-15
0.6154000244140625 4.261017426271333e-12
0.6164000244140625 2.1522058354112314e-12
0.6174000244140625 8.398670992021519e-13
0.6184000244140625 3.0245120568481212e-12
0.6194000244140625 1.7033795415911554e-12
0.6204000244140625 1.7335095397457322e-12
0.6214000244140625 3.5195444730524888e-12
0.6224000244140625 4.175853805779565e-13
0.6234000244140625 4.4474728449644255e-15
0.6244000244140625 1.706180003277079e-12
0.6254000244140625 6.188681633803993e-15
0.6264000244140625 7.192837921600433e-12
0.6274000244140625 1.062202243951078e-14
0.6284000244140625 8.603789958129964e-12
0.6294000244140625 2.2644701990894735e-14
0.6304000244140625 3.2940442662779765e-14
0.6314000244140625 2.0159716328875714e-11
0.6324000244140625 2.8993627077132862e-11
0.6334000244140625 2.4944495287429757e-11
0.6344000244140625 3.82062316527486e-14
0.6354000244140625 2.970211440017098e-14
0.6364000244140625 2.3654993302378405e-14
0.6374000244140625 1.592979298498791e-11
0.6384000244140625 4.104325769430222e-12
0.6394000244140625 2.273282394977024e-11
0.6404000244140625 1.290030694614957e-12
0.6414000244140625 1.4427131676358104e-12
0.6424000244140625 4.017807368076015e-12
0.6434000244140625 1.638425298793763e-11
0.6444000244140625 9.541579568296869e-12
0.6454000244140625 4.376870175491848e-12
0.6464000244140625 1.2351830050817571e-12
0.6474000244140625 2.223404536397932e-11
0.6484000244140625 1.7140163511757798e-12
0.6494000244140625 3.173858240156237e-12
0.6504000244140625 6.7441259196069096e-12
0.6514000244140625 9.384934567515832e-12
0.6524000244140625 8.294947554070698e-15
0.6534000244140625 5.9294528840757715e-12
0.6544000244140625 9.237432374709224e-12
0.6554000244140625 4.723164538763465e-12
0.6564000244140625 7.354791340050088e-12
0.6574000244140625 1.1279903936662079e-14
0.6584000244140625 1.3431634759009696e-14
0.6594000244140625 4.228464613669834e-11
0.6604000244140625 1.726589373350768e-11
0.6614000244140625 8.338217650794685e-12
0.6624000244140625 1.1485727987967138e-11
0.6634000244140625 3.287200147203147e-11
0.6644000244140625 1.421271340228026e-11
0.6654000244140625 9.243165440475864e-12
0.6664000244140625 1.9492727449447635e-11
0.6674000244140625 7.533911571359661e-12
0.6684000244140625 7.888117517882971e-12
0.6694000244140625 1.187831365859888e-11
0.6704000244140625 5.48629920379161e-12
0.6714000244140625 7.881714270090187e-12
0.6724000244140625 2.4478588093443606e-11
0.6734000244140625 5.946304038859893e-12
0.6744000244140625 3.050926360281559e-11
0.6754000244140625 2.684629769160552e-11
0.6764000244140626 1.3314335082098778e-11
0.6774000244140626 1.602219232843619e-11
0.6784000244140626 3.2545262717790544e-11
0.6794000244140626 1.9176649804926504e-11
0.6804000244140626 2.593672394372004e-11
0.6814000244140626 2.982672866769399e-11
0.6824000244140624 1.624950891002063e-11
0.6834000244140624 2.4936407388587538e-11
0.6844000244140624 2.334399196862941e-11
0.6854000244140624 2.2476973853294475e-11
0.6864000244140624 8.360360476950243e-12
0.6874000244140624 4.298427310965406e-11
0.6884000244140625 3.046451706504273e-11
0.6894000244140625 2.185127783033751e-11
0.6904000244140625 4.736845584231622e-11
0.6914000244140625 4.3504442242904343e-11
0.6924000244140625 3.732687541233734e-11
0.6934000244140625 6.482922462691084e-11
0.6944000244140625 8.335712081191533e-11
0.6954000244140625 4.632707107139972e-11
0.6964000244140625 8.56515532681511e-11
0.6974000244140625 8.746022132234386e-11
0.6984000244140625 9.058745405200293e-11
0.6994000244140625 9.529232440061247e-11
0.7004000244140625 1.0866795585277221e-10
0.7014000244140625 1.1858910966328092e-10
0.7024000244140625 1.6693482468635136e-10
0.7034000244140625 1.8178447474759237e-10
0.7044000244140625 2.4090340919606426e-10
0.7054000244140625 3.8252717961491007e-10
0.7064000244140625 5.339552219232666e-10
0.7074000244140625 8.84740099002337e-10
0.7084000244140625 1.3592857728499068e-09
0.7094000244140625 2.106871085700865e-09
0.7104000244140625 3.2495096501606486e-09
0.7114000244140625 4.440415844419531e-09
0.7124000244140625 5.340425082039601e-09
0.7134000244140625 6.298974134456424e-09
0.7144000244140625 5.994585782915879e-09
0.7154000244140625 6.562818776164203e-09
0.7164000244140625 5.774979315818112e-09
0.7174000244140625 4.661841427761438e-09
0.7184000244140625 3.4643050590532814e-09
0.7194000244140625 2.3793014845554237e-09
0.7204000244140625 1.5813219175253076e-09
0.7214000244140625 1.0750921004125116e-09
0.7224000244140625 5.882643306597414e-10
0.7234000244140625 3.2048421161370266e-10
0.7244000244140625 2.5804638829358916e-10
0.7254000244140625 1.5826011429786077e-10
0.7264000244140625 9.516097479028699e-11
0.7274000244140625 7.913057482908607e-11
0.7284000244140625 6.275209612747391e-11
0.7294000244140625 1.9462871640301567e-11
0.7304000244140625 3.5381942029458346e-11
0.7314000244140625 2.7318637448564053e-11
0.7324000244140625 3.612660847076177e-11
0.7334000244140625 2.702894900366225e-11
0.7344000244140625 3.035028756658462e-11
0.7354000244140625 3.137192929620488e-11
0.7364000244140625 3.352076002358854e-11
0.7374000244140625 2.7810473171851907e-11
0.7384000244140625 6.461120393104705e-11
0.7394000244140625 8.838654172857164e-11
0.7404000244140625 1.2414366031640684e-10
0.7414000244140625 1.621899684384397e-10
0.7424000244140625 2.1366591939177365e-10
0.7434000244140625 4.047744308186108e-10
0.7444000244140625 3.535625461975679e-10
0.7454000244140625 3.2488501853440604e-10
0.7464000244140625 9.268899815521145e-11
0.7474000244140625 2.68322978541254e-10
0.7484000244140625 1.8124477679307697e-10
0.7494000244140625 3.3253534969787666e-10
0.7504000244140625 2.9242464854251954e-10
0.7514000244140625 1.2747678050306024e-10
0.7524000244140625 4.6424657501035027e-10
0.7534000244140625 3.273238260590622e-10
0.7544000244140625 5.473014225962229e-10
0.7554000244140625 1.447870496896043e-09
0.7564000244140625 9.684492422863481e-10
0.7574000244140625 3.142279327026392e-10
0.7584000244140625 9.871971027275396e-11
0.7594000244140625 8.393166280267407e-11
0.7604000244140625 4.712827280892375e-11
0.7614000244140625 2.775030384519559e-11
0.7624000244140625 7.0507415478127155e-12
0.7634000244140625 2.6239091474097098e-11
0.7644000244140625 1.3741131209854506e-11
0.7654000244140625 4.312633401206888e-12
0.7664000244140625 2.6187030195396005e-12
0.7674000244140625 4.311469623683962e-12
0.7684000244140625 2.496003065008971e-12
0.7694000244140625 3.0417624924013577e-12
0.7704000244140625 1.5151484118239902e-12
0.7714000244140625 1.7202000650799142e-12
0.7724000244140625 1.7603003769985866e-13
0.7734000244140625 1.5880498424656882e-12
0.7744000244140625 9.476671077792494e-13
0.7754000244140625 3.1001778249124527e-12
0.7764000244140625 1.838043344478323e-12
0.7774000244140625 2.9394629061785615e-12
0.7784000244140625 9.734215977632954e-13
0.7794000244140625 3.5759518424808375e-12
0.7804000244140625 8.733276394083589e-12
0.7814000244140625 6.286112801834501e-12
0.7824000244140625 5.3393133034645495e-12
0.7834000244140625 3.0130923740369035e-12
0.7844000244140625 8.7824259292568e-12
0.7854000244140625 4.4679288239477754e-12
0.7864000244140625 8.940064667306168e-12
0.7874000244140625 1.1510096677438292e-11
0.7884000244140625 7.90282135182544e-12
0.7894000244140625 1.9013047285313275e-11
0.7904000244140625 3.154507070437657e-11
0.7914000244140625 1.5519923209888808e-11
0.7924000244140625 1.56944035412166e-11
0.7934000244140625 3.455185195471435e-11
0.7944000244140625 2.670356539058623e-11
0.7954000244140625 2.4855928732315375e-11
0.7964000244140625 0.0
0.7974000244140625 2.5880042027610995e-11
0.7984000244140625 4.0868141703564736e-10
0.7994000244140625 3.985355764205578e-10
0.8004000244140625 2.396925819317143e-09
0.8014000244140626 2.221903728274287e-09
0.8024000244140626 2.1927781983312402e-09
0.8034000244140626 2.4892228532346748e-09
0.8044000244140626 1.4816557179708422e-09
0.8054000244140626 2.0886068910080317e-10
0.8064000244140626 3.184179149075428e-10
0.8074000244140624 1.2988946439633493e-09
0.8084000244140624 2.0698341984315255e-09
0.8094000244140624 1.412743298875182e-09
0.8104000244140624 8.629812022352042e-10
0.8114000244140624 1.1666734219008424e-09
0.8124000244140624 1.6612557347626445e-09
0.8134000244140625 2.15526505903837e-09
0.8144000244140625 2.115864146288931e-09
0.8154000244140625 1.5930947104950354e-09
0.8164000244140625 1.153112399117963e-09
0.8174000244140625 1.1968868907386164e-09
0.8184000244140625 1.0858529888089677e-09
0.8194000244140625 1.2930418933635536e-09
0.8204000244140625 9.294993360769845e-10
0.8214000244140625 9.613486561606805e-10
0.8224000244140625 1.1029717017933014e-09
0.8234000244140625 1.6896702057419673e-10
0.8244000244140625 0.0
0.8254000244140625 4.4212287973673946e-10
0.8264000244140625 1.2000823060239781e-09
0.8274000244140625 9.15102967258751e-10
0.8284000244140625 4.532475185316941e-10
0.8294000244140625 2.1831874162620332e-10
0.8304000244140625 4.649431175398387e-10
0.8314000244140625 1.3560554794104892e-09
0.8324000244140625 1.1461343113113243e-09
0.8334000244140625 4.480812390970636e-10
0.8344000244140625 9.22039448565449e-10
0.8354000244140625 9.983515601237354e-10
0.8364000244140625 5.957605629880473e-10
0.8374000244140625 1.0444356712026769e-09
0.8384000244140625 1.2020395792921922e-09
0.8394000244140625 5.085669295662029e-10
0.8404000244140625 2.872364153075385e-10
0.8414000244140625 1.8471087074175485e-10
0.8424000244140625 6.4766656841463e-10
0.8434000244140625 9.040129231715993e-10
0.8444000244140625 3.1061313775450884e-10
0.8454000244140625 3.363559599983352e-10
0.8464000244140625 3.7881934207119444e-10
0.8474000244140625 6.172505067531553e-10
0.8484000244140625 7.552234759064835e-10
0.8494000244140625 4.728879958084971e-10
0.8504000244140625 5.206980433679465e-10
0.8514000244140625 6.381454622310714e-10
0.8524000244140625 9.9223599162688e-10
0.8534000244140625 1.029695403541473e-09
0.8544000244140625 7.702508819547593e-10
0.8554000244140625 5.998631175642612e-10
0.8564000244140625 3.7060012628771056e-10
0.8574000244140625 3.158070898996148e-10
0.8584000244140625 7.511370569727258e-10
0.8594000244140625 5.806150922730086e-10
0.8604000244140625 8.06808701877502e-10
0.8614000244140625 5.553123170784169e-10
0.8624000244140625 2.1246136526581086e-10
0.8634000244140625 5.056900113423568e-10
0.8644000244140625 1.0322732277746533e-09
0.8654000244140625 7.296817463210482e-10
0.8664000244140625 6.550981036854864e-10
0.8674000244140625 5.875985957430921e-10
0.8684000244140625 6.948800615590998e-10
0.8694000244140625 1.042310534066002e-09
0.8704000244140625 9.002753065576799e-10
0.8714000244140625 9.306956311653342e-10
0.8724000244140625 1.013407847347931e-09
0.8734000244140625 1.0572577715015923e-09
0.8744000244140625 9.054360447970055e-10
0.8754000244140625 9.254441805553747e-10
0.8764000244140625 1.218903034978448e-09
0.8774000244140625 1.1347058075429814e-09
0.8784000244140625 1.0319027793246222e-09
0.8794000244140625 1.1785182889223413e-09
0.8804000244140625 7.857120461875369e-10
0.8814000244140625 7.033655151828479e-10
0.8824000244140625 7.942459509223711e-10
0.8834000244140625 9.15100601257093e-10
0.8844000244140625 7.797171062567392e-10
0.8854000244140625 5.527058319563179e-10
0.8864000244140625 6.603592994340982e-10
0.8874000244140625 7.647058658057067e-10
0.8884000244140625 6.615975497003513e-10
0.8894000244140625 7.127445189344306e-10
0.8904000244140625 8.876954234276713e-10
0.8914000244140625 8.235087600107777e-10
0.8924000244140625 1.0322171595190006e-09
0.8934000244140625 8.906648248508808e-10
0.8944000244140625 1.3086567055010601e-09
0.8954000244140625 9.85895603621293e-10
0.8964000244140625 1.2102151380402446e-09
0.8974000244140625 1.3723511854080787e-09
0.8984000244140625 1.300247738728325e-09
0.8994000244140625 1.0895439627977939e-09
0.9004000244140625 1.303312832139509e-09
0.9014000244140625 1.4611049366692048e-09
0.9024000244140625 1.615302620776581e-09
0.9034000244140625 1.4054547047305671e-09
0.9044000244140625 8.453856636387841e-10
0.9054000244140625 1.214222165988094e-09
0.9064000244140625 8.944195101586573e-10
0.9074000244140625 8.304514593524142e-10
0.9084000244140625 1.0257756747138977e-09
0.9094000244140625 1.1884876202104433e-09
0.9104000244140625 1.137526947182852e-09
0.9114000244140625 8.262413617654747e-10
0.9124000244140625 9.056660458930115e-10
0.9134000244140625 1.1457178831634237e-09
0.9144000244140625 9.873500872191496e-10
0.9154000244140625 6.786616961894037e-10
0.9164000244140625 5.458077914610041e-10
0.9174000244140625 3.0931597328839843e-10
0.9184000244140625 3.5270304824798087e-10
0.9194000244140625 5.007538123915082e-10
0.9204000244140625 3.8949516177877477e-10
0.9214000244140625 2.642503555232804e-10
0.9224000244140625 3.909682287047463e-10
0.9234000244140625 4.689930859534838e-10
0.9244000244140625 5.231908954164e-10
0.9254000244140625 5.476888588858893e-10
0.9264000244140626 6.587868458686088e-10
0.9274000244140626 6.622052714795072e-10
0.9284000244140626 7.292132274588799e-10
0.9294000244140626 1.353517872597243e-09
0.9304000244140626 1.5743369349654353e-09
0.9314000244140626 2.1158071790808036e-09
0.9324000244140624 2.602636675748649e-09
0.9334000244140624 2.7211986850288338e-09
0.9344000244140624 2.9033247705039244e-09
0.9354000244140624 2.8918568731298933e-09
0.9364000244140624 2.27235733881318e-09
0.9374000244140624 2.014860676194372e-09
0.9384000244140625 1.8547125904490022e-09
0.9394000244140625 1.8859719770514196e-09
0.9404000244140625 1.4008039082469754e-09
0.9414000244140625 7.115510737747091e-10
0.9424000244140625 4.255284120696971e-10
0.9434000244140625 4.927063343889314e-10
0.9444000244140625 8.599358321930834e-10
0.9454000244140625 9.57573572730427e-10
0.9464000244140625 4.716340016941403e-10
0.9474000244140625 9.746630278289057e-10
0.9484000244140625 7.900800187126819e-10
0.9494000244140625 4.3856134004902566e-10
0.9504000244140625 1.1064960616982887e-09
0.9514000244140625 1.0373221752916165e-09
0.9524000244140625 7.543302767689206e-10
0.9534000244140625 6.925562957204932e-10
0.9544000244140625 9.106674766073232e-10
0.9554000244140625 1.0474454391400518e-09
0.9564000244140625 1.0452319909733067e-09
0.9574000244140625 1.0408989528888504e-09
0.9584000244140625 9.216493482237833e-10
0.9594000244140625 8.724627402005882e-10
0.9604000244140625 7.679354343965537e-10
0.9614000244140625 1.008309405140619e-09
0.9624000244140625 7.933224536041918e-10
0.9634000244140625 7.917023493167852e-10
0.9644000244140625 9.588513337204137e-10
0.9654000244140625 1.0180604396764611e-09
0.9664000244140625 9.137287475169425e-10
0.9674000244140625 1.1964263197749394e-09
0.9684000244140625 1.1047994569422194e-09
0.9694000244140625 9.398121483880865e-10
0.9704000244140625 1.3703885595512564e-09
0.9714000244140625 6.829563578769702e-10
0.9724000244140625 3.2075928757789826e-09
0.9734000244140625 1.93336878371636e-09
0.9744000244140625 2.9345539982015505e-09
0.9754000244140625 3.915650057322876e-09
0.9764000244140625 5.629050266875046e-09
0.9774000244140625 6.761047980854848e-09
0.9784000244140625 8.123267377812573e-09
0.9794000244140625 8.584638423394111e-09
0.9804000244140625 9.817410918951965e-09
0.9814000244140625 2.0759894807512754e-08
0.9824000244140625 1.9785871621818687e-08
0.9834000244140625 2.4996038007546144e-08
0.9844000244140625 2.8099074260411875e-08
0.9854000244140625 4.039980295706084e-08
0.9864000244140625 5.1605770155325314e-08
0.9874000244140625 5.123250247525478e-08
0.9884000244140625 7.311471100220512e-08
0.9894000244140625 7.554577329613622e-08
0.9904000244140625 8.939524413895479e-08
0.9914000244140625 9.588048187943396e-08
0.9924000244140625 1.3374360229985535e-07
0.9934000244140625 1.2206415989844943e-07
0.9944000244140625 1.403359070153614e-07
0.9954000244140625 1.1642395426723014e-07
0.9964000244140625 1.5104063977660642e-07
0.9974000244140625 1.820945716431983e-07
0.9984000244140625 1.0184424602991494e-07
0.9994000244140625 1.614041417950158e-07
1.0004000244140625 1.7949182432674254e-07
1.0014000244140624 3.139692945909828e-07
1.0024000244140625 7.059322853530604e-07
1.0034000244140624 2.637396818154326e-07
1.0044000244140625 6.485695676155962e-07
1.0054000244140624 4.844145306082881e-07
1.0064000244140625 4.299946163834617e-07
1.0074000244140624 6.371526635929299e-07
1.0084000244140625 3.2410389399414736e-07
1.0094000244140624 1.1410773316807818e-06
1.0104000244140625 1.0752851875034741e-06
1.0114000244140624 4.680724652820679e-07
1.0124000244140625 7.59978873724176e-07
1.0134000244140624 2.658800435598947e-07
1.0144000244140625 2.339171169503884e-07
1.0154000244140624 3.050710377751902e-07
1.0164000244140625 6.358641295035072e-07
1.0174000244140624 7.58125434414471e-07
1.0184000244140625 6.575429239281319e-07
1.0194000244140624 7.488025492132504e-08
1.0204000244140625 6.512812210483187e-07
1.0214000244140624 9.17701081282554e-07
1.0224000244140625 1.3981552027480672e-06
1.0234000244140624 2.2005453053708015e-07
1.0244000244140625 8.511673644678473e-07
1.0254000244140624 5.452737464367627e-07
1.0264000244140625 1.5117890839074794e-07
1.0274000244140624 6.11588326143902e-07
1.0284000244140625 1.6599557516827113e-07
1.0294000244140624 7.640285447412211e-07
1.0304000244140625 5.599515252914065e-07
1.0314000244140624 3.217252896273326e-07
1.0324000244140625 7.133145295233307e-07
1.0334000244140624 3.6540971495493913e-07
1.0344000244140625 3.8671381342132124e-07
1.0354000244140624 8.01135888647224e-07
1.0364000244140625 1.191301524031956e-06
1.0374000244140624 5.837138716815415e-07
1.0384000244140625 3.947178055157523e-07
1.0394000244140624 5.455983846277924e-07
1.0404000244140625 3.17384936532057e-11
1.0414000244140624 1.822184328350221e-06
1.0424000244140625 9.072078008175713e-07
1.0434000244140624 9.475658894347558e-07
1.0444000244140625 7.039330802604713e-07
1.0454000244140624 3.8403970859035924e-07
1.0464000244140625 6.64074896072981e-07
1.0474000244140624 4.980587744206107e-07
1.0484000244140625 8.482144121163486e-07
1.0494000244140624 1.655180515664398e-07
1.0504000244140625 5.184405176931088e-07
1.0514000244140624 1.3055670880864082e-06
1.0524000244140626 1.564352281730855e-08
1.0534000244140624 1.3818919081361565e-06
1.0544000244140626 9.90299952006696e-07
1.0554000244140624 3.23477331722715e-11
1.0564000244140626 7.817986078897717e-07
1.0574000244140624 1.8570630801851046e-07
1.0584000244140626 2.529337945399638e-07
1.0594000244140624 7.132594579474308e-07
1.0604000244140626 3.354789663515991e-07
1.0614000244140624 3.459050593467187e-08
1.0624000244140626 6.139383325610354e-07
1.0634000244140625 4.293138276529903e-07
1.0644000244140626 1.1194771944816097e-06
1.0654000244140625 3.587196141522851e-07
1.0664000244140626 5.957983724003541e-07
1.0674000244140625 3.2492784190341226e-11
1.0684000244140626 7.732994750556631e-07
1.0694000244140625 3.8944891598822314e-07
1.0704000244140626 3.249929135230683e-11
1.0714000244140625 9.410273603449257e-07
1.0724000244140626 3.251249836842378e-11
1.0734000244140625 4.0814028831600956e-07
1.0744000244140626 1.2234318060272685e-06
1.0754000244140625 1.0598600304973655e-06
1.0764000244140626 2.297773011644513e-07
1.0774000244140625 9.115225188369186e-07
1.0784000244140626 7.538175325917865e-07
1.0794000244140625 8.834750391517254e-07
1.0804000244140626 7.449537804357398e-07
1.0814000244140625 2.382738364299508e-07
1.0824000244140626 7.938215584017653e-07
1.0834000244140625 4.7623917628332726e-08
1.0844000244140626 2.490163018339022e-07
1.0854000244140625 7.851956330198704e-07
1.0864000244140626 4.776552649716423e-07
1.0874000244140625 1.0570595939763404e-06
1.0884000244140626 6.161750416388123e-07
1.0894000244140625 3.4958432803451115e-07
1.0904000244140626 2.5004603722242425e-07
1.0914000244140625 4.200329465891809e-07
1.0924000244140626 7.393159063962182e-07
1.0934000244140625 2.826130789772423e-07
1.0944000244140626 1.6038710692573015e-07
1.0954000244140625 7.69908742327985e-07
1.0964000244140626 4.6539498239466085e-07
1.0974000244140625 2.868871592964508e-07
1.0984000244140626 6.199241061349102e-07
1.0994000244140625 2.7957296198432656e-07
1.1004000244140626 4.454318674443103e-07
1.1014000244140625 3.3412527894808785e-07
1.1024000244140626 3.490312573757697e-11
1.1034000244140625 6.321919548482223e-07
1.1044000244140626 1.3240214608833084e-07
1.1054000244140625 1.5312811294716465e-06
1.1064000244140626 1.785988980997363e-07
1.1074000244140625 3.912134715815355e-07
1.1084000244140626 8.752667035727905e-08
1.1094000244140625 1.7509497731911738e-07
1.1104000244140626 2.08055540631562e-07
1.1114000244140625 7.401031634489729e-07
1.1124000244140626 4.825638217255159e-07
1.1134000244140625 1.446225811206693e-07
1.1144000244140626 8.670883783584496e-07
1.1154000244140625 6.890016746567364e-07
1.1164000244140626 3.5307661589529366e-11
1.1174000244140625 2.574278946823646e-07
1.1184000244140626 2.8229145707957505e-07
1.1194000244140625 1.4977198167055803e-06
1.1204000244140624 6.943055871943488e-08
1.1214000244140625 2.3535600936200008e-07
1.1224000244140624 1.0003285389218056e-06
1.1234000244140625 2.340447255281039e-08
1.1244000244140624 9.390153190140802e-07
1.1254000244140625 2.8222324183646865e-07
1.1264000244140624 7.390461754807896e-07
1.1274000244140625 3.0184395086963866e-07
1.1284000244140624 4.1294441606753804e-07
1.1294000244140625 8.524186962068101e-07
1.1304000244140624 8.068398950655919e-07
1.1314000244140625 3.5340841848812864e-11
1.1324000244140624 5.370786433443566e-07
1.1334000244140625 9.259282278329638e-07
1.1344000244140624 8.328597163686976e-07
1.1354000244140625 3.153183170097141e-07
1.1364000244140624 8.934220911592459e-07
1.1374000244140625 3.546588768506792e-11
1.1384000244140624 4.75026493543739e-07
1.1394000244140625 4.918007943808166e-07
1.1404000244140624 6.951235500780556e-07
1.1414000244140625 8.914321450968946e-08
1.1424000244140624 3.26167168745383e-07
1.1434000244140625 3.608538002843039e-11
1.1444000244140624 1.0499032330550987e-06
1.1454000244140625 9.89812837133538e-07
1.1464000244140624 3.6207003223080025e-11
1.1474000244140625 7.948382663768205e-07
1.1484000244140624 6.042831539100485e-07
1.1494000244140625 7.45343846169157e-08
1.1504000244140624 6.220244718492952e-07
1.1514000244140625 1.9672784775640284e-07
1.1524000244140624 3.098284709271508e-07
1.1534000244140625 3.6694905167236803e-11
1.1544000244140624 3.222174057282289e-07
1.1554000244140625 3.6809592577259516e-11
1.1564000244140624 7.317464214185411e-07
1.1574000244140625 1.2843884212057494e-07
1.1584000244140624 5.144119595285612e-07
1.1594000244140625 1.7512819757512312e-07
1.1604000244140624 1.0541883590501e-07
1.1614000244140625 1.7214520319484014e-07
1.1624000244140624 3.87776377412397e-07
1.1634000244140625 3.6830438741738667e-07
1.1644000244140624 7.1769782186697435e-09
1.1654000244140625 5.763190654882117e-07
1.1664000244140624 4.925990853160189e-07
1.1674000244140625 1.1623898610177261e-06
1.1684000244140624 2.4424979964310163e-08
1.1694000244140625 4.966483793055205e-07
1.1704000244140624 1.2047740131462531e-06
1.1714000244140625 9.633651007941733e-08
1.1724000244140624 1.8234066947604702e-07
1.1734000244140625 1.3369041470010797e-06
1.1744000244140624 8.323955501997752e-07
1.1754000244140625 8.061167917188931e-07
1.1764000244140624 1.220810364457651e-06
1.1774000244140626 8.109299930619584e-07
1.1784000244140624 1.2000417230785064e-07
1.1794000244140626 4.249870283829916e-07
1.1804000244140624 4.730557438956102e-07
1.1814000244140626 2.505324433838456e-09
1.1824000244140624 8.280686943280775e-08
1.1834000244140626 6.640813481216418e-07
1.1844000244140624 5.25543966640771e-07
1.1854000244140626 2.1246808386469713e-07
1.1864000244140624 1.1760037548247214e-06
1.1874000244140626 1.202584825700986e-07
1.1884000244140625 6.572551861431492e-07
1.1894000244140626 2.237230509973777e-07
1.1904000244140625 5.574384494019116e-07
1.1914000244140626 2.6857244744976577e-07
1.1924000244140625 4.769156222982195e-07
1.1934000244140626 8.444739153710361e-08
1.1944000244140625 2.0618334451554855e-07
1.1954000244140626 4.569646889235542e-07
1.1964000244140625 4.1557711753969925e-08
1.1974000244140626 1.5016789669237886e-07
1.1984000244140625 2.778901087879183e-07
1.1994000244140626 6.026708957970472e-07
1.2004000244140625 6.874118016018654e-08
1.2014000244140626 2.863497962180889e-07
1.2024000244140625 2.496191745100493e-07
1.2034000244140626 1.2893255011842727e-07
1.2044000244140625 1.8975654088125998e-07
1.2054000244140626 6.353884763504425e-07
1.2064000244140625 5.325339693373658e-07
1.2074000244140626 3.897250845706191e-07
1.2084000244140625 2.9387406734155376e-07
1.2094000244140626 6.629739066915707e-07
1.2104000244140625 1.5917255523817353e-07
1.2114000244140626 6.047471106290453e-07
1.2124000244140625 1.497869718993899e-07
1.2134000244140626 7.271762253807302e-07
1.2144000244140625 8.104919306149493e-08
1.2154000244140626 3.559289439087079e-11
1.2164000244140625 3.6220056274278246e-11
1.2174000244140626 3.3813305890532364e-07
1.2184000244140625 7.326045643757665e-07
1.2194000244140626 3.172999285477664e-08
1.2204000244140625 2.1585841443252813e-07
1.2214000244140626 3.511375566048235e-07
1.2224000244140625 3.853389495527751e-07
1.2234000244140626 3.3866460267454597e-07
1.2244000244140625 4.2289644622210266e-07
1.2254000244140626 2.0080139737443572e-07
1.2264000244140625 6.166944080690224e-07
1.2274000244140626 3.2646345959216203e-07
1.2284000244140625 8.574157749018908e-07
1.2294000244140626 3.859952860757728e-11
1.2304000244140625 3.853921293511601e-11
1.2314000244140626 5.072780508947169e-07
1.2324000244140625 3.1128958573950826e-07
1.2334000244140626 5.3835682111523406e-08
1.2344000244140625 1.104416591983178e-07
1.2354000244140626 3.865281992957479e-11
1.2364000244140625 4.707086747765335e-07
1.2374000244140626 1.0192378945313607e-06
1.2384000244140625 3.8708776120028585e-11
1.2394000244140626 3.2023907545878596e-09
1.2404000244140625 4.073591095263182e-08
1.2414000244140626 5.531411919614841e-07
1.2424000244140625 7.99464352751045e-07
1.2434000244140626 5.605273996407871e-08
1.2444000244140625 4.797545543737259e-07
1.2454000244140624 5.54844127695883e-07
1.2464000244140625 3.886745142812898e-11
1.2474000244140624 3.904123321237762e-07
1.2484000244140625 4.4722479691893297e-08
1.2494000244140624 1.9213306058564983e-07
1.2504000244140625 9.936620725800725e-07
1.2514000244140624 1.122662999067581e-06
1.2524000244140625 6.352106689965747e-07
1.2534000244140624 1.1568066910119941e-07
1.2544000244140625 5.064141905476936e-07
1.2554000244140624 1.9819955816991425e-07
1.2564000244140625 5.032042685200235e-07
1.2574000244140624 3.8985124679550763e-11
1.2584000244140625 3.506169445838372e-07
1.2594000244140624 6.571740076839276e-07
1.2604000244140625 3.751042241037652e-07
1.2614000244140624 8.162153776382091e-07
1.2624000244140625 1.6170005348958486e-07
1.2634000244140624 1.0496441856733221e-06
1.2644000244140625 9.74794440517711e-07
1.2654000244140624 1.6704548214465629e-07
1.2664000244140625 7.351381594545965e-07
1.2674000244140624 3.927123517209749e-11
1.2684000244140625 1.9689526508354574e-07
1.2694000244140624 7.237713478340085e-07
1.2704000244140625 5.3256271946005545e-08
1.2714000244140624 5.109846857259751e-08
1.2724000244140625 3.917593811086601e-11
1.2734000244140624 6.743752823405976e-07
1.2744000244140625 1.548243529755405e-07
1.2754000244140624 5.404891908115062e-07
1.2764000244140625 1.6400764762265957e-07
1.2774000244140624 3.44349103249147e-07
1.2784000244140625 6.025921696256278e-07
1.2794000244140624 4.613219575466088e-07
1.2804000244140625 1.9857057820463566e-07
1.2814000244140624 1.1401676770504388e-06
1.2824000244140625 3.9270877651586666e-11
1.2834000244140624 6.923007125711108e-07
1.2844000244140625 1.1032081411939363e-06
1.2854000244140624 3.1273080741526943e-07
1.2864000244140625 1.3646043692233107e-07
1.2874000244140624 3.469248869087797e-07
1.2884000244140625 1.058518920561942e-06
1.2894000244140624 2.5518861656076425e-07
1.2904000244140625 9.846138143334813e-07
1.2914000244140624 6.669782937002249e-07
1.2924000244140625 4.12733254823568e-07
1.2934000244140624 5.275654317976535e-08
1.2944000244140625 8.082185788735902e-07
1.2954000244140624 8.281609366604575e-08
1.2964000244140625 5.538057841233304e-07
1.2974000244140624 6.362286299306296e-07
1.2984000244140625 3.447404906430818e-07
1.2994000244140624 4.626539601353831e-07
1.3004000244140625 2.2939982823217733e-07
1.3014000244140624 8.753594592398631e-07
1.3024000244140626 7.849433207505357e-07
1.3034000244140624 4.1888947875970404e-07
1.3044000244140626 3.9196731935895e-07
1.3054000244140624 6.262846459825177e-07
1.3064000244140626 9.115236869757966e-07
1.3074000244140624 2.488508207073104e-07
1.3084000244140626 8.934558126510215e-07
1.3094000244140624 4.933539944685567e-07
1.3104000244140626 3.0214763759770763e-07
1.3114000244140624 3.963082423635169e-11
1.3124000244140626 2.489132033549874e-07
1.3134000244140625 5.090764739164704e-07
1.3144000244140626 1.219507334893753e-07
1.3154000244140625 5.672443847434702e-07
1.3164000244140626 2.1368910790680798e-07
1.3174000244140625 9.091295199866561e-07
1.3184000244140626 7.066761188770008e-07
1.3194000244140625 8.828299754731197e-08
1.3204000244140626 4.2382481088648665e-07
1.3214000244140625 1.710124004571351e-07
1.3224000244140626 5.412768724591042e-07
1.3234000244140625 3.966439662847245e-07
1.3244000244140626 3.7609461027189725e-08
1.3254000244140625 1.4106472849212775e-09
1.3264000244140626 1.6807546849041644e-08
1.3274000244140625 2.409837240859844e-07
1.3284000244140626 1.8782129116676857e-08
1.3294000244140625 8.995681007384194e-07
1.3304000244140626 6.621723705359141e-07
1.3314000244140625 7.469373216001178e-07
1.3324000244140626 5.199166716424598e-07
1.3334000244140625 4.216856319919881e-07
1.3344000244140626 2.2040549391257705e-07
1.3354000244140625 7.663817291806582e-09
1.3364000244140626 7.773664354245983e-07
1.3374000244140625 6.826124295192371e-07
1.3384000244140626 2.2737238152763677e-07
1.3394000244140625 1.0083392963904974e-06
1.3404000244140626 5.714897161166632e-08
1.3414000244140625 1.7127123608693722e-07
1.3424000244140626 2.8085632917545923e-07
1.3434000244140625 2.7479939543462433e-07
1.3444000244140626 6.499288198391379e-07
1.3454000244140625 3.697357217898399e-07
1.3464000244140626 4.777653797309112e-07
1.3474000244140625 9.392071400416813e-07
1.3484000244140626 1.2846875202100316e-06
1.3494000244140625 8.176977542837129e-07
1.3504000244140626 6.579596906088428e-07
1.3514000244140625 4.670187850142799e-07
1.3524000244140626 1.5242755260418753e-07
1.3534000244140625 1.3341136193777486e-06
1.3544000244140626 4.0915131523291264e-11
1.3554000244140625 1.142394441645368e-06
1.3564000244140626 2.7394018158447735e-07
1.3574000244140625 5.477467732068519e-07
1.3584000244140626 7.31318220668241e-07
1.3594000244140625 8.108595705182841e-07
1.3604000244140626 2.0792129346438796e-07
1.3614000244140625 7.163031841674581e-07
1.3624000244140626 1.7860954681655808e-06
1.3634000244140625 4.5823709991242163e-07
1.3644000244140626 1.0443874718401185e-06
1.3654000244140625 2.7215634968037907e-07
1.3664000244140626 1.3075067446266124e-06
1.3674000244140625 1.8695907339299283e-06
1.3684000244140626 3.9820290555638403e-07
1.3694000244140625 5.369253093775549e-07
1.3704000244140624 4.592827435657592e-07
1.3714000244140625 1.112498935893538e-06
1.3724000244140624 4.588589690524326e-07
1.3734000244140625 2.2633312761137133e-06
1.3744000244140624 8.406511053051547e-07
1.3754000244140625 1.4776350917350615e-06
1.3764000244140624 8.620088211436984e-07
1.3774000244140625 9.90748022162531e-07
1.3784000244140624 1.490981987498851e-06
1.3794000244140625 2.666882022863061e-07
1.3804000244140624 1.4348095005338793e-06
1.3814000244140625 3.0470835460295505e-07
1.3824000244140624 1.7126122418767142e-06
1.3834000244140625 6.361487160644085e-07
1.3844000244140624 1.9975026255274453e-07
1.3854000244140625 4.5429017868058053e-07
1.3864000244140624 8.384084525590198e-07
1.3874000244140625 2.0103760462504736e-06
1.3884000244140624 1.0021079834245282e-06
1.3894000244140625 6.351492215290788e-07
1.3904000244140624 1.5051097086069119e-06
1.3914000244140625 1.0274866661097948e-06
1.3924000244140624 1.2032857603497686e-07
1.3934000244140625 1.1489319446160328e-06
1.3944000244140624 3.617601918029274e-07
1.3954000244140625 1.8829535664384557e-06
1.3964000244140624 1.0771670551010492e-06
1.3974000244140625 1.362359023084142e-06
1.3984000244140624 5.374408994242628e-07
1.3994000244140625 8.139824950061917e-07
1.4004000244140624 4.548798947558899e-07
1.4014000244140625 5.930217416352394e-07
1.4024000244140624 4.7632941660231346e-07
1.4034000244140625 1.4067240864439255e-06
1.4044000244140624 1.1190261635706018e-06
1.4054000244140625 9.968283921366239e-07
1.4064000244140624 5.30273508820875e-07
1.4074000244140625 6.932674879161861e-07
1.4084000244140624 5.031781423742085e-07
1.4094000244140625 3.5294678394587452e-09
1.4104000244140624 1.1167880953600216e-06
1.4114000244140625 5.367501998539052e-07
1.4124000244140624 9.089846537734997e-07
1.4134000244140625 3.2320811983738604e-07
1.4144000244140624 1.1907016717680572e-06
1.4154000244140625 4.5480590148638944e-07
1.4164000244140624 4.002549704782871e-07
1.4174000244140625 5.281572255608145e-07
1.4184000244140624 6.512198813492802e-07
1.4194000244140625 6.635560537345297e-07
1.4204000244140624 4.826771259905963e-07
1.4214000244140625 8.106100177745927e-07
1.4224000244140624 1.0972305631626067e-06
1.4234000244140625 1.2677000427375451e-06
1.4244000244140624 2.1479194252488616e-07
1.4254000244140625 1.8315544893058144e-06
1.4264000244140624 6.513606268838178e-07
1.4274000244140626 1.1345739264161045e-06
1.4284000244140624 9.347259582763397e-07
1.4294000244140626 4.001589556664408e-07
1.4304000244140624 9.325499710124707e-07
1.4314000244140626 7.771889993835676e-07
1.4324000244140624 1.3125473380792278e-06
1.4334000244140626 6.916470717248637e-07
1.4344000244140624 7.149820328446774e-07
1.4354000244140626 8.689906742787974e-07
1.4364000244140624 6.666104243107115e-07
1.4374000244140626 7.65542478407661e-07
1.4384000244140625 1.3085710917476177e-06
1.4394000244140626 6.374632761983858e-07
1.4404000244140625 1.044612477487724e-06
1.4414000244140626 1.1373339192363332e-06
1.4424000244140625 7.858127481331757e-07
1.4434000244140626 2.069333271696323e-06
1.4444000244140625 1.8573177227708986e-06
1.4454000244140626 1.971344015309566e-06
1.4464000244140625 1.2706255148978593e-06
1.4474000244140626 1.5851051969412091e-06
1.4484000244140625 1.7946470582372683e-06
1.4494000244140626 1.7244512346736528e-06
1.4504000244140625 2.310017250701348e-06
1.4514000244140626 2.1529995442802222e-06
1.4524000244140625 2.292803379728057e-06
1.4534000244140626 2.585711152244429e-06
1.4544000244140625 2.0098941581051445e-06
1.4554000244140626 2.8852767590459086e-06
1.4564000244140625 2.9234110149613927e-06
1.4574000244140626 3.3713864263951643e-06
1.4584000244140625 3.4847847994629582e-06
1.4594000244140626 3.4201251623428845e-06
1.4604000244140625 4.815134473293857e-06
1.4614000244140626 4.946218733989972e-06
1.4624000244140625 5.43658250651649e-06
1.4634000244140626 6.558086094400747e-06
1.4644000244140625 6.830296557722278e-06
1.4654000244140626 7.825844655931477e-06
1.4664000244140625 1.0254362318396136e-05
1.4674000244140626 9.579093737124238e-06
1.4684000244140625 1.1935920327913549e-05
1.4694000244140626 1.3323185096481864e-05
1.4704000244140625 1.4102269295411074e-05
1.4714000244140626 1.8201759627930908e-05
1.4724000244140625 2.0216845843224693e-05
1.4734000244140626 2.2459732056309207e-05
1.4744000244140625 2.544102011832538e-05
1.4754000244140626 2.9367363644265614e-05
1.4764000244140625 3.2020335517573206e-05
1.4774000244140626 3.699951157154738e-05
1.4784000244140625 4.043472179788597e-05
1.4794000244140626 4.7210613457412625e-05
1.4804000244140625 5.1835314228953344e-05
1.4814000244140626 5.6830532982542625e-05
1.4824000244140625 6.59401171460052e-05
1.4834000244140626 7.15272474519812e-05
1.4844000244140625 8.121374583662911e-05
1.4854000244140626 9.048865837663732e-05
1.4864000244140625 0.0001020400920139843
1.4874000244140626 0.00011528703847721283
1.4884000244140625 0.00012731381822614853
1.4894000244140626 0.00014661210570088065
1.4904000244140625 0.00016705396517272152
1.4914000244140626 0.00018946295394019216
1.4924000244140625 0.00021700275716923296
1.4934000244140626 0.00024539938022326556
1.4944000244140625 0.00028992083708715425
1.4954000244140624 0.0003209423787480714
1.4964000244140625 0.00037491515135887614
1.4974000244140624 0.0004356483097409638
1.4984000244140625 0.0005134191187685857
1.4994000244140624 0.0005920262428990654
1.5004000244140625 0.0007020782918308125
1.5014000244140624 0.0008163196672614798
1.5024000244140625 0.0009510767032160298
1.5034000244140624 0.0011183654247721617
1.5044000244140625 0.0013021125973753651
1.5054000244140624 0.0015505421601624326
1.5064000244140625 0.001822935791860024
1.5074000244140624 0.002157452568605476
1.5084000244140625 0.0024911255954716814
1.5094000244140624 0.0029139096594808494
1.5104000244140625 0.0034005795257504006
1.5114000244140624 0.004062988013950502
1.5124000244140625 0.004620791982489878
1.5134000244140624 0.00550818982525454
1.5144000244140625 0.006168165689288403
1.5154000244140624 0.007411473831043723
1.5164000244140625 0.008641901560050451
1.5174000244140624 0.010024757430707706
1.5184000244140625 0.011635930741271694
1.5194000244140624 0.013051181457366563
1.5204000244140625 0.014447189060763428
1.5214000244140624 0.015852397726984865
1.5224000244140625 0.0176678125724275
1.5234000244140624 0.019582837725756422
1.5244000244140625 0.021227089742626076
1.5254000244140624 0.02439361915358759
1.5264000244140625 0.02691287509835943
1.5274000244140624 0.03020930080619265
1.5284000244140625 0.03449445103493089
1.5294000244140624 0.03896328538181349
1.5304000244140625 0.044617017309394914
1.5314000244140624 0.050667485900562415
1.5324000244140625 0.0580929535585183
1.5334000244140624 0.0673439411443345
1.5344000244140625 0.07648504706031888
1.5354000244140624 0.09078384820060142
1.5364000244140625 0.10323899462176576
1.5374000244140624 0.11702479237513662
1.5384000244140625 0.14164611557695608
1.5394000244140624 0.16071086303266308
1.5404000244140625 0.184084549485045
1.5414000244140624 0.2105365943000271
1.5424000244140625 0.2372167763824484
1.5434000244140624 0.2626727395250948
1.5444000244140625 0.2891857698156013
1.5454000244140624 0.3181445137497128
1.5464000244140625 0.33702060745944945
1.5474000244140624 0.3561075872957555
1.5484000244140625 0.3728808440815495
1.5494000244140624 0.3826778829742113
1.5504000244140625 0.39000256393592114
1.5514000244140624 0.3955771675177273
1.5524000244140626 0.4004748778379683
1.5534000244140624 0.4041770262433944
1.5544000244140626 0.4062768645944366
1.5554000244140624 0.4133895982838705
1.5564000244140626 0.41093303644038626
1.5574000244140624 0.4129121759076259
1.5584000244140626 0.40754930510534354
1.5594000244140624 0.42040359389284415
1.5604000244140626 0.41548160571188014
1.5614000244140624 0.4179112414190026
1.5624000244140626 0.4234957047068008
1.5634000244140625 0.429540513178634
1.5644000244140626 0.41924546088076875
1.5654000244140625 0.4238534772635697
1.5664000244140626 0.4223594180104202
1.5674000244140625 0.4288193928322855
1.5684000244140626 0.422729943256812
1.5694000244140625 0.42547094458375034
1.5704000244140626 0.42543470316068177
1.5714000244140625 0.42804180202599795
1.5724000244140626 0.4281081452770074
1.5734000244140625 0.41953456285351
1.5744000244140626 0.4277913874832131
1.5754000244140625 0.4361448785266794
1.5764000244140626 0.42880336641860983
1.5774000244140625 0.4285746360698894
1.5784000244140626 0.42637020982002055
1.5794000244140625 0.4246272548579566
1.5804000244140626 0.4444401780270619
1.5814000244140625 0.4277532605036718
1.5824000244140626 0.4408455533901259
1.5834000244140625 0.43281386683724976
1.5844000244140626 0.42984344920560885
1.5854000244140625 0.4401751922042464
1.5864000244140626 0.4331929114137473
1.5874000244140625 0.43546508735784384
1.5884000244140626 0.4301134695912762
1.5894000244140625 0.4321558495539193
1.5904000244140626 0.433744683211935
1.5914000244140625 0.4335171742339566
1.5924000244140626 0.4296787081058072
1.5934000244140625 0.43336865575173533
1.5944000244140626 0.4279685963018687
1.5954000244140625 0.4307620930982708
1.5964000244140626 0.42941609939955055
1.5974000244140625 0.4313852843079555
1.5984000244140626 0.4261999851446058
1.5994000244140625 0.4286915912460689
1.6004000244140626 0.427235847373554
1.6014000244140625 0.4302839006118268
1.6024000244140626 0.4307105319742725
1.6034000244140625 0.4295378979413678
1.6044000244140626 0.43210501720373257
1.6054000244140625 0.4339113097790796
1.6064000244140626 0.42496774107236884
1.6074000244140625 0.42384717201895383
1.6084000244140626 0.42951684133360163
1.6094000244140625 0.4308304324296949
1.6104000244140626 0.42642522710421327
1.6114000244140625 0.427834254640035
1.6124000244140626 0.42479115622313685
1.6134000244140625 0.4227752034052112
1.6144000244140626 0.42239596567148113
1.6154000244140625 0.4328425715758372
1.6164000244140626 0.4204399914025532
1.6174000244140625 0.4292344591496949
1.6184000244140626 0.41985233802378835
1.6194000244140625 0.4251135956556346
1.6204000244140624 0.4295269542095246
1.6214000244140625 0.4267562880442604
1.6224000244140624 0.42484370013147893
1.6234000244140625 0.4288023095053471
1.6244000244140624 0.4272953192379649
1.6254000244140625 0.4203515725412857
1.6264000244140624 0.44307772496503056
1.6274000244140625 0.4295366228159686
1.6284000244140624 0.43436065012832026
1.6294000244140625 0.4344812172637817
1.6304000244140624 0.4346846273651336
1.6314000244140625 0.43272872269870777
1.6324000244140624 0.4362842955278382
1.6334000244140625 0.43643458237411886
1.6344000244140624 0.43114453078997467
1.6354000244140625 0.44344000663311134
1.6364000244140624 0.44355286589119797
1.6374000244140625 0.43523614843514047
1.6384000244140624 0.4380925032201724
1.6394000244140625 0.4415889662854283
1.6404000244140624 0.44058862191776393
1.6414000244140625 0.4411084619393654
1.6424000244140624 0.44392939278425253
1.6434000244140625 0.43764505047754537
1.6444000244140624 0.44216659844770273
1.6454000244140625 0.44212084955101216
1.6464000244140624 0.4365857879412035
1.6474000244140625 0.440139480740651
1.6484000244140624 0.4440730543242616
1.6494000244140625 0.44191348735425284
1.6504000244140624 0.4429500003099394
1.6514000244140625 0.44942051398493105
1.6524000244140624 0.43743312333175083
1.6534000244140625 0.43939641194042706
1.6544000244140624 0.44140125815150316
1.6554000244140625 0.4416804451778933
1.6564000244140624 0.4384342915669836
1.6574000244140625 0.4424914063927869
1.6584000244140624 0.43277755762058245
1.6594000244140625 0.4424536176909255
1.6604000244140624 0.442066600562283
1.6614000244140625 0.4356732732092625
1.6624000244140624 0.4376064244475914
1.6634000244140625 0.43359599842026597
1.6644000244140624 0.43645682213004267
1.6654000244140625 0.43065041248823355
1.6664000244140624 0.4324975922091207
1.6674000244140625 0.43571508104462453
1.6684000244140624 0.43221905845232267
1.6694000244140625 0.42952495596812396
1.6704000244140624 0.4293772178045277
1.6714000244140625 0.42751196371092515
1.6724000244140624 0.4238622092514429
1.6734000244140625 0.4312406183188962
1.6744000244140624 0.4313573150859714
1.6754000244140625 0.4330708330197096
1.6764000244140624 0.4387689186019068
1.6774000244140626 0.4281936449258011
1.6784000244140624 0.4365149467869961
1.6794000244140626 0.44009191128267366
1.6804000244140624 0.44184585355435235
1.6814000244140626 0.43484931907661833
1.6824000244140624 0.4372717427964603
1.6834000244140626 0.449238160233127
1.6844000244140624 0.4441616682355942
1.6854000244140626 0.4465292180698911
1.6864000244140624 0.4407408544323509
1.6874000244140626 0.4472996595638326
1.6884000244140625 0.44574077160813913
1.6894000244140626 0.4415108657749649
1.6904000244140625 0.4380178520848105
1.6914000244140626 0.4465803681193946
1.6924000244140625 0.4467404466706316
1.6934000244140626 0.4446267466421516
1.6944000244140625 0.4366824776540292
1.6954000244140626 0.4497774506527772
1.6964000244140625 0.43685183768871366
1.6974000244140626 0.43657308450450577
1.6984000244140625 0.4372023588890862
1.6994000244140626 0.42741255570558184
1.7004000244140625 0.4272617861066027
1.7014000244140626 0.42453079869493665
1.7024000244140625 0.4138672575362246
1.7034000244140626 0.4057134470819393
1.7044000244140625 0.3946277077223769
1.7054000244140626 0.3847284809634181
1.7064000244140625 0.3701152063424642
1.7074000244140626 0.3574200146996313
1.7084000244140625 0.33638045941908534
1.7094000244140626 0.313086146309672
1.7104000244140625 0.2925093623503941
1.7114000244140626 0.27056543123190435
1.7124000244140625 0.2397620569303611
1.7134000244140626 0.23241882047141751
1.7144000244140625 0.2018767856454352
1.7154000244140626 0.18129594657479964
1.7164000244140625 0.1616916186756929
1.7174000244140626 0.1428143197455928
1.7184000244140625 0.12477586725407668
1.7194000244140626 0.1129081681585364
1.7204000244140625 0.09968531148552344
1.7214000244140626 0.08799900325029175
1.7224000244140625 0.07724355254118762
1.7234000244140626 0.0689445623236828
1.7244000244140625 0.06104654767142071
1.7254000244140626 0.05290567307523301
1.7264000244140625 0.04943503557364955
1.7274000244140626 0.043991371541300534
1.7284000244140625 0.03967322525922015
1.7294000244140626 0.03538298054956968
1.7304000244140625 0.03309450233706527
1.7314000244140626 0.029381276237438275
1.7324000244140625 0.026443848859630383
1.7334000244140626 0.02320255239110736
1.7344000244140625 0.019823759285572146
1.7354000244140626 0.016925783738574337
1.7364000244140625 0.01455347742602966
1.7374000244140626 0.012048905231958788
1.7384000244140625 0.010818259334011525
1.7394000244140626 0.009125703183950071
1.7404000244140625 0.008005757651941229
1.7414000244140626 0.006723262517843967
1.7424000244140625 0.005862541500822981
1.7434000244140626 0.005032172510221313
1.7444000244140625 0.004219827566809142
1.7454000244140624 0.0037090612126048955
1.7464000244140625 0.0032841250141392346
1.7474000244140624 0.002906901678459644
1.7484000244140625 0.002503610499957782
1.7494000244140624 0.0022001706628936918
1.7504000244140625 0.0019193840834498936
1.7514000244140624 0.0017031414167649112
1.7524000244140625 0.001497374685637702
1.7534000244140624 0.0013135733190465545
1.7544000244140625 0.001198116247854687
1.7554000244140624 0.0010338591336414038
1.7564000244140625 0.0009228440169799734
1.7574000244140624 0.0008487705549038681
1.7584000244140625 0.0007575519593699448
1.7594000244140624 0.0006838567290179489
1.7604000244140625 0.0006008645717086367
1.7614000244140624 0.0005487948959537111
1.7624000244140625 0.0004903021514794349
1.7634000244140624 0.0004392604497491139
1.7644000244140625 0.00039942058732832995
1.7654000244140624 0.00037175981448271303
1.7664000244140625 0.00034056438791817736
1.7674000244140624 0.0003080689610278557
1.7684000244140625 0.0002809583977608727
1.7694000244140624 0.00025716785874079526
1.7704000244140625 0.00023071081828572742
1.7714000244140624 0.00021417942798565172
1.7724000244140625 0.00020099439346254176
1.7734000244140624 0.0001814523583222167
1.7744000244140625 0.00017199404283507608
1.7754000244140624 0.0001503112129813689
1.7764000244140625 0.00014724437215529398
1.7774000244140624 0.0001295838593949673
1.7784000244140625 0.00012190163843610667
1.7794000244140624 0.00011441829823866638
1.7804000244140625 0.00010408337687980799
1.7814000244140624 0.00010023931053147866
1.7824000244140625 9.042126802186103e-05
1.7834000244140624 8.40526270466469e-05
1.7844000244140625 7.752917713785097e-05
1.7854000244140624 7.190910590925923e-05
1.7864000244140625 6.993633520274302e-05
1.7874000244140624 6.221375357968488e-05
1.7884000244140625 5.820105874105159e-05
1.7894000244140624 5.37450829086671e-05
1.7904000244140625 5.2066275831525805e-05
1.7914000244140624 4.595155957532865e-05
1.7924000244140625 4.531746623200894e-05
1.7934000244140624 4.2918315788267576e-05
1.7944000244140625 3.797559149391044e-05
1.7954000244140624 3.4947605995958935e-05
1.7964000244140625 3.424687436570065e-05
1.7974000244140624 3.2312220559737925e-05
1.7984000244140625 3.014799024037649e-05
1.7994000244140624 2.7594462708507655e-05
1.8004000244140625 2.6838518156992102e-05
1.8014000244140624 2.6504297315278258e-05
1.8024000244140626 2.3248004853623246e-05
1.8034000244140624 1.9819319868539833e-05
1.8044000244140626 2.2389704350256446e-05
1.8054000244140624 1.97044861646367e-05
1.8064000244140626 1.562810367840879e-05
1.8074000244140624 1.9811021198682228e-05
1.8084000244140626 2.0242900541139906e-05
1.8094000244140624 1.5832746164332182e-05
1.8104000244140626 1.566673879086142e-05
1.8114000244140624 1.5148436902979837e-05
1.8124000244140626 1.5098588666590449e-05
1.8134000244140625 1.3177490437827917e-05
1.8144000244140626 1.2939776878609684e-05
1.8154000244140625 1.4363254434491023e-05
1.8164000244140626 1.0413141172765864e-05
1.8174000244140625 1.4618774365289486e-05
1.8184000244140626 1.1394862519429015e-05
1.8194000244140625 8.767791231016723e-06
1.8204000244140626 9.55763259176266e-06
1.8214000244140625 1.2195281313557997e-05
1.8224000244140626 7.999232319907133e-06
1.8234000244140625 1.0099131465454887e-05
1.8244000244140626 1.1264424577774229e-05
1.8254000244140625 8.206945512840813e-06
1.8264000244140626 7.023767525573496e-06
1.8274000244140625 8.292806970244905e-06
1.8284000244140626 1.033002267730335e-05
1.8294000244140625 7.969260776983384e-06
1.8304000244140626 4.921901055216866e-06
1.8314000244140625 9.049969994218e-06
1.8324000244140626 1.1554238022622105e-05
1.8334000244140625 7.59206591748717e-06
1.8344000244140626 3.4340714318025422e-06
1.8354000244140625 9.840646326885553e-06
1.8364000244140626 6.727719958903348e-06
1.8374000244140625 5.953694198362458e-06
1.8384000244140626 1.0318195457142648e-05
1.8394000244140625 8.101550891364341e-06
1.8404000244140626 8.844747224337695e-06
1.8414000244140625 5.134169214100052e-06
1.8424000244140626 1.1523312736954563e-05
1.8434000244140625 5.985887110319913e-06
1.8444000244140626 6.526912573413608e-06
1.8454000244140625 1.1304911702192725e-05
1.8464000244140626 1.8894638155027306e-06
1.8474000244140625 8.049401184035323e-06
1.8484000244140626 7.85290719510915e-06
1.8494000244140625 5.8463645241181045e-06
1.8504000244140626 4.00346897032891e-06
1.8514000244140625 5.0780311421834945e-06
1.8524000244140626 8.06627163683585e-06
1.8534000244140625 5.515318104681586e-06
1.8544000244140626 2.3644770880396122e-06
1.8554000244140625 4.932575029919098e-06
1.8564000244140626 7.516373182132399e-06
1.8574000244140625 5.985417658847657e-06
1.8584000244140626 2.824853452539616e-06
1.8594000244140625 9.034928589705688e-06
1.8604000244140626 7.365406715370158e-06
1.8614000244140625 4.1091981200133166e-06
1.8624000244140626 7.195171223316215e-06
1.8634000244140625 6.309871365486901e-06
1.8644000244140626 4.572201887175404e-06
1.8654000244140625 3.920695934386301e-06
1.8664000244140626 8.166216630783388e-06
1.8674000244140625 6.769719457224147e-06
1.8684000244140626 4.118211644915953e-06
1.8694000244140625 8.152375139956264e-06
1.8704000244140624 6.120828162379228e-06
1.8714000244140625 5.349055847995253e-06
1.8724000244140624 7.375026915645608e-06
1.8734000244140625 3.704280577576402e-06
1.8744000244140624 6.031717638503717e-06
1.8754000244140625 8.126447519766868e-06
1.8764000244140624 5.7177007165661475e-06
1.8774000244140625 7.42925501345647e-06
1.8784000244140624 7.70807360521887e-06
1.8794000244140625 2.9351844799608513e-06
1.8804000244140624 5.4717111288152686e-06
1.8814000244140625 4.423818124284269e-06
1.8824000244140624 2.176083693148515e-06
1.8834000244140625 4.682029362315507e-06
1.8844000244140624 4.848811712766019e-06
1.8854000244140625 1.5538220614207043e-06
1.8864000244140624 3.3935171999462586e-06
1.8874000244140625 5.142355299361872e-06
1.8884000244140624 1.488743756597229e-06
1.8894000244140625 3.075421370682115e-06
1.8904000244140624 6.688877794027973e-06
1.8914000244140625 5.057484119058452e-06
1.8924000244140624 1.3745409880860121e-06
1.8934000244140625 3.6726910689514617e-06
1.8944000244140624 6.433790608782462e-06
1.8954000244140625 6.257780843529342e-06
1.8964000244140624 5.49109922854156e-06
1.8974000244140625 1.0479216949602797e-07
1.8984000244140624 2.5354129148884647e-06
1.8994000244140625 7.819145165423562e-06
1.9004000244140624 4.4170634283200145e-06
1.9014000244140625 4.796600142713277e-06
1.9024000244140624 2.1300241894071127e-06
1.9034000244140625 4.711948967089774e-06
1.9044000244140624 4.453330877883165e-06
1.9054000244140625 5.0101930172305584e-06
1.9064000244140624 6.4500695620964735e-06
1.9074000244140625 3.336905673197758e-06
1.9084000244140624 5.830916678265505e-06
1.9094000244140625 2.1156999368101943e-06
1.9104000244140624 1.1478595533552046e-07
1.9114000244140625 1.2431541977828175e-05
1.9124000244140624 7.749563951034606e-07
1.9134000244140625 3.390655066927384e-06
1.9144000244140624 3.5184170237432893e-06
1.9154000244140625 6.977176794214009e-06
1.9164000244140624 1.8529025467543074e-06
1.9174000244140625 5.674876923122952e-06
1.9184000244140624 4.3455423493348e-06
1.9194000244140625 4.041483775482454e-06
1.9204000244140624 4.464268863706694e-06
1.9214000244140625 3.8857065092339485e-06
1.9224000244140624 5.377234058101308e-06
1.9234000244140625 4.558604663271789e-06
1.9244000244140624 2.990954193659643e-06
1.9254000244140625 2.482471463906116e-06
1.9264000244140624 1.4770328460048464e-07
1.9274000244140626 1.2992085443653252e-06
1.9284000244140624 4.205897962259321e-06
1.9294000244140626 6.922445133469069e-07
1.9304000244140624 4.788516700671806e-06
1.9314000244140626 2.74977952094135e-06
1.9324000244140624 2.2249777565148043e-06
1.9334000244140626 4.084224640737848e-06
1.9344000244140624 1.1950388451059966e-06
1.9354000244140626 4.315450567489662e-06
1.9364000244140624 1.8151717734219812e-06
1.9374000244140626 8.837659557364622e-07
1.9384000244140625 3.089296836554949e-06
1.9394000244140626 4.6484769450084465e-11
1.9404000244140625 3.355702424695365e-06
1.9414000244140626 6.178993736835828e-06
1.9424000244140625 9.694267291186e-08
1.9434000244140626 6.462679660528705e-07
1.9444000244140625 4.553378198894838e-06
1.9454000244140626 2.987596382914915e-06
1.9464000244140625 1.3811336171365844e-06
1.9474000244140626 3.1851447594393133e-06
1.9484000244140625 2.4973775062072634e-06
1.9494000244140626 1.2782611936713071e-06
1.9504000244140625 2.2539945119133836e-06
1.9514000244140626 4.819128465526191e-06
1.9524000244140625 9.177666844431938e-07
1.9534000244140626 4.320257171574332e-06
1.9544000244140625 2.4197322171905305e-06
1.9554000244140626 2.2602091971644446e-07
1.9564000244140625 5.766512466355153e-06
1.9574000244140626 1.8035885786916338e-06
1.9584000244140625 4.011497093744113e-08
1.9594000244140626 2.0426173573467815e-06
1.9604000244140625 3.075340275813442e-06
1.9614000244140626 4.708075265693448e-11
1.9624000244140625 4.345975525325833e-06
1.9634000244140626 2.9670570727691822e-06
1.9644000244140625 4.707071066027637e-11
1.9654000244140626 5.949944967362474e-07
1.9664000244140625 4.710262419249733e-11
1.9674000244140626 4.4321958730862824e-06
1.9684000244140625 2.1416839905277302e-07
1.9694000244140626 4.976764981588223e-06
1.9704000244140625 4.7084783973100044e-11
1.9714000244140626 8.369656120338352e-06
1.9724000244140625 5.570939771428566e-06
1.9734000244140626 4.70310235539455e-11
1.9744000244140625 2.96111447980936e-07
1.9754000244140626 4.128962165771013e-07
1.9764000244140625 2.279233176006807e-06
1.9774000244140626 7.201019512726693e-06
1.9784000244140625 4.122804856033164e-06
1.9794000244140626 3.5711988614554676e-06
1.9804000244140625 1.6498667909067264e-06
1.9814000244140626 1.2356870992560604e-07
1.9824000244140625 2.664984322115941e-06
1.9834000244140626 7.653643455149614e-07
1.9844000244140625 4.722717518925646e-11
1.9854000244140626 3.828790563125676e-06
1.9864000244140625 3.36976246523191e-06
1.9874000244140626 4.735464509618388e-11
1.9884000244140625 4.426759700234867e-06
1.9894000244140626 5.683030899787152e-06
1.9904000244140625 5.684922302201512e-06
1.9914000244140626 4.729525961476518e-11
1.9924000244140625 5.305035338473449e-06
1.9934000244140626 4.7234959424428286e-11
1.9944000244140625 3.833589979408573e-06
1.9954000244140624 2.693980853523091e-06
1.9964000244140625 3.782740410920974e-07
1.9974000244140624 2.533175173680831e-06
1.9984000244140625 4.533774101390598e-06
1.9994000244140624 1.4621242278330862e-06
2.0004000244140623 3.2041227074187416e-06
2.0014000244140626 1.1875698303251115e-06
2.0024000244140625 2.264339838824902e-06
2.0034000244140624 4.086778218279076e-06
2.0044000244140623 3.6225248316246263e-06
2.0054000244140626 1.8587695734482561e-06
2.0064000244140625 3.6991511450213416e-06
2.0074000244140624 6.006976786294858e-06
2.0084000244140623 4.715499929164316e-11
2.0094000244140626 1.4061207123931714e-06
2.0104000244140625 1.3103705712244157e-06
2.0114000244140624 4.451612163485924e-06
2.0124000244140623 4.1118026122885353e-07
2.0134000244140626 1.4303601432764453e-06
2.0144000244140625 4.7060586381481914e-11
2.0154000244140624 3.773783913181674e-06
2.0164000244140623 4.368337131498405e-06
2.0174000244140626 1.3584079382476555e-06
2.0184000244140625 1.6344430496455583e-06
2.0194000244140624 7.933278154342876e-07
2.0204000244140623 4.6882842011125414e-11
2.0214000244140626 3.4397053901900676e-06
2.0224000244140625 3.7823026569806504e-06
2.0234000244140624 9.620718956742652e-07
2.0244000244140623 3.188970156507395e-06
2.0254000244140626 4.9773122441525664e-06
2.0264000244140625 2.853032070235498e-08
2.0274000244140624 4.7114614746346745e-06
2.0284000244140623 7.179183646134495e-06
2.0294000244140626 2.0069440216747635e-06
2.0304000244140625 6.77226904984063e-06
2.0314000244140624 1.5279679089881275e-06
2.0324000244140623 2.4078157153126903e-06
2.0334000244140626 4.698950895531107e-11
2.0344000244140625 2.5462678020278957e-06
2.0354000244140624 4.711660798492497e-07
2.0364000244140623 4.692116480340416e-11
2.0374000244140626 6.676064803206208e-07
2.0384000244140625 4.7811822485341915e-06
2.0394000244140624 2.5305886203124113e-06
2.0404000244140623 5.8255611542343944e-06
2.0414000244140627 5.363788160988522e-07
2.0424000244140625 1.7932408659594585e-06
2.0434000244140624 1.203059842831072e-06
2.0444000244140623 4.055985345349237e-06
2.0454000244140627 9.793599728596253e-07
2.0464000244140625 5.84148117680982e-06
2.0474000244140624 1.7211425562943206e-06
2.04839990234375 2.5382194182292986e-06
2.04939990234375 4.214467652387479e-06
2.05039990234375 9.302676563842123e-07
2.05139990234375 1.0372880791026996e-06
2.05239990234375 3.2099996186008753e-06
2.05339990234375 2.7897884322131e-06
2.05439990234375 5.483831269427989e-06
2.05539990234375 3.101235387617873e-06
2.05639990234375 4.662248381278687e-11
2.05739990234375 3.74585685191868e-06
2.05839990234375 4.6759982705609857e-11
2.05939990234375 3.089094111880793e-06
2.06039990234375 6.483054867962608e-06
2.06139990234375 4.6717589584636955e-11
2.06239990234375 2.2750107091399074e-06
2.06339990234375 2.7013439625445506e-06
2.06439990234375 8.071836517463676e-07
2.06539990234375 3.424044906476123e-06
2.06639990234375 8.314459947258462e-06
2.06739990234375 1.9580555304119576e-06
2.06839990234375 4.674650847629894e-11
2.06939990234375 6.558035480333894e-06
2.07039990234375 9.70174947981661e-07
2.07139990234375 2.2377542132539445e-06
2.07239990234375 1.6229568954700022e-07
2.07339990234375 4.959966899065706e-06
2.07439990234375 4.724766252044783e-11
2.07539990234375 4.005931173580117e-06
2.07639990234375 4.726433732701239e-11
2.07739990234375 3.8995401870427193e-07
2.07839990234375 4.7064620787838663e-11
2.07939990234375 4.450510571536624e-06
2.08039990234375 2.654258299451652e-06
2.08139990234375 1.4169939273509362e-06
2.08239990234375 1.6227190961494513e-06
2.08339990234375 4.752634622979893e-11
2.08439990234375 4.34736093019017e-06
2.08539990234375 1.6725069606175545e-06
2.08639990234375 7.343072221224774e-06
2.08739990234375 5.507161259868639e-07
2.08839990234375 2.7027380653687286e-06
2.08939990234375 2.1335037684714603e-06
2.09039990234375 7.4742744098679e-07
2.09139990234375 2.878570278860852e-06
2.09239990234375 3.50202561887026e-06
2.09339990234375 9.63648712940397e-07
2.09439990234375 4.7409213602941673e-11
2.09539990234375 6.2680499219789245e-06
2.09639990234375 4.735123798746603e-11
2.09739990234375 3.3915502977639164e-06
2.09839990234375 7.261788453923844e-06
2.09939990234375 4.749585707537858e-11
2.10039990234375 1.1345321226176284e-06
2.10139990234375 4.7998672636873595e-06
2.10239990234375 9.834484603182126e-08
2.10339990234375 7.827659597394644e-06
2.10439990234375 4.3734287407309626e-07
2.10539990234375 4.0707906789492126e-06
2.10639990234375 4.748868149436142e-11
2.10739990234375 4.3920576954982614e-06
2.10839990234375 4.7537939597151324e-11
2.10939990234375 6.936742120469482e-06
2.11039990234375 4.8658675657332555e-06
2.11139990234375 7.377628078695782e-06
2.11239990234375 4.745281874498223e-11
2.11339990234375 4.4847276660789847e-07
2.11439990234375 1.2424071448402885e-05
2.11539990234375 4.755159874583544e-11
2.11639990234375 4.756140820671882e-11
2.11739990234375 6.656310696238842e-07
2.11839990234375 8.537113457801322e-06
2.11939990234375 4.387361004947994e-06
2.12039990234375 4.220198659033927e-09
2.12139990234375 4.7842832473140415e-11
2.12239990234375 8.920658232248222e-06
2.12339990234375 7.884262131629778e-06
2.12439990234375 1.2762270483019575e-06
2.12539990234375 7.470970735901854e-07
2.12639990234375 5.905766863543705e-06
2.12739990234375 4.7919914771648595e-11
2.12839990234375 7.120332361998992e-07
2.12939990234375 2.522464024983597e-06
2.13039990234375 4.204396562465548e-06
2.13139990234375 1.0334761442825879e-05
2.13239990234375 4.7909825027196285e-11
2.13339990234375 1.218246269652373e-06
2.13439990234375 1.6431058090297783e-06
2.13539990234375 1.498411191963111e-06
2.13639990234375 4.769906555413301e-11
2.13739990234375 1.5408884137225735e-05
2.13839990234375 9.003823218962892e-06
2.13939990234375 1.98573184923458e-06
2.14039990234375 4.901508102232923e-06
2.14139990234375 9.726463768762922e-06
2.14239990234375 7.93403589023994e-06
2.14339990234375 2.66821836293908e-07
2.14439990234375 4.7186012638973907e-11
2.14539990234375 9.574454519173958e-06
2.14639990234375 7.5405817911445275e-06
2.14739990234375 5.2765559252951754e-06
2.14839990234375 3.61104964782939e-07
2.14939990234375 2.1715295713424847e-06
2.15039990234375 4.718635466196237e-11
2.15139990234375 2.0261631357858945e-06
2.15239990234375 6.254720619125469e-06
2.15339990234375 4.732930045685855e-06
2.15439990234375 2.3284979414893205e-05
2.15539990234375 4.687134223652283e-11
2.15639990234375 4.6166241603588523e-07
2.15739990234375 5.712704930154113e-06
2.15839990234375 3.032893922119598e-06
2.15939990234375 4.971068855842318e-06
2.16039990234375 5.268436507661431e-06
2.16139990234375 1.470710444785957e-06
2.16239990234375 8.729064961556347e-07
2.16339990234375 2.878229089649525e-06
2.16439990234375 1.8466022005679212e-06
2.16539990234375 9.098832891840239e-06
2.16639990234375 4.6299425020600244e-11
2.16739990234375 6.990774263817989e-06
2.16839990234375 8.247566662824167e-07
2.16939990234375 5.1754676759666175e-06
2.17039990234375 1.9873154364768916e-07
2.17139990234375 4.608170427535195e-11
2.17239990234375 1.3542235479294275e-06
2.17339990234375 9.595592451315712e-06
2.17439990234375 7.144176572314241e-07
2.17539990234375 4.589353566045444e-11
2.17639990234375 4.0327997012383875e-06
2.17739990234375 3.637955687061094e-06
2.17839990234375 4.344100421179385e-06
2.17939990234375 2.471614371924677e-06
2.18039990234375 3.0579573749880516e-06
2.18139990234375 1.2026197147776811e-06
2.18239990234375 4.4383287822682485e-06
2.18339990234375 9.863423639983882e-06
2.18439990234375 1.8774765774693364e-06
2.18539990234375 4.392678872119491e-11
2.18639990234375 1.5722721953483012e-06
2.18739990234375 8.090143796478336e-06
2.18839990234375 7.1399911371391656e-06
2.18939990234375 1.1194290162192961e-07
2.19039990234375 1.4372470536327744e-06
2.19139990234375 7.418816795730996e-07
2.19239990234375 4.2240242581276546e-11
2.19339990234375 6.0506300253182245e-06
2.19439990234375 3.834399443988878e-06
2.19539990234375 6.127808891684935e-06
2.19639990234375 6.993937078711995e-06
2.19739990234375 7.040306341692816e-06
2.19839990234375 4.048664594351615e-11
2.19939990234375 1.0059822587433174e-06
2.20039990234375 3.9857026613416296e-11
2.20139990234375 6.331462058854578e-06
2.20239990234375 4.914776094365491e-06
2.20339990234375 7.5037261466329695e-06
2.20439990234375 4.431945619190641e-06
2.20539990234375 1.8578630021053598e-06
2.20639990234375 3.797504974271286e-11
2.20739990234375 1.9011761228754684e-06
2.20839990234375 7.506531890976268e-06
2.20939990234375 7.751763669609579e-06
2.21039990234375 1.5176905326142446e-07
2.21139990234375 1.3074337591230164e-06
2.21239990234375 9.38412338559105e-08
2.21339990234375 3.6551970391005218e-06
2.21439990234375 3.6924518625277364e-11
2.21539990234375 3.68670473394079e-11
2.21639990234375 4.001940889573306e-06
2.21739990234375 4.044243289116993e-07
2.21839990234375 7.802951823367168e-07
2.21939990234375 1.3374467917485121e-06
2.22039990234375 1.190840219841836e-05
2.22139990234375 5.560577614304129e-06
2.22239990234375 2.4256365942109977e-06
2.22339990234375 3.7719783648347697e-11
2.22439990234375 3.785904855142005e-11
2.22539990234375 2.449680262875653e-06
2.22639990234375 1.0158137516633607e-05
2.22739990234375 6.997799196948939e-07
2.22839990234375 1.1182097297854407e-06
2.22939990234375 3.817331124550543e-11
2.23039990234375 7.0113201945567585e-06
2.23139990234375 1.118880967317133e-05
2.23239990234375 2.385020188452398e-07
2.23339990234375 3.845075318803797e-11
2.23439990234375 5.1946033371150075e-06
2.23539990234375 2.151112875410687e-06
2.23639990234375 3.8690113710334945e-11
2.23739990234375 2.2412941626088657e-06
2.23839990234375 1.4216931523302346e-05
2.23939990234375 1.3613572319843434e-05
2.24039990234375 3.896155549995807e-11
2.24139990234375 1.3031959007791937e-05
2.24239990234375 9.94547576647327e-06
2.24339990234375 5.1565439540851815e-06
2.24439990234375 3.8908833014267886e-11
2.24539990234375 5.388196838069823e-06
2.24639990234375 1.163704631737691e-05
2.24739990234375 2.766832627749482e-06
2.24839990234375 3.898975358675742e-11
2.24939990234375 7.3216501376617635e-06
2.25039990234375 6.280706645185741e-06
2.25139990234375 3.0976417047874208e-06
2.25239990234375 8.119521079793973e-06
2.25339990234375 1.2566534109829252e-05
2.25439990234375 3.904955970851642e-11
2.25539990234375 1.2066950594708825e-05
2.25639990234375 1.579019700591042e-05
2.25739990234375 1.4170770711007998e-06
2.25839990234375 6.469772872556892e-07
2.25939990234375 1.1278399953645253e-05
2.26039990234375 3.9183268923216657e-11
2.26139990234375 1.4081443465318456e-05
2.26239990234375 3.1524983862131035e-06
2.26339990234375 8.409105830799919e-06
2.26439990234375 1.3768055786858693e-05
2.26539990234375 1.1225246742685935e-05
2.26639990234375 4.301159108267679e-06
2.26739990234375 2.0751942115156727e-06
2.26839990234375 1.9497126552058485e-05
2.26939990234375 3.972838785010962e-11
2.27039990234375 6.292993082690615e-06
2.27139990234375 4.867366746445366e-06
2.27239990234375 3.0189273993962627e-06
2.27339990234375 1.2898849761147892e-05
2.27439990234375 1.6442023717187408e-06
2.27539990234375 1.1176282596513133e-06
2.27639990234375 1.5374737886078057e-05
2.27739990234375 1.7817937152729512e-05
2.27839990234375 4.388289600293403e-06
2.27939990234375 2.3149581264980797e-06
2.28039990234375 1.078063285383436e-05
2.28139990234375 6.5074710667504575e-06
2.28239990234375 1.036142857205117e-06
2.28339990234375 2.0783802109331252e-06
2.28439990234375 4.179358391047389e-11
2.28539990234375 9.490766073355791e-07
2.28639990234375 1.2530241014744983e-06
2.28739990234375 1.9237610055938044e-06
2.28839990234375 9.525724468510451e-07
2.28939990234375 4.6397846375489004e-07
2.29039990234375 4.058432987813896e-06
2.29139990234375 7.906782556097012e-06
2.29239990234375 2.1795264665849962e-06
2.29339990234375 4.375013648951778e-07
2.29439990234375 4.2593868531003975e-11
2.29539990234375 6.65631022360192e-06
2.29639990234375 1.230881222699593e-06
2.29739990234375 2.5159639381374654e-06
2.29839990234375 3.1922864376559404e-06
2.29939990234375 5.883986364707174e-06
2.30039990234375 2.5679521094693944e-06
2.30139990234375 4.81968828032694e-06
2.30239990234375 5.868708621979089e-06
2.30339990234375 1.7261038751205792e-06
2.30439990234375 8.562143647356971e-07
2.30539990234375 4.491607329672547e-07
2.30639990234375 1.900955130531592e-06
2.30739990234375 3.652216072871404e-06
2.30839990234375 5.56076734729404e-06
2.30939990234375 3.5169256762358644e-07
2.31039990234375 6.318985252340572e-06
2.31139990234375 4.351486467162978e-06
2.31239990234375 2.4995229580963407e-06
2.31339990234375 4.148665083628877e-11
2.31439990234375 1.1076998723295553e-06
2.31539990234375 6.008674504868141e-06
2.31639990234375 3.38711386475611e-06
2.31739990234375 2.5843842436879956e-06
2.31839990234375 3.897685575614643e-11
2.31939990234375 3.926536367335115e-06
2.32039990234375 5.248448876669688e-06
2.32139990234375 3.650665216527579e-11
2.32239990234375 2.1887147855529347e-06
2.32339990234375 7.457860908567661e-07
2.32439990234375 5.634950790088489e-07
2.32539990234375 1.6561681448113665e-06
2.32639990234375 2.467551505999297e-06
2.32739990234375 1.931998349449355e-06
2.32839990234375 1.3409266342952124e-06
2.32939990234375 2.1655828699493974e-06
2.33039990234375 1.881076782320937e-06
2.33139990234375 6.431095667812228e-07
2.33239990234375 2.4698863962972114e-07
2.33339990234375 1.9000662397946042e-06
2.33439990234375 1.2918102704899226e-06
2.33539990234375 3.2680495172148546e-07
2.33639990234375 5.664477738384994e-07
2.33739990234375 1.976548552013513e-06
2.33839990234375 2.9454368303030262e-06
2.33939990234375 4.886533370495804e-07
2.34039990234375 1.8955622291534362e-06
2.34139990234375 8.626111408880506e-07
2.34239990234375 2.092638640823002e-06
2.34339990234375 1.629853774679443e-11
2.34439990234375 1.3794226794218083e-06
2.34539990234375 1.1046032165084705e-06
2.34639990234375 5.275666320043018e-07
2.34739990234375 4.296263367505485e-08
2.34839990234375 1.307929122695071e-06
2.34939990234375 2.029053469066116e-06
2.35039990234375 1.3171270688533815e-06
2.35139990234375 5.345709151589344e-07
2.35239990234375 1.5958416804696722e-06
2.35339990234375 1.259593540829994e-06
2.35439990234375 1.6644360600818145e-06
2.35539990234375 3.093683554066299e-07
2.35639990234375 1.6164791761484846e-06
2.35739990234375 4.694796096070105e-07
2.35839990234375 1.4028992477906382e-06
2.35939990234375 5.368474015231955e-07
2.36039990234375 1.0903153361493775e-06
2.36139990234375 8.752480996417602e-07
2.36239990234375 1.0873401080436147e-06
2.36339990234375 9.773516151630416e-07
2.36439990234375 6.47207744562482e-07
2.36539990234375 8.294341000269452e-07
2.36639990234375 1.9460566417312976e-07
2.36739990234375 4.647337177175861e-07
2.36839990234375 2.462724226097336e-07
2.36939990234375 2.1729423285520187e-07
2.37039990234375 5.282722065703585e-07
2.37139990234375 1.6384917589209918e-07
2.37239990234375 5.554266732124173e-07
2.37339990234375 2.501234561731067e-12
2.37439990234375 3.331224814976079e-07
2.37539990234375 1.7046146896007792e-07
2.37639990234375 2.0880335861573665e-07
2.37739990234375 2.807273634691748e-07
2.37839990234375 2.1269771334685778e-07
2.37939990234375 3.4753384661500115e-07
2.38039990234375 8.613129907596592e-08
2.38139990234375 2.322478303297888e-07
2.38239990234375 1.267391420044211e-07
2.38339990234375 7.093154700113006e-08
2.38439990234375 4.967509873285693e-08
2.38539990234375 2.515404113063846e-07
2.38639990234375 1.42373844867012e-07
2.38739990234375 7.773214947638808e-08
2.38839990234375 3.656339978015801e-08
2.38939990234375 6.484193516572116e-13
2.39039990234375 1.5165803462414223e-08
2.39139990234375 3.609897688262637e-09
2.39239990234375 8.0613500112433e-09
2.39339990234375 2.7094967520122843e-08
2.39439990234375 1.0664481416530341e-08
2.39539990234375 6.228636686180827e-08
2.39639990234375 1.019800255702059e-09
2.39739990234375 5.261783735942283e-08
2.39839990234375 5.062155111815861e-08
2.39939990234375 1.2493761458591346e-08
2.40039990234375 7.729959102704534e-09
2.40139990234375 4.202559429217493e-09
2.40239990234375 1.4676786598944752e-08
2.40339990234375 3.38479675232687e-08
2.40439990234375 5.3343575147624846e-09
2.40539990234375 1.5939509957413362e-08
2.40639990234375 4.575932361750859e-09
2.40739990234375 6.5386542355043195e-09
2.40839990234375 1.0096308737037698e-08
2.40939990234375 1.3261522860997523e-08
2.41039990234375 2.6432021888706976e-09
2.41139990234375 1.9050673331896786e-09
2.41239990234375 9.385549174025912e-09
2.41339990234375 1.5270982737988762e-09
2.41439990234375 1.6901624450835588e-09
2.41539990234375 1.833541445531038e-09
2.41639990234375 2.0069161604666322e-09
2.41739990234375 2.0973679595866866e-09
2.41839990234375 3.0168804690817347e-09
2.41939990234375 3.921301810272197e-09
2.42039990234375 1.5730937320167578e-09
2.42139990234375 1.4448777318233169e-09
2.42239990234375 3.481080198167802e-11
2.42339990234375 8.996733376809202e-10
2.42439990234375 1.6429332573905995e-09
2.42539990234375 3.157766360056148e-10
2.42639990234375 5.432904013250738e-10
2.42739990234375 1.2020171951546066e-09
2.42839990234375 8.376474677548674e-10
2.42939990234375 1.1070548729635644e-09
2.43039990234375 5.885745987201907e-10
2.43139990234375 2.0067992383254745e-10
2.43239990234375 9.839932478538954e-10
2.43339990234375 2.6573168850059012e-15
2.43439990234375 1.462793234178991e-10
2.43539990234375 3.195967439911832e-10
2.43639990234375 3.7620601274473147e-10
2.43739990234375 4.774337078161895e-11
2.43839990234375 8.829812470884941e-11
2.43939990234375 3.517761514603755e-10
2.44039990234375 1.7360560001467406e-10
2.44139990234375 1.2221707066358351e-10
2.44239990234375 5.3856888472175084e-11
2.44339990234375 1.9839828745397062e-11
2.44439990234375 9.16355392880553e-11
2.44539990234375 8.871367823487424e-11
2.44639990234375 1.5670134059590992e-11
2.44739990234375 7.83958938509164e-11
2.44839990234375 8.530755618579172e-11
2.44939990234375 1.92281750849077e-11
2.45039990234375 2.876722645058382e-11
2.45139990234375 4.375943107168039e-11
2.45239990234375 5.64025844388956e-12
2.45339990234375 2.108994522052463e-13
2.45439990234375 3.931511552719519e-11
2.45539990234375 6.967609868956007e-11
2.45639990234375 3.0818561783093146e-11
2.45739990234375 1.4560006151172704e-11
2.45839990234375 3.7026715393948545e-11
2.45939990234375 1.0414957373390777e-11
2.46039990234375 1.2138715113163616e-16
2.46139990234375 6.377655873830914e-12
2.46239990234375 2.8514482683666504e-11
2.46339990234375 2.0800787300841518e-11
2.46439990234375 1.2499635843333947e-11
2.46539990234375 2.1020664606833276e-11
2.46639990234375 2.908228967635321e-11
2.46739990234375 7.377501419269448e-17
2.46839990234375 6.217235179574866e-12
2.46939990234375 9.849425453586395e-12
2.47039990234375 9.081447101475144e-12
2.47139990234375 5.731283979303852e-12
2.47239990234375 1.862487580689635e-13
2.47339990234375 1.1680414676805921e-11
2.47439990234375 6.482104942053337e-13
2.47539990234375 5.179809364607541e-12
2.47639990234375 1.7978465805623305e-12
2.47739990234375 3.369506079249982e-13
2.47839990234375 8.142477735902816e-12
2.47939990234375 5.308763127839523e-13
2.48039990234375 6.769916286378795e-12
2.48139990234375 1.8910647216826347e-17
2.48239990234375 1.1255739684707103e-12
2.48339990234375 1.5052760125655116e-17
2.48439990234375 4.514121343900038e-12
2.48539990234375 1.2424844416502419e-17
2.48639990234375 1.1196680756084892e-13
2.48739990234375 3.765930436297691e-12
2.48839990234375 8.890117033113483e-13
2.48939990234375 2.1692764466497046e-12
2.49039990234375 7.298807346506003e-18
2.49139990234375 3.1656151282544755e-12
2.49239990234375 5.828492562193622e-18
2.49339990234375 2.6575926274926874e-13
2.49439990234375 1.4712190425065974e-12
2.49539990234375 8.073208070149318e-14
2.49639990234375 1.0431203390058198e-12
2.49739990234375 1.8533263210380981e-13
2.49839990234375 6.199555402734687e-13
2.49939990234375 1.8466213609400467e-13
2.50039990234375 8.440683974000719e-13
2.50139990234375 2.0949834150652873e-18
2.50239990234375 1.8692145260896203e-18
2.50339990234375 5.756192771260273e-13
2.50439990234375 5.070305181040877e-13
2.50539990234375 1.3266546637256797e-18
2.50639990234375 8.033841459477944e-13
2.50739990234375 2.1668608031172074e-14
2.50839990234375 9.519427049416793e-19
2.50939990234375 3.7543849842288384e-13
2.51039990234375 1.6021006234154931e-13
2.51139990234375 1.428809149540583e-13
2.51239990234375 2.4185963588888307e-14
2.51339990234375 2.345365902113948e-13
2.51439990234375 3.867783554986178e-14
2.51539990234375 7.166500114799877e-14
2.51639990234375 3.9282153175460234e-19
2.51739990234375 1.9433978345729606e-14
2.51839990234375 3.1596643089615985e-19
2.51939990234375 2.830942575355518e-19
2.52039990234375 2.5373463872837453e-19
2.52139990234375 1.0709822344577548e-14
2.52239990234375 8.09448320370502e-14
2.52339990234375 1.8217138787114365e-14
2.52439990234375 4.531954205541003e-15
2.52539990234375 1.465447461582537e-14
2.52639990234375 9.422660180644897e-15
2.52739990234375 1.1940713500202758e-19
2.52839990234375 3.679205612694983e-14
2.52939990234375 6.306480957998595e-14
2.53039990234375 4.027534164487017e-14
2.53139990234375 5.793075554273422e-14
2.53239990234375 2.1234194382568364e-14
2.53339990234375 7.337277208952687e-14
2.53439990234375 3.0347475584908856e-14
2.53539990234375 1.7035789297255304e-14
2.53639990234375 2.401382842878412e-14
2.53739990234375 9.234878844327802e-15
2.53839990234375 1.0652935073480722e-14
2.53939990234375 8.93645616425878e-15
2.54039990234375 9.3012176610609e-15
2.54139990234375 2.7764109369697365e-20
2.54239990234375 2.503101195290914e-20
2.54339990234375 7.379761916531496e-15
2.54439990234375 4.064598818809861e-15
2.54539990234375 1.2918503076323132e-14
2.54639990234375 2.065116839772499e-15
2.54739990234375 9.418474299008004e-15
2.54839990234375 7.67152693206793e-15
2.54939990234375 5.971673327122752e-15
2.55039990234375 2.6958314723405677e-15
2.55139990234375 9.717723769960549e-15
2.55239990234375 1.0371954592262335e-16
2.55339990234375 6.310836847915663e-15
2.55439990234375 5.036690287033357e-15
2.55539990234375 9.102860037807594e-15
2.55639990234375 6.8682272650691686e-15
2.55739990234375 6.762748706832525e-15
2.55839990234375 6.839313655747997e-15
2.55939990234375 6.915517522288082e-15
2.56039990234375 5.164875062649445e-15
2.56139990234375 4.037213631657011e-15
2.56239990234375 3.5392108903256532e-15
2.56339990234375 5.186306605640691e-15
2.56439990234375 3.926340337622816e-15
2.56539990234375 1.590926060733875e-15
2.56639990234375 1.1152118001751728e-15
2.56739990234375 1.419876961555737e-15
2.56839990234375 3.823222814550759e-15
2.56939990234375 1.2314264085312736e-15
2.57039990234375 8.245379453811683e-16
2.57139990234375 2.4788415240816302e-15
2.57239990234375 1.7663482097498036e-15
2.57339990234375 9.982487752721935e-16
2.57439990234375 1.368259750497259e-15
2.57539990234375 3.5157862486373625e-16
2.57639990234375 1.0713357385889487e-15
2.57739990234375 9.84169671592753e-16
2.57839990234375 6.226495586471897e-16
2.57939990234375 5.945373113807341e-16
2.58039990234375 7.9686752550175855e-16
2.58139990234375 5.6280492708297765e-16
2.58239990234375 2.3573232820645207e-16
2.58339990234375 6.606490162077484e-16
2.58439990234375 2.4916404871168394e-16
2.58539990234375 3.8300822994559025e-16
2.58639990234375 1.7431834785519923e-16
2.58739990234375 3.485775678169764e-16
2.58839990234375 3.1190327590804596e-16
2.58939990234375 1.4776304091027484e-16
2.59039990234375 4.135668393438352e-17
2.59139990234375 2.1191745281317074e-16
2.59239990234375 8.80524423507666e-17
2.59339990234375 1.868774039719585e-16
2.59439990234375 3.491649014599278e-17
2.59539990234375 1.28277417531402e-16
2.59639990234375 1.0539221745801664e-16
2.59739990234375 3.102243530872289e-17
2.59839990234375 5.361263082564405e-17
2.59939990234375 5.829869217667562e-17
2.60039990234375 3.9671535861691934e-17
