Wavelength_microns Throughput
0.5504000244140625 1.5070072013587247e-13
0.5514000244140626 2.804120309276697e-13
0.5524000244140626 3.540304329492992e-13
0.5534000244140626 3.5908570630159694e-13
0.5544000244140626 9.170496927494853e-13
0.5554000244140626 4.1606753308822665e-13
0.5564000244140626 1.1530176739852056e-12
0.5574000244140624 4.1943462982246984e-13
0.5584000244140624 1.3100671627303297e-12
0.5594000244140624 7.70158328531525e-13
0.5604000244140624 1.6504167855878193e-12
0.5614000244140624 1.3184530444395326e-12
0.5624000244140624 5.507432647821292e-13
0.5634000244140625 3.758385956310426e-13
0.5644000244140625 1.2073933091234787e-12
0.5654000244140625 7.726560760357347e-13
0.5664000244140625 1.3155600209746117e-12
0.5674000244140625 1.1821649880642746e-12
0.5684000244140625 7.719753568476758e-13
0.5694000244140625 3.734475780132154e-13
0.5704000244140625 7.927155537348725e-15
0.5714000244140625 3.443705260759507e-16
0.5724000244140625 5.479693598454577e-13
0.5734000244140625 6.878923158590365e-13
0.5744000244140625 9.493674256061765e-14
0.5754000244140625 8.25095219860582e-13
0.5764000244140625 1.2913082892796627e-13
0.5774000244140625 1.17683551802207e-15
0.5784000244140625 3.3326475817699116e-12
0.5794000244140625 1.7675246106081855e-15
0.5804000244140625 3.8901341705033425e-12
0.5814000244140625 3.791867532830908e-12
0.5824000244140625 3.2069480324211642e-12
0.5834000244140625 1.7353619134140882e-12
0.5844000244140625 2.5938586784696875e-12
0.5854000244140625 1.7019468959540015e-11
0.5864000244140625 1.9109937107391856e-12
0.5874000244140625 1.482317968035834e-12
0.5884000244140625 2.4353824942024636e-11
0.5894000244140625 4.7316180740625036e-12
0.5904000244140625 1.2031185375922225e-11
0.5914000244140625 4.274074353846867e-12
0.5924000244140625 3.937595491032108e-12
0.5934000244140625 1.4233874420708088e-12
0.5944000244140625 4.0235554926092207e-13
0.5954000244140625 2.4747179326414764e-13
0.5964000244140625 1.896908804815712e-12
0.5974000244140625 1.6202665309514176e-12
0.5984000244140625 4.7101711815400706e-12
0.5994000244140625 2.0738567083444038e-13
0.6004000244140625 8.625797773723007e-13
0.6014000244140625 2.9265799294885936e-12
0.6024000244140625 1.8837350930723226e-12
0.6034000244140625 6.087659742767625e-12
0.6044000244140625 1.2709481865894534e-12
0.6054000244140625 2.836690165953823e-12
0.6064000244140625 1.061052639183226e-11
0.6074000244140625 4.95024443308221e-12
0.6084000244140625 9.683425820257218e-12
0.6094000244140625 8.617116778077368e-12
0.6104000244140625 4.746656775460037e-15
0.6114000244140625 3.506929408779339e-12
0.6124000244140625 4.510453741051763e-12
0.6134000244140625 4.411784501358947e-12
0.6144000244140625 2.6165467977251934e-15
0.6154000244140625 5.910929134643968e-13
0.6164000244140625 1.111559157423058e-12
0.6174000244140625 9.566659677297316e-13
0.6184000244140625 3.65165659846586e-13
0.6194000244140625 4.556125749991055e-13
0.6204000244140625 3.295341919452547e-12
0.6214000244140625 5.1361809221607374e-12
0.6224000244140625 2.058727766953104e-15
0.6234000244140625 4.7571160859026055e-14
0.6244000244140625 2.8499390808565043e-12
0.6254000244140625 4.1047776603361345e-13
0.6264000244140625 1.2905676576285376e-11
0.6274000244140625 5.436220199756379e-15
0.6284000244140625 3.3611622275572748e-12
0.6294000244140625 5.993617225936703e-12
0.6304000244140625 7.683413098267875e-12
0.6314000244140625 3.902438602411684e-12
0.6324000244140625 4.250103009045353e-11
0.6334000244140625 3.0093535506780805e-11
0.6344000244140625 2.0235214694288815e-14
0.6354000244140625 1.5821348661644894e-14
0.6364000244140625 1.2674363280294344e-14
0.6374000244140625 1.386661915260194e-11
0.6384000244140625 3.5597452763228276e-12
0.6394000244140625 1.1329400008925922e-11
0.6404000244140625 6.325431593501299e-12
0.6414000244140625 9.472157150186478e-12
0.6424000244140625 1.0757522518219877e-11
0.6434000244140625 9.283787959021925e-12
0.6444000244140625 1.1867761106793072e-11
0.6454000244140625 1.5512802681195033e-11
0.6464000244140625 2.384094670195184e-12
0.6474000244140625 3.1681835253872005e-11
0.6484000244140625 9.70862435948111e-15
0.6494000244140625 3.578684481361268e-12
0.6504000244140625 4.117791616858515e-12
0.6514000244140625 1.2559740923845317e-11
0.6524000244140625 1.245805680416093e-12
0.6534000244140625 6.840612689095158e-12
0.6544000244140625 6.551677494466058e-12
0.6554000244140625 2.4251368473271134e-12
0.6564000244140625 6.1032737653680245e-12
0.6574000244140625 3.8228918762011494e-12
0.6584000244140625 8.376218426661986e-15
0.6594000244140625 2.217970990877288e-11
0.6604000244140625 9.66398471690074e-12
0.6614000244140625 1.726743113087867e-11
0.6624000244140625 2.7336552113666826e-11
0.6634000244140625 2.2605858154206073e-11
0.6644000244140625 1.7706793723272232e-11
0.6654000244140625 2.95973322511727e-12
0.6664000244140625 9.254531391427624e-12
0.6674000244140625 1.934170254934152e-11
0.6684000244140625 4.8627568093533795e-12
0.6694000244140625 1.2225741986814835e-11
0.6704000244140625 9.723816849040134e-12
0.6714000244140625 7.941762012237664e-12
0.6724000244140625 2.550615862952927e-11
0.6734000244140625 9.598436273106353e-12
0.6744000244140625 2.404500454632201e-11
0.6754000244140625 1.0236817818819118e-11
0.6764000244140626 2.1024795890092527e-11
0.6774000244140626 9.067110574466296e-12
0.6784000244140626 2.1870835500341324e-11
0.6794000244140626 4.950841820628345e-12
0.6804000244140626 1.9413044726020653e-11
0.6814000244140626 2.9443027427989853e-11
0.6824000244140624 2.2589270777666445e-11
0.6834000244140624 1.7737390196609908e-11
0.6844000244140624 1.6481918556594118e-11
0.6854000244140624 2.369435301040224e-11
0.6864000244140624 1.5875427603351957e-12
0.6874000244140624 3.325403443786086e-11
0.6884000244140625 3.470541119041472e-11
0.6894000244140625 2.654585247229021e-11
0.6904000244140625 3.0817883184878643e-11
0.6914000244140625 4.0037701854809417e-11
0.6924000244140625 2.6948745985138467e-11
0.6934000244140625 3.1072678824440684e-11
0.6944000244140625 5.665927493823112e-11
0.6954000244140625 2.9264041116776975e-11
0.6964000244140625 6.449872655756738e-11
0.6974000244140625 6.06820940028281e-11
0.6984000244140625 7.113790869667677e-11
0.6994000244140625 6.32684519330543e-11
0.7004000244140625 8.510697318395165e-11
0.7014000244140625 8.655131803722901e-11
0.7024000244140625 1.2045053418965012e-10
0.7034000244140625 1.368846583287041e-10
0.7044000244140625 1.951573914575477e-10
0.7054000244140625 2.821658356106379e-10
0.7064000244140625 4.0840917407767876e-10
0.7074000244140625 6.007307509557626e-10
0.7084000244140625 9.733323455114373e-10
0.7094000244140625 1.5367269073635878e-09
0.7104000244140625 2.2932834295450762e-09
0.7114000244140625 3.0519035499031434e-09
0.7124000244140625 3.8950398899016416e-09
0.7134000244140625 4.616098988177684e-09
0.7144000244140625 4.3541179121975995e-09
0.7154000244140625 4.8232607244216316e-09
0.7164000244140625 4.175444925083815e-09
0.7174000244140625 3.2421785540500616e-09
0.7184000244140625 2.3492498897700004e-09
0.7194000244140625 1.6494078230986802e-09
0.7204000244140625 1.073869249365629e-09
0.7214000244140625 8.002511539783475e-10
0.7224000244140625 5.047538493481349e-10
0.7234000244140625 2.6382373382469595e-10
0.7244000244140625 1.8900040689860405e-10
0.7254000244140625 1.2417764534142886e-10
0.7264000244140625 8.110139572630822e-11
0.7274000244140625 6.768329341162446e-11
0.7284000244140625 4.141515164027897e-11
0.7294000244140625 1.4379743030556386e-11
0.7304000244140625 2.591092074923123e-11
0.7314000244140625 1.3169756905666961e-11
0.7324000244140625 2.5152037111861164e-11
0.7334000244140625 1.7909975219621805e-11
0.7344000244140625 2.0358464227859647e-11
0.7354000244140625 2.1873360356663018e-11
0.7364000244140625 2.4127774777536195e-11
0.7374000244140625 2.2436783220385436e-11
0.7384000244140625 4.4622145982758074e-11
0.7394000244140625 5.810091369720697e-11
0.7404000244140625 7.487930229227216e-11
0.7414000244140625 1.1022603035917857e-10
0.7424000244140625 1.59040140300845e-10
0.7434000244140625 2.389355706958212e-10
0.7444000244140625 2.6773813141993146e-10
0.7454000244140625 3.0043944102353735e-10
0.7464000244140625 8.40961778757779e-11
0.7474000244140625 2.7028957660423974e-10
0.7484000244140625 1.4879218847263441e-10
0.7494000244140625 1.9670774584420132e-10
0.7504000244140625 1.935074522737641e-11
0.7514000244140625 1.4959243728356093e-10
0.7524000244140625 4.0169686607839134e-10
0.7534000244140625 3.001306277713415e-10
0.7544000244140625 6.740016960465215e-10
0.7554000244140625 1.0818003113479566e-09
0.7564000244140625 5.394190072992762e-10
0.7574000244140625 1.3158229784230688e-10
0.7584000244140625 9.36940358218064e-11
0.7594000244140625 6.985933641126368e-11
0.7604000244140625 3.59245072655335e-11
0.7614000244140625 1.3742760209038279e-11
0.7624000244140625 3.862274612271191e-12
0.7634000244140625 1.32807085264891e-11
0.7644000244140625 6.758666476525466e-12
0.7654000244140625 5.191745262001249e-12
0.7664000244140625 4.288888861008113e-12
0.7674000244140625 2.0895129527108536e-12
0.7684000244140625 1.4161509973114121e-12
0.7694000244140625 2.201902607401199e-12
0.7704000244140625 1.3637331866655617e-12
0.7714000244140625 1.6941300716868018e-12
0.7724000244140625 6.263086458859161e-13
0.7734000244140625 8.280541993276292e-13
0.7744000244140625 1.9589313996547442e-13
0.7754000244140625 3.411893533554842e-13
0.7764000244140625 1.0613251992137914e-12
0.7774000244140625 1.3156035480014507e-12
0.7784000244140625 1.5151595825785956e-12
0.7794000244140625 1.696002805706795e-12
0.7804000244140625 4.570074150471667e-12
0.7814000244140625 2.810869041138837e-12
0.7824000244140625 3.541664460755483e-12
0.7834000244140625 1.8767367079397513e-12
0.7844000244140625 6.936705952954547e-12
0.7854000244140625 2.1437293938190664e-12
0.7864000244140625 4.1296527779929255e-12
0.7874000244140625 8.108405748081189e-12
0.7884000244140625 4.4092591330955064e-12
0.7894000244140625 6.710726538799189e-12
0.7904000244140625 9.497504808211256e-12
0.7914000244140625 1.3466656094383045e-11
0.7924000244140625 9.639277527302587e-12
0.7934000244140625 1.1332199556988865e-11
0.7944000244140625 3.0186869509632294e-12
0.7954000244140625 1.539288907435504e-11
0.7964000244140625 0.0
0.7974000244140625 2.1548308689414546e-11
0.7984000244140625 1.7478756491338414e-10
0.7994000244140625 8.178628579235556e-14
0.8004000244140625 1.5798125335151152e-09
0.8014000244140626 1.473825872427949e-09
0.8024000244140626 1.4652364936815295e-09
0.8034000244140626 1.6738103155965317e-09
0.8044000244140626 9.984327898344339e-10
0.8054000244140626 1.4038197510536293e-10
0.8064000244140626 2.132219865890938e-10
0.8074000244140624 8.67691549869794e-10
0.8084000244140624 1.3820209091335063e-09
0.8094000244140624 9.43979102064867e-10
0.8104000244140624 5.774158548446107e-10
0.8114000244140624 7.817632120001204e-10
0.8124000244140624 1.115093254517055e-09
0.8134000244140625 1.4495717011700442e-09
0.8144000244140625 1.4261926073236206e-09
0.8154000244140625 1.0764535790486628e-09
0.8164000244140625 7.809576410225373e-10
0.8174000244140625 8.125714043188597e-10
0.8184000244140625 7.391562774521498e-10
0.8194000244140625 8.825916260093586e-10
0.8204000244140625 6.363695987695178e-10
0.8214000244140625 6.600029458971662e-10
0.8224000244140625 7.594723044450196e-10
0.8234000244140625 1.1668097451095997e-10
0.8244000244140625 0.0
0.8254000244140625 3.073704300952601e-10
0.8264000244140625 8.368561149082888e-10
0.8274000244140625 6.403495838673581e-10
0.8284000244140625 3.182152733105185e-10
0.8294000244140625 1.538240028064549e-10
0.8304000244140625 3.287801636769091e-10
0.8314000244140625 9.622826822919742e-10
0.8324000244140625 8.159795988447843e-10
0.8334000244140625 3.2005772108363964e-10
0.8344000244140625 6.607951984045709e-10
0.8354000244140625 7.180229933629415e-10
0.8364000244140625 4.299566926747941e-10
0.8374000244140625 7.561769260151364e-10
0.8384000244140625 8.730885889552939e-10
0.8394000244140625 3.70722939703289e-10
0.8404000244140625 2.1019927166324464e-10
0.8414000244140625 1.3570512034385533e-10
0.8424000244140625 4.776581833154182e-10
0.8434000244140625 6.691068265030703e-10
0.8444000244140625 2.3079442744049336e-10
0.8454000244140625 2.5083241883283355e-10
0.8464000244140625 2.836628211402651e-10
0.8474000244140625 4.6398297795752157e-10
0.8484000244140625 5.698004694712403e-10
0.8494000244140625 3.5805331113589975e-10
0.8504000244140625 3.9570266408600996e-10
0.8514000244140625 4.867816466578241e-10
0.8524000244140625 7.596307459562283e-10
0.8534000244140625 7.909539138504121e-10
0.8544000244140625 5.934285332583902e-10
0.8554000244140625 4.635131994510576e-10
0.8564000244140625 2.8728252429217286e-10
0.8574000244140625 2.455705365986163e-10
0.8584000244140625 5.858181377220866e-10
0.8594000244140625 4.540309677365042e-10
0.8604000244140625 6.326943013506412e-10
0.8614000244140625 4.366522220134125e-10
0.8624000244140625 1.6754585672034772e-10
0.8634000244140625 3.998371308869713e-10
0.8644000244140625 8.178446944301008e-10
0.8654000244140625 5.792646130113549e-10
0.8664000244140625 5.21018607407069e-10
0.8674000244140625 4.682553148141783e-10
0.8684000244140625 5.549200362903444e-10
0.8694000244140625 8.340246786802008e-10
0.8704000244140625 7.222377331630846e-10
0.8714000244140625 7.491180994916361e-10
0.8724000244140625 8.188841638424264e-10
0.8734000244140625 8.577542479676946e-10
0.8744000244140625 7.372944205883357e-10
0.8754000244140625 7.560341423113885e-10
0.8764000244140625 9.98958749024063e-10
0.8774000244140625 9.330038083787535e-10
0.8784000244140625 8.512745918902662e-10
0.8794000244140625 9.75365111139089e-10
0.8804000244140625 6.522727022369542e-10
0.8814000244140625 5.855396125592359e-10
0.8824000244140625 6.630553860467651e-10
0.8834000244140625 7.655939936413153e-10
0.8844000244140625 6.530857806299379e-10
0.8854000244140625 4.6287217402945223e-10
0.8864000244140625 5.523562347703939e-10
0.8874000244140625 6.386715726240288e-10
0.8884000244140625 5.525462581780668e-10
0.8894000244140625 5.965904087147479e-10
0.8904000244140625 7.452833402972902e-10
0.8914000244140625 6.932611365006664e-10
0.8924000244140625 8.710361297294344e-10
0.8934000244140625 7.532644775707982e-10
0.8944000244140625 1.1094617297657742e-09
0.8954000244140625 8.380817781590652e-10
0.8964000244140625 1.0314994345868616e-09
0.8974000244140625 1.1718313170129304e-09
0.8984000244140625 1.1105795721245194e-09
0.8994000244140625 9.296563762479728e-10
0.9004000244140625 1.1107967583194746e-09
0.9014000244140625 1.2440961010956682e-09
0.9024000244140625 1.374511063635914e-09
0.9034000244140625 1.1954895182108841e-09
0.9044000244140625 7.190379411824595e-10
0.9054000244140625 1.032632824703473e-09
0.9064000244140625 7.603189726093719e-10
0.9074000244140625 7.056541143202943e-10
0.9084000244140625 8.712179621890961e-10
0.9094000244140625 1.0090283988490738e-09
0.9104000244140625 9.654085252366326e-10
0.9114000244140625 7.00816712101106e-10
0.9124000244140625 7.675855492086912e-10
0.9134000244140625 9.701137805538977e-10
0.9144000244140625 8.352737312774036e-10
0.9154000244140625 5.736399833564599e-10
0.9164000244140625 4.608529808877698e-10
0.9174000244140625 2.607858108327195e-10
0.9184000244140625 2.968980591597387e-10
0.9194000244140625 4.207857469365304e-10
0.9204000244140625 3.266069041321055e-10
0.9214000244140625 2.2103511322201066e-10
0.9224000244140625 3.259425808117971e-10
0.9234000244140625 3.89355216700447e-10
0.9244000244140625 4.3219449346294917e-10
0.9254000244140625 4.50232539581547e-10
0.9264000244140626 5.398195652321686e-10
0.9274000244140626 5.422660931422932e-10
0.9284000244140626 5.977172046529988e-10
0.9294000244140626 1.110667297836143e-09
0.9304000244140626 1.292792572889576e-09
0.9314000244140626 1.737639646707987e-09
0.9324000244140624 2.1364960864865094e-09
0.9334000244140624 2.231764036402142e-09
0.9344000244140624 2.3786709099390766e-09
0.9354000244140624 2.3669132076516682e-09
0.9364000244140624 1.8585325562873016e-09
0.9374000244140624 1.647031486066807e-09
0.9384000244140625 1.5162425690278934e-09
0.9394000244140625 1.5421923482715783e-09
0.9404000244140625 1.1457768831258263e-09
0.9414000244140625 5.811952959677605e-10
0.9424000244140625 3.4622386289607534e-10
0.9434000244140625 3.985418160549761e-10
0.9444000244140625 6.910879688396451e-10
0.9454000244140625 7.644444974528495e-10
0.9464000244140625 3.7396307820908484e-10
0.9474000244140625 7.684467558912996e-10
0.9484000244140625 6.206702196693672e-10
0.9494000244140625 3.4400749184203446e-10
0.9504000244140625 8.672464584161884e-10
0.9514000244140625 8.120608383685421e-10
0.9524000244140625 5.89715628610473e-10
0.9534000244140625 5.405716779589775e-10
0.9544000244140625 7.098808113036076e-10
0.9554000244140625 8.156011201907703e-10
0.9564000244140625 8.130734384631777e-10
0.9574000244140625 8.077712531149673e-10
0.9584000244140625 7.117457491631018e-10
0.9594000244140625 6.695810860714125e-10
0.9604000244140625 5.856871086706183e-10
0.9614000244140625 7.64573067616962e-10
0.9624000244140625 5.982383194636129e-10
0.9634000244140625 5.940774987788463e-10
0.9644000244140625 7.158559385307272e-10
0.9654000244140625 7.562726274286782e-10
0.9664000244140625 6.756008748921132e-10
0.9674000244140625 8.806647167740576e-10
0.9684000244140625 8.100471754988503e-10
0.9694000244140625 6.868349647342141e-10
0.9704000244140625 9.986845684543185e-10
0.9714000244140625 4.964104925506308e-10
0.9724000244140625 2.3256423121319774e-09
0.9734000244140625 1.3983600920634991e-09
0.9744000244140625 2.1173538312124977e-09
0.9754000244140625 2.8184391787530994e-09
0.9764000244140625 4.041018612723878e-09
0.9774000244140625 4.840020652587992e-09
0.9784000244140625 5.7996425985199274e-09
0.9794000244140625 6.111640490059888e-09
0.9804000244140625 6.966743865973235e-09
0.9814000244140625 1.467897092551525e-08
0.9824000244140625 1.3937088607463609e-08
0.9834000244140625 1.7539008144633557e-08
0.9844000244140625 1.9639080910017275e-08
0.9854000244140625 2.813456001237585e-08
0.9864000244140625 3.58162036438344e-08
0.9874000244140625 3.542961949476533e-08
0.9884000244140625 5.0410531555830326e-08
0.9894000244140625 5.191021564833923e-08
0.9904000244140625 6.12557262136515e-08
0.9914000244140625 6.550208686220867e-08
0.9924000244140625 9.106373830755741e-08
0.9934000244140625 8.280511823947373e-08
0.9944000244140625 9.482982934159763e-08
0.9954000244140625 7.833875163140342e-08
0.9964000244140625 1.0118768703255483e-07
0.9974000244140625 1.2139873228903352e-07
0.9984000244140625 6.756406323519762e-08
0.9994000244140625 1.0654312176685565e-07
1.0004000244140625 1.1791130805357864e-07
1.0014000244140624 4.341666448535468e-07
1.0024000244140625 5.403882871275189e-07
1.0034000244140624 2.3110214741391795e-07
1.0044000244140625 1.819464482986004e-07
1.0054000244140624 4.90600263864988e-07
1.0064000244140625 1.0428011127289637e-07
1.0074000244140624 9.862006839411114e-07
1.0084000244140625 1.8047646461725257e-08
1.0094000244140624 9.84887834673696e-07
1.0104000244140625 1.086671594438964e-06
1.0114000244140624 3.562184795826956e-07
1.0124000244140625 2.641226764990365e-07
1.0134000244140624 3.4387319084633796e-07
1.0144000244140625 1.440835187169147e-07
1.0154000244140624 2.680262535557184e-07
1.0164000244140625 6.007387161341681e-07
1.0174000244140624 8.662145422870994e-07
1.0184000244140625 1.2909942965885828e-07
1.0194000244140624 1.814160916948696e-11
1.0204000244140625 4.250889553119724e-07
1.0214000244140624 1.1099413824709007e-06
1.0224000244140625 8.727573673272097e-07
1.0234000244140624 1.8597721245787305e-11
1.0244000244140625 1.0956128607308863e-06
1.0254000244140624 3.5951376787633915e-07
1.0264000244140625 1.864181498108048e-11
1.0274000244140624 3.482523654369719e-07
1.0284000244140625 2.2497312401602503e-07
1.0294000244140624 1.020900441776342e-06
1.0304000244140625 3.647082096581963e-07
1.0314000244140624 2.06341169553082e-07
1.0324000244140625 9.165090559180376e-07
1.0334000244140624 4.210584516142968e-07
1.0344000244140625 6.419863683922898e-08
1.0354000244140624 5.939638292276428e-07
1.0364000244140625 9.726201636748659e-07
1.0374000244140624 3.343908917628005e-07
1.0384000244140625 3.500095089049948e-07
1.0394000244140624 2.2936326477544584e-07
1.0404000244140625 1.8333008325175472e-11
1.0414000244140624 8.820350931178174e-07
1.0424000244140625 3.9592414076088234e-07
1.0434000244140624 7.850910318429032e-07
1.0444000244140625 6.858210526402726e-07
1.0454000244140624 6.175934967134161e-08
1.0464000244140625 6.775343655300973e-07
1.0474000244140624 3.3955450754989843e-07
1.0484000244140625 4.5939465840341934e-07
1.0494000244140624 3.154035940679398e-07
1.0504000244140625 5.508431738240762e-07
1.0514000244140624 8.710716248014428e-07
1.0524000244140626 3.5585182473261987e-07
1.0534000244140624 5.354687682963903e-07
1.0544000244140626 7.555448472308442e-07
1.0554000244140624 1.8570861272475202e-07
1.0564000244140626 2.626741326921687e-07
1.0574000244140624 1.7765098665821755e-11
1.0584000244140626 2.9506655670390403e-07
1.0594000244140624 5.384618357685687e-07
1.0604000244140626 3.428449476005682e-07
1.0614000244140624 2.3610738108848653e-07
1.0624000244140626 1.4731066192334633e-07
1.0634000244140625 1.5998295226308324e-07
1.0644000244140626 9.214146913504341e-07
1.0654000244140625 1.006244034670501e-07
1.0664000244140626 1.5884382630462372e-07
1.0674000244140625 9.005946296780543e-08
1.0684000244140626 5.824895008134919e-07
1.0694000244140625 5.5304373294191066e-08
1.0704000244140626 1.723834703088882e-07
1.0714000244140625 1.6822949693800705e-07
1.0724000244140626 1.6839742337904245e-07
1.0734000244140625 1.2213286156202346e-07
1.0744000244140626 8.95830856620267e-07
1.0754000244140625 9.651515368287428e-07
1.0764000244140626 3.4154215268787964e-07
1.0774000244140625 3.1186487220087554e-07
1.0784000244140626 4.102680249273939e-07
1.0794000244140625 6.71234052452547e-07
1.0804000244140626 3.819471228433811e-07
1.0814000244140625 1.423928179937605e-07
1.0824000244140626 5.662774585361015e-07
1.0834000244140625 1.0767585421822773e-07
1.0844000244140626 1.279148732013004e-07
1.0854000244140625 2.5507920915072106e-07
1.0864000244140626 1.6002507143699337e-07
1.0874000244140625 2.603672774157258e-07
1.0884000244140626 2.7182011799663824e-07
1.0894000244140625 3.2074807572956755e-07
1.0904000244140626 1.7976543322396536e-11
1.0914000244140625 2.759225324861648e-07
1.0924000244140626 7.092598467285329e-07
1.0934000244140625 1.985731431302046e-07
1.0944000244140626 2.362148939866158e-07
1.0954000244140625 2.3562421793443787e-07
1.0964000244140626 7.249717081828635e-07
1.0974000244140625 1.3088133160915256e-07
1.0984000244140626 2.9519554714837015e-07
1.0994000244140625 1.0707720227722652e-07
1.1004000244140626 2.543327502867094e-07
1.1014000244140625 3.037152424043238e-07
1.1024000244140626 2.3420751523232228e-08
1.1034000244140625 3.4763713864243706e-07
1.1044000244140626 3.4807529991468083e-07
1.1054000244140625 4.0140394937417893e-07
1.1064000244140626 2.3997680759437765e-07
1.1074000244140625 4.1435593009070624e-07
1.1084000244140626 2.813702173756543e-07
1.1094000244140625 7.737840714163959e-08
1.1104000244140626 2.6493054773982187e-07
1.1114000244140625 2.2305500955637826e-07
1.1124000244140626 4.016997123905737e-07
1.1134000244140625 1.400634056211426e-07
1.1144000244140626 5.518291076552607e-07
1.1154000244140625 2.9588504089472555e-07
1.1164000244140626 9.558800991533807e-08
1.1174000244140625 3.024999211815074e-07
1.1184000244140626 3.166103078604422e-07
1.1194000244140625 6.999611998446223e-07
1.1204000244140624 1.7896262926462592e-11
1.1214000244140625 1.2953711076692023e-07
1.1224000244140624 5.362213784809952e-07
1.1234000244140625 2.30473642831625e-07
1.1244000244140624 5.263787531676694e-07
1.1254000244140625 4.48062444595032e-08
1.1264000244140624 4.0403278298416883e-07
1.1274000244140625 1.5459035740650126e-07
1.1284000244140624 3.5711041800581195e-07
1.1294000244140625 5.39505249411323e-07
1.1304000244140624 8.804835567077553e-08
1.1314000244140625 1.830712595672389e-11
1.1324000244140624 1.2155279514927301e-07
1.1334000244140625 7.96344331763699e-07
1.1344000244140624 1.3386136021288007e-07
1.1354000244140625 1.3845858103885713e-07
1.1364000244140624 1.3893051277984904e-07
1.1374000244140625 1.3395694837660025e-07
1.1384000244140624 5.469975569751702e-07
1.1394000244140625 1.8503757070972654e-11
1.1404000244140624 2.882211053604144e-07
1.1414000244140625 2.0786779170070454e-07
1.1424000244140624 4.0393537782410034e-07
1.1434000244140625 1.0805718784790639e-07
1.1444000244140624 2.6804013461013024e-07
1.1454000244140625 1.977253336512499e-07
1.1464000244140624 4.334241180920414e-08
1.1474000244140625 3.649113148911062e-07
1.1484000244140624 2.125071990010642e-07
1.1494000244140625 2.4809481622825176e-07
1.1504000244140624 1.4704053402018138e-07
1.1514000244140625 2.813625128598482e-07
1.1524000244140624 1.8443482190584828e-07
1.1534000244140625 1.3305573945264605e-07
1.1544000244140624 5.230635283084289e-07
1.1554000244140625 1.8862830170058213e-11
1.1564000244140624 1.3693717707471697e-07
1.1574000244140625 3.4509135109746634e-07
1.1584000244140624 1.1981497795787665e-07
1.1594000244140625 1.619453315579042e-07
1.1604000244140624 1.698337577552368e-08
1.1614000244140625 3.0884529214824467e-07
1.1624000244140624 2.3211079753697305e-07
1.1634000244140625 2.3401109445698117e-07
1.1644000244140624 4.381040101293966e-08
1.1654000244140625 5.027534908468534e-07
1.1664000244140624 1.8929570097796534e-07
1.1674000244140625 8.10852931237411e-07
1.1684000244140624 1.9093241511585032e-11
1.1694000244140625 3.262479546137964e-07
1.1704000244140624 2.9521982058840965e-07
1.1714000244140625 2.1633639088574444e-07
1.1724000244140624 7.895430389917937e-08
1.1734000244140625 3.681431529115562e-07
1.1744000244140624 8.476933820586295e-08
1.1754000244140625 6.964000808064112e-07
1.1764000244140624 6.988772492224996e-07
1.1774000244140626 4.270893900136581e-07
1.1784000244140624 8.153664263531413e-08
1.1794000244140626 3.642947056978715e-07
1.1804000244140624 2.998870928965535e-07
1.1814000244140626 1.657691355216418e-08
1.1824000244140624 2.223676915935446e-07
1.1834000244140626 2.7034238112467253e-07
1.1844000244140624 3.166208440589873e-07
1.1854000244140626 3.9013473789560276e-07
1.1864000244140624 7.968456291195118e-07
1.1874000244140626 2.3779344781243926e-08
1.1884000244140625 2.2278180330359648e-07
1.1894000244140626 2.0292410293269108e-07
1.1904000244140625 2.1494484648315378e-07
1.1914000244140626 1.334690899974369e-07
1.1924000244140625 4.2163127334462913e-07
1.1934000244140626 9.891810398430034e-08
1.1944000244140625 2.075715103268064e-07
1.1954000244140626 1.674368099015282e-07
1.1964000244140625 1.1572890160767067e-11
1.1974000244140626 2.0534444838413132e-07
1.1984000244140625 1.8169481790875577e-07
1.1994000244140626 3.1835638501084754e-07
1.2004000244140625 1.8686896395162377e-08
1.2014000244140626 3.965578320498278e-07
1.2024000244140625 9.258225237522702e-08
1.2034000244140626 9.474561084975572e-08
1.2044000244140625 1.8872359986557277e-07
1.2054000244140626 3.024257869628624e-07
1.2064000244140625 4.7304331279133333e-07
1.2074000244140626 2.2746215715109801e-07
1.2084000244140625 1.7417534736759414e-07
1.2094000244140626 4.372271701315614e-07
1.2104000244140625 4.270372667026488e-08
1.2114000244140626 4.3974995532706695e-07
1.2124000244140625 3.001659118958095e-07
1.2134000244140626 1.1582762171435848e-07
1.2144000244140625 1.993706418957524e-07
1.2154000244140626 9.033730487344766e-08
1.2164000244140625 1.970073802681045e-11
1.2174000244140626 1.8206748050439659e-07
1.2184000244140625 4.085396597260358e-07
1.2194000244140626 3.1495476876322954e-08
1.2204000244140625 1.65754054216691e-07
1.2214000244140626 1.0327746621999263e-07
1.2224000244140625 4.6219735431540196e-07
1.2234000244140626 2.930250210624408e-07
1.2244000244140625 4.0313152734185383e-07
1.2254000244140626 1.2046473330294517e-07
1.2264000244140625 5.688789673550405e-07
1.2274000244140626 5.46064015074668e-07
1.2284000244140625 6.815765175163017e-07
1.2294000244140626 7.633323329676168e-08
1.2304000244140625 8.669045337165346e-08
1.2314000244140626 8.36134745740553e-07
1.2324000244140625 5.3550368152395115e-08
1.2334000244140626 3.588036386139578e-08
1.2344000244140625 1.4616138477884962e-07
1.2354000244140626 1.656611239150131e-07
1.2364000244140625 3.799948370401447e-07
1.2374000244140626 8.227984857803962e-07
1.2384000244140625 2.1518525858287834e-11
1.2394000244140626 5.892003883008753e-08
1.2404000244140625 1.8946077944309355e-07
1.2414000244140626 2.2309010474911565e-07
1.2424000244140625 5.787922362031367e-07
1.2434000244140626 1.02797527609033e-07
1.2444000244140625 1.6877266780690543e-07
1.2454000244140624 4.146224442559052e-07
1.2464000244140625 7.612660011478789e-08
1.2474000244140624 3.4314209784749736e-07
1.2484000244140625 2.2954855053468142e-07
1.2494000244140624 2.5285221305664594e-07
1.2504000244140625 2.2054075369422552e-11
1.2514000244140624 7.889611961723651e-07
1.2524000244140625 3.9250422578058467e-07
1.2534000244140624 2.421507197458299e-07
1.2544000244140625 1.5541496908350653e-07
1.2554000244140624 7.944753633028697e-08
1.2564000244140625 4.0360707829837544e-07
1.2574000244140624 7.74235813872048e-09
1.2584000244140625 2.1255429212713722e-07
1.2594000244140624 6.322307583639247e-08
1.2604000244140625 2.0044009119912643e-07
1.2614000244140624 4.699484744008014e-07
1.2624000244140625 7.544489931712284e-08
1.2634000244140624 8.498176901309304e-07
1.2644000244140625 4.730818862948214e-07
1.2654000244140624 3.234977292624999e-07
1.2664000244140625 2.7855380552892724e-07
1.2674000244140624 2.271896030825227e-11
1.2684000244140625 8.244221998887617e-07
1.2694000244140624 4.849386333618967e-07
1.2704000244140625 2.2000373769195204e-08
1.2714000244140624 1.1774187821512176e-07
1.2724000244140625 6.517169530698155e-08
1.2734000244140624 6.112413902250065e-07
1.2744000244140625 4.632604249439759e-07
1.2754000244140624 5.331947334671339e-07
1.2764000244140625 5.0596050010501986e-08
1.2774000244140624 3.07232364823774e-07
1.2784000244140625 2.0042364416070486e-07
1.2794000244140624 3.992325008565607e-07
1.2804000244140625 2.3775470925752393e-07
1.2814000244140624 6.356869830134983e-07
1.2824000244140625 1.5982213655093736e-07
1.2834000244140624 2.566549063113835e-07
1.2844000244140625 8.778999185109943e-07
1.2854000244140624 4.0556252461635155e-07
1.2864000244140625 4.227329919025452e-08
1.2874000244140624 3.506063878892905e-07
1.2884000244140625 4.128318644449166e-07
1.2894000244140624 5.022606167780226e-07
1.2904000244140625 8.392374414407066e-07
1.2914000244140624 3.8435177929153293e-07
1.2924000244140625 2.1624466597089322e-07
1.2934000244140624 2.2117231197837346e-07
1.2944000244140625 9.897694895889524e-07
1.2954000244140624 2.3917222937116825e-11
1.2964000244140625 2.8002387575835544e-07
1.2974000244140624 2.979515521144487e-07
1.2984000244140625 2.4393076597366863e-11
1.2994000244140624 2.596378323529299e-07
1.3004000244140625 1.9739537724775464e-07
1.3014000244140624 1.831024555673738e-07
1.3024000244140626 6.405762554900523e-07
1.3034000244140624 3.590155779430337e-07
1.3044000244140626 2.983761610490694e-07
1.3054000244140624 3.433554877950198e-07
1.3064000244140626 4.327075591560528e-07
1.3074000244140624 6.037842741977041e-07
1.3084000244140626 3.491974666102977e-07
1.3094000244140624 4.3018520133130955e-07
1.3104000244140626 3.331162643515048e-07
1.3114000244140624 2.6044930514833878e-08
1.3124000244140626 3.5414122439481324e-07
1.3134000244140625 1.2229657207732266e-07
1.3144000244140626 3.3088370860187177e-07
1.3154000244140625 6.599207571594997e-07
1.3164000244140626 1.994408393465093e-07
1.3174000244140625 4.710031887551999e-07
1.3184000244140626 6.359400712116021e-07
1.3194000244140625 2.4411127724715294e-07
1.3204000244140626 1.0662057520167338e-07
1.3214000244140625 2.289993886670165e-07
1.3224000244140626 1.51830353292438e-07
1.3234000244140625 3.3545705285161414e-07
1.3244000244140626 9.838014995185794e-08
1.3254000244140625 1.8657705838571645e-07
1.3264000244140626 2.682422739007148e-07
1.3274000244140625 3.878825099479114e-07
1.3284000244140626 2.1514675184196662e-07
1.3294000244140625 1.0807157520639186e-06
1.3304000244140626 1.4664332781591263e-07
1.3314000244140625 2.9021802659450003e-07
1.3324000244140626 3.9005384845944106e-07
1.3334000244140625 6.530336032297582e-07
1.3344000244140626 2.98255271000003e-07
1.3354000244140625 3.974640966067698e-07
1.3364000244140626 7.283446358220369e-07
1.3374000244140625 4.789187223849549e-07
1.3384000244140626 1.2403582654414356e-07
1.3394000244140625 4.6576946568434173e-07
1.3404000244140626 2.6987802516344386e-07
1.3414000244140625 6.276467085934236e-08
1.3424000244140626 2.1268074250130148e-07
1.3434000244140625 1.7438504334346358e-07
1.3444000244140626 7.770450284032887e-07
1.3454000244140625 2.3751020906429984e-07
1.3464000244140626 1.7289593052728584e-07
1.3474000244140625 3.702916851954103e-07
1.3484000244140626 8.730011005405299e-09
1.3494000244140625 5.111754562357931e-07
1.3504000244140626 7.76474561810725e-07
1.3514000244140625 2.979814260892954e-09
1.3524000244140626 1.4668860782702587e-07
1.3534000244140625 6.553114330621272e-07
1.3544000244140626 2.7881152136380112e-11
1.3554000244140625 4.024411602513586e-07
1.3564000244140626 3.7581768490590926e-08
1.3574000244140625 4.477199107247153e-07
1.3584000244140626 1.2288188655988956e-07
1.3594000244140625 6.150362369175806e-08
1.3604000244140626 6.145979754959383e-08
1.3614000244140625 3.204839747155545e-07
1.3624000244140626 3.647528054884923e-07
1.3634000244140625 5.814059344504305e-07
1.3644000244140626 3.67573036379784e-07
1.3654000244140625 2.8345702153285384e-11
1.3664000244140626 2.45223141634605e-07
1.3674000244140625 6.352207365238389e-07
1.3684000244140626 1.1636122439973814e-07
1.3694000244140625 1.3169693503190162e-08
1.3704000244140624 3.2480299744847246e-07
1.3714000244140625 2.5964539896616766e-07
1.3724000244140624 4.5524644793647505e-07
1.3734000244140625 2.3450383085934644e-07
1.3744000244140624 3.792822700414341e-07
1.3754000244140625 4.532744289337621e-07
1.3764000244140624 1.080612022191096e-07
1.3774000244140625 8.101565843011628e-07
1.3784000244140624 2.535599431632518e-07
1.3794000244140625 2.746713370471379e-11
1.3804000244140624 4.297843172846539e-07
1.3814000244140625 2.090552780879128e-07
1.3824000244140624 4.815386828121318e-07
1.3834000244140625 1.9395630612324952e-10
1.3844000244140624 3.66314956217803e-07
1.3854000244140625 1.8560723367727187e-07
1.3864000244140624 9.414407722125068e-08
1.3874000244140625 4.0081888497905445e-07
1.3884000244140624 1.77039947759418e-07
1.3894000244140625 1.263079894344235e-08
1.3904000244140624 1.5807449225747539e-06
1.3914000244140625 5.373685674392902e-07
1.3924000244140624 3.969012976655508e-07
1.3934000244140625 8.310112458046203e-08
1.3944000244140624 4.231583916818271e-07
1.3954000244140625 8.857247670737055e-07
1.3964000244140624 6.849396960191915e-07
1.3974000244140625 3.227619018224177e-07
1.3984000244140624 2.524628202921435e-07
1.3994000244140625 7.191327851084718e-07
1.4004000244140624 2.942797260363512e-11
1.4014000244140625 3.482108035103636e-07
1.4024000244140624 6.132627596842885e-07
1.4034000244140625 1.3798741721095595e-07
1.4044000244140624 2.8923317747414447e-07
1.4054000244140625 8.605974708535484e-07
1.4064000244140624 1.1080134796268134e-07
1.4074000244140625 6.528689107464975e-07
1.4084000244140624 4.123871829652733e-07
1.4094000244140625 1.0213889261179762e-07
1.4104000244140624 4.480409384551063e-07
1.4114000244140625 9.838019308739666e-08
1.4124000244140624 9.768006641043839e-07
1.4134000244140625 3.7767138936632574e-07
1.4144000244140624 3.1705899302576373e-07
1.4154000244140625 5.80134079492039e-07
1.4164000244140624 3.1287421045873615e-11
1.4174000244140625 2.3666651097813671e-07
1.4184000244140624 3.777660188400281e-07
1.4194000244140625 4.649937857720572e-07
1.4204000244140624 3.150655602799489e-11
1.4214000244140625 9.963483281751284e-07
1.4224000244140624 3.806004022436322e-07
1.4234000244140625 5.630785930370645e-07
1.4244000244140624 3.1345103513081675e-11
1.4254000244140625 1.148321417365091e-06
1.4264000244140624 3.811292910370435e-07
1.4274000244140626 5.354771529452724e-07
1.4284000244140624 4.123054602977201e-07
1.4294000244140626 4.4643095038253184e-07
1.4304000244140624 5.195727954202e-07
1.4314000244140626 1.6403362542770176e-07
1.4324000244140624 1.0564965013690335e-06
1.4334000244140626 6.106716418657306e-07
1.4344000244140624 1.6629268363714025e-07
1.4354000244140626 4.821160689159991e-07
1.4364000244140624 3.517005767136017e-07
1.4374000244140626 6.432172294915911e-07
1.4384000244140625 5.101546671065132e-07
1.4394000244140626 5.63832272989274e-07
1.4404000244140625 4.39153214179404e-07
1.4414000244140626 1.4447465607907595e-06
1.4424000244140625 5.291307120323658e-07
1.4434000244140626 1.1800247306809678e-06
1.4444000244140625 1.2169619677087971e-06
1.4454000244140626 1.4710586468682578e-06
1.4464000244140625 9.471185524951079e-07
1.4474000244140626 1.3689011297702173e-06
1.4484000244140625 1.7850690773051267e-06
1.4494000244140626 1.1038929280503988e-06
1.4504000244140625 1.6882388200098573e-06
1.4514000244140626 1.7041174978526185e-06
1.4524000244140625 1.6328355195262756e-06
1.4534000244140626 1.881582590119008e-06
1.4544000244140625 1.7344126630203946e-06
1.4554000244140626 2.2617428364786175e-06
1.4564000244140625 2.4666725390503477e-06
1.4574000244140626 2.935811432124676e-06
1.4584000244140625 2.864259179709784e-06
1.4594000244140626 2.820281421612484e-06
1.4604000244140625 3.615632272097313e-06
1.4614000244140626 4.4221170529061194e-06
1.4624000244140625 4.633409904810566e-06
1.4634000244140626 5.238291840357632e-06
1.4644000244140625 5.942040883162834e-06
1.4654000244140626 6.467323841892002e-06
1.4664000244140625 8.711327482903647e-06
1.4674000244140626 8.167800216290007e-06
1.4684000244140625 1.0573242052102856e-05
1.4694000244140626 1.1090769524951306e-05
1.4704000244140625 1.2364401060678605e-05
1.4714000244140626 1.4906501949620556e-05
1.4724000244140625 1.7376088281963395e-05
1.4734000244140626 1.9743593254788923e-05
1.4744000244140625 2.227468504191762e-05
1.4754000244140626 2.500696503867702e-05
1.4764000244140625 2.7458456173532854e-05
1.4774000244140626 3.151093715653575e-05
1.4784000244140625 3.501392573889347e-05
1.4794000244140626 4.0965048464691026e-05
1.4804000244140625 4.509276484170519e-05
1.4814000244140626 4.9380202021369886e-05
1.4824000244140625 5.750089430419401e-05
1.4834000244140626 6.276489088754341e-05
1.4844000244140625 7.13414842418503e-05
1.4854000244140626 7.997305386462928e-05
1.4864000244140625 8.984004967115875e-05
1.4874000244140626 0.00010249595372271156
1.4884000244140625 0.00011342116359563857
1.4894000244140626 0.0001308514803463107
1.4904000244140625 0.0001493271163413617
1.4914000244140626 0.00017029454375218792
1.4924000244140625 0.00019524289595897055
1.4934000244140626 0.00022255856710082234
1.4944000244140625 0.00026264944781538595
1.4954000244140624 0.0002909052538466264
1.4964000244140625 0.0003419095782867028
1.4974000244140624 0.0003993026411729698
1.4984000244140625 0.00047214146458923013
1.4994000244140624 0.0005450823619160035
1.5004000244140625 0.0006473333487781134
1.5014000244140624 0.0007543881666078434
1.5024000244140625 0.0008803232249666946
1.5034000244140624 0.001039472133262239
1.5044000244140625 0.0012093015715568145
1.5054000244140624 0.0014436555839371379
1.5064000244140625 0.001695576280077403
1.5074000244140624 0.002006182389646207
1.5084000244140625 0.002322105826154611
1.5094000244140624 0.002715614516328525
1.5104000244140625 0.0031733845804081634
1.5114000244140624 0.0037954524348044806
1.5124000244140625 0.004322084618682033
1.5134000244140624 0.005142690488570102
1.5144000244140625 0.0057642733713296705
1.5154000244140624 0.00694626549219413
1.5164000244140625 0.008104286250023136
1.5174000244140624 0.009440883230926254
1.5184000244140625 0.010804288282662475
1.5194000244140624 0.011955880025868539
1.5204000244140625 0.013234902609530188
1.5214000244140624 0.014423600026838209
1.5224000244140625 0.01626096889958385
1.5234000244140624 0.018039718949642042
1.5244000244140625 0.01938112058264943
1.5254000244140624 0.02244469458645668
1.5264000244140625 0.024724557832991323
1.5274000244140624 0.02780006504411477
1.5284000244140625 0.03172500260498863
1.5294000244140624 0.036157812602225003
1.5304000244140625 0.04150308719164635
1.5314000244140624 0.04739218709833468
1.5324000244140625 0.054678413195372685
1.5334000244140624 0.06360423691514602
1.5344000244140625 0.07180081576410108
1.5354000244140624 0.0851158461989108
1.5364000244140625 0.09634733871100129
1.5374000244140624 0.10922242976212405
1.5384000244140625 0.13242929549341853
1.5394000244140624 0.14985136568117496
1.5404000244140625 0.1734385459745283
1.5414000244140624 0.19730932222999048
1.5424000244140625 0.22362767777556253
1.5434000244140624 0.24603167507913812
1.5444000244140625 0.2714569173589832
1.5454000244140624 0.29399885634404044
1.5464000244140625 0.3108775474868643
1.5474000244140624 0.3286044430094165
1.5484000244140625 0.3410935272901966
1.5494000244140624 0.3497874775832737
1.5504000244140625 0.3557076555893603
1.5514000244140624 0.35754562823193164
1.5524000244140626 0.36454174839246056
1.5534000244140624 0.36236792412929403
1.5544000244140626 0.36790898176156367
1.5554000244140624 0.36929565450140367
1.5564000244140626 0.3732567141037564
1.5574000244140624 0.370950865544102
1.5584000244140626 0.3688523729970348
1.5594000244140624 0.37850628136403536
1.5604000244140626 0.3740454192460582
1.5614000244140624 0.37520812763179284
1.5624000244140626 0.3835166942365389
1.5634000244140625 0.38199170864670823
1.5644000244140626 0.3792560721941401
1.5654000244140625 0.3848951320964043
1.5664000244140626 0.3809054348701195
1.5674000244140625 0.3808516267359021
1.5684000244140626 0.385710120322109
1.5694000244140625 0.38751838231152735
1.5704000244140626 0.3836723618072599
1.5714000244140625 0.3837731069965044
1.5724000244140626 0.3901249246646374
1.5734000244140625 0.3832613305791306
1.5744000244140626 0.3914090158987461
1.5754000244140625 0.39735947409334393
1.5764000244140626 0.39468949610891174
1.5774000244140625 0.3920664081690312
1.5784000244140626 0.3889207583382007
1.5794000244140625 0.3933262443792161
1.5804000244140626 0.40753358709809845
1.5814000244140625 0.395505935814516
1.5824000244140626 0.4078945768076099
1.5834000244140625 0.39933134944336574
1.5844000244140626 0.3986319079119236
1.5854000244140625 0.40329242813768285
1.5864000244140626 0.3997001165023417
1.5874000244140625 0.40675257964707
1.5884000244140626 0.4005672967454631
1.5894000244140625 0.4037819128054393
1.5904000244140626 0.40280612499490254
1.5914000244140625 0.4033158086018405
1.5924000244140626 0.39930754206106583
1.5934000244140625 0.4034169608648217
1.5944000244140626 0.4014097165220516
1.5954000244140625 0.3985705971641639
1.5964000244140626 0.3987655740568031
1.5974000244140625 0.40323564300942694
1.5984000244140626 0.3986106927545087
1.5994000244140625 0.39874550046449536
1.6004000244140626 0.40088987001457027
1.6014000244140625 0.40126984201939697
1.6024000244140626 0.4027731560944016
1.6034000244140625 0.4015970744213819
1.6044000244140626 0.40364702071879666
1.6054000244140625 0.40565146661618234
1.6064000244140626 0.4001683343643132
1.6074000244140625 0.400848718995639
1.6084000244140626 0.40048827542272053
1.6094000244140625 0.40244844956499676
1.6104000244140626 0.40038077353051243
1.6114000244140625 0.4039058639131728
1.6124000244140626 0.39756286420906795
1.6134000244140625 0.4013664806101815
1.6144000244140626 0.3912546941904616
1.6154000244140625 0.40695901398286344
1.6164000244140626 0.39413003119866674
1.6174000244140625 0.40117937580427604
1.6184000244140626 0.3968544674945829
1.6194000244140625 0.39697210168139907
1.6204000244140624 0.4032223335326806
1.6214000244140625 0.3987581236301004
1.6224000244140624 0.3940807581274863
1.6234000244140625 0.3961892403748987
1.6244000244140624 0.3995641510695354
1.6254000244140625 0.3903972385632764
1.6264000244140624 0.40981663589826345
1.6274000244140625 0.3997439470010284
1.6284000244140624 0.40068332329301776
1.6294000244140625 0.3996654834480017
1.6304000244140624 0.4025192253046591
1.6314000244140625 0.3905661786239272
1.6324000244140624 0.40294897320975565
1.6334000244140625 0.3986184520104692
1.6344000244140624 0.3968168254462772
1.6354000244140625 0.40637111863611364
1.6364000244140624 0.4074524060845809
1.6374000244140625 0.40525415223684397
1.6384000244140624 0.40754020328090995
1.6394000244140625 0.4084485582995123
1.6404000244140624 0.4108960688680719
1.6414000244140625 0.41239967831490465
1.6424000244140624 0.41094780254494756
1.6434000244140625 0.4107298192536311
1.6444000244140624 0.41884865342822786
1.6454000244140625 0.41724869372205764
1.6464000244140624 0.4151952232025473
1.6474000244140625 0.41356656145175236
1.6484000244140624 0.41708346059296914
1.6494000244140625 0.42056929430669604
1.6504000244140624 0.41916874839824375
1.6514000244140625 0.42547752186801424
1.6524000244140624 0.42092655790895667
1.6534000244140625 0.4124733343312081
1.6544000244140624 0.4234921426127051
1.6554000244140625 0.4167153869320946
1.6564000244140624 0.41696188549761115
1.6574000244140625 0.416444401973
1.6584000244140624 0.4178435964506106
1.6594000244140625 0.4240685243599701
1.6604000244140624 0.4210173304983569
1.6614000244140625 0.4191578995996668
1.6624000244140624 0.4175023722487499
1.6634000244140625 0.41640468360721744
1.6644000244140624 0.42012411685354956
1.6654000244140625 0.4197454954642994
1.6664000244140624 0.41637800946894576
1.6674000244140625 0.42002980000899637
1.6684000244140624 0.41853654378295185
1.6694000244140625 0.42120383779829385
1.6704000244140624 0.4170673906703922
1.6714000244140625 0.4143886707873176
1.6724000244140624 0.4161604134340518
1.6734000244140625 0.41832083588039826
1.6744000244140624 0.41885976965932376
1.6754000244140625 0.41882659414618006
1.6764000244140624 0.4225784976966399
1.6774000244140626 0.42023827527911944
1.6784000244140624 0.419520067204533
1.6794000244140626 0.42300910234284156
1.6804000244140624 0.41707213905607105
1.6814000244140626 0.4178587878483255
1.6824000244140624 0.4159415294531573
1.6834000244140626 0.42506734284978265
1.6844000244140624 0.422963916957121
1.6854000244140626 0.42068854920858484
1.6864000244140624 0.4150372256393632
1.6874000244140626 0.4188469728650905
1.6884000244140625 0.41491081956593007
1.6894000244140626 0.41117581418373356
1.6904000244140625 0.4131136786980301
1.6914000244140626 0.4217152509618148
1.6924000244140625 0.41920634445249827
1.6934000244140626 0.4156263448829773
1.6944000244140625 0.4135423648216607
1.6954000244140626 0.42256703313707655
1.6964000244140625 0.4117819626099297
1.6974000244140626 0.41235764432530514
1.6984000244140625 0.4116282865077016
1.6994000244140626 0.4067768003506301
1.7004000244140625 0.3998285762095876
1.7014000244140626 0.39582534073658043
1.7024000244140625 0.3902962058005836
1.7034000244140626 0.37828259643548656
1.7044000244140625 0.3658286596425615
1.7054000244140626 0.3528517928953873
1.7064000244140625 0.33736008115009725
1.7074000244140626 0.3229439985945124
1.7084000244140625 0.302056718162977
1.7094000244140626 0.28205989312218843
1.7104000244140625 0.2588280611552785
1.7114000244140626 0.23809739026473248
1.7124000244140625 0.21129619700608673
1.7134000244140626 0.2028255309137517
1.7144000244140625 0.1764857993244504
1.7154000244140626 0.15864591620897894
1.7164000244140625 0.14167896606074468
1.7174000244140626 0.1251107968808685
1.7184000244140625 0.1090588741580677
1.7194000244140626 0.09823251407753372
1.7204000244140625 0.08628549489594425
1.7214000244140626 0.07625534511201928
1.7224000244140625 0.06648377987593321
1.7234000244140626 0.05950124415507702
1.7244000244140625 0.053030134968482176
1.7254000244140626 0.04612646356945857
1.7264000244140625 0.0436744234468758
1.7274000244140626 0.039002128434397446
1.7284000244140625 0.034912290504992914
1.7294000244140626 0.03125878252747142
1.7304000244140625 0.029009364255731588
1.7314000244140626 0.025525961487831504
1.7324000244140625 0.022602385738574475
1.7334000244140626 0.01947735999061338
1.7344000244140625 0.016652481922122167
1.7354000244140626 0.014224320878715285
1.7364000244140625 0.012199075721963522
1.7374000244140626 0.010122064453570844
1.7384000244140625 0.009084914432613517
1.7394000244140626 0.007662921198618876
1.7404000244140625 0.006741752506600733
1.7414000244140626 0.00566832022436709
1.7424000244140625 0.004952129759965952
1.7434000244140626 0.0042557418129282615
1.7444000244140625 0.003581580894095885
1.7454000244140624 0.0031500309447820077
1.7464000244140625 0.002797960254032245
1.7474000244140624 0.002481861375388075
1.7484000244140625 0.0021382792355172783
1.7494000244140624 0.0018846851646229681
1.7504000244140625 0.0016485350414178362
1.7514000244140624 0.0014619469624295258
1.7524000244140625 0.0012885094304638418
1.7534000244140624 0.0011358236911652511
1.7544000244140625 0.0010370429405315157
1.7554000244140624 0.0008970268903657544
1.7564000244140625 0.0008021042333284467
1.7574000244140624 0.0007389332251877717
1.7584000244140625 0.000662499418476515
1.7594000244140624 0.0005990852714760897
1.7604000244140625 0.0005281274125849695
1.7614000244140624 0.0004826823314397257
1.7624000244140625 0.00043450973042111945
1.7634000244140624 0.0003893553632450585
1.7644000244140625 0.0003548064283766015
1.7654000244140624 0.0003309944024233516
1.7664000244140625 0.00030385847162480155
1.7674000244140624 0.00027584712905379994
1.7684000244140625 0.0002532492836616946
1.7694000244140624 0.0002316031463149741
1.7704000244140625 0.0002079820309983366
1.7714000244140624 0.0001930039493957689
1.7724000244140625 0.00018104691966909435
1.7734000244140624 0.00016571887279236773
1.7744000244140625 0.00015489272507559858
1.7754000244140624 0.000136941240848327
1.7764000244140625 0.00013397006647853998
1.7774000244140624 0.00011692086549505709
1.7784000244140625 0.0001112115167026956
1.7794000244140624 0.00010393750772698093
1.7804000244140625 9.528377904990132e-05
1.7814000244140624 9.129817711571105e-05
1.7824000244140625 8.232346575210835e-05
1.7834000244140624 7.643818070068062e-05
1.7844000244140625 7.218010782406496e-05
1.7854000244140624 6.463996599749973e-05
1.7864000244140625 6.399216568732971e-05
1.7874000244140624 5.5101702946844864e-05
1.7884000244140625 5.40170635687542e-05
1.7894000244140624 5.018743745288234e-05
1.7904000244140625 4.557868376502372e-05
1.7914000244140624 4.2387806112212944e-05
1.7924000244140625 3.8827250447167466e-05
1.7934000244140624 3.964357474529786e-05
1.7944000244140625 3.695911149598906e-05
1.7954000244140624 3.041757829912394e-05
1.7964000244140625 3.1618177674558966e-05
1.7974000244140624 3.124616242736221e-05
1.7984000244140625 2.7845750729717885e-05
1.7994000244140624 2.6223174640684448e-05
1.8004000244140625 2.3808941196914625e-05
1.8014000244140624 2.564147300511994e-05
1.8024000244140626 1.8449636329065434e-05
1.8034000244140624 1.735526655174271e-05
1.8044000244140626 1.8774883183219615e-05
1.8054000244140624 1.7717699473954902e-05
1.8064000244140626 1.4923242394857344e-05
1.8074000244140624 1.614144400414973e-05
1.8084000244140626 1.6058605232915442e-05
1.8094000244140624 1.151172815256191e-05
1.8104000244140626 1.5121278389479551e-05
1.8114000244140624 1.4223112008292141e-05
1.8124000244140626 1.4193571371262697e-05
1.8134000244140625 1.0517054713205642e-05
1.8144000244140626 7.959041630979715e-06
1.8154000244140625 1.4233916530382599e-05
1.8164000244140626 8.735449144820076e-06
1.8174000244140625 1.0505508026082426e-05
1.8184000244140626 1.0275379783935878e-05
1.8194000244140625 5.439166844089903e-06
1.8204000244140626 8.562353372917718e-06
1.8214000244140625 8.501488339837012e-06
1.8224000244140626 4.743312056316269e-06
1.8234000244140625 5.931275385584689e-06
1.8244000244140626 8.283706746275723e-06
1.8254000244140625 5.852638380368042e-06
1.8264000244140626 4.650385189381228e-06
1.8274000244140625 2.4909993424400102e-06
1.8284000244140626 5.05547700443245e-06
1.8294000244140625 6.6865671551811075e-06
1.8304000244140626 6.250601279669957e-07
1.8314000244140625 5.832794926161791e-06
1.8324000244140626 7.069290463777155e-06
1.8334000244140625 4.303625863970493e-06
1.8344000244140626 7.383233084685242e-07
1.8354000244140625 5.107609250133915e-06
1.8364000244140626 2.1779005136736025e-06
1.8374000244140625 5.1217201681346875e-06
1.8384000244140626 6.623321602026586e-06
1.8394000244140625 3.377279810050925e-06
1.8404000244140626 3.980140877609375e-06
1.8414000244140625 1.6072638698727734e-06
1.8424000244140626 6.884751294167027e-06
1.8434000244140625 4.245153339187101e-06
1.8444000244140626 3.967931628253649e-06
1.8454000244140625 9.481143077688972e-06
1.8464000244140626 3.5614558502245293e-07
1.8474000244140625 4.424050821336546e-06
1.8484000244140626 3.805734850228994e-06
1.8494000244140625 2.6501155270462454e-06
1.8504000244140626 3.0223538070235444e-06
1.8514000244140625 8.196613832664544e-07
1.8524000244140626 5.9509168210374575e-06
1.8534000244140625 3.3390157842421174e-06
1.8544000244140626 4.51377673826873e-08
1.8554000244140625 5.137073710604624e-07
1.8564000244140626 3.7690607015065737e-06
1.8574000244140625 4.545761210108993e-06
1.8584000244140626 3.9910088264780814e-07
1.8594000244140625 4.822858041280491e-06
1.8604000244140626 4.702228067692799e-06
1.8614000244140625 2.3324757909798843e-06
1.8624000244140626 1.6540562202495981e-06
1.8634000244140625 1.214723572101881e-06
1.8644000244140626 9.191522297870893e-07
1.8654000244140625 1.1174625213146823e-06
1.8664000244140626 6.639716623440922e-06
1.8674000244140625 2.6050507112483135e-06
1.8684000244140626 1.0780091843818731e-06
1.8694000244140625 4.679658401353365e-06
1.8704000244140624 4.787064552109118e-06
1.8714000244140625 1.4520380810053314e-06
1.8724000244140624 3.1350985081386702e-06
1.8734000244140625 3.0905266628413303e-09
1.8744000244140624 3.4954537584318996e-06
1.8754000244140625 5.400145593975723e-06
1.8764000244140624 1.5308499242123436e-06
1.8774000244140625 5.258940175052648e-06
1.8784000244140624 4.297251696966269e-06
1.8794000244140625 1.058961097925211e-06
1.8804000244140624 2.936415361685306e-06
1.8814000244140625 6.879904710122309e-07
1.8824000244140624 8.293332293323425e-07
1.8834000244140625 1.9735202548906727e-06
1.8844000244140624 4.535939100945287e-06
1.8854000244140625 4.4611287664016815e-11
1.8864000244140624 2.6402760091876047e-06
1.8874000244140625 2.807885165564383e-06
1.8884000244140624 1.3013478613498032e-06
1.8894000244140625 3.0553907311493547e-06
1.8904000244140624 4.310236012257101e-06
1.8914000244140625 1.333898774699095e-06
1.8924000244140624 1.515787236230498e-06
1.8934000244140625 4.527685518590676e-07
1.8944000244140624 4.951277753617699e-06
1.8954000244140625 2.921068556875804e-06
1.8964000244140624 2.284361813882025e-06
1.8974000244140625 4.470895122525751e-11
1.8984000244140624 2.4974602464227167e-06
1.8994000244140625 2.65347967449174e-06
1.9004000244140624 2.2555513029036395e-06
1.9014000244140625 9.653521010715676e-07
1.9024000244140624 1.374938686342842e-06
1.9034000244140625 1.5900667101957497e-06
1.9044000244140624 1.2172241728956084e-06
1.9054000244140625 4.119391561059937e-06
1.9064000244140624 4.1092433596790103e-07
1.9074000244140625 2.248903997375784e-06
1.9084000244140624 1.2661977096325133e-06
1.9094000244140625 4.4835826982264044e-11
1.9104000244140624 4.496784863034914e-11
1.9114000244140625 7.77885447522273e-06
1.9124000244140624 4.216212065597181e-07
1.9134000244140625 2.1249431444355185e-06
1.9144000244140624 6.433194539981698e-07
1.9154000244140625 5.785156222074112e-06
1.9164000244140624 4.482750202852158e-11
1.9174000244140625 4.2614621852014735e-07
1.9184000244140624 4.642398783442446e-06
1.9194000244140625 3.8468440084653595e-07
1.9204000244140624 3.506244067790547e-07
1.9214000244140625 2.363928177102654e-06
1.9224000244140624 2.60023341797321e-06
1.9234000244140625 2.9182457093595002e-06
1.9244000244140624 4.4842155572366094e-11
1.9254000244140625 3.8924393561910087e-07
1.9264000244140624 1.6691121814682168e-06
1.9274000244140626 1.3868668989791087e-06
1.9284000244140624 1.5019145039842438e-06
1.9294000244140626 7.458005785920148e-07
1.9304000244140624 1.3941184728542192e-06
1.9314000244140626 1.1973994428467615e-06
1.9324000244140624 1.4259018957041971e-06
1.9334000244140626 5.931594585738179e-07
1.9344000244140624 2.5313636552042657e-07
1.9354000244140626 2.4969494914084967e-06
1.9364000244140624 1.655816422892104e-06
1.9374000244140626 9.098657112171251e-07
1.9384000244140625 1.2872879278207786e-06
1.9394000244140626 4.2117003180430534e-07
1.9404000244140625 9.991204580501352e-07
1.9414000244140626 2.9449573361421376e-06
1.9424000244140625 4.501689379878576e-11
1.9434000244140626 4.5135187653845696e-11
1.9444000244140625 1.0842660146613099e-06
1.9454000244140626 3.815708480728507e-06
1.9464000244140625 9.296137830054799e-07
1.9474000244140626 2.1280266250477368e-06
1.9484000244140625 4.511087834723447e-11
1.9494000244140626 2.057083822452991e-06
1.9504000244140625 3.451495943050798e-06
1.9514000244140626 2.244045145676039e-06
1.9524000244140625 4.518814531919166e-11
1.9534000244140626 2.6211222480074416e-06
1.9544000244140625 3.202877734531013e-06
1.9554000244140626 1.0917022605610081e-07
1.9564000244140625 6.695583621995977e-06
1.9574000244140626 1.8438720889119953e-06
1.9584000244140625 3.553397795254912e-07
1.9594000244140626 2.286714158562054e-07
1.9604000244140625 2.482026189538068e-06
1.9614000244140626 3.1273820575497523e-06
1.9624000244140625 1.1592224256639474e-06
1.9634000244140626 3.974018204517518e-06
1.9644000244140625 4.499733224728783e-11
1.9654000244140626 2.615037136965678e-06
1.9664000244140625 1.7279681324799818e-06
1.9674000244140626 3.345960049338497e-06
1.9684000244140625 3.016660568796893e-07
1.9694000244140626 2.8739096251055494e-06
1.9704000244140625 1.1885626028635372e-06
1.9714000244140626 6.771684270661607e-06
1.9724000244140625 3.0459628925803635e-06
1.9734000244140626 4.80947665365027e-07
1.9744000244140625 3.5097859554065964e-06
1.9754000244140626 4.522637318517236e-11
1.9764000244140625 3.187237154620399e-06
1.9774000244140626 5.8552873869398325e-06
1.9784000244140625 2.026473204866447e-06
1.9794000244140626 1.7008313280403669e-06
1.9804000244140625 4.555017827482601e-07
1.9814000244140626 3.6434226154914897e-07
1.9824000244140625 3.1748259211885842e-06
1.9834000244140626 3.416283670120825e-07
1.9844000244140625 9.580600725727099e-07
1.9854000244140626 4.8087190217796935e-06
1.9864000244140625 1.2390438385287801e-06
1.9874000244140626 4.5666198461357083e-11
1.9884000244140625 5.627037948593277e-06
1.9894000244140626 1.8888032385048737e-06
1.9904000244140625 2.2745660625255434e-06
1.9914000244140626 1.360767800816359e-07
1.9924000244140625 3.1368855723795497e-06
1.9934000244140626 5.583280274643045e-06
1.9944000244140625 2.9773158139207167e-06
1.9954000244140624 4.555595705775875e-11
1.9964000244140625 3.402285850562382e-06
1.9974000244140624 1.9704361397564827e-06
1.9984000244140625 5.4768517832929744e-06
1.9994000244140624 1.429270015032676e-06
2.0004000244140623 4.313087633685455e-06
2.0014000244140626 1.5948858162661231e-06
2.0024000244140625 3.873299662679098e-06
2.0034000244140624 1.5966730349227879e-06
2.0044000244140623 3.5566892130521145e-06
2.0054000244140626 1.172606396521037e-06
2.0064000244140625 4.490375004474014e-06
2.0074000244140624 2.4043177036470277e-06
2.0084000244140623 4.543651093084559e-11
2.0094000244140626 4.5409729601009484e-11
2.0104000244140625 3.0360940558873383e-06
2.0114000244140624 4.316243956531668e-06
2.0124000244140623 2.2544019456347124e-06
2.0134000244140626 1.9673795244464544e-06
2.0144000244140625 4.5202013694914066e-11
2.0154000244140624 3.320233633955809e-06
2.0164000244140623 5.714196270466501e-06
2.0174000244140626 1.3904369587773762e-06
2.0184000244140625 4.511103026661251e-11
2.0194000244140624 4.081328495427922e-06
2.0204000244140623 4.493571602853059e-11
2.0214000244140626 7.452530644406355e-07
2.0224000244140625 4.882164366995726e-06
2.0234000244140624 1.0932584287388316e-06
2.0244000244140623 2.1413836544849168e-06
2.0254000244140626 6.705127980714623e-06
2.0264000244140625 4.584557340320037e-07
2.0274000244140624 3.6138761795874444e-06
2.0284000244140623 1.6562556493477207e-06
2.0294000244140626 1.8789397945867756e-06
2.0304000244140625 5.110312180405599e-06
2.0314000244140624 2.6832269654158744e-06
2.0324000244140623 1.6704109785074834e-06
2.0334000244140626 4.52600525332655e-11
2.0344000244140625 2.0594648375799594e-06
2.0354000244140624 2.870899333855523e-06
2.0364000244140623 4.5274733178387904e-11
2.0374000244140626 4.5283378980642794e-11
2.0384000244140625 5.585945686267393e-06
2.0394000244140624 5.287742663415227e-06
2.0404000244140623 1.7742591603033305e-07
2.0414000244140627 1.489293882247186e-06
2.0424000244140625 1.3826393472068717e-06
2.0434000244140624 2.7665654133180114e-06
2.0444000244140623 1.5787884395522933e-06
2.0454000244140627 4.689838426584831e-07
2.0464000244140625 3.299719901854422e-06
2.0474000244140624 6.219493904595949e-06
2.04839990234375 3.895773703088025e-06
2.04939990234375 2.3987357930242486e-06
2.05039990234375 4.526693214926534e-11
2.05139990234375 1.0342842038040096e-06
2.05239990234375 2.604075126077952e-06
2.05339990234375 2.4793113353119998e-06
2.05439990234375 3.6979437933391123e-06
2.05539990234375 4.358650672587727e-06
2.05639990234375 4.5290642400579584e-11
2.05739990234375 4.235229947754396e-06
2.05839990234375 4.53995312813273e-11
2.05939990234375 8.713348472056759e-07
2.06039990234375 6.414055127927361e-06
2.06139990234375 4.5279583104072016e-11
2.06239990234375 3.477256328706384e-06
2.06339990234375 2.0479008817254092e-06
2.06439990234375 4.975006795258456e-07
2.06539990234375 1.8008731338473974e-06
2.06639990234375 3.7730609479544725e-06
2.06739990234375 1.3081050705252138e-06
2.06839990234375 1.3012695192210385e-07
2.06939990234375 3.808655926634965e-06
2.07039990234375 1.3135899664703244e-06
2.07139990234375 8.711482246852161e-07
2.07239990234375 1.2247343731506014e-06
2.07339990234375 4.798027958957254e-06
2.07439990234375 1.1870246409973712e-06
2.07539990234375 2.4972865020250994e-06
2.07639990234375 1.4634848354154165e-06
2.07739990234375 3.6925869628710835e-06
2.07839990234375 1.4262064836339554e-07
2.07939990234375 6.206547348061464e-07
2.08039990234375 2.808196218395301e-06
2.08139990234375 2.8592382168565814e-06
2.08239990234375 4.559911948283055e-11
2.08339990234375 4.564451478421849e-11
2.08439990234375 1.6644436377473896e-06
2.08539990234375 2.394777536774869e-06
2.08639990234375 3.5313373573853067e-06
2.08739990234375 4.563436561955513e-11
2.08839990234375 9.006662125376742e-07
2.08939990234375 4.424393145605949e-06
2.09039990234375 4.730632363117014e-07
2.09139990234375 4.672326167925903e-06
2.09239990234375 1.4828230205077625e-06
2.09339990234375 2.3137828967958376e-07
2.09439990234375 9.42175430639256e-08
2.09539990234375 2.2718004362691e-06
2.09639990234375 5.636052421194536e-06
2.09739990234375 1.3569887316894215e-06
2.09839990234375 5.5031123258284436e-06
2.09939990234375 5.293912007098433e-08
2.10039990234375 4.5110540844133015e-11
2.10139990234375 1.032427368097846e-06
2.10239990234375 1.1484543809326578e-06
2.10339990234375 4.901280853986981e-06
2.10439990234375 9.601626588115931e-08
2.10539990234375 6.212024829110753e-06
2.10639990234375 4.4863929825386995e-11
2.10739990234375 7.364133988692693e-06
2.10839990234375 4.4798014681843086e-11
2.10939990234375 5.587915940489655e-06
2.11039990234375 8.389738682968377e-06
2.11139990234375 7.48547155661689e-06
2.11239990234375 4.455725531185902e-11
2.11339990234375 7.48472693910665e-07
2.11439990234375 9.961529191380737e-06
2.11539990234375 4.459840892962926e-11
2.11639990234375 4.461722051038377e-11
2.11739990234375 4.4657410235172936e-11
2.11839990234375 4.969893256908639e-06
2.11939990234375 4.328365828473805e-06
2.12039990234375 4.4919923133307735e-11
2.12139990234375 4.501476231377217e-11
2.12239990234375 6.852657118197058e-06
2.12339990234375 8.197637546628556e-06
2.12439990234375 7.914700986416071e-07
2.12539990234375 4.1489492078612163e-07
2.12639990234375 2.207328600580271e-06
2.12739990234375 4.5326209889452536e-11
2.12839990234375 4.526795740068797e-11
2.12939990234375 9.57315630734665e-07
2.13039990234375 3.1587389900840457e-06
2.13139990234375 4.513611754965206e-06
2.13239990234375 1.5546231465321629e-06
2.13339990234375 7.00038645750151e-07
2.13439990234375 4.534764420730577e-11
2.13539990234375 2.124785151609799e-06
2.13639990234375 4.5341645306340855e-11
2.13739990234375 1.2063931089739559e-05
2.13839990234375 1.7810802419141478e-06
2.13939990234375 7.578705864042124e-06
2.14039990234375 1.1143592665796728e-06
2.14139990234375 7.320738825024501e-06
2.14239990234375 3.813781318997519e-06
2.14339990234375 4.824999543513076e-07
2.14439990234375 4.4944011206996634e-11
2.14539990234375 7.186799540417835e-06
2.14639990234375 3.5605586890942504e-06
2.14739990234375 4.809198553648257e-07
2.14839990234375 2.6182886972023587e-06
2.14939990234375 4.511047751194161e-06
2.15039990234375 9.726069007406567e-07
2.15139990234375 4.485312896271115e-11
2.15239990234375 3.895314748988873e-06
2.15339990234375 2.5002609721508916e-06
2.15439990234375 1.773920526702921e-05
2.15539990234375 4.469513767385711e-11
2.15639990234375 9.06319166417814e-07
2.15739990234375 1.755704204635868e-06
2.15839990234375 1.5061262424604613e-06
2.15939990234375 2.757904857137103e-06
2.16039990234375 5.03972356522494e-06
2.16139990234375 2.8739421908502907e-06
2.16239990234375 2.7021371464125336e-06
2.16339990234375 4.454613618372783e-11
2.16439990234375 7.654762534945715e-07
2.16539990234375 2.751158195468143e-06
2.16639990234375 4.425362404563562e-11
2.16739990234375 5.677556197768691e-06
2.16839990234375 4.4260656407104003e-11
2.16939990234375 3.590618038834915e-06
2.17039990234375 4.4111741902030816e-11
2.17139990234375 1.0229311343505747e-07
2.17239990234375 1.071393429168076e-06
2.17339990234375 4.2312731636421465e-06
2.17439990234375 3.963976876375389e-07
2.17539990234375 3.2757800754359355e-07
2.17639990234375 3.5130594929103384e-06
2.17739990234375 6.365259436235212e-06
2.17839990234375 7.169407700067775e-07
2.17939990234375 4.905760588612265e-07
2.18039990234375 9.810388636120832e-07
2.18139990234375 4.276807268714402e-11
2.18239990234375 4.226463363330652e-06
2.18339990234375 3.2258905154484784e-06
2.18439990234375 8.044224295137477e-07
2.18539990234375 4.1761575134675445e-11
2.18639990234375 1.6273949073272807e-06
2.18739990234375 6.6690788785082054e-06
2.18839990234375 4.206204713354759e-06
2.18939990234375 1.3070584560776856e-06
2.19039990234375 3.538866482939691e-06
2.19139990234375 8.499723738843583e-07
2.19239990234375 3.932712719580387e-11
2.19339990234375 4.273250987503944e-06
2.19439990234375 3.040750809754943e-06
2.19539990234375 3.1511946957942826e-06
2.19639990234375 2.5963758851640922e-06
2.19739990234375 7.804629304933713e-06
2.19839990234375 3.659385998117993e-11
2.19939990234375 3.6093119807542155e-11
2.20039990234375 6.720737460818463e-07
2.20139990234375 3.950964776694359e-06
2.20239990234375 3.0023719168035323e-06
2.20339990234375 6.462324441031967e-06
2.20439990234375 8.270024670146483e-07
2.20539990234375 3.331964480149186e-11
2.20639990234375 3.3037588609450345e-11
2.20739990234375 2.1740249003629985e-06
2.20839990234375 1.7428840872829146e-06
2.20939990234375 2.502355087743724e-06
2.21039990234375 3.1920046804196635e-11
2.21139990234375 3.179197444338953e-11
2.21239990234375 3.174053261060079e-11
2.21339990234375 1.7152683461272892e-06
2.21439990234375 2.1380199172829e-07
2.21539990234375 3.148284376820924e-11
2.21639990234375 4.448130699497383e-06
2.21739990234375 3.1533284677093914e-11
2.21839990234375 1.7977221808351596e-06
2.21939990234375 3.156863286040994e-11
2.22039990234375 1.0688674414216413e-05
2.22139990234375 3.585872927973573e-06
2.22239990234375 1.1357930589440553e-06
2.22339990234375 3.180806708008763e-11
2.22439990234375 3.188322707155189e-11
2.22539990234375 5.508889862912187e-07
2.22639990234375 4.2014456795695555e-06
2.22739990234375 4.725886364455363e-06
2.22839990234375 1.5988526243609397e-06
2.22939990234375 3.23551885217952e-11
2.23039990234375 4.676532894310112e-06
2.23139990234375 1.4331028663849913e-05
2.23239990234375 3.2889017466538496e-11
2.23339990234375 1.0399703350469689e-06
2.23439990234375 7.1321753691747615e-06
2.23539990234375 1.975406000226645e-06
2.23639990234375 3.358834777757818e-11
2.23739990234375 1.3895376621939998e-06
2.23839990234375 8.992731642672724e-06
2.23939990234375 1.0416318723214169e-05
2.24039990234375 1.0650497008135957e-06
2.24139990234375 8.85237328333521e-06
2.24239990234375 8.808573291598605e-06
2.24339990234375 3.1833509257358248e-06
2.24439990234375 3.421601117416357e-11
2.24539990234375 1.281386836239851e-06
2.24639990234375 1.3717746071231536e-05
2.24739990234375 3.815227794862665e-06
2.24839990234375 2.6954253343960864e-06
2.24939990234375 6.085546383544691e-06
2.25039990234375 2.238975365927663e-06
2.25139990234375 3.460610674324245e-06
2.25239990234375 1.3126944774056468e-05
2.25339990234375 1.065383686692395e-05
2.25439990234375 3.475222100756903e-11
2.25539990234375 1.3276769023995078e-05
2.25639990234375 1.2020655609796717e-05
2.25739990234375 5.349567593673498e-06
2.25839990234375 1.9586666861112387e-07
2.25939990234375 9.899952141229234e-06
2.26039990234375 3.5384889362067868e-06
2.26139990234375 1.4188263727497833e-05
2.26239990234375 3.0763947995209106e-06
2.26339990234375 1.6301042258697123e-05
2.26439990234375 6.733107753143368e-06
2.26539990234375 1.1599501230941679e-05
2.26639990234375 2.4447122592313905e-06
2.26739990234375 1.9770522153881694e-06
2.26839990234375 1.0472485155582679e-05
2.26939990234375 3.664549441404245e-11
2.27039990234375 4.0985019413983765e-06
2.27139990234375 2.2996024869543396e-06
2.27239990234375 1.591180526673956e-06
2.27339990234375 5.98478569893439e-06
2.27439990234375 5.179540786100844e-06
2.27539990234375 3.741087943075225e-11
2.27639990234375 2.0050135863342508e-05
2.27739990234375 7.130719916509096e-06
2.27839990234375 6.7584575959432815e-06
2.27939990234375 1.4846662347130563e-06
2.28039990234375 7.0653479525662545e-06
2.28139990234375 8.247751627260957e-06
2.28239990234375 1.8008431210203786e-06
2.28339990234375 3.8511544051194264e-11
2.28439990234375 6.015830227190208e-07
2.28539990234375 1.9270396228996954e-06
2.28639990234375 3.113444394532407e-06
2.28739990234375 3.969173804432677e-06
2.28839990234375 3.908594760042e-11
2.28939990234375 1.0794362654929327e-06
2.29039990234375 9.826955060812033e-07
2.29139990234375 5.83983505833786e-06
2.29239990234375 1.8357616760738602e-06
2.29339990234375 7.523370295842625e-07
2.29439990234375 1.1975613235643854e-06
2.29539990234375 1.8333796273690078e-06
2.29639990234375 3.98594677171399e-11
2.29739990234375 1.0479891203045449e-06
2.29839990234375 4.086183642980756e-06
2.29939990234375 4.473826410022288e-06
2.30039990234375 1.244209301730132e-06
2.30139990234375 4.06082781978513e-06
2.30239990234375 4.781020705269484e-06
2.30339990234375 4.916190746344901e-07
2.30439990234375 8.301673442080245e-07
2.30539990234375 5.746829303005989e-07
2.30639990234375 3.7070546584191526e-07
2.30739990234375 3.4740439735856617e-06
2.30839990234375 3.477630248481828e-06
2.30939990234375 3.9801580097856787e-11
2.31039990234375 4.807059622417262e-06
2.31139990234375 3.4651022679398245e-06
2.31239990234375 2.1002373742137975e-06
2.31339990234375 3.881661147511606e-11
2.31439990234375 1.658119079888112e-06
2.31539990234375 3.1824681400539633e-06
2.31639990234375 3.84824607614617e-06
2.31739990234375 2.0376139614703535e-06
2.31839990234375 3.64683442965366e-11
2.31939990234375 1.9725336419847323e-06
2.32039990234375 4.5466990426134455e-06
2.32139990234375 3.4157120538570795e-11
2.32239990234375 2.1498832038838565e-06
2.32339990234375 3.2434794657927264e-11
2.32439990234375 2.6095010794829344e-07
2.32539990234375 1.0215140452036973e-06
2.32639990234375 2.655148549003754e-06
2.32739990234375 2.1710377019996555e-06
2.32839990234375 5.762410243130011e-08
2.32939990234375 2.2276798782206626e-06
2.33039990234375 1.1227471369562125e-06
2.33139990234375 1.4918817413324634e-06
2.33239990234375 1.9239248480199078e-07
2.33339990234375 9.808640487266516e-07
2.33439990234375 1.7497788391902639e-06
2.33539990234375 2.81520693616325e-08
2.33639990234375 7.153690199434027e-07
2.33739990234375 9.61273637203348e-07
2.33839990234375 2.658334822936363e-06
2.33939990234375 2.4388654119296093e-07
2.34039990234375 1.8446663419230237e-06
2.34139990234375 7.885000005095647e-07
2.34239990234375 1.1233642056127057e-06
2.34339990234375 1.524958015594849e-11
2.34439990234375 1.2013888584623153e-06
2.34539990234375 3.424745724731468e-07
2.34639990234375 4.493347096667081e-07
2.34739990234375 7.443117633083592e-07
2.34839990234375 4.040624709966536e-07
2.34939990234375 1.4120788581866731e-06
2.35039990234375 2.361135109145517e-06
2.35139990234375 6.49515070238239e-07
2.35239990234375 6.09462411408059e-07
2.35339990234375 1.112663373462489e-06
2.35439990234375 1.8439746984343565e-06
2.35539990234375 1.0504129315827773e-07
2.35639990234375 1.0157455960541551e-06
2.35739990234375 8.663746508977839e-08
2.35839990234375 1.1277145335744204e-06
2.35939990234375 6.896631058303744e-07
2.36039990234375 8.081543600994882e-07
2.36139990234375 2.612146569229803e-07
2.36239990234375 1.1222509400580113e-06
2.36339990234375 3.052325442855707e-07
2.36439990234375 3.899399951307639e-07
2.36539990234375 1.1768704005426905e-06
2.36639990234375 7.056807920931994e-07
2.36739990234375 3.4997703760991466e-07
2.36839990234375 2.958427927338458e-09
2.36939990234375 1.6190718932838905e-07
2.37039990234375 5.267763866947446e-07
2.37139990234375 2.0871254931042016e-07
2.37239990234375 6.234971841004743e-07
2.37339990234375 2.3402576065726174e-12
2.37439990234375 2.771221893837896e-07
2.37539990234375 5.1805751576305836e-08
2.37639990234375 1.544144732346296e-07
2.37739990234375 2.722175959215422e-07
2.37839990234375 6.472558816637959e-08
2.37939990234375 2.3657483578943192e-07
2.38039990234375 1.4616657716846756e-07
2.38139990234375 7.7239413799509e-08
2.38239990234375 8.45460694169614e-08
2.38339990234375 7.932998611443268e-09
2.38439990234375 4.6730153117605265e-08
2.38539990234375 1.9068943335857046e-07
2.38639990234375 1.3420681055314264e-07
2.38739990234375 1.296209179662514e-07
2.38839990234375 1.3146673789510761e-08
2.38939990234375 3.818374714204861e-08
2.39039990234375 3.713004722929646e-08
2.39139990234375 5.848075971906478e-13
2.39239990234375 9.533118212580735e-09
2.39339990234375 1.7712757195429615e-08
2.39439990234375 4.628493184965842e-13
2.39539990234375 1.1137827692137706e-07
2.39639990234375 1.395629659803086e-08
2.39739990234375 8.981977719418458e-08
2.39839990234375 5.6750658592163936e-08
2.39939990234375 1.3366243918319176e-09
2.40039990234375 1.7085939460916345e-08
2.40139990234375 2.2642101670374554e-13
2.40239990234375 1.773318955410874e-08
2.40339990234375 7.6265185184057e-08
2.40439990234375 2.441241507578425e-08
2.40539990234375 1.2809068899620625e-08
2.40639990234375 8.60604085108703e-09
2.40739990234375 6.163563572330772e-09
2.40839990234375 1.709329998547212e-08
2.40939990234375 1.0730494474811827e-08
2.41039990234375 1.1033682088310561e-08
2.41139990234375 6.372915319805479e-09
2.41239990234375 5.26991764046872e-09
2.41339990234375 4.246949994482723e-14
2.41439990234375 1.6316926807180649e-09
2.41539990234375 3.8123426202003715e-09
2.41639990234375 7.878778659118127e-10
2.41739990234375 2.8331385421968748e-09
2.41839990234375 4.731930151788703e-09
2.41939990234375 1.9586470194071737e-09
2.42039990234375 2.095289424296214e-09
2.42139990234375 1.3710852437241706e-09
2.42239990234375 4.98043418554196e-10
2.42339990234375 2.112822368376349e-10
2.42439990234375 1.4682954489928e-09
2.42539990234375 6.105442705795011e-10
2.42639990234375 9.394370817447316e-10
2.42739990234375 1.1643710523506762e-09
2.42839990234375 1.3160854738792203e-09
2.42939990234375 1.247413349512444e-09
2.43039990234375 1.0417694816335005e-09
2.43139990234375 3.1681709875699823e-10
2.43239990234375 1.8368850976832108e-09
2.43339990234375 3.8158437989396954e-15
2.43439990234375 1.722143117674692e-10
2.43539990234375 8.037527482258547e-10
2.43639990234375 2.943678878285329e-10
2.43739990234375 1.1002133191871081e-10
2.43839990234375 2.777034635230186e-10
2.43939990234375 6.057346555678488e-10
2.44039990234375 4.62540002396877e-11
2.44139990234375 2.4130405081247405e-10
2.44239990234375 1.194356061583209e-10
2.44339990234375 1.483079197329117e-11
2.44439990234375 3.104900997756972e-10
2.44539990234375 1.4054514225980629e-10
2.44639990234375 1.331987499490458e-10
2.44739990234375 3.504635029873412e-10
2.44839990234375 2.974416972819013e-10
2.44939990234375 1.0184438483343209e-10
2.45039990234375 1.1528581427376678e-10
2.45139990234375 1.2406611835593035e-11
2.45239990234375 3.288071602986898e-11
2.45339990234375 4.59762590221063e-14
2.45439990234375 2.4643342214204467e-11
2.45539990234375 1.0026592281224336e-10
2.45639990234375 8.363452403441414e-11
2.45739990234375 3.812251236371367e-11
2.45839990234375 8.341023811314115e-11
2.45939990234375 2.6489667886142653e-11
2.46039990234375 2.0416532248193008e-16
2.46139990234375 2.033862970415108e-11
2.46239990234375 2.4646255157367473e-11
2.46339990234375 3.446303676040455e-11
2.46439990234375 5.840084705550122e-12
2.46539990234375 2.4526217460626926e-11
2.46639990234375 1.0888744040421762e-11
2.46739990234375 7.609525477242462e-17
2.46839990234375 5.506315401990977e-12
2.46939990234375 1.6557829749579525e-11
2.47039990234375 6.818889959888116e-12
2.47139990234375 1.8677998188982425e-12
2.47239990234375 8.631797273028517e-13
2.47339990234375 1.0293498275807857e-11
2.47439990234375 1.1422858238313693e-12
2.47539990234375 5.722024200693778e-12
2.47639990234375 2.0157745522612975e-12
2.47739990234375 1.2967607973267943e-12
2.47839990234375 5.4536018455383796e-12
2.47939990234375 4.085706792935975e-13
2.48039990234375 2.601505421189701e-12
2.48139990234375 1.0131407713353633e-13
2.48239990234375 2.0860941343997206e-12
2.48339990234375 8.268972739409213e-18
2.48439990234375 6.656778089451229e-13
2.48539990234375 1.092803344507992e-12
2.48639990234375 6.140667601683292e-13
2.48739990234375 2.91502400159755e-12
2.48839990234375 1.3476757961120532e-12
2.48939990234375 5.371589880302876e-13
2.49039990234375 3.746076579650917e-13
2.49139990234375 1.1211746290491325e-12
2.49239990234375 3.213921378237923e-18
2.49339990234375 9.410982611576332e-13
2.49439990234375 4.614273353077248e-13
2.49539990234375 2.1686716639071968e-15
2.49639990234375 1.4346246129323611e-13
2.49739990234375 5.364954269136239e-13
2.49839990234375 4.541458432203615e-13
2.49939990234375 1.6416747851438296e-13
2.50039990234375 6.020161405559866e-13
2.50139990234375 1.4971864138755972e-13
2.50239990234375 1.4330976354818316e-18
2.50339990234375 4.545792750228901e-13
2.50439990234375 4.855459035013035e-13
2.50539990234375 1.1496952311905407e-18
2.50639990234375 3.197907512539065e-13
2.50739990234375 2.24360745282438e-13
2.50839990234375 6.893466403170602e-14
2.50939990234375 3.547756984007238e-13
2.51039990234375 1.8281182856874095e-13
2.51139990234375 1.8883113476558845e-13
2.51239990234375 1.4976068678410946e-13
2.51339990234375 3.032106960970531e-13
2.51439990234375 2.087693421187387e-14
2.51539990234375 7.470238403012343e-14
2.51639990234375 5.390013359310391e-19
2.51739990234375 3.5982354840795324e-14
2.51839990234375 4.692954374687912e-19
2.51939990234375 5.969645642716475e-14
2.52039990234375 4.0684643866365754e-19
2.52139990234375 3.787712577633193e-19
2.52239990234375 7.225330817378955e-15
2.52339990234375 6.837200854234992e-14
2.52439990234375 3.04992987470548e-19
2.52539990234375 7.712571992667939e-15
2.52639990234375 2.5036259691254613e-15
2.52739990234375 2.437736118877031e-19
2.52839990234375 8.058107510331591e-14
2.52939990234375 3.815929055313356e-14
2.53039990234375 1.163854596609102e-13
2.53139990234375 1.4853254121657623e-14
2.53239990234375 1.0967728844265087e-14
2.53339990234375 1.2871514674147072e-13
2.53439990234375 5.296622611057014e-14
2.53539990234375 1.9540784806381975e-14
2.53639990234375 4.4657053494382136e-14
2.53739990234375 3.5230660851366695e-15
2.53839990234375 1.023777255914813e-19
2.53939990234375 9.419434031672197e-20
2.54039990234375 2.0247506477750757e-15
2.54139990234375 7.951594895354073e-20
2.54239990234375 7.29137826926313e-20
2.54339990234375 6.2411232568000056e-15
2.54439990234375 8.918131009151249e-15
2.54539990234375 1.7126544689223875e-14
2.54639990234375 5.082302788018508e-20
2.54739990234375 3.641840635168159e-15
2.54839990234375 1.1403618986041815e-15
2.54939990234375 1.047742908702202e-14
2.55039990234375 2.7597610209805364e-16
2.55139990234375 1.210624652657312e-14
2.55239990234375 2.9180021828344566e-20
2.55339990234375 2.6550814219382838e-20
2.55439990234375 4.367178690332973e-15
2.55539990234375 2.0252556674988972e-14
2.55639990234375 5.746901465219875e-15
2.55739990234375 4.980992701061612e-15
2.55839990234375 1.599560622658589e-14
2.55939990234375 1.0159102440270884e-14
2.56039990234375 8.348295632740876e-15
2.56139990234375 1.217333030250906e-20
2.56239990234375 1.0984989682440373e-20
2.56339990234375 4.78797052514589e-15
2.56439990234375 6.113697099375064e-15
2.56539990234375 8.130845311422411e-21
2.56639990234375 7.350034834485599e-21
2.56739990234375 6.6463856355522864e-21
2.56839990234375 8.209424050738338e-15
2.56939990234375 1.5334399473409995e-15
2.57039990234375 4.882206630947234e-21
2.57139990234375 1.5564689940483786e-15
2.57239990234375 8.333143630350004e-16
2.57339990234375 3.5804140112600075e-21
2.57439990234375 1.6150596111851496e-15
2.57539990234375 2.9254228298174936e-21
2.57639990234375 4.489164628336354e-17
2.57739990234375 2.3834463244916e-21
2.57839990234375 1.3904970355035245e-15
2.57939990234375 1.9472926226306483e-16
2.58039990234375 5.486479145030095e-16
2.58139990234375 1.5677118532812648e-21
2.58239990234375 1.0280338557406356e-16
2.58339990234375 5.208797342183799e-16
2.58439990234375 1.149063324103752e-21
2.58539990234375 1.0375967635614243e-21
2.58639990234375 9.346654115664492e-22
2.58739990234375 1.7337639544296754e-16
2.58839990234375 1.6922351019983883e-16
2.58939990234375 2.564028133577872e-17
2.59039990234375 6.091473685207223e-22
2.59139990234375 5.489081398126797e-22
2.59239990234375 4.930313850354222e-22
2.59339990234375 1.7481399318224038e-16
2.59439990234375 3.9594575868499704e-22
2.59539990234375 3.5375073373274236e-22
2.59639990234375 9.526557945668745e-17
2.59739990234375 8.395893004781786e-23
2.59839990234375 8.524926648080153e-21
2.59939990234375 2.1642369358409407e-19
2.60039990234375 2.6878991933080064e-25
