Wavelength_microns Throughput
0.5504000244140625 4.628950325361218e-13
0.5514000244140626 3.843438850524523e-13
0.5524000244140626 3.0130997384526196e-13
0.5534000244140626 1.8152952849355697e-13
0.5544000244140626 1.1044012936402721e-12
0.5554000244140626 8.144285954305419e-13
0.5564000244140626 1.5438736598824205e-12
0.5574000244140624 6.341229164146393e-13
0.5584000244140624 1.0131979116619535e-12
0.5594000244140624 2.601566626982073e-13
0.5604000244140624 6.017169585787364e-13
0.5614000244140624 4.865757173198805e-13
0.5624000244140624 2.0143192662832117e-13
0.5634000244140625 2.2397608124833555e-13
0.5644000244140625 5.272310434797141e-13
0.5654000244140625 3.9231095529366745e-13
0.5664000244140625 7.532555259161398e-13
0.5674000244140625 8.61855411503215e-13
0.5684000244140625 6.955962717140996e-13
0.5694000244140625 4.836925565158621e-13
0.5704000244140625 3.9224245136888015e-16
0.5714000244140625 4.2992032028860815e-16
0.5724000244140625 5.058485023589001e-16
0.5734000244140625 1.6536276719539817e-13
0.5744000244140625 1.2722056853027698e-13
0.5754000244140625 1.2775770402020462e-13
0.5764000244140625 2.5435290701672265e-13
0.5774000244140625 9.026855679722943e-16
0.5784000244140625 6.962166798253603e-13
0.5794000244140625 9.968085613682654e-16
0.5804000244140625 1.2934293787686425e-12
0.5814000244140625 2.8071899038590567e-12
0.5824000244140625 3.731787882080586e-13
0.5834000244140625 7.415518527976382e-13
0.5844000244140625 2.1326467461147984e-12
0.5854000244140625 2.878137510309739e-12
0.5864000244140625 1.9355446755558535e-14
0.5874000244140625 2.1474214898983967e-12
0.5884000244140625 8.95255240708133e-12
0.5894000244140625 7.959144068420659e-13
0.5904000244140625 1.1482602161023586e-11
0.5914000244140625 3.4774627655676457e-12
0.5924000244140625 2.8816178325165736e-12
0.5934000244140625 9.897900798476593e-13
0.5944000244140625 1.7132628776581341e-15
0.5954000244140625 1.6304089299481756e-15
0.5964000244140625 7.339002268897778e-13
0.5974000244140625 1.4989950012420597e-12
0.5984000244140625 2.220032026883511e-12
0.5994000244140625 1.804623083973988e-15
0.6004000244140625 1.45390038899773e-12
0.6014000244140625 1.8662223224044084e-12
0.6024000244140625 2.090026376154604e-12
0.6034000244140625 2.245182100519307e-12
0.6044000244140625 3.853410899705335e-15
0.6054000244140625 1.7280945488653786e-12
0.6064000244140625 5.920709430961719e-12
0.6074000244140625 3.2650944006966835e-12
0.6084000244140625 4.6104989131042974e-12
0.6094000244140625 3.3977254381765595e-12
0.6104000244140625 8.022610857625347e-14
0.6114000244140625 3.5194812307113673e-12
0.6124000244140625 4.675648633483977e-12
0.6134000244140625 4.556150468513613e-12
0.6144000244140625 2.6340426389597398e-15
0.6154000244140625 2.1063113199874213e-12
0.6164000244140625 1.0651387483562396e-12
0.6174000244140625 4.1634767140641517e-13
0.6184000244140625 1.5024506511597293e-12
0.6194000244140625 8.480813866350839e-13
0.6204000244140625 8.652858486535667e-13
0.6214000244140625 1.7611893206161482e-12
0.6224000244140625 2.0960324053825583e-13
0.6234000244140625 2.239901406421854e-15
0.6244000244140625 8.623928502176625e-13
0.6254000244140625 3.1398031577456474e-15
0.6264000244140625 3.663692492145556e-12
0.6274000244140625 5.432306780616981e-15
0.6284000244140625 4.420051322286162e-12
0.6294000244140625 1.168853075356772e-14
0.6304000244140625 1.708869342237407e-14
0.6314000244140625 1.0509354217325133e-11
0.6324000244140625 1.5189937084516333e-11
0.6334000244140625 1.3140382758847201e-11
0.6344000244140625 2.0241457971375882e-14
0.6354000244140625 1.582693430911402e-14
0.6364000244140625 1.267940464620748e-14
0.6374000244140625 8.589571820414016e-12
0.6384000244140625 2.226345882062187e-12
0.6394000244140625 1.2409905104339112e-11
0.6404000244140625 7.088745585591679e-13
0.6414000244140625 7.979434233683041e-13
0.6424000244140625 2.2367257556057928e-12
0.6434000244140625 9.181671325451274e-12
0.6444000244140625 5.383493643445777e-12
0.6454000244140625 2.486821638106244e-12
0.6464000244140625 7.067152680063195e-13
0.6474000244140625 1.2810027318935342e-11
0.6484000244140625 9.94345620055837e-13
0.6494000244140625 1.85383695110472e-12
0.6504000244140625 3.968802814700169e-12
0.6514000244140625 5.562322245836036e-12
0.6524000244140625 4.9506843264574626e-15
0.6534000244140625 3.563728672357029e-12
0.6544000244140625 5.5907850207205724e-12
0.6554000244140625 2.879329448838788e-12
0.6564000244140625 4.516041262996033e-12
0.6574000244140625 6.975448656231805e-15
0.6584000244140625 8.362459297043686e-15
0.6594000244140625 2.650493395906021e-11
0.6604000244140625 1.089809242934632e-11
0.6614000244140625 5.299506907323411e-12
0.6624000244140625 7.34888924823605e-12
0.6634000244140625 2.116856612723243e-11
0.6644000244140625 9.210931213191082e-12
0.6654000244140625 6.02865040851445e-12
0.6664000244140625 1.2795067234448663e-11
0.6674000244140625 4.976263814275286e-12
0.6684000244140625 5.241566464355116e-12
0.6694000244140625 7.938142737417697e-12
0.6704000244140625 3.6870678862121314e-12
0.6714000244140625 5.327197810325799e-12
0.6724000244140625 1.6638426740243145e-11
0.6734000244140625 4.0625748571066125e-12
0.6744000244140625 2.0946387573903707e-11
0.6754000244140625 1.8520865600723146e-11
0.6764000244140626 9.229825744052513e-12
0.6774000244140626 1.1158125174605197e-11
0.6784000244140626 2.2764352755494083e-11
0.6794000244140626 1.3469530615942726e-11
0.6804000244140626 1.8286019605498795e-11
0.6814000244140626 2.1104744823443732e-11
0.6824000244140624 1.1542355516978978e-11
0.6834000244140624 1.7774957029895667e-11
0.6844000244140624 1.668950820099331e-11
0.6854000244140624 1.61142964844238e-11
0.6864000244140624 6.0091566033674756e-12
0.6874000244140624 3.097828648561067e-11
0.6884000244140625 2.2006709309164874e-11
0.6894000244140625 1.5819185367094107e-11
0.6904000244140625 3.4354627732213924e-11
0.6914000244140625 3.159585903351557e-11
0.6924000244140625 2.7153294977915586e-11
0.6934000244140625 4.7227158758733745e-11
0.6944000244140625 6.079585105913217e-11
0.6954000244140625 3.3810923762440424e-11
0.6964000244140625 6.253894465153936e-11
0.6974000244140625 6.388400723134327e-11
0.6984000244140625 6.620662058468819e-11
0.6994000244140625 6.966099495053326e-11
0.7004000244140625 7.943631833597832e-11
0.7014000244140625 8.663724120769029e-11
0.7024000244140625 1.2188355472272127e-10
0.7034000244140625 1.326919775853701e-10
0.7044000244140625 1.7571961787646392e-10
0.7054000244140625 2.788192343372068e-10
0.7064000244140625 3.886586254366763e-10
0.7074000244140625 6.431897508111757e-10
0.7084000244140625 9.868985275739473e-10
0.7094000244140625 1.527565757453036e-09
0.7104000244140625 2.352356332520218e-09
0.7114000244140625 3.2089818816434585e-09
0.7124000244140625 3.851149081217779e-09
0.7134000244140625 4.533341216971719e-09
0.7144000244140625 4.306439488075801e-09
0.7154000244140625 4.705763958010521e-09
0.7164000244140625 4.13021532275144e-09
0.7174000244140625 3.3258525947098425e-09
0.7184000244140625 2.46519238817712e-09
0.7194000244140625 1.68931727786206e-09
0.7204000244140625 1.120202694779731e-09
0.7214000244140625 7.594877993669154e-10
0.7224000244140625 4.143697157103669e-10
0.7234000244140625 2.2511956934762392e-10
0.7244000244140625 1.8083492570302564e-10
0.7254000244140625 1.1058953366728933e-10
0.7264000244140625 6.63091713261985e-11
0.7274000244140625 5.497870069249878e-11
0.7284000244140625 4.346577597746211e-11
0.7294000244140625 1.344239723672089e-11
0.7304000244140625 2.4377647076021704e-11
0.7314000244140625 1.8766678837006654e-11
0.7324000244140625 2.473866875186844e-11
0.7334000244140625 1.8455473241712344e-11
0.7344000244140625 2.066637171192712e-11
0.7354000244140625 2.130054085438467e-11
0.7364000244140625 2.2699634003732435e-11
0.7374000244140625 1.8777607959440673e-11
0.7384000244140625 4.348416416463854e-11
0.7394000244140625 5.932907322950494e-11
0.7404000244140625 8.311951360678113e-11
0.7414000244140625 1.0831022729994451e-10
0.7424000244140625 1.4228503882375394e-10
0.7434000244140625 2.6883666871150415e-10
0.7444000244140625 2.341950102904127e-10
0.7454000244140625 2.146283898748868e-10
0.7464000244140625 6.111326386798317e-11
0.7474000244140625 1.7646828649355475e-10
0.7484000244140625 1.1889812468817395e-10
0.7494000244140625 2.1759535787189767e-10
0.7504000244140625 1.9095392896601586e-10
0.7514000244140625 8.306863309547457e-11
0.7524000244140625 3.018862493770223e-10
0.7534000244140625 2.1239943629181246e-10
0.7544000244140625 3.543759028236747e-10
0.7554000244140625 9.358817244762594e-10
0.7564000244140625 6.249057815661691e-10
0.7574000244140625 2.024894785199156e-10
0.7584000244140625 6.349005741127795e-11
0.7594000244140625 5.388377164988611e-11
0.7604000244140625 3.020823233685854e-11
0.7614000244140625 1.776490027154454e-11
0.7624000244140625 4.507802570604176e-12
0.7634000244140625 1.6760429207449622e-11
0.7644000244140625 8.761971453756106e-12
0.7654000244140625 2.7472905504982285e-12
0.7664000244140625 1.6666273968498905e-12
0.7674000244140625 2.7418876785434237e-12
0.7684000244140625 1.5859093963816338e-12
0.7694000244140625 1.931107848162895e-12
0.7704000244140625 9.613113478031136e-13
0.7714000244140625 1.090394196646566e-12
0.7724000244140625 1.1159575627534005e-13
0.7734000244140625 1.0063767160739246e-12
0.7744000244140625 6.003768784559907e-13
0.7754000244140625 1.9631919263793917e-12
0.7764000244140625 1.1639968228828507e-12
0.7774000244140625 1.8615912315826753e-12
0.7784000244140625 6.164225398867548e-13
0.7794000244140625 2.2656988484488482e-12
0.7804000244140625 5.5311908649987136e-12
0.7814000244140625 3.983124954309644e-12
0.7824000244140625 3.3870981650408845e-12
0.7834000244140625 1.912232028706125e-12
0.7844000244140625 5.576194234194744e-12
0.7854000244140625 2.8386424204876897e-12
0.7864000244140625 5.6838286305572e-12
0.7874000244140625 7.323071273528651e-12
0.7884000244140625 5.033295917540283e-12
0.7894000244140625 1.2125042713914219e-11
0.7904000244140625 2.0133773972645085e-11
0.7914000244140625 9.91839831655385e-12
0.7924000244140625 1.0044741917471963e-11
0.7934000244140625 2.2138222209594147e-11
0.7944000244140625 1.7145355965168605e-11
0.7954000244140625 1.5981273666036902e-11
0.7964000244140625 0.0
0.7974000244140625 1.6694258548759233e-11
0.7984000244140625 2.641022924055617e-10
0.7994000244140625 2.580530757188034e-10
0.8004000244140625 1.5607353120155363e-09
0.8014000244140626 1.4495229558827175e-09
0.8024000244140626 1.4335467995696017e-09
0.8034000244140626 1.6308781641565693e-09
0.8044000244140626 9.729476567454754e-10
0.8054000244140626 1.3745435990330782e-10
0.8064000244140626 2.1004216084833983e-10
0.8074000244140624 8.58747096077433e-10
0.8084000244140624 1.3718845381741863e-09
0.8094000244140624 9.388236437196604e-10
0.8104000244140624 5.749859444170877e-10
0.8114000244140624 7.791962624904402e-10
0.8124000244140624 1.1122626071695611e-09
0.8134000244140625 1.4468075399860119e-09
0.8144000244140625 1.4242504544989589e-09
0.8154000244140625 1.0754948070562417e-09
0.8164000244140625 7.80579194084435e-10
0.8174000244140625 8.124619598901961e-10
0.8184000244140625 7.392804762461686e-10
0.8194000244140625 8.829731115446214e-10
0.8204000244140625 6.367931714048782e-10
0.8214000244140625 6.605796249874834e-10
0.8224000244140625 7.602760262653184e-10
0.8234000244140625 1.1682262457874294e-10
0.8244000244140625 0.0
0.8254000244140625 3.077943927995967e-10
0.8264000244140625 8.379935344710696e-10
0.8274000244140625 6.411676764050077e-10
0.8284000244140625 3.185868010596747e-10
0.8294000244140625 1.5398825625423446e-10
0.8304000244140625 3.2911131610539354e-10
0.8314000244140625 9.632464265184003e-10
0.8324000244140625 8.168426523224073e-10
0.8334000244140625 3.204345695701281e-10
0.8344000244140625 6.616915263569549e-10
0.8354000244140625 7.191572228496775e-10
0.8364000244140625 4.3073742702246545e-10
0.8374000244140625 7.577024240658574e-10
0.8384000244140625 8.749500109726188e-10
0.8394000244140625 3.715106144829912e-10
0.8404000244140625 2.1061882129406002e-10
0.8414000244140625 1.359467699791225e-10
0.8424000244140625 4.783872932403954e-10
0.8434000244140625 6.699542687139181e-10
0.8444000244140625 2.3102755173589647e-10
0.8454000244140625 2.510209935429194e-10
0.8464000244140625 2.8380026370110257e-10
0.8474000244140625 4.6407798289082694e-10
0.8484000244140625 5.697525738651091e-10
0.8494000244140625 3.579225230681858e-10
0.8504000244140625 3.954633243098237e-10
0.8514000244140625 4.864121250084738e-10
0.8524000244140625 7.590262636626141e-10
0.8534000244140625 7.903913729169894e-10
0.8544000244140625 5.93115253863595e-10
0.8554000244140625 4.633844629461704e-10
0.8564000244140625 2.872856857062581e-10
0.8574000244140625 2.456486697738191e-10
0.8584000244140625 5.861889051807999e-10
0.8594000244140625 4.544645329422147e-10
0.8604000244140625 6.335138241081444e-10
0.8614000244140625 4.37383897608513e-10
0.8624000244140625 1.6790206902442425e-10
0.8634000244140625 4.0090935293081296e-10
0.8644000244140625 8.206064789444327e-10
0.8654000244140625 5.817175058438523e-10
0.8664000244140625 5.237504491303471e-10
0.8674000244140625 4.712154437689037e-10
0.8684000244140625 5.589597585314211e-10
0.8694000244140625 8.405611691966421e-10
0.8704000244140625 7.278394949593176e-10
0.8714000244140625 7.543774404056585e-10
0.8724000244140625 8.236819453154654e-10
0.8734000244140625 8.616708486163436e-10
0.8744000244140625 7.397552379839422e-10
0.8754000244140625 7.577257884683022e-10
0.8764000244140625 1.0002031178377302e-09
0.8774000244140625 9.332896836340602e-10
0.8784000244140625 8.507279395108993e-10
0.8794000244140625 9.737571498820402e-10
0.8804000244140625 6.504974813265583e-10
0.8814000244140625 5.833251039391863e-10
0.8824000244140625 6.600034876754949e-10
0.8834000244140625 7.619067583867453e-10
0.8844000244140625 6.504205468079725e-10
0.8854000244140625 4.618106123086887e-10
0.8864000244140625 5.525625333996999e-10
0.8874000244140625 6.407611440363068e-10
0.8884000244140625 5.552511911052975e-10
0.8894000244140625 5.991195244837878e-10
0.8904000244140625 7.470809381636734e-10
0.8914000244140625 6.937946154611281e-10
0.8924000244140625 8.706019158686637e-10
0.8934000244140625 7.520228931620663e-10
0.8944000244140625 1.1061701116491642e-09
0.8954000244140625 8.341639260742487e-10
0.8964000244140625 1.0246502041698448e-09
0.8974000244140625 1.1625439570393101e-09
0.8984000244140625 1.1022507102832207e-09
0.8994000244140625 9.242518747049362e-10
0.9004000244140625 1.1062149297359485e-09
0.9014000244140625 1.2404631919570097e-09
0.9024000244140625 1.3715996499592055e-09
0.9034000244140625 1.1936195159769306e-09
0.9044000244140625 7.182043294764608e-10
0.9054000244140625 1.0317544503527624e-09
0.9064000244140625 7.598571298984445e-10
0.9074000244140625 7.053658651614869e-10
0.9084000244140625 8.71011151721525e-10
0.9094000244140625 1.0089458789354909e-09
0.9104000244140625 9.654732589695123e-10
0.9114000244140625 7.009677948813299e-10
0.9124000244140625 7.678694878951984e-10
0.9134000244140625 9.706352160335967e-10
0.9144000244140625 8.358820771052158e-10
0.9154000244140625 5.74188372019872e-10
0.9164000244140625 4.614241502155579e-10
0.9174000244140625 2.6120446386259794e-10
0.9184000244140625 2.975194733251266e-10
0.9194000244140625 4.219473727186727e-10
0.9204000244140625 3.2781415262458934e-10
0.9214000244140625 2.2214770998005198e-10
0.9224000244140625 3.2821132652816144e-10
0.9234000244140625 3.9312209026369436e-10
0.9244000244140625 4.3787351284172914e-10
0.9254000244140625 4.576875674946013e-10
0.9264000244140626 5.496842109265838e-10
0.9274000244140626 5.516176315220878e-10
0.9284000244140626 6.063024120359458e-10
0.9294000244140626 1.123132561983406e-09
0.9304000244140626 1.3039372647057384e-09
0.9314000244140626 1.749154220862235e-09
0.9324000244140624 2.147319333384492e-09
0.9334000244140624 2.2401113153214273e-09
0.9344000244140624 2.3845748438749435e-09
0.9354000244140624 2.369638277602061e-09
0.9364000244140624 1.857807454749936e-09
0.9374000244140624 1.643233222320338e-09
0.9384000244140625 1.509022631797453e-09
0.9394000244140625 1.5302786903473503e-09
0.9404000244140625 1.1337223656582267e-09
0.9414000244140625 5.743696837209566e-10
0.9424000244140625 3.425938383629559e-10
0.9434000244140625 3.955869909270243e-10
0.9444000244140625 6.885142801502811e-10
0.9454000244140625 7.645343479879024e-10
0.9464000244140625 3.754549760312889e-10
0.9474000244140625 7.73843019738131e-10
0.9484000244140625 6.25476443508497e-10
0.9494000244140625 3.4612872091412335e-10
0.9504000244140625 8.706439246449716e-10
0.9514000244140625 8.136893527742384e-10
0.9524000244140625 5.899886703226741e-10
0.9534000244140625 5.400126986405703e-10
0.9544000244140625 7.07872705328824e-10
0.9554000244140625 8.114525626721298e-10
0.9564000244140625 8.071278703831447e-10
0.9574000244140625 8.012056779014835e-10
0.9584000244140625 7.069895911642571e-10
0.9594000244140625 6.669530422217633e-10
0.9604000244140625 5.850025659435435e-10
0.9614000244140625 7.654616491976272e-10
0.9624000244140625 6.001160172309343e-10
0.9634000244140625 5.969851662974948e-10
0.9644000244140625 7.20509791131432e-10
0.9654000244140625 7.622853161688543e-10
0.9664000244140625 6.817918063487662e-10
0.9674000244140625 8.894909680221978e-10
0.9684000244140625 8.184881713776566e-10
0.9694000244140625 6.93921142018999e-10
0.9704000244140625 1.0084318404469736e-09
0.9714000244140625 5.008113089816632e-10
0.9724000244140625 2.343716082101358e-09
0.9734000244140625 1.4075867055051063e-09
0.9744000244140625 2.1288403140947825e-09
0.9754000244140625 2.8305456420885574e-09
0.9764000244140625 4.054086640187226e-09
0.9774000244140625 4.8509730418680895e-09
0.9784000244140625 5.8078660110494316e-09
0.9794000244140625 6.116234958464482e-09
0.9804000244140625 6.968998520102059e-09
0.9814000244140625 1.4681441970997838e-08
0.9824000244140625 1.3940672658852941e-08
0.9834000244140625 1.754746712824548e-08
0.9844000244140625 1.9652659513188e-08
0.9854000244140625 2.8155807975092297e-08
0.9864000244140625 3.583824341802539e-08
0.9874000244140625 3.5439588348072195e-08
0.9884000244140625 5.0400349967029925e-08
0.9894000244140625 5.186978329494786e-08
0.9904000244140625 6.117099690026599e-08
0.9914000244140625 6.537585188696206e-08
0.9924000244140625 9.085440148922922e-08
0.9934000244140625 8.26079133832134e-08
0.9944000244140625 9.463121631201918e-08
0.9954000244140625 7.822687758786217e-08
0.9964000244140625 1.0114206068789633e-07
0.9974000244140625 1.2148664111271513e-07
0.9984000244140625 6.769875685961129e-08
0.9994000244140625 1.0689385404353087e-07
1.0004000244140625 1.1844958883711242e-07
1.0014000244140624 2.0649243759008091e-07
1.0024000244140625 4.626904300682141e-07
1.0034000244140624 1.7223339050652582e-07
1.0044000244140625 4.2202301598866733e-07
1.0054000244140624 3.1411596411138476e-07
1.0064000244140625 2.778371255997543e-07
1.0074000244140624 4.1032398763107893e-07
1.0084000244140625 2.0800383260217143e-07
1.0094000244140624 7.297750335491123e-07
1.0104000244140625 6.852785485403923e-07
1.0114000244140624 2.973078111174213e-07
1.0124000244140625 4.811827149536149e-07
1.0134000244140624 1.6776056171041962e-07
1.0144000244140625 1.471090595259026e-07
1.0154000244140624 1.9121021321722965e-07
1.0164000244140625 3.972605328900459e-07
1.0174000244140624 4.721337984826618e-07
1.0184000244140625 4.082122160615633e-07
1.0194000244140624 4.633029718857963e-08
1.0204000244140625 4.016368889456156e-07
1.0214000244140624 5.641717462371815e-07
1.0224000244140625 8.568079016993622e-07
1.0234000244140624 1.3445471676157243e-07
1.0244000244140625 5.184788588125266e-07
1.0254000244140624 3.3106554386814153e-07
1.0264000244140625 9.150779989183089e-08
1.0274000244140624 3.6909952169617744e-07
1.0284000244140625 9.988208761282497e-08
1.0294000244140624 4.583964639389605e-07
1.0304000244140625 3.349070946325091e-07
1.0314000244140624 1.9185134056623563e-07
1.0324000244140625 4.240931341382598e-07
1.0334000244140624 2.1665790923083275e-07
1.0344000244140625 2.2862194151980818e-07
1.0354000244140624 4.7228687928541914e-07
1.0364000244140625 7.002731973426063e-07
1.0374000244140624 3.421694310634683e-07
1.0384000244140625 2.3072185824771625e-07
1.0394000244140624 3.181101346078619e-07
1.0404000244140625 1.845298743930152e-11
1.0414000244140624 1.0564812631027498e-06
1.0424000244140625 5.245959637896371e-07
1.0434000244140624 5.464845241808798e-07
1.0444000244140625 4.049695796049681e-07
1.0454000244140624 2.2033262975392285e-07
1.0464000244140625 3.799658333256597e-07
1.0474000244140624 2.8423664385192124e-07
1.0484000244140625 4.829037076201401e-07
1.0494000244140624 9.399776226074074e-08
1.0504000244140625 2.937567819864521e-07
1.0514000244140624 7.378764423321174e-07
1.0524000244140626 8.820737469613339e-09
1.0534000244140624 7.773335043281877e-07
1.0544000244140626 5.557881914217915e-07
1.0554000244140624 1.8116845214759428e-11
1.0564000244140626 4.36903125489331e-07
1.0574000244140624 1.0355061164124068e-07
1.0584000244140626 1.4072046748951138e-07
1.0594000244140624 3.959458534754918e-07
1.0604000244140626 1.8585231821960338e-07
1.0614000244140624 1.912521443287455e-08
1.0624000244140626 3.3871098826388833e-07
1.0634000244140625 2.3635141690173015e-07
1.0644000244140626 6.150530559264903e-07
1.0654000244140625 1.9671041955386212e-07
1.0664000244140626 3.2608615351866204e-07
1.0674000244140625 1.7749345002882744e-11
1.0684000244140626 4.2161646544483187e-07
1.0694000244140625 2.1192586210499155e-07
1.0704000244140626 1.7652093284842376e-11
1.0714000244140625 5.10230281649833e-07
1.0724000244140626 1.7598026204227895e-11
1.0734000244140625 2.2050569917831565e-07
1.0744000244140626 6.598863021529909e-07
1.0754000244140625 5.706438808240629e-07
1.0764000244140626 1.2351852985864902e-07
1.0774000244140625 4.892155741337094e-07
1.0784000244140626 4.0390099502331937e-07
1.0794000244140625 4.7259887379504013e-07
1.0804000244140626 3.9788382280413545e-07
1.0814000244140625 1.2708368038064298e-07
1.0824000244140626 4.2274505199394964e-07
1.0834000244140625 2.5325150708649292e-08
1.0844000244140626 1.3221843732067457e-07
1.0854000244140625 4.163195042108259e-07
1.0864000244140626 2.5291367843662617e-07
1.0874000244140625 5.589819749432088e-07
1.0884000244140626 3.253961134681151e-07
1.0894000244140625 1.843662933371571e-07
1.0904000244140626 1.3170109384806002e-07
1.0914000244140625 2.209504283503185e-07
1.0924000244140626 3.884498738965683e-07
1.0934000244140625 1.483332016681766e-07
1.0944000244140626 8.408261776049367e-08
1.0954000244140625 4.0310572689142893e-07
1.0964000244140626 2.4339784570161734e-07
1.0974000244140625 1.498829305268648e-07
1.0984000244140626 3.2356851164512563e-07
1.0994000244140625 1.4578236729796783e-07
1.1004000244140626 2.3201431797391434e-07
1.1014000244140625 1.7384557841322072e-07
1.1024000244140626 1.81436007512571e-11
1.1034000244140625 3.2837301229730437e-07
1.1044000244140626 6.87126078663768e-08
1.1054000244140625 7.939573039926163e-07
1.1064000244140626 9.251829918630488e-08
1.1074000244140625 2.0249075946011527e-07
1.1084000244140626 4.527189157509048e-08
1.1094000244140625 9.050435088482843e-08
1.1104000244140626 1.0745340240492363e-07
1.1114000244140625 3.819454761063368e-07
1.1124000244140626 2.4885951017826877e-07
1.1134000244140625 7.453471702792815e-08
1.1144000244140626 4.466592417252092e-07
1.1154000244140625 3.5469764275753226e-07
1.1164000244140626 1.816394143361223e-11
1.1174000244140625 1.323473856444408e-07
1.1184000244140626 1.4506602165272825e-07
1.1194000244140625 7.693415197352948e-07
1.1204000244140624 3.564991146926324e-08
1.1214000244140625 1.2077185187714437e-07
1.1224000244140624 5.13053896124675e-07
1.1234000244140625 1.1998578879553617e-08
1.1244000244140624 4.812853513049926e-07
1.1254000244140625 1.4461361529981698e-07
1.1264000244140624 3.78554228215715e-07
1.1274000244140625 1.5453220801229657e-07
1.1284000244140624 2.1134907967201303e-07
1.1294000244140625 4.361935578499582e-07
1.1304000244140624 4.1284351425904986e-07
1.1314000244140625 1.807991518125541e-11
1.1324000244140624 2.7467404622413426e-07
1.1334000244140625 4.7339265637162007e-07
1.1344000244140624 4.2573439918433434e-07
1.1354000244140625 1.6119621124103718e-07
1.1364000244140624 4.567616859510937e-07
1.1374000244140625 1.8125714149287877e-11
1.1384000244140624 2.427521244688483e-07
1.1394000244140625 2.5130479587972197e-07
1.1404000244140624 3.5523760929702137e-07
1.1414000244140625 4.556177452009188e-08
1.1424000244140624 1.6671219348793865e-07
1.1434000244140625 1.8442133463518495e-11
1.1444000244140624 5.365648081683458e-07
1.1454000244140625 5.05963027894134e-07
1.1464000244140624 1.8513857439398958e-11
1.1474000244140625 4.0649459864847623e-07
1.1484000244140624 3.0903185424497576e-07
1.1494000244140625 3.811949305114289e-08
1.1504000244140624 3.1821354049513636e-07
1.1514000244140625 1.0068220494059475e-07
1.1524000244140624 1.5861681080255397e-07
1.1534000244140625 1.878925197631238e-11
1.1544000244140624 1.649970300198627e-07
1.1554000244140625 1.885626616625777e-11
1.1564000244140624 3.750402417159188e-07
1.1574000244140625 6.585526995552907e-08
1.1584000244140624 2.6381514512265906e-07
1.1594000244140625 8.98397150999236e-08
1.1604000244140624 5.410092625420495e-08
1.1614000244140625 8.839608117046035e-08
1.1624000244140624 1.992282594716718e-07
1.1634000244140625 1.8929689211918226e-07
1.1644000244140624 3.6899601255159067e-09
1.1654000244140625 2.9645611085558567e-07
1.1664000244140624 2.535577976383598e-07
1.1674000244140625 5.98708435204773e-07
1.1684000244140624 1.2586998384804877e-08
1.1694000244140625 2.5603922730735857e-07
1.1704000244140624 6.214764205042871e-07
1.1714000244140625 4.9730159912491114e-08
1.1724000244140624 9.419919737936071e-08
1.1734000244140625 6.910775827397915e-07
1.1744000244140624 4.3051281933414377e-07
1.1754000244140625 4.1715674050202043e-07
1.1764000244140624 6.322657574402683e-07
1.1774000244140626 4.203643847450139e-07
1.1784000244140624 6.225218943439658e-08
1.1794000244140626 2.205986150833077e-07
1.1804000244140624 2.457028868464273e-07
1.1814000244140626 1.3024119782238527e-09
1.1824000244140624 4.308782679547672e-08
1.1834000244140626 3.458339152277767e-07
1.1844000244140624 2.7389565153734276e-07
1.1854000244140626 1.1081226369136215e-07
1.1864000244140624 6.138807958274398e-07
1.1874000244140626 6.283931598429443e-08
1.1884000244140625 3.437827227562053e-07
1.1894000244140626 1.1711620044963211e-07
1.1904000244140625 2.9204212068196097e-07
1.1914000244140626 1.4083133754770593e-07
1.1924000244140625 2.503590572356933e-07
1.1934000244140626 4.4379351695546795e-08
1.1944000244140625 1.0845685393482717e-07
1.1954000244140626 2.4057473148699535e-07
1.1964000244140625 2.19004491674419e-08
1.1974000244140626 7.922480056425658e-08
1.1984000244140625 1.4678167100056145e-07
1.1994000244140626 3.186488643921882e-07
1.2004000244140625 3.637240307840152e-08
1.2014000244140626 1.516945529289956e-07
1.2024000244140625 1.3240095945699305e-07
1.2034000244140626 6.845312913672535e-08
1.2044000244140625 1.0084547076767428e-07
1.2054000244140626 3.3808056156119283e-07
1.2064000244140625 2.8371099552155413e-07
1.2074000244140626 2.0788396497445014e-07
1.2084000244140625 1.569269928055418e-07
1.2094000244140626 3.5442241182574937e-07
1.2104000244140625 8.51960624347787e-08
1.2114000244140626 3.2409850055650743e-07
1.2124000244140625 8.037889699791233e-08
1.2134000244140626 3.9071572429486513e-07
1.2144000244140625 4.359707529272899e-08
1.2154000244140626 1.916913039004528e-11
1.2164000244140625 1.9533687143078967e-11
1.2174000244140626 1.826072769833349e-07
1.2184000244140625 3.961697033501582e-07
1.2194000244140626 1.717972921584003e-08
1.2204000244140625 1.1701900857890499e-07
1.2214000244140626 1.9061636380094433e-07
1.2224000244140625 2.094748076155369e-07
1.2234000244140626 1.8436549348763466e-07
1.2244000244140625 2.3052779624604538e-07
1.2254000244140626 1.0959885197693543e-07
1.2264000244140625 3.370711139293634e-07
1.2274000244140626 1.7868174923369525e-07
1.2284000244140625 4.6998578566463303e-07
1.2294000244140626 2.1188038485736704e-11
1.2304000244140625 2.1183294947043574e-11
1.2314000244140626 2.7920554458001e-07
1.2324000244140625 1.715712454021097e-07
1.2334000244140626 2.971483178187839e-08
1.2344000244140625 6.104742418385444e-08
1.2354000244140626 2.1395627567495047e-11
1.2364000244140625 2.608885033575554e-07
1.2374000244140626 5.656731772227791e-07
1.2384000244140625 2.1515399149678597e-11
1.2394000244140626 1.7826390541556988e-09
1.2404000244140625 2.270776177584154e-08
1.2414000244140626 3.0878256222047777e-07
1.2424000244140625 4.4693192952259927e-07
1.2434000244140626 3.138365019697819e-08
1.2444000244140625 2.690493394404618e-07
1.2454000244140624 3.116464144780524e-07
1.2464000244140625 2.1864621287923707e-11
1.2474000244140624 2.1996112611224248e-07
1.2484000244140625 2.5238184391591646e-08
1.2494000244140624 1.0860798228370105e-07
1.2504000244140625 5.626500434059133e-07
1.2514000244140624 6.367470848714777e-07
1.2524000244140625 3.6083905685371716e-07
1.2534000244140624 6.582496411347981e-08
1.2544000244140625 2.886752437042156e-07
1.2554000244140624 1.1318546999600971e-07
1.2564000244140625 2.878581151998336e-07
1.2574000244140624 2.2339023146841954e-11
1.2584000244140625 2.0123828636873229e-07
1.2594000244140624 3.778612702897129e-07
1.2604000244140625 2.1606799470755664e-07
1.2614000244140624 4.709453534260434e-07
1.2624000244140625 9.345325630111042e-08
1.2634000244140624 6.076762017577724e-07
1.2644000244140625 5.653281627790461e-07
1.2654000244140624 9.704855132125167e-08
1.2664000244140625 4.278846847987369e-07
1.2674000244140624 2.289793510316106e-11
1.2684000244140625 1.1499853551181289e-07
1.2694000244140624 4.234687918705877e-07
1.2704000244140625 3.121562204600389e-08
1.2714000244140624 3.000604403757318e-08
1.2724000244140625 2.304219080785921e-11
1.2734000244140624 3.9734260752388746e-07
1.2744000244140625 9.13794737920776e-08
1.2754000244140624 3.1957927460415527e-07
1.2764000244140625 9.715442822727223e-08
1.2774000244140624 2.043526062496842e-07
1.2784000244140625 3.5825178631267034e-07
1.2794000244140624 2.747231415874484e-07
1.2804000244140625 1.1847011153638336e-07
1.2814000244140624 6.814971789226517e-07
1.2824000244140625 2.3516172247919242e-11
1.2834000244140624 4.1534486228374536e-07
1.2844000244140625 6.629992165999303e-07
1.2854000244140624 1.8828115419883063e-07
1.2864000244140625 8.231233917013376e-08
1.2874000244140624 2.0964595500389912e-07
1.2884000244140625 6.408521547588663e-07
1.2894000244140624 1.5478624469661327e-07
1.2904000244140625 5.982598456427877e-07
1.2914000244140624 4.05988772234211e-07
1.2924000244140625 2.517448455907694e-07
1.2934000244140624 3.2240464190441096e-08
1.2944000244140625 4.947747880857192e-07
1.2954000244140624 5.0787882702454204e-08
1.2964000244140625 3.4023591331601426e-07
1.2974000244140624 3.916179544353712e-07
1.2984000244140625 2.1262925679661955e-07
1.2994000244140624 2.8588129775942534e-07
1.3004000244140625 1.420178622795745e-07
1.3014000244140624 5.428060441798694e-07
1.3024000244140626 4.876978676550993e-07
1.3034000244140624 2.607548575032983e-07
1.3044000244140626 2.444789650588345e-07
1.3054000244140624 3.913913469721902e-07
1.3064000244140626 5.707598816919496e-07
1.3074000244140624 1.560983043391174e-07
1.3084000244140626 5.615496918918019e-07
1.3094000244140624 3.106525954056509e-07
1.3104000244140626 1.9063661545549503e-07
1.3114000244140624 2.504963844503685e-11
1.3124000244140626 1.5761075215912106e-07
1.3134000244140625 3.229453015132457e-07
1.3144000244140626 7.751491416276751e-08
1.3154000244140625 3.6122112684800064e-07
1.3164000244140626 1.363165614546321e-07
1.3174000244140625 5.809470604004803e-07
1.3184000244140626 4.524498309242545e-07
1.3194000244140625 5.6633510574847875e-08
1.3204000244140626 2.7241722538247687e-07
1.3214000244140625 1.1011492344109736e-07
1.3224000244140626 3.4911883282013017e-07
1.3234000244140625 2.562873845052567e-07
1.3244000244140626 2.4347937445023392e-08
1.3254000244140625 9.151312316537523e-10
1.3264000244140626 1.0923043642653683e-08
1.3274000244140625 1.5688171266978847e-07
1.3284000244140626 1.2248660839842892e-08
1.3294000244140625 5.877395019076988e-07
1.3304000244140626 4.335241394422713e-07
1.3314000244140625 4.899387693205185e-07
1.3324000244140626 3.4159244286875394e-07
1.3334000244140625 2.7752743524150125e-07
1.3344000244140626 1.4532150348940913e-07
1.3354000244140625 5.062609088564648e-09
1.3364000244140626 5.1450061961171e-07
1.3374000244140625 4.525995005894272e-07
1.3384000244140626 1.510015967848499e-07
1.3394000244140625 6.708443356300521e-07
1.3404000244140626 3.8096397861542155e-08
1.3414000244140625 1.143835692409843e-07
1.3424000244140626 1.878985091617679e-07
1.3434000244140625 1.8417314495218455e-07
1.3444000244140626 4.3630477503667644e-07
1.3454000244140625 2.486646617660303e-07
1.3464000244140626 3.2191966322640895e-07
1.3474000244140625 6.340557595894014e-07
1.3484000244140626 8.687255181610404e-07
1.3494000244140625 5.538479676838615e-07
1.3504000244140626 4.4651305012790043e-07
1.3514000244140625 3.1751216991304013e-07
1.3524000244140626 1.0382691656744752e-07
1.3534000244140625 9.102481490721849e-07
1.3544000244140626 2.7961074600825826e-11
1.3554000244140625 7.82101544856643e-07
1.3564000244140626 1.879071946145304e-07
1.3574000244140625 3.764259512721841e-07
1.3584000244140626 5.034672758755525e-07
1.3594000244140625 5.590463416123106e-07
1.3604000244140626 1.4359257077441648e-07
1.3614000244140625 4.95634116119007e-07
1.3624000244140626 1.2380242687485268e-06
1.3634000244140625 3.181690606389956e-07
1.3644000244140626 7.262432626048931e-07
1.3654000244140625 1.8951896529603637e-07
1.3664000244140626 9.118486971327812e-07
1.3674000244140625 1.3056328394766217e-06
1.3684000244140626 2.7842435429998036e-07
1.3694000244140625 3.7575043293413667e-07
1.3704000244140624 3.215964850845031e-07
1.3714000244140625 7.792122863628846e-07
1.3724000244140624 3.2140684368202876e-07
1.3734000244140625 1.5849597267877157e-06
1.3744000244140624 5.883315135354459e-07
1.3754000244140625 1.0331683410682185e-06
1.3764000244140624 6.02140560443491e-07
1.3774000244140625 6.915950112879305e-07
1.3784000244140624 1.0403583214985766e-06
1.3794000244140625 1.8603043529515598e-07
1.3804000244140624 1.000929136854935e-06
1.3814000244140625 2.1265809661155213e-07
1.3824000244140624 1.1965049333165833e-06
1.3834000244140625 4.4515551610129787e-07
1.3844000244140624 1.4004671443576812e-07
1.3854000244140625 3.191324140431422e-07
1.3864000244140624 5.90287371200849e-07
1.3874000244140625 1.4193549331033694e-06
1.3884000244140624 7.095371982454057e-07
1.3894000244140625 4.5107627782530886e-07
1.3904000244140624 1.0721047777461009e-06
1.3914000244140625 7.340825699395661e-07
1.3924000244140624 8.62110986876111e-08
1.3934000244140625 8.256871239449698e-07
1.3944000244140624 2.6078903290706665e-07
1.3954000244140625 1.3614975423950187e-06
1.3964000244140624 7.810806012011435e-07
1.3974000244140625 9.905527846553739e-07
1.3984000244140624 3.9184356344339713e-07
1.3994000244140625 5.950699168068188e-07
1.4004000244140624 3.3345509511194114e-07
1.4014000244140625 4.358379169680944e-07
1.4024000244140624 3.508855135402061e-07
1.4034000244140625 1.0388438559983986e-06
1.4044000244140624 8.284144487278906e-07
1.4054000244140625 7.396919613289079e-07
1.4064000244140624 3.9443962954209236e-07
1.4074000244140625 5.166897891477627e-07
1.4084000244140624 3.7584933738874143e-07
1.4094000244140625 2.6421498866998585e-09
1.4104000244140624 8.378423905574335e-07
1.4114000244140625 4.034914609918783e-07
1.4124000244140624 6.846138216113683e-07
1.4134000244140625 2.438953799468263e-07
1.4144000244140624 9.00391506168488e-07
1.4154000244140625 3.445994454666612e-07
1.4164000244140624 3.038579766398272e-07
1.4174000244140625 4.0165534685278225e-07
1.4184000244140624 4.960779679854567e-07
1.4194000244140625 5.065232807586124e-07
1.4204000244140624 3.691371963437065e-07
1.4214000244140625 6.21022142495912e-07
1.4224000244140624 8.420623900338789e-07
1.4234000244140625 9.744795453132876e-07
1.4244000244140624 1.6541265661275602e-07
1.4254000244140625 1.4129864706705732e-06
1.4264000244140624 5.034208867732744e-07
1.4274000244140626 8.782258282209211e-07
1.4284000244140624 7.247255936272302e-07
1.4294000244140626 3.107893081739196e-07
1.4304000244140624 7.255449850423828e-07
1.4314000244140626 6.056851709013192e-07
1.4324000244140624 1.02444585418968e-06
1.4334000244140626 5.407121358712646e-07
1.4344000244140624 5.598518309773502e-07
1.4354000244140626 6.815838278664104e-07
1.4364000244140624 5.236741038956491e-07
1.4374000244140626 6.0231537025607e-07
1.4384000244140625 1.031150656221538e-06
1.4394000244140626 5.030919022831391e-07
1.4404000244140625 8.257223210989696e-07
1.4414000244140626 9.004698377999569e-07
1.4424000244140625 6.230703211769918e-07
1.4434000244140626 1.643206286555577e-06
1.4444000244140625 1.4769695642161714e-06
1.4454000244140626 1.5701373239920465e-06
1.4464000244140625 1.0136212123473085e-06
1.4474000244140626 1.2663073088055966e-06
1.4484000244140625 1.4357812246783594e-06
1.4494000244140626 1.3815158708748722e-06
1.4504000244140625 1.853372176582113e-06
1.4514000244140626 1.7299847116897583e-06
1.4524000244140625 1.8450987426661404e-06
1.4534000244140626 2.0836623023538225e-06
1.4544000244140625 1.621829073465246e-06
1.4554000244140626 2.331341787124544e-06
1.4564000244140625 2.365598540660592e-06
1.4574000244140626 2.7320341010523587e-06
1.4584000244140625 2.8280172620136305e-06
1.4594000244140626 2.779224582400328e-06
1.4604000244140625 3.917993191770289e-06
1.4614000244140626 4.030054497119022e-06
1.4624000244140625 4.435960080584487e-06
1.4634000244140626 5.358014213914975e-06
1.4644000244140625 5.5885761581507315e-06
1.4654000244140626 6.411151279777372e-06
1.4664000244140625 8.411553211942687e-06
1.4674000244140626 7.868055181141145e-06
1.4684000244140625 9.817130100196683e-06
1.4694000244140626 1.0972200142497084e-05
1.4704000244140625 1.162929003243037e-05
1.4714000244140626 1.5028523579068695e-05
1.4724000244140625 1.6713683411296355e-05
1.4734000244140626 1.8590971909830668e-05
1.4744000244140625 2.1086841077922377e-05
1.4754000244140626 2.4371147553924907e-05
1.4764000244140625 2.660663895803528e-05
1.4774000244140626 3.078107131048259e-05
1.4784000244140625 3.3680983928403945e-05
1.4794000244140626 3.937603246301753e-05
1.4804000244140625 4.328512181990497e-05
1.4814000244140626 4.751523678037826e-05
1.4824000244140625 5.519243358381438e-05
1.4834000244140626 5.993922007449401e-05
1.4844000244140625 6.814093367869394e-05
1.4854000244140626 7.6021207408119e-05
1.4864000244140625 8.582849563828156e-05
1.4874000244140626 9.707085878548914e-05
1.4884000244140625 0.00010731793834493194
1.4894000244140626 0.0001237374252841688
1.4904000244140625 0.00014116735402114135
1.4914000244140626 0.00016028702792174706
1.4924000244140625 0.0001837757330234127
1.4934000244140626 0.0002080523491253804
1.4944000244140625 0.0002460554729153505
1.4954000244140624 0.0002727213065405028
1.4964000244140625 0.0003189824704881742
1.4974000244140624 0.0003709918334511363
1.4984000244140625 0.0004376967947124449
1.4994000244140624 0.0005052495355600844
1.5004000244140625 0.0005998634318564164
1.5014000244140624 0.0006982859043895617
1.5024000244140625 0.0008143624886390604
1.5034000244140624 0.0009585794376104064
1.5044000244140625 0.0011170957057946187
1.5054000244140624 0.0013318556006511454
1.5064000244140625 0.0015675035114866194
1.5074000244140624 0.0018570769677679266
1.5084000244140625 0.002146155060646268
1.5094000244140624 0.0025128415207094036
1.5104000244140625 0.0029357407852678994
1.5114000244140624 0.003511446416722722
1.5124000244140625 0.003997939841637742
1.5134000244140624 0.004769567018170389
1.5144000244140625 0.005345927102320405
1.5154000244140624 0.006430310481997724
1.5164000244140625 0.007505780346116554
1.5174000244140624 0.008715668622422136
1.5184000244140625 0.010125212518847636
1.5194000244140624 0.011367033722827775
1.5204000244140625 0.012594857465861243
1.5214000244140624 0.013833550794712591
1.5224000244140625 0.01543430467881527
1.5234000244140624 0.01712176097059957
1.5244000244140625 0.01857464217571956
1.5254000244140624 0.02136546895297845
1.5264000244140625 0.02359486262363022
1.5274000244140624 0.02651123586366244
1.5284000244140625 0.03029821550097712
1.5294000244140624 0.03425013894746875
1.5304000244140625 0.039254855817436166
1.5314000244140624 0.044618670682941265
1.5324000244140625 0.051209729823034816
1.5334000244140624 0.059408482012071634
1.5344000244140625 0.06753322305418323
1.5354000244140624 0.0802122698393838
1.5364000244140625 0.09131590485939435
1.5374000244140624 0.10359648069808569
1.5384000244140625 0.12550783816822525
1.5394000244140624 0.14249965686767668
1.5404000244140625 0.16335269247325546
1.5414000244140624 0.1869829438326771
1.5424000244140625 0.21085858062402754
1.5434000244140624 0.2336796618805565
1.5444000244140625 0.2574759772201346
1.5454000244140624 0.2834710302157775
1.5464000244140625 0.30051622636895
1.5474000244140624 0.3177970390595291
1.5484000244140625 0.3330562818836805
1.5494000244140624 0.3420682657935299
1.5504000244140625 0.34884208819667695
1.5514000244140624 0.3541301815537006
1.5524000244140626 0.3587832883515793
1.5534000244140624 0.3623876349096813
1.5544000244140626 0.36453298105197673
1.5554000244140624 0.37118682516235024
1.5564000244140626 0.36922218963190134
1.5574000244140624 0.37127494406277955
1.5584000244140626 0.3667727005536275
1.5594000244140624 0.3785954720792148
1.5604000244140626 0.3744054364036543
1.5614000244140624 0.37687361808133124
1.5624000244140626 0.3821731172134076
1.5634000244140625 0.38793093132240486
1.5644000244140626 0.3788775802514268
1.5654000244140625 0.38332529094161566
1.5664000244140626 0.38220208364467567
1.5674000244140625 0.3883217805601408
1.5684000244140626 0.3830640158281096
1.5694000244140625 0.38580310185902567
1.5704000244140626 0.38604617724970997
1.5714000244140625 0.38864860856694855
1.5724000244140626 0.38895466417389346
1.5734000244140625 0.38141901550922136
1.5744000244140626 0.38919246094730964
1.5754000244140625 0.3970273132353467
1.5764000244140626 0.390602653877705
1.5774000244140625 0.39060078431231854
1.5784000244140626 0.3888646474775916
1.5794000244140625 0.38750626041332625
1.5804000244140626 0.4058494434453027
1.5814000244140625 0.3908183971640535
1.5824000244140626 0.40305010857264334
1.5834000244140625 0.39591354671165124
1.5844000244140626 0.3934292664433836
1.5854000244140625 0.40312635908941546
1.5864000244140626 0.397000604071581
1.5874000244140625 0.39926174388995317
1.5884000244140626 0.3946077804553504
1.5894000244140625 0.39664042037456265
1.5904000244140626 0.3983455711447148
1.5914000244140625 0.39837376391428375
1.5924000244140626 0.39508398984675336
1.5934000244140625 0.39870618902700095
1.5944000244140626 0.39390307266968144
1.5954000244140625 0.39665452672068185
1.5964000244140626 0.39567430594889264
1.5974000244140625 0.39770729761616636
1.5984000244140626 0.3931545730423171
1.5994000244140625 0.3955923145325703
1.6004000244140626 0.39445139832583187
1.6014000244140625 0.3974689058042474
1.6024000244140626 0.39811298697102443
1.6034000244140625 0.39724197917294396
1.6044000244140626 0.3997708599704844
1.6054000244140625 0.4016078319762967
1.6064000244140626 0.3935046659851083
1.6074000244140625 0.39273204863035216
1.6084000244140626 0.3982054986749365
1.6094000244140625 0.3995685160642963
1.6104000244140626 0.3956139604990384
1.6114000244140625 0.39710754619157135
1.6124000244140626 0.39450729222695824
1.6134000244140625 0.3928679217115786
1.6144000244140626 0.39268151250095745
1.6154000244140625 0.4024974524072691
1.6164000244140626 0.3910820148591647
1.6174000244140625 0.39949109230102225
1.6184000244140626 0.390997821985781
1.6194000244140625 0.39608454948067884
1.6204000244140624 0.40030890181160805
1.6214000244140625 0.3978269962613097
1.6224000244140624 0.3962527436746592
1.6234000244140625 0.4001457993536051
1.6244000244140624 0.39893026325471614
1.6254000244140625 0.39257415433172876
1.6264000244140624 0.41387775268342647
1.6274000244140625 0.40143496874716883
1.6284000244140624 0.40610696959052767
1.6294000244140625 0.40646578637901226
1.6304000244140624 0.40675622750324525
1.6314000244140625 0.4050350402313309
1.6324000244140624 0.40848391478956547
1.6334000244140625 0.4088444144831759
1.6344000244140624 0.40408926740690354
1.6354000244140625 0.41574709052688
1.6364000244140624 0.4159531463823006
1.6374000244140625 0.4082509873077296
1.6384000244140624 0.41114351198632615
1.6394000244140625 0.41460947441337365
1.6404000244140624 0.4138442798738033
1.6414000244140625 0.41441143154387194
1.6424000244140624 0.4171332861690667
1.6434000244140625 0.41140884652877896
1.6444000244140624 0.41587670526494575
1.6454000244140625 0.4159942509528388
1.6464000244140624 0.4108735923749758
1.6474000244140625 0.4142892101547182
1.6484000244140624 0.41813368560903597
1.6494000244140625 0.41627287663866674
1.6504000244140624 0.4174373255482523
1.6514000244140625 0.4236641372093414
1.6524000244140624 0.41243732225461743
1.6534000244140625 0.4143725257106237
1.6544000244140624 0.4164092100832913
1.6554000244140625 0.4168353056012713
1.6564000244140624 0.41393423354873604
1.6574000244140625 0.41785773500615253
1.6584000244140624 0.4087553755259327
1.6594000244140625 0.41801505031508085
1.6604000244140624 0.4177967065497961
1.6614000244140625 0.41190285560691553
1.6624000244140624 0.41385052465412964
1.6634000244140625 0.41010532948409445
1.6644000244140624 0.4129216770500902
1.6654000244140625 0.40752724324556705
1.6664000244140624 0.4094037811976092
1.6674000244140625 0.41263116103287906
1.6684000244140624 0.4094068843484827
1.6694000244140625 0.40690600075285743
1.6704000244140624 0.4068243527207269
1.6714000244140625 0.4052114914034878
1.6724000244140624 0.4019055583101713
1.6734000244140625 0.4090123223321823
1.6744000244140624 0.40916372468514495
1.6754000244140625 0.4108331651965408
1.6764000244140624 0.4163746831398683
1.6774000244140626 0.4064560548924239
1.6784000244140624 0.4145094449158079
1.6794000244140626 0.4179559935170784
1.6804000244140624 0.41967376627701936
1.6814000244140626 0.4131192922975596
1.6824000244140624 0.4155378535941711
1.6834000244140626 0.4270554127187509
1.6844000244140624 0.42231682155904005
1.6854000244140626 0.4245936503265115
1.6864000244140624 0.4191501966520889
1.6874000244140626 0.42551268078762117
1.6884000244140625 0.4241862657623791
1.6894000244140626 0.42025256341039563
1.6904000244140625 0.41695926706156333
1.6914000244140626 0.42512245236685703
1.6924000244140625 0.4254160088947705
1.6934000244140626 0.4235237855860662
1.6944000244140625 0.4160556083239335
1.6954000244140626 0.42857863011156566
1.6964000244140625 0.4162871239253281
1.6974000244140626 0.41610898677873953
1.6984000244140625 0.4168160536188293
1.6994000244140626 0.40760728602260105
1.7004000244140625 0.40751904519167415
1.7014000244140626 0.40494439162828105
1.7024000244140625 0.3948039550084912
1.7034000244140626 0.3871267425775881
1.7044000244140625 0.37662960777270643
1.7054000244140626 0.3672818154054625
1.7064000244140625 0.3533392904044563
1.7074000244140626 0.3412562670525935
1.7084000244140625 0.3212230227123134
1.7094000244140626 0.29904335744349003
1.7104000244140625 0.2794656109013778
1.7114000244140626 0.25852786745903894
1.7124000244140625 0.22910214023197137
1.7134000244140626 0.22211299944073398
1.7144000244140625 0.19297478767369972
1.7154000244140626 0.17332933191480104
1.7164000244140625 0.15462087675828645
1.7174000244140626 0.1365787040142802
1.7184000244140625 0.11933009940547801
1.7194000244140626 0.10799738585837215
1.7204000244140625 0.09537605548211289
1.7214000244140626 0.08421001295855449
1.7224000244140625 0.07392501526321257
1.7234000244140626 0.06598427630328119
1.7244000244140625 0.058429006155733695
1.7254000244140626 0.050650516087223756
1.7264000244140625 0.04733909897688955
1.7274000244140626 0.04212849536198028
1.7284000244140625 0.03799461938704271
1.7294000244140626 0.033889167925674826
1.7304000244140625 0.031703083859684476
1.7314000244140626 0.028152334076154934
1.7324000244140625 0.0253413573295736
1.7334000244140626 0.02223419379342358
1.7344000244140625 0.018997949155296852
1.7354000244140626 0.01622285260930058
1.7364000244140625 0.013952744886528926
1.7374000244140626 0.011553131366988373
1.7384000244140625 0.010373486053759266
1.7394000244140626 0.008749815447523618
1.7404000244140625 0.007677625713878912
1.7414000244140626 0.006448537937068212
1.7424000244140625 0.005624626702334085
1.7434000244140626 0.004827751563927478
1.7444000244140625 0.004048433351504142
1.7454000244140624 0.003558517844257481
1.7464000244140625 0.0031515672363664426
1.7474000244140624 0.0027901744745165557
1.7484000244140625 0.002403188676737664
1.7494000244140624 0.0021118025679253763
1.7504000244140625 0.001842405656679743
1.7514000244140624 0.0016351036460999964
1.7524000244140625 0.0014378070317761023
1.7534000244140624 0.0012615182488905907
1.7544000244140625 0.0011505642085834762
1.7554000244140624 0.0009928428445233675
1.7564000244140625 0.0008862984724153718
1.7574000244140624 0.0008153430896880198
1.7584000244140625 0.0007278012286428108
1.7594000244140624 0.000656980474542114
1.7604000244140625 0.0005772521562003565
1.7614000244140624 0.0005272604058445828
1.7624000244140625 0.00047115732720110295
1.7634000244140624 0.000422170933799259
1.7644000244140625 0.00038387585665601234
1.7654000244140624 0.00035728415576648123
1.7664000244140625 0.0003273218831729686
1.7674000244140624 0.00029613116701955757
1.7684000244140625 0.00027012750928279914
1.7694000244140624 0.00024727023873358705
1.7704000244140625 0.000221812393722985
1.7714000244140624 0.00020591257330197907
1.7724000244140625 0.0001932620198546876
1.7734000244140624 0.00017450814095211215
1.7744000244140625 0.00016543068179957607
1.7754000244140624 0.00014456580682731956
1.7764000244140625 0.0001415989048725343
1.7774000244140624 0.0001246297128927204
1.7784000244140625 0.00011727152231102067
1.7794000244140624 0.00011008157017061297
1.7804000244140625 0.00010013751367833688
1.7814000244140624 9.643504813879316e-05
1.7824000244140625 8.698589318326556e-05
1.7834000244140624 8.087503465694157e-05
1.7844000244140625 7.460975409702205e-05
1.7854000244140624 6.920581254761433e-05
1.7864000244140625 6.7299021711058e-05
1.7874000244140624 5.986666504204695e-05
1.7884000244140625 5.601436375832735e-05
1.7894000244140624 5.173281352191086e-05
1.7904000244140625 5.0122506453602145e-05
1.7914000244140624 4.423255751489554e-05
1.7924000244140625 4.3615677489840096e-05
1.7934000244140624 4.1315188294883964e-05
1.7944000244140625 3.655869927495257e-05
1.7954000244140624 3.365297212807764e-05
1.7964000244140625 3.297552065042112e-05
1.7974000244140624 3.110716197176473e-05
1.7984000244140625 2.9024772574035716e-05
1.7994000244140624 2.657288836731624e-05
1.8004000244140625 2.5847307324050734e-05
1.8014000244140624 2.552769351739763e-05
1.8024000244140626 2.2387159039551725e-05
1.8034000244140624 1.9084090460975572e-05
1.8044000244140626 2.156248543429899e-05
1.8054000244140624 1.8980645877473853e-05
1.8064000244140626 1.5054752336794094e-05
1.8074000244140624 1.9081828965745097e-05
1.8084000244140626 1.9494443549528686e-05
1.8094000244140624 1.5248432323988956e-05
1.8104000244140626 1.5092540345043426e-05
1.8114000244140624 1.4594385903977943e-05
1.8124000244140626 1.454484480504974e-05
1.8134000244140625 1.2694068928189729e-05
1.8144000244140626 1.2463000428109231e-05
1.8154000244140625 1.3837872480409847e-05
1.8164000244140626 1.003376545948918e-05
1.8174000244140625 1.4086478504693924e-05
1.8184000244140626 1.0976814577361672e-05
1.8194000244140625 8.446374544674179e-06
1.8204000244140626 9.208375728869793e-06
1.8214000244140625 1.1752419486046572e-05
1.8224000244140626 7.708578586766305e-06
1.8234000244140625 9.730713122865096e-06
1.8244000244140626 1.0852126358963327e-05
1.8254000244140625 7.908275135881175e-06
1.8264000244140626 6.768893271411063e-06
1.8274000244140625 7.992501219710954e-06
1.8284000244140626 9.955305162547083e-06
1.8294000244140625 7.678540544539137e-06
1.8304000244140626 4.7429240180924245e-06
1.8314000244140625 8.723172033744398e-06
1.8324000244140626 1.1137562171483442e-05
1.8334000244140625 7.317678040053034e-06
1.8344000244140626 3.3094750930734064e-06
1.8354000244140625 9.483098356603326e-06
1.8364000244140626 6.484747046792297e-06
1.8374000244140625 5.739438603792449e-06
1.8384000244140626 9.946783733930799e-06
1.8394000244140625 7.80873812774359e-06
1.8404000244140626 8.524668184637024e-06
1.8414000244140625 4.948692227099147e-06
1.8424000244140626 1.1108388237981666e-05
1.8434000244140625 5.770987784479309e-06
1.8444000244140626 6.291518158422205e-06
1.8454000244140625 1.0895750747685027e-05
1.8464000244140626 1.8211600805244649e-06
1.8474000244140625 7.759490761494495e-06
1.8484000244140626 7.570761676114565e-06
1.8494000244140625 5.635943334016809e-06
1.8504000244140626 3.859097457678983e-06
1.8514000244140625 4.894215556780213e-06
1.8524000244140626 7.775540652598716e-06
1.8534000244140625 5.317056768609553e-06
1.8544000244140626 2.279557364470839e-06
1.8554000244140625 4.754791211981397e-06
1.8564000244140626 7.244740470940838e-06
1.8574000244140625 5.769303397766324e-06
1.8584000244140626 2.7230892420946847e-06
1.8594000244140625 8.710375895935246e-06
1.8604000244140626 7.100501015732476e-06
1.8614000244140625 3.960849483733555e-06
1.8624000244140626 6.934992410764519e-06
1.8634000244140625 6.082758945356148e-06
1.8644000244140626 4.4079309169509636e-06
1.8654000244140625 3.779736705080384e-06
1.8664000244140626 7.87148966250027e-06
1.8674000244140625 6.52574018770967e-06
1.8684000244140626 3.969744363093094e-06
1.8694000244140625 7.859294055221015e-06
1.8704000244140624 5.900944746374623e-06
1.8714000244140625 5.156601090254715e-06
1.8724000244140624 7.108692559638179e-06
1.8734000244140625 3.5711494969026834e-06
1.8744000244140624 5.814094491299148e-06
1.8754000244140625 7.834810441887597e-06
1.8764000244140624 5.511926371518418e-06
1.8774000244140625 7.161864218037024e-06
1.8784000244140624 7.4298999534919414e-06
1.8794000244140625 2.8292219826923277e-06
1.8804000244140624 5.274518323601601e-06
1.8814000244140625 4.264316474025481e-06
1.8824000244140624 2.0973991174671722e-06
1.8834000244140625 4.512472468346436e-06
1.8844000244140624 4.672960831456093e-06
1.8854000244140625 1.4976526450002382e-06
1.8864000244140624 3.271005133787466e-06
1.8874000244140625 4.955713476107798e-06
1.8884000244140624 1.434535617841622e-06
1.8894000244140625 2.963530771685675e-06
1.8904000244140624 6.4454936133495925e-06
1.8914000244140625 4.8740319862207275e-06
1.8924000244140624 1.3244232876919e-06
1.8934000244140625 3.538414525412043e-06
1.8944000244140624 6.198783584767205e-06
1.8954000244140625 6.028806124685592e-06
1.8964000244140624 5.290778448309939e-06
1.8974000244140625 1.0096763223887442e-07
1.8984000244140624 2.442428156588327e-06
1.8994000244140625 7.531314587922532e-06
1.9004000244140624 4.254725800727611e-06
1.9014000244140625 4.620936198450272e-06
1.9024000244140624 2.0521355953930884e-06
1.9034000244140625 4.5390807313172485e-06
1.9044000244140624 4.2894099927114685e-06
1.9054000244140625 4.825811911995025e-06
1.9064000244140624 6.213392022904733e-06
1.9074000244140625 3.2148129765482897e-06
1.9084000244140624 5.6174129819899945e-06
1.9094000244140625 2.0379517662972717e-06
1.9104000244140624 1.1057259969589077e-07
1.9114000244140625 1.1974481283192959e-05
1.9124000244140624 7.465739330940219e-07
1.9134000244140625 3.2663875504465292e-06
1.9144000244140624 3.3892840855738175e-06
1.9154000244140625 6.723397422943354e-06
1.9164000244140624 1.7841409324455112e-06
1.9174000244140625 5.467598669891308e-06
1.9184000244140624 4.18684313531063e-06
1.9194000244140625 3.8925591082656085e-06
1.9204000244140624 4.301793590223127e-06
1.9214000244140625 3.7431010964722623e-06
1.9224000244140624 5.180742429522956e-06
1.9234000244140625 4.392521016235986e-06
1.9244000244140624 2.8818244353226144e-06
1.9254000244140625 2.3914511428239097e-06
1.9264000244140624 1.4228647369641914e-07
1.9274000244140626 1.2517222195858622e-06
1.9284000244140624 4.052684672369573e-06
1.9294000244140626 6.669946156953101e-07
1.9304000244140624 4.6130634940717105e-06
1.9314000244140626 2.6488703066690644e-06
1.9324000244140624 2.143737599442238e-06
1.9334000244140626 3.9355890956526075e-06
1.9344000244140624 1.1515781494107442e-06
1.9354000244140626 4.157850293800557e-06
1.9364000244140624 1.7487009063117719e-06
1.9374000244140626 8.514738556328219e-07
1.9384000244140625 2.9768878453273953e-06
1.9394000244140626 4.479749312724239e-11
1.9404000244140625 3.2335420947722277e-06
1.9414000244140626 5.953089707714589e-06
1.9424000244140625 9.340292803397794e-08
1.9434000244140626 6.227502783971526e-07
1.9444000244140625 4.388261782186559e-06
1.9454000244140626 2.8790838815619767e-06
1.9464000244140625 1.3307274844399923e-06
1.9474000244140626 3.068770397555287e-06
1.9484000244140625 2.406423534466382e-06
1.9494000244140626 1.2319871220305456e-06
1.9504000244140625 2.1723832279410976e-06
1.9514000244140626 4.64342299814094e-06
1.9524000244140625 8.842483754906869e-07
1.9534000244140626 4.163060319443435e-06
1.9544000244140625 2.3320512879412362e-06
1.9554000244140626 2.1784646691319736e-07
1.9564000244140625 5.557031186812145e-06
1.9574000244140626 1.737781395805294e-06
1.9584000244140625 3.8652467387214125e-08
1.9594000244140626 1.968590057318855e-06
1.9604000244140625 2.9642097751017544e-06
1.9614000244140626 4.537459297404172e-11
1.9624000244140625 4.18754036999109e-06
1.9634000244140626 2.858888865181298e-06
1.9644000244140625 4.536370097986266e-11
1.9654000244140626 5.735006797753883e-07
1.9664000244140625 4.5400222128487656e-11
1.9674000244140626 4.27097560845563e-06
1.9684000244140625 2.0636041869613486e-07
1.9694000244140626 4.796100481037381e-06
1.9704000244140625 4.53842700990525e-11
1.9714000244140626 8.067297247903005e-06
1.9724000244140625 5.368798204141075e-06
1.9734000244140626 4.531734473331993e-11
1.9744000244140625 2.853448949401802e-07
1.9754000244140626 3.979478058216879e-07
1.9764000244140625 2.197034917981192e-06
1.9774000244140626 6.940178373543765e-06
1.9784000244140625 3.972687754668095e-06
1.9794000244140626 3.4412750870112278e-06
1.9804000244140625 1.590141291239095e-06
1.9814000244140626 1.1911109258543115e-07
1.9824000244140625 2.5687053606204415e-06
1.9834000244140626 7.37527734834169e-07
1.9844000244140625 4.5506462469774714e-11
1.9854000244140626 3.6900428787420277e-06
1.9864000244140625 3.248110007381666e-06
1.9874000244140626 4.564416679384745e-11
1.9884000244140625 4.266148874796208e-06
1.9894000244140626 5.475957147138497e-06
1.9904000244140625 5.478362952911103e-06
1.9914000244140626 4.558756989524204e-11
1.9924000244140625 5.113333648706279e-06
1.9934000244140626 4.552241794958226e-11
1.9944000244140625 3.693476061813767e-06
1.9954000244140624 2.595956590172963e-06
1.9964000244140625 3.645731087205147e-07
1.9974000244140624 2.441659669969373e-06
1.9984000244140625 4.369432941268041e-06
1.9994000244140624 1.40878359146269e-06
2.0004000244140623 3.0880104219353255e-06
2.0014000244140626 1.1445178119600544e-06
2.0024000244140625 2.182044215095524e-06
2.0034000244140624 3.937718703857753e-06
2.0044000244140623 3.4908728691691174e-06
2.0054000244140626 1.7912754175346163e-06
2.0064000244140625 3.5647861283968813e-06
2.0074000244140624 5.788022454570016e-06
2.0084000244140623 4.543372861556752e-11
2.0094000244140626 1.3547629964961724e-06
2.0104000244140625 1.2626138540659253e-06
2.0114000244140624 4.289249400978532e-06
2.0124000244140623 3.9614759199005786e-07
2.0134000244140626 1.3779491694166065e-06
2.0144000244140625 4.533638060614778e-11
2.0154000244140624 3.635553986832412e-06
2.0164000244140623 4.208151951528662e-06
2.0174000244140626 1.308589959457118e-06
2.0184000244140625 1.5742916113429116e-06
2.0194000244140624 7.640473538128013e-07
2.0204000244140623 4.5153915300551525e-11
2.0214000244140626 3.3128008970050797e-06
2.0224000244140625 3.6425700257438335e-06
2.0234000244140624 9.264954362255565e-07
2.0244000244140623 3.07072505056916e-06
2.0254000244140626 4.792489700084301e-06
2.0264000244140625 2.7470230978394282e-08
2.0274000244140624 4.5362441019164605e-06
2.0284000244140623 6.911730328065019e-06
2.0294000244140626 1.93191882676368e-06
2.0304000244140625 6.5188033427257884e-06
2.0314000244140624 1.4707268674244062e-06
2.0324000244140623 2.317753293675869e-06
2.0334000244140626 4.522670671596309e-11
2.0344000244140625 2.450359560542771e-06
2.0354000244140624 4.5341923330107317e-07
2.0364000244140623 4.515264970721427e-11
2.0374000244140626 6.424140821563665e-07
2.0384000244140625 4.6007471143245e-06
2.0394000244140624 2.434792679625047e-06
2.0404000244140623 5.6044391547195465e-06
2.0414000244140627 5.160054321464448e-07
2.0424000244140625 1.7250891049714791e-06
2.0434000244140624 1.157342604828295e-06
2.0444000244140623 3.901512315638665e-06
2.0454000244140627 9.419305949625847e-07
2.0464000244140625 5.618029326244613e-06
2.0474000244140624 1.6553814869085009e-06
2.04839990234375 2.4411284752373703e-06
2.04939990234375 4.05299965044221e-06
2.05039990234375 8.945420406804555e-07
2.05139990234375 9.973763426441352e-07
2.05239990234375 3.086618775467518e-06
2.05339990234375 2.682718046763281e-06
2.05439990234375 5.273201760626863e-06
2.05539990234375 2.9816945444854167e-06
2.05639990234375 4.481396333624279e-11
2.05739990234375 3.6020907891227115e-06
2.05839990234375 4.4957441356428515e-11
2.05939990234375 2.9699990418079044e-06
2.06039990234375 6.232439523560618e-06
2.06139990234375 4.4906666535038454e-11
2.06239990234375 2.1871247393314616e-06
2.06339990234375 2.597271948111122e-06
2.06439990234375 7.759919762924343e-07
2.06539990234375 3.2915974225162015e-06
2.06639990234375 7.992946471639966e-06
2.06739990234375 1.8822607668917022e-06
2.06839990234375 4.4940111133243166e-11
2.06939990234375 6.305325483337125e-06
2.07039990234375 9.326961290405462e-07
2.07139990234375 2.1511728366687935e-06
2.07239990234375 1.5601426168497003e-07
2.07339990234375 4.768511183799646e-06
2.07439990234375 4.542859904484831e-11
2.07539990234375 3.851311055847041e-06
2.07639990234375 4.5439584454726915e-11
2.07739990234375 3.7486794869614217e-07
2.07839990234375 4.52486977520551e-11
2.07939990234375 4.278922044807191e-06
2.08039990234375 2.5521245240962455e-06
2.08139990234375 1.3623727953631952e-06
2.08239990234375 1.5599643270962034e-06
2.08339990234375 4.5693748512857296e-11
2.08439990234375 4.179899716837965e-06
2.08539990234375 1.6081505734464896e-06
2.08639990234375 7.05962677226888e-06
2.08739990234375 5.294498952563726e-07
2.08839990234375 2.598262680252414e-06
2.08939990234375 2.051177827272999e-06
2.09039990234375 7.186121701173666e-07
2.09139990234375 2.7675392326727036e-06
2.09239990234375 3.366740973874969e-06
2.09339990234375 9.263036711655657e-07
2.09439990234375 4.557432522516857e-11
2.09539990234375 6.025792271557152e-06
2.09639990234375 4.552078173548187e-11
2.09739990234375 3.260200983199233e-06
2.09839990234375 6.980042642478538e-06
2.09939990234375 4.5648895282501625e-11
2.10039990234375 1.0905054657435041e-06
2.10139990234375 4.613714025661883e-06
2.10239990234375 9.452593837077109e-08
2.10339990234375 7.522396688943623e-06
2.10439990234375 4.2027267699515e-07
2.10539990234375 3.911822248047092e-06
2.10639990234375 4.563745860557403e-11
2.10739990234375 4.220763049027015e-06
2.10839990234375 4.5675166966021326e-11
2.10939990234375 6.664215528279435e-06
2.11039990234375 4.6750671429866045e-06
2.11139990234375 7.0879868096117175e-06
2.11239990234375 4.5591073622302134e-11
2.11339990234375 4.308182844671446e-07
2.11439990234375 1.1933221306416676e-05
2.11539990234375 4.56684986893542e-11
2.11639990234375 4.5679641091019986e-11
2.11739990234375 6.393265297083586e-07
2.11839990234375 8.19870576521047e-06
2.11939990234375 4.212840580315834e-06
2.12039990234375 4.051723308836809e-09
2.12139990234375 4.593218111549308e-11
2.12239990234375 8.565221687499079e-06
2.12339990234375 7.568992748167371e-06
2.12439990234375 1.2249633309037167e-06
2.12539990234375 7.169850378522737e-07
2.12639990234375 5.667419559851124e-06
2.12739990234375 4.5985857090545e-11
2.12839990234375 6.83250013699239e-07
2.12939990234375 2.4199546785634864e-06
2.13039990234375 4.0327605596072815e-06
2.13139990234375 9.911856888505917e-06
2.13239990234375 4.594743873444314e-11
2.13339990234375 1.168274557178215e-06
2.13439990234375 1.5753819650368634e-06
2.13539990234375 1.4361357844089114e-06
2.13639990234375 4.571048191547075e-11
2.13739990234375 1.4765517223560224e-05
2.13839990234375 8.625756577207318e-06
2.13939990234375 1.9020368548067015e-06
2.14039990234375 4.6932794922954436e-06
2.14139990234375 9.310688711709562e-06
2.14239990234375 7.594059260133406e-06
2.14339990234375 2.5532534350363006e-07
2.14439990234375 4.5140698563946203e-11
2.14539990234375 9.155896066554645e-06
2.14639990234375 7.2078764917265285e-06
2.14739990234375 5.042665308030523e-06
2.14839990234375 3.450229471178062e-07
2.14939990234375 2.074331526015013e-06
2.15039990234375 4.505403347746632e-11
2.15139990234375 1.9337652965286594e-06
2.15239990234375 5.967829258686814e-06
2.15339990234375 4.514607645957679e-06
2.15439990234375 2.2206685171998078e-05
2.15539990234375 4.468158073365093e-11
2.15639990234375 4.39884984297927e-07
2.15739990234375 5.441717226451726e-06
2.15839990234375 2.888323827236892e-06
2.15939990234375 4.732849439926396e-06
2.16039990234375 5.014284192761095e-06
2.16139990234375 1.3990659876016488e-06
2.16239990234375 8.300824297397223e-07
2.16339990234375 2.7363111657794966e-06
2.16439990234375 1.7551034907205268e-06
2.16539990234375 8.644721471321713e-06
2.16639990234375 4.3967001237480134e-11
2.16739990234375 6.635088161393548e-06
2.16839990234375 7.825185948235862e-07
2.16939990234375 4.908813242627188e-06
2.17039990234375 1.884073698945596e-07
2.17139990234375 4.3660011937028997e-11
2.17239990234375 1.2822117360976212e-06
2.17339990234375 9.079749153272543e-06
2.17439990234375 6.756009459172236e-07
2.17539990234375 4.337858985022967e-11
2.17639990234375 3.8087836640216513e-06
2.17739990234375 3.4326567669617846e-06
2.17839990234375 4.094911833500915e-06
2.17939990234375 2.3276139236302333e-06
2.18039990234375 2.877404146036612e-06
2.18139990234375 1.1303296459358376e-06
2.18239990234375 4.166325534120001e-06
2.18339990234375 9.243630882225641e-06
2.18439990234375 1.7570562216994654e-06
2.18539990234375 4.1046189986274625e-11
2.18639990234375 1.4670835956627099e-06
2.18739990234375 7.52977357908458e-06
2.18839990234375 6.628793696023759e-06
2.18939990234375 1.0366018216052924e-07
2.19039990234375 1.3272839257940938e-06
2.19139990234375 6.830767962846022e-07
2.19239990234375 3.876060582558813e-11
2.19339990234375 5.530924188238053e-06
2.19439990234375 3.491708935621699e-06
2.19539990234375 5.55750450164326e-06
2.19639990234375 6.31663731369268e-06
2.19739990234375 6.331040504101476e-06
2.19839990234375 3.624168643268525e-11
2.19939990234375 8.963633722715522e-07
2.20039990234375 3.535922316423621e-11
2.20139990234375 5.593542590045664e-06
2.20239990234375 4.324203529593774e-06
2.20339990234375 6.576050390388161e-06
2.20439990234375 3.870167600437978e-06
2.20539990234375 1.6172441487298148e-06
2.20639990234375 3.296943631518955e-11
2.20739990234375 1.6471279581627572e-06
2.20839990234375 6.4908045803718465e-06
2.20939990234375 6.692039551297653e-06
2.21039990234375 1.3090977051914325e-07
2.21139990234375 1.1272260145330549e-06
2.21239990234375 8.091084886827715e-08
2.21339990234375 3.152517415579942e-06
2.21439990234375 3.185924824576633e-11
2.21539990234375 3.1834249840751743e-11
2.21639990234375 3.459733543210328e-06
2.21739990234375 3.501284441094151e-07
2.21839990234375 6.764719720453801e-07
2.21939990234375 1.1610965146759518e-06
2.22039990234375 1.0353325111416145e-05
2.22139990234375 4.842037896116704e-06
2.22239990234375 2.115747088657836e-06
2.22339990234375 3.295442652813169e-11
2.22439990234375 3.3126798436349935e-11
2.22539990234375 2.1460284282439985e-06
2.22639990234375 8.910749567048438e-06
2.22739990234375 6.146899575780954e-07
2.22839990234375 9.834859389299787e-07
2.22939990234375 3.3612307167990445e-11
2.23039990234375 6.17884885235429e-06
2.23139990234375 9.867842293106512e-06
2.23239990234375 2.1054097380433498e-07
2.23339990234375 3.396975374175755e-11
2.23439990234375 4.592307596096621e-06
2.23539990234375 1.9026773601731732e-06
2.23639990234375 3.423660210131716e-11
2.23739990234375 1.98428083735145e-06
2.23839990234375 1.2593672840044227e-05
2.23939990234375 1.2065934528807254e-05
2.24039990234375 3.454562118137737e-11
2.24139990234375 1.1558763288905781e-05
2.24239990234375 8.824112942708709e-06
2.24339990234375 4.577684444831516e-06
2.24439990234375 3.456126655658149e-11
2.24539990234375 4.788325469107287e-06
2.24639990234375 1.0345710652779323e-05
2.24739990234375 2.4610853175435292e-06
2.24839990234375 3.470270331089056e-11
2.24939990234375 6.521907251231531e-06
2.25039990234375 5.598794788555882e-06
2.25139990234375 2.7632616344449877e-06
2.25239990234375 7.247544095981712e-06
2.25339990234375 1.1227114056765314e-05
2.25439990234375 3.492190779767767e-11
2.25539990234375 1.0802045932528315e-05
2.25639990234375 1.4149789552873995e-05
2.25739990234375 1.2709856471421841e-06
2.25839990234375 5.808436000228214e-07
2.25939990234375 1.0136350462984443e-05
2.26039990234375 3.525943632243235e-11
2.26139990234375 1.2686176268801811e-05
2.26239990234375 2.8431541683821393e-06
2.26339990234375 7.5927187378359206e-06
2.26439990234375 1.2447824372929423e-05
2.26539990234375 1.0161631110956074e-05
2.26639990234375 3.898752537122632e-06
2.26739990234375 1.88344602521136e-06
2.26839990234375 1.7715680001447324e-05
2.26939990234375 3.614573983568111e-11
2.27039990234375 5.732858076396565e-06
2.27139990234375 4.439914118690463e-06
2.27239990234375 2.7573176552988837e-06
2.27339990234375 1.1795553058463389e-05
2.27439990234375 1.5052628139786393e-06
2.27539990234375 1.0243345681070742e-06
2.27639990234375 1.4108082177734296e-05
2.27739990234375 1.636890973529262e-05
2.27839990234375 4.035881408651122e-06
2.27939990234375 2.1311382163387216e-06
2.28039990234375 9.933890765671442e-06
2.28139990234375 6.001987078287232e-06
2.28239990234375 9.567234411455174e-07
2.28339990234375 1.9209768074431276e-06
2.28439990234375 3.8661218956065424e-11
2.28539990234375 8.786575198604457e-07
2.28639990234375 1.1610863605416666e-06
2.28739990234375 1.7841611615652158e-06
2.28839990234375 8.842997832791811e-07
2.28939990234375 4.3105730593276365e-07
2.29039990234375 3.773133047654313e-06
2.29139990234375 7.355933925427209e-06
2.29239990234375 2.029382193775201e-06
2.29339990234375 4.0772341085036606e-07
2.29439990234375 3.9723184298453346e-11
2.29539990234375 6.211543218817113e-06
2.29639990234375 1.1493138661841e-06
2.29739990234375 2.350978418622013e-06
2.29839990234375 2.985157924917169e-06
2.29939990234375 5.506482613306931e-06
2.30039990234375 2.4026812796560535e-06
2.30139990234375 4.509497962293378e-06
2.30239990234375 5.491004403777136e-06
2.30339990234375 1.6150135558216937e-06
2.30439990234375 8.011092644356723e-07
2.30539990234375 4.202531973542151e-07
2.30639990234375 1.778611559285709e-06
2.30739990234375 3.417163098637473e-06
2.30839990234375 5.202881921589543e-06
2.30939990234375 3.2905798566390004e-07
2.31039990234375 5.912301680485185e-06
2.31139990234375 4.071429149622836e-06
2.31239990234375 2.3386561600362182e-06
2.31339990234375 3.881661147511606e-11
2.31439990234375 1.0364094162462973e-06
2.31539990234375 5.621962222409331e-06
2.31639990234375 3.1691226035342713e-06
2.31739990234375 2.4180558581484797e-06
2.31839990234375 3.64683442965366e-11
2.31939990234375 3.673828413269794e-06
2.32039990234375 4.910663955416103e-06
2.32139990234375 3.41571205385708e-11
2.32239990234375 2.0478512906695334e-06
2.32339990234375 6.977880438353155e-07
2.32439990234375 5.272290992189183e-07
2.32539990234375 1.5495788191794516e-06
2.32639990234375 2.3087423586246882e-06
2.32739990234375 1.8076568676771438e-06
2.32839990234375 1.2546259370386067e-06
2.32939990234375 2.026208122022324e-06
2.33039990234375 1.7600125616875437e-06
2.33139990234375 6.017196781727501e-07
2.33239990234375 2.3109269777179191e-07
2.33339990234375 1.7777798766676631e-06
2.33439990234375 1.2086706532914616e-06
2.33539990234375 3.0577211183364236e-07
2.33639990234375 5.299917615620274e-07
2.33739990234375 1.8493398637544754e-06
2.33839990234375 2.7558714613415536e-06
2.33939990234375 4.572040969304065e-07
2.34039990234375 1.7735657396473502e-06
2.34139990234375 8.070943504716365e-07
2.34239990234375 1.957958510538274e-06
2.34339990234375 1.5249580155948486e-11
2.34439990234375 1.2906444151969e-06
2.34539990234375 1.0335120580972017e-06
2.34639990234375 4.936129711351369e-07
2.34739990234375 4.019760153436199e-08
2.34839990234375 1.2237521122875389e-06
2.34939990234375 1.8984656168504896e-06
2.35039990234375 1.2323580878290466e-06
2.35139990234375 5.001664656302205e-07
2.35239990234375 1.4931349057563244e-06
2.35339990234375 1.1785273601357164e-06
2.35439990234375 1.557314619691009e-06
2.35539990234375 2.894577174210146e-07
2.35639990234375 1.5124441928507441e-06
2.35739990234375 4.392643714123129e-07
2.35839990234375 1.3126100551020805e-06
2.35939990234375 5.022964396085641e-07
2.36039990234375 1.0201437314301398e-06
2.36139990234375 8.189180071969161e-07
2.36239990234375 1.0173599860300357e-06
2.36339990234375 9.144502425627634e-07
2.36439990234375 6.055541013301852e-07
2.36539990234375 7.76052550783311e-07
2.36639990234375 1.820810382326113e-07
2.36739990234375 4.348239203789999e-07
2.36839990234375 2.3042257576299372e-07
2.36939990234375 2.0330939332287393e-07
2.37039990234375 4.942731356276968e-07
2.37139990234375 1.5330400678085956e-07
2.37239990234375 5.196799679511394e-07
2.37339990234375 2.340257606572617e-12
2.37439990234375 3.116830517109033e-07
2.37539990234375 1.5949073927927625e-07
2.37639990234375 1.9536498325858645e-07
2.37739990234375 2.6266003108366214e-07
2.37839990234375 1.9900870121356735e-07
2.37939990234375 3.2516691578070627e-07
2.38039990234375 8.058797479873582e-08
2.38139990234375 2.1730059221759392e-07
2.38239990234375 1.1858233756415857e-07
2.38339990234375 6.636646356768433e-08
2.38439990234375 4.647805905350899e-08
2.38539990234375 2.35351521975117e-07
2.38639990234375 1.33210806585216e-07
2.38739990234375 7.272938606823721e-08
2.38839990234375 3.421021593370682e-08
2.38939990234375 6.066877306039051e-13
2.39039990234375 1.4189747517376706e-08
2.39139990234375 3.3775682829437416e-09
2.39239990234375 7.542529585869691e-09
2.39339990234375 2.5351162505495256e-08
2.39439990234375 9.978126057043865e-09
2.39539990234375 5.827767857694915e-08
2.39639990234375 9.5416693104533e-10
2.39739990234375 4.9231405964807736e-08
2.39839990234375 4.736359870974504e-08
2.39939990234375 1.1689675464877865e-08
2.40039990234375 7.232466664813572e-09
2.40139990234375 3.932086906912484e-09
2.40239990234375 1.3732203290223267e-08
2.40339990234375 3.1669546181438645e-08
2.40439990234375 4.991043599469885e-09
2.40539990234375 1.4913659036064195e-08
2.40639990234375 4.2814299308809354e-09
2.40739990234375 6.117832987561497e-09
2.40839990234375 9.446520403030688e-09
2.40939990234375 1.2408024511186583e-08
2.41039990234375 2.473088339197168e-09
2.41139990234375 1.782459104692924e-09
2.41239990234375 8.781504614734778e-09
2.41339990234375 1.4288157559954542e-09
2.41439990234375 1.581385280280426e-09
2.41539990234375 1.7155365516381059e-09
2.41639990234375 1.87775304329516e-09
2.41739990234375 1.962383455075647e-09
2.41839990234375 2.8227170589721033e-09
2.41939990234375 3.6689307470648885e-09
2.42039990234375 1.4718509925178912e-09
2.42139990234375 1.3518868458808999e-09
2.42239990234375 3.25704135769392e-11
2.42339990234375 8.417712613411138e-10
2.42439990234375 1.5371957158781979e-09
2.42539990234375 2.9545356748892945e-10
2.42639990234375 5.083247743861933e-10
2.42739990234375 1.1246565704916513e-09
2.42839990234375 7.837373143776318e-10
2.42939990234375 1.0358059283945022e-09
2.43039990234375 5.506945261211579e-10
2.43139990234375 1.8776436461460853e-10
2.43239990234375 9.206644264152665e-10
2.43339990234375 2.486294627603806e-15
2.43439990234375 1.3686493244204652e-10
2.43539990234375 2.990278171446546e-10
2.43639990234375 3.5199376997049326e-10
2.43739990234375 4.4670655181484734e-11
2.43839990234375 8.261534570071257e-11
2.43939990234375 3.2913619012853714e-10
2.44039990234375 1.6243251720332963e-10
2.44139990234375 1.1435130221274593e-10
2.44239990234375 5.0390712986994366e-11
2.44339990234375 1.8562957207172053e-11
2.44439990234375 8.573796761501535e-11
2.44539990234375 8.300415461735597e-11
2.44639990234375 1.4661619901649775e-11
2.44739990234375 7.335041251856527e-11
2.44839990234375 7.981724717723034e-11
2.44939990234375 1.7990668964618124e-11
2.45039990234375 2.6915796523450692e-11
2.45139990234375 4.094311784733811e-11
2.45239990234375 5.277257050699271e-12
2.45339990234375 1.9732617436076883e-13
2.45439990234375 3.6784834006980435e-11
2.45539990234375 6.519181465399868e-11
2.45639990234375 2.883510996529505e-11
2.45739990234375 1.362293871528938e-11
2.45839990234375 3.464371301790941e-11
2.45939990234375 9.74466113179672e-12
2.46039990234375 1.1357479547195518e-16
2.46139990234375 5.96719631944703e-12
2.46239990234375 2.6679319092628412e-11
2.46339990234375 1.9462069430946658e-11
2.46439990234375 1.1695171780092816e-11
2.46539990234375 1.966779565340209e-11
2.46639990234375 2.721058259507279e-11
2.46739990234375 6.902692805426684e-17
2.46839990234375 5.817100140652607e-12
2.46939990234375 9.215526280819028e-12
2.47039990234375 8.496974247471304e-12
2.47139990234375 5.362424273679835e-12
2.47239990234375 1.7426197424840308e-13
2.47339990234375 1.0928674868621368e-11
2.47439990234375 6.064923150087727e-13
2.47539990234375 4.846442013710764e-12
2.47639990234375 1.6821389724839193e-12
2.47739990234375 3.1526480374955323e-13
2.47839990234375 7.618436011297847e-12
2.47939990234375 4.967096441694899e-13
2.48039990234375 6.334211244103741e-12
2.48139990234375 1.769357687259862e-17
2.48239990234375 1.0531331534339038e-12
2.48339990234375 1.408397953672808e-17
2.48439990234375 4.223597008327976e-12
2.48539990234375 1.162519385470074e-17
2.48639990234375 1.0476073579304024e-13
2.48739990234375 3.523558919348008e-12
2.48839990234375 8.317957990979332e-13
2.48939990234375 2.029663983819776e-12
2.49039990234375 6.829063404492223e-18
2.49139990234375 2.9618793042151455e-12
2.49239990234375 5.453376609383402e-18
2.49339990234375 2.4865526235798854e-13
2.49439990234375 1.3765328561499152e-12
2.49539990234375 7.553624471962577e-14
2.49639990234375 9.759861571077443e-13
2.49739990234375 1.734048092342407e-13
2.49839990234375 5.800558216570085e-13
2.49939990234375 1.727774656771306e-13
2.50039990234375 7.897449994118007e-13
2.50139990234375 1.9601523774551005e-18
2.50239990234375 1.7489137484050182e-18
2.50339990234375 5.385729960694732e-13
2.50439990234375 4.743985409894266e-13
2.50539990234375 1.2412724962229587e-18
2.50639990234375 7.516791456987403e-13
2.50739990234375 2.0274038086893868e-14
2.50839990234375 8.906766243943378e-19
2.50939990234375 3.5127565210288543e-13
2.51039990234375 1.4989910293930952e-13
2.51139990234375 1.3368524214853006e-13
2.51239990234375 2.2629379158271043e-14
2.51339990234375 2.194420498019796e-13
2.51439990234375 3.6188568731708224e-14
2.51539990234375 6.705271333911472e-14
2.51639990234375 3.6753993079240785e-19
2.51739990234375 1.8183226933376794e-14
2.51839990234375 2.956311473701139e-19
2.51939990234375 2.648745942148212e-19
2.52039990234375 2.3740453111445506e-19
2.52139990234375 1.0020548888302881e-14
2.52239990234375 7.573530359197769e-14
2.52339990234375 1.704470195191447e-14
2.52439990234375 4.240282164826589e-15
2.52539990234375 1.3711327284025463e-14
2.52639990234375 8.816227194078772e-15
2.52739990234375 1.1172221120043208e-19
2.52839990234375 3.442415618667546e-14
2.52939990234375 5.900602150022763e-14
2.53039990234375 3.7683260931947964e-14
2.53139990234375 5.420239004675938e-14
2.53239990234375 1.9867582866300646e-14
2.53339990234375 6.8650573850617e-14
2.53439990234375 2.8394342403739706e-14
2.53539990234375 1.593938293387325e-14
2.53639990234375 2.2468322444936e-14
2.53739990234375 8.64053127678571e-15
2.53839990234375 9.967322825086575e-15
2.53939990234375 8.36131478198325e-15
2.54039990234375 8.70260059361268e-15
2.54139990234375 2.597723905477301e-20
2.54239990234375 2.3420041054631858e-20
2.54339990234375 6.904807819345446e-15
2.54439990234375 3.803005303430077e-15
2.54539990234375 1.2087081136834051e-14
2.54639990234375 1.9322079850815807e-15
2.54739990234375 8.812310711598147e-15
2.54839990234375 7.177795130246969e-15
2.54939990234375 5.587342403462458e-15
2.55039990234375 2.5223304546122007e-15
2.55139990234375 9.092300785849657e-15
2.55239990234375 9.704425966658923e-17
2.55339990234375 5.904677699220658e-15
2.55439990234375 4.712533936850177e-15
2.55539990234375 8.517009068634335e-15
2.55639990234375 6.4261950265165814e-15
2.55739990234375 6.3275049628094905e-15
2.55839990234375 6.399142268177711e-15
2.55939990234375 6.4704417300711426e-15
2.56039990234375 4.8324688684923894e-15
2.56139990234375 3.7773825995371976e-15
2.56239990234375 3.3114308166351845e-15
2.56339990234375 4.8525210988082615e-15
2.56439990234375 3.673644999833749e-15
2.56539990234375 1.4885356503911035e-15
2.56639990234375 1.0434378839276988e-15
2.56739990234375 1.3284951001869712e-15
2.56839990234375 3.5771640174290865e-15
2.56939990234375 1.1521730363046093e-15
2.57039990234375 7.714715077543816e-16
2.57139990234375 2.3193057624332606e-15
2.57239990234375 1.6526678053185159e-15
2.57339990234375 9.340024823444504e-16
2.57439990234375 1.2801999212150057e-15
2.57539990234375 3.2895137614613103e-16
2.57639990234375 1.0023856417891025e-15
2.57739990234375 9.20829495698715e-16
2.57839990234375 5.825764557022151e-16
2.57939990234375 5.562734845575814e-16
2.58039990234375 7.4558192842799085e-16
2.58139990234375 5.265833647808442e-16
2.58239990234375 2.20560831295413e-16
2.58339990234375 6.181303061736339e-16
2.58439990234375 2.331280997006487e-16
2.58539990234375 3.5835820327452198e-16
2.58639990234375 1.6309939330558645e-16
2.58739990234375 3.261434641298436e-16
2.58839990234375 2.9182949297388003e-16
2.58939990234375 1.3825315936033044e-16
2.59039990234375 3.8695009113050525e-17
2.59139990234375 1.9827865746756787e-16
2.59239990234375 8.23854752135136e-17
2.59339990234375 1.7485016112972723e-16
2.59439990234375 3.266929975668683e-17
2.59539990234375 1.200216112164985e-16
2.59639990234375 9.860927973463615e-17
2.59739990234375 2.9025862394688794e-17
2.59839990234375 5.016217551833642e-17
2.59939990234375 5.4546646646876944e-17
2.60039990234375 3.71183154851693e-17
