Wavelength_microns Throughput
0.5505 3.671531417750086e-13
0.5515 4.1322395912960644e-13
0.5525 4.9712730897912136e-11
0.5535 1.438231027041952e-10
0.5545 5.477820206258466e-13
0.5555 5.826463059864961e-13
0.5565 2.6815924457394566e-10
0.5575 5.368176274915286e-10
0.5585 3.886383604862996e-10
0.5595 3.4920622948090305e-10
0.5605 1.417800379744033e-10
0.5615 6.050054278000308e-11
0.5625 1.2065471081951137e-10
0.5635 6.110436482323429e-13
0.5645 7.541913656965677e-13
0.5655 9.220088605397988e-13
0.5665 1.0777021414224361e-12
0.5675 2.2743107639585724e-10
0.5685 1.3190842961302865e-12
0.5695 1.4071507243333202e-12
0.5705 4.0457233976836985e-10
0.5715 2.2503635124660386e-09
0.5725 1.2842838238923646e-09
0.5735 2.402921955385402e-09
0.5745 2.816341875333035e-09
0.5755 2.3773170717775745e-09
0.5765 2.3549211099611173e-09
0.5775 1.3146476420094837e-12
0.5785 1.2355467162246938e-12
0.5795 1.1987749220086521e-12
0.5805 1.2489666842870887e-12
0.5815 6.164921154180714e-10
0.5825 9.992513028318917e-10
0.5835 3.0051744853502113e-10
0.5845 2.2600424709587073e-12
0.5855 6.167975046696176e-10
0.5865 2.19943435476864e-09
0.5875 6.181291149599861e-09
0.5885 5.364742076339119e-10
0.5895 3.5757823578710274e-09
0.5905 1.935002304594598e-09
0.5915 1.9768263469605072e-09
0.5925 2.513611492416272e-09
0.5935 4.53462948768868e-12
0.5945 4.690544171986199e-12
0.5955 1.7564744842677874e-09
0.5965 4.905763977864705e-12
0.5975 4.0945790950453323e-10
0.5985 6.37402191395523e-09
0.5995 5.112174020801017e-12
0.6005 9.5361289496293e-09
0.6015 1.0117414268789295e-09
0.6025 3.944473285501243e-09
0.6035 2.9239686493802334e-09
0.6045 1.4168741267000912e-09
0.6055 2.9917371655860537e-09
0.6065 4.721595149334818e-09
0.6075 7.560355577034557e-09
0.6085 1.7595017670172012e-09
0.6095 1.2252938122185882e-09
0.6105 6.085861470690406e-12
0.6115 5.4806898244254515e-09
0.6125 1.2607199501261316e-09
0.6135 6.887405173833081e-09
0.6145 5.087384470782043e-09
0.6155 6.144715830788318e-09
0.6165 5.8787531947669676e-09
0.6175 1.0022518826908179e-08
0.6185 1.3039062278422084e-08
0.6195 5.963050046910968e-09
0.6205 1.0559511756149872e-08
0.6215 6.787547575922074e-09
0.6225 8.386054380544711e-09
0.6235 1.6711546460760392e-08
0.6245 2.0974718618872798e-08
0.6255 1.978048102605877e-09
0.6265 1.2504140810405271e-08
0.6275 1.836593302774795e-08
0.6285 1.9384344609726953e-08
0.6295 7.935681590329776e-12
0.6305 8.456742063573541e-09
0.6315 2.720751903996031e-08
0.6325 1.2953319152818569e-08
0.6335 2.527848481562362e-08
0.6345 2.3494614473547678e-08
0.6355 4.176814171851298e-08
0.6365 2.706102394779346e-08
0.6375 4.6734423494990986e-08
0.6385 3.170173453941857e-08
0.6395 6.373069184290755e-08
0.6405 4.588795805540322e-08
0.6415 4.511540315026281e-08
0.6425 4.038506372320809e-08
0.6435 7.193883591968147e-08
0.6445 7.948285147459812e-08
0.6455 1.0131217050543686e-07
0.6465 1.21912694840337e-07
0.6475 1.3149734708849924e-07
0.6485 1.369972183011817e-07
0.6495 1.9383030442670598e-07
0.6505 1.8113751785563773e-07
0.6515 2.377271881928405e-07
0.6525 1.785520247296246e-07
0.6535 2.3099686406274333e-07
0.6545 2.5400697083329275e-07
0.6555 2.792656100530674e-07
0.6565 3.1958220538893674e-07
0.6575 3.1820598456987813e-07
0.6585 3.6875680909886716e-07
0.6595 3.534132408337913e-07
0.6605 3.6314074911560075e-07
0.6615 3.707318023210133e-07
0.6625 3.581569537446593e-07
0.6635 3.6973438596358403e-07
0.6645 3.9716722048125535e-07
0.6655 4.592874811482718e-07
0.6665 5.544676523939038e-07
0.6675 5.878051797357429e-07
0.6685 6.556903507762258e-07
0.6695 7.053280151297402e-07
0.6705 6.870186746323368e-07
0.6715 7.337272600205234e-07
0.6725 7.43005517675945e-07
0.6735 7.66189995688292e-07
0.6745 6.915631956792468e-07
0.6755 6.216132738550994e-07
0.6765 4.960987955688933e-07
0.6775 4.646743710888698e-07
0.6785 3.646726439241329e-07
0.6795 2.9663651146374745e-07
0.6805 2.3375742864717808e-07
0.6815 1.420215146927845e-07
0.6825 1.1916207952843956e-07
0.6835 1.1726927033585655e-07
0.6845 6.114862332201576e-08
0.6855 7.94380035059867e-08
0.6865 8.830238376258064e-08
0.6875 6.867482346143399e-08
0.6885 1.0626633907219911e-07
0.6895 1.1214334921805432e-07
0.6905 2.0060353669829825e-07
0.6915 2.474399684956627e-07
0.6925 2.1676863558434789e-07
0.6935 2.4345400438691554e-07
0.6945 1.6275268190524275e-07
0.6955 1.641566188504822e-07
0.6965 1.457368491107474e-07
0.6975 1.5874429982598792e-07
0.6985 1.8189813441362097e-07
0.6995 2.2201360022393907e-07
0.7005 2.0563514569090249e-07
0.7015 1.4608638004119206e-07
0.7025 1.735528021612188e-07
0.7035 2.137734033714205e-07
0.7045 2.536389313374905e-07
0.7055 3.2510089021731924e-07
0.7065 3.446203502461512e-07
0.7075 4.0131145256654144e-07
0.7085 3.24736416493492e-07
0.7095 3.2308869177579386e-07
0.7105 2.1997664645825454e-07
0.7115 2.1662672722369453e-07
0.7125 1.4346338402824324e-07
0.7135 1.3811280556616695e-07
0.7145 1.2449506066698478e-07
0.7155 8.779851164583446e-08
0.7165 8.684535238446839e-08
0.7175 1.1205565207101403e-07
0.7185 1.0562418188887329e-07
0.7195 1.2081498869563517e-07
0.7205 1.9684669018801318e-07
0.7215 2.0915759249399822e-07
0.7225 1.2001966091455386e-07
0.7235 1.0921159993198699e-07
0.7245 5.18929955112877e-08
0.7255 6.208314640760605e-08
0.7265 1.1914613841299386e-08
0.7275 1.4673150713304485e-09
0.7285 5.51279648804603e-09
0.7295 2.1527841223531904e-08
0.7305 6.816965231039296e-08
0.7315 2.9189601694534744e-08
0.7325 1.6831383168574202e-11
0.7335 2.9119375181316817e-08
0.7345 2.3908327998402102e-08
0.7355 8.588786377994e-09
0.7365 2.283946429841963e-08
0.7375 6.032183081893619e-09
0.7385 4.2577175400430886e-08
0.7395 1.9538667523901274e-09
0.7405 1.6939725532906532e-11
0.7415 1.2311322380262063e-08
0.7425 2.970528586934262e-08
0.7435 9.910754066448662e-09
0.7445 2.493759407968277e-08
0.7455 2.051224113092944e-08
0.7465 1.7020153152232198e-11
0.7475 1.4230000275395626e-08
0.7485 1.1926504013794169e-08
0.7495 2.034148331080675e-08
0.7505 7.436691553611553e-08
0.7515 5.799949127432231e-09
0.7525 6.571913308339938e-08
0.7535 2.243810943002345e-08
0.7545 2.2083810882382458e-08
0.7555 1.710411242783167e-11
0.7565 1.710752099430343e-11
0.7575 1.0373059684716176e-08
0.7585 6.074008982206001e-08
0.7595 8.33039260642312e-09
0.7605 2.5312783551738498e-08
0.7615 1.2214490278233424e-08
0.7625 3.560291818434062e-08
0.7635 2.9919710974679614e-08
0.7645 4.4826951917588174e-08
0.7655 5.0899032539775215e-08
0.7665 3.912767672903441e-08
0.7675 1.7252480955806192e-11
0.7685 2.211321109929302e-08
0.7695 4.483050082902133e-08
0.7705 3.090827568143169e-09
0.7715 5.555534804942736e-09
0.7725 3.643414390825375e-08
0.7735 3.810874519939729e-08
0.7745 2.8312582715690817e-08
0.7755 3.7424895998658153e-08
0.7765 1.838280885706752e-08
0.7775 5.791819897699894e-08
0.7785 1.7575205795406715e-11
0.7795 1.3583677279672036e-08
0.7805 3.446270091534755e-08
0.7815 3.2290388085668057e-08
0.7825 8.94969518021829e-08
0.7835 1.286813797263664e-07
0.7845 2.0138523235372728e-07
0.7855 8.208587020135112e-08
0.7865 1.4873198252262237e-07
0.7875 9.329595708783253e-08
0.7885 8.338302951272029e-08
0.7895 6.971864205811132e-08
0.7905 6.328237176308463e-08
0.7915 8.802791455664882e-08
0.7925 2.038636565629575e-08
0.7935 1.0409515470150212e-07
0.7945 4.106240851928384e-08
0.7955 1.3043358563425167e-07
0.7965 3.720938222318776e-08
0.7975 4.735112925659684e-08
0.7985 1.593212817562627e-07
0.7995 1.988730838618997e-09
0.8005 3.15908174533469e-08
0.8015 1.7877674706239387e-08
0.8025 3.6053028718365335e-08
0.8035 4.5873908113446995e-08
0.8045 4.7395987212997296e-08
0.8055 2.6563763131628592e-08
0.8065 4.410653863885902e-08
0.8075 1.3976269975553e-08
0.8085 3.625866837247272e-08
0.8095 2.6924401395818594e-08
0.8105 2.041491728349541e-08
0.8115 3.5253117802977975e-08
0.8125 1.874737160195298e-08
0.8135 4.398016736531688e-08
0.8145 7.170481910395826e-09
0.8155 5.016865933096979e-08
0.8165 3.4045694349661276e-08
0.8175 4.851089788068357e-08
0.8185 7.273550707446088e-08
0.8195 3.384586251447222e-08
0.8205 3.203578243550769e-08
0.8215 4.025238101762836e-08
0.8225 5.964241711456559e-08
0.8235 3.638628710965239e-08
0.8245 6.827577562878023e-08
0.8255 7.019375460219893e-08
0.8265 2.685305922235601e-08
0.8275 3.7445131767050115e-08
0.8285 4.7715778346792385e-08
0.8295 6.704772624485001e-09
0.8305 2.5121372738498715e-08
0.8315 5.435935012554974e-08
0.8325 5.4534463525157564e-08
0.8335 4.612476871805403e-08
0.8345 4.2971611611898806e-08
0.8355 4.9567308573666783e-08
0.8365 8.139724906214627e-08
0.8375 9.331894587365358e-08
0.8385 1.113098925279986e-07
0.8395 6.585141227788489e-08
0.8405 4.816353950768938e-08
0.8415 9.365671230439302e-08
0.8425 1.0449896597642949e-07
0.8435 7.438643500318593e-08
0.8445 2.9313673888557257e-08
0.8455 6.093693033126769e-08
0.8465 8.37313061054646e-08
0.8475 7.879495850710816e-08
0.8485 1.0361607568216217e-07
0.8495 5.7104179895786596e-08
0.8505 9.01303057250967e-08
0.8515 1.1531628742684106e-07
0.8525 7.51775582471973e-08
0.8535 8.849798323105985e-08
0.8545 1.0262978718409367e-07
0.8555 7.567464715041254e-08
0.8565 4.1079277232688685e-08
0.8575 1.4068213426332367e-07
0.8585 1.2015871279293123e-07
0.8595 1.1484268308283292e-07
0.8605 8.949498012175898e-08
0.8615 4.920986761381551e-09
0.8625 9.27835920427821e-08
0.8635 1.7044865382681994e-07
0.8645 1.47989572783949e-07
0.8655 1.2312883443146998e-07
0.8665 7.592003181529503e-08
0.8675 6.58883991841483e-08
0.8685 4.355087048573897e-08
0.8695 6.435873309216731e-08
0.8705 2.5340235788008043e-11
0.8715 6.064881271976301e-08
0.8725 2.555539055152361e-11
0.8735 2.5637340087807097e-11
0.8745 2.5714791995968817e-11
0.8755 7.074276946808099e-08
0.8765 2.5863659634505414e-11
0.8775 8.754842742805985e-08
0.8785 2.433389197707093e-07
0.8795 2.921181353197218e-07
0.8805 2.615692727019053e-11
0.8815 2.6193728832880823e-11
0.8825 3.025226225849798e-07
0.8835 7.145976642549124e-08
0.8845 6.535960313018824e-08
0.8855 2.483234714090866e-07
0.8865 2.5975460745416246e-07
0.8875 2.0717227875153943e-07
0.8885 5.622106591401842e-07
0.8895 3.761028077116734e-07
0.8905 7.093277010915777e-09
0.8915 5.464123574281864e-07
0.8925 2.7012392968074377e-11
0.8935 7.633549543691384e-07
0.8945 2.7098371355995687e-11
0.8955 2.710074597505014e-11
0.8965 6.85848275333768e-07
0.8975 2.7073115624140493e-11
0.8985 1.2438971296775378e-06
0.8995 2.7229658696277858e-11
0.9005 1.1290517656351009e-07
0.9015 3.3908121578618295e-08
0.9025 9.862989661571107e-08
0.9035 1.7421298756039817e-08
0.9045 6.376720648454567e-08
0.9055 2.635246852671103e-08
0.9065 7.370615320824397e-08
0.9075 1.1773021741528707e-07
0.9085 1.1866252954757482e-07
0.9095 8.287351350186298e-08
0.9105 5.15074067081381e-08
0.9115 8.403351391228248e-08
0.9125 1.027964846708262e-07
0.9135 1.5763105332467255e-08
0.9145 9.713687313493675e-08
0.9155 1.62448400920403e-07
0.9165 7.041436074534854e-08
0.9175 1.1274348619957258e-07
0.9185 7.138926014516925e-08
0.9195 1.1315049515084791e-07
0.9205 1.0052626603650215e-07
0.9215 6.100010798971307e-08
0.9225 1.3563955777492881e-07
0.9235 9.857001658804514e-08
0.9245 1.0408382703591837e-07
0.9255 1.4603044140797112e-07
0.9265 1.0109393132294368e-07
0.9275 1.363253907515043e-07
0.9285 1.2532046519154576e-07
0.9295 6.543473632999968e-08
0.9305 1.5299838400877568e-07
0.9315 2.0476626281597314e-07
0.9325 2.059355045921934e-07
0.9335 1.0581485345384929e-07
0.9345 1.7932468248497063e-07
0.9355 2.0683263247463435e-07
0.9365 1.2318009821567786e-07
0.9375 1.7867285222947742e-07
0.9385 1.8771511798508474e-07
0.9395 2.0003883541451259e-07
0.9405 1.6407105064065748e-07
0.9415 2.0343505932662167e-07
0.9425 1.3156553369649894e-07
0.9435 1.4829186791931208e-07
0.9445 1.2397526021384365e-07
0.9455 1.7641039774667626e-07
0.9465 1.6791256488590412e-07
0.9475 1.2756663336377628e-07
0.9485 9.309028001295457e-08
0.9495 1.8447745022876182e-07
0.9505 1.9136153698861866e-07
0.9515 1.8624165891802432e-07
0.9525 1.1847654375270738e-07
0.9535 2.0246578450407645e-07
0.9545 1.7801062488053088e-07
0.9555 1.9934644120452762e-07
0.9565 2.416886441002636e-07
0.9575 1.8281577172254785e-07
0.9585 1.813748099340903e-07
0.9595 1.9837327509565436e-07
0.9605 2.6194192352111485e-07
0.9615 2.0950681822868428e-07
0.9625 1.552410633881198e-07
0.9635 1.7315211167381923e-07
0.9645 1.8530194673386224e-07
0.9655 1.0661228337462614e-07
0.9665 1.6481924305062824e-07
0.9675 1.5578416482657162e-07
0.9685 2.0032359368687963e-07
0.9695 1.7170361980536886e-07
0.9705 1.385319986104447e-07
0.9715 2.3643650266145225e-07
0.9725 2.0292696013117498e-07
0.9735 1.837615778933331e-07
0.9745 2.06415703748613e-07
0.9755 2.3305177202800636e-07
0.9765 1.61466195275025e-07
0.9775 1.6277693469063988e-07
0.9785 2.005424195465621e-07
0.9795 1.6568172805125103e-07
0.9805 1.2858988981371846e-07
0.9815 8.156420157563913e-08
0.9825 1.551480245542993e-07
0.9835 1.3795003835688978e-07
0.9845 1.6024183981546264e-07
0.9855 9.887630816429165e-08
0.9865 1.1310917576879381e-07
0.9875 1.3534426950032105e-07
0.9885 1.5763170458892793e-07
0.9895 2.0403909693054322e-07
0.9905 9.967751088280639e-08
0.9915 1.6773378554480121e-07
0.9925 2.0509135876542749e-07
0.9935 1.7100765018536884e-07
0.9945 1.3548152272679046e-07
0.9955 1.4703570103264232e-07
0.9965 1.5696356606937326e-07
0.9975 1.7574449738417517e-07
0.9985 1.7339807880356702e-07
0.9995 1.5883375461208264e-07
1.0005 1.6568524382082805e-07
1.0015 3.642790770600536e-07
1.0025 1.7541419948438036e-07
1.0035 1.4793437025297208e-07
1.0045 2.5731833805848967e-07
1.0055 1.4024247864500532e-08
1.0065 1.0188557944356431e-08
1.0075 7.118394526439406e-08
1.0085 6.512681299380648e-07
1.0095 2.426867979998035e-07
1.0105 1.8058482687702546e-07
1.0115 7.869199522277763e-08
1.0125 5.726539152523443e-07
1.0135 8.450921156942195e-07
1.0145 5.171434744298813e-07
1.0155 2.0903851863245225e-11
1.0165 2.0822491756827246e-11
1.0175 1.6421942065397792e-07
1.0185 6.395224792289029e-07
1.0195 2.061745629544263e-11
1.0205 6.675383668567277e-07
1.0215 1.5719675634748067e-07
1.0225 1.6644469771648123e-07
1.0235 1.9456683026054086e-06
1.0245 5.024617616752503e-07
1.0255 8.407556551861101e-08
1.0265 9.793161718601183e-07
1.0275 2.2583934729350107e-07
1.0285 8.516510838538222e-07
1.0295 2.0156050322390544e-11
1.0305 2.062997053523197e-07
1.0315 3.308247656604832e-07
1.0325 1.4205976595944984e-06
1.0335 2.0124115360413653e-08
1.0345 2.1198173442366421e-07
1.0355 2.740830928013323e-07
1.0365 1.4310591251132114e-07
1.0375 3.445563891911711e-07
1.0385 5.130708132632948e-07
1.0395 1.9999422950772445e-11
1.0405 2.3642569451788736e-07
1.0415 1.9937957662533182e-11
1.0425 1.0192786567219346e-07
1.0435 5.634744986351862e-07
1.0445 1.5847218850829284e-07
1.0455 3.211193096203407e-07
1.0465 4.1454747394339756e-07
1.0475 7.119251683330576e-07
1.0485 6.437272893290837e-07
1.0495 2.309367497178655e-07
1.0505 3.539170892610613e-07
1.0515 4.300467266486595e-07
1.0525 2.557549391123332e-07
1.0535 5.931406305483745e-08
1.0545 6.517942504131474e-07
1.0555 7.451185976572239e-07
1.0565 1.840332740404239e-07
1.0575 2.731068754794812e-07
1.0585 7.351483283716961e-07
1.0595 7.17296626315646e-07
1.0605 9.614247042408646e-08
1.0615 2.2936619726589568e-07
1.0625 3.980327222345678e-07
1.0635 1.3862321242746685e-06
1.0645 2.6683878488339545e-07
1.0655 1.5699092289069574e-07
1.0665 3.4565325660291205e-07
1.0675 6.189698714561481e-07
1.0685 3.24681524663309e-07
1.0695 7.982218936686533e-07
1.0705 1.2772369529720002e-06
1.0715 3.8177017532505557e-07
1.0725 9.564418700853708e-08
1.0735 5.333102761872697e-07
1.0745 1.495464026724823e-07
1.0755 6.811255063218114e-07
1.0765 8.030970498547661e-07
1.0775 5.90994900916438e-07
1.0785 1.8982975764555056e-11
1.0795 1.517970542525354e-07
1.0805 6.991023538302374e-07
1.0815 7.669315179959893e-07
1.0825 3.0351807750099364e-08
1.0835 3.524659723653052e-07
1.0845 4.3151524972199364e-07
1.0855 2.8619486586393556e-07
1.0865 5.419540912454042e-07
1.0875 3.300196528807705e-07
1.0885 5.604159547421315e-07
1.0895 2.830112048531908e-07
1.0905 1.1053033303031636e-07
1.0915 6.40663838152326e-07
1.0925 3.3946162477496184e-07
1.0935 3.813314403871504e-08
1.0945 1.6948263118852422e-07
1.0955 5.265082290519731e-07
1.0965 4.1662297251952974e-07
1.0975 8.827125208792149e-07
1.0985 2.272394397902438e-07
1.0995 3.5450716507958445e-08
1.1005 5.995160601090328e-07
1.1015 6.103128000513972e-07
1.1025 2.5507961941028336e-07
1.1035 3.6195548432467544e-08
1.1045 4.795273716368894e-07
1.1055 8.90548272371418e-07
1.1065 2.927849246033268e-07
1.1075 5.640752891797516e-07
1.1085 9.095132577198555e-07
1.1095 2.651658133880325e-07
1.1105 5.29347022357596e-07
1.1115 4.0684049532325123e-07
1.1125 1.5190794025671073e-07
1.1135 6.043806741611582e-07
1.1145 4.0180326859330757e-07
1.1155 4.6185887113052456e-07
1.1165 1.8244808015754373e-07
1.1175 1.102279495021316e-06
1.1185 1.0097103781802333e-07
1.1195 2.4117819156620595e-07
1.1205 1.6608249299737277e-07
1.1215 1.75476413158927e-07
1.1225 3.560136243132377e-07
1.1235 7.306106726866234e-07
1.1245 3.9264065353041477e-07
1.1255 2.4512869103067714e-07
1.1265 7.369222006728161e-07
1.1275 1.0499690472148756e-07
1.1285 1.4520931456353942e-07
1.1295 2.5327559430709297e-07
1.1305 1.3820355199251871e-07
1.1315 2.760320303762662e-07
1.1325 3.155714198792833e-07
1.1335 3.981018992342337e-07
1.1345 2.499150533792631e-07
1.1355 1.912785547434026e-11
1.1365 5.362016473828531e-07
1.1375 1.6230774095707437e-07
1.1385 3.6382399662397167e-07
1.1395 1.1874686423874121e-07
1.1405 5.795553767842777e-07
1.1415 1.6254637010635213e-07
1.1425 8.555617672262297e-07
1.1435 4.9258899135903083e-08
1.1445 4.3504416975888826e-07
1.1455 6.159462846023659e-09
1.1465 1.9628171555814615e-11
1.1475 9.88329408457051e-08
1.1485 5.290621738941912e-07
1.1495 6.87266768938812e-08
1.1505 1.9768236745954342e-11
1.1515 3.169042354326036e-07
1.1525 4.3395704303035075e-07
1.1535 5.003023590852554e-07
1.1545 5.875409140518778e-07
1.1555 4.913588336443163e-08
1.1565 4.1405625217167563e-07
1.1575 3.1879154596426215e-07
1.1585 1.926249373771006e-07
1.1595 1.39379929382088e-07
1.1605 3.770809235286104e-07
1.1615 2.7011951061368507e-07
1.1625 1.0276627004660768e-08
1.1635 1.3448504921565736e-07
1.1645 2.014475018772939e-11
1.1655 1.7880561912727863e-07
1.1665 4.514967330787824e-07
1.1675 2.6033085220091116e-07
1.1685 3.783115019743553e-07
1.1695 5.902857553744711e-07
1.1705 1.3313283068779443e-07
1.1715 4.2154732362669775e-07
1.1725 5.772962052275096e-07
1.1735 5.228508921989274e-07
1.1745 2.2228991376678038e-07
1.1755 3.08555576758758e-07
1.1765 1.9317187378826943e-08
1.1775 4.1132610154503015e-08
1.1785 4.1675504291568454e-07
1.1795 3.4162637374394866e-07
1.1805 5.375248321298758e-07
1.1815 2.050601015409811e-11
1.1825 1.0238919210015271e-07
1.1835 5.860743230125565e-07
1.1845 3.322353451533055e-07
1.1855 3.358378252864634e-07
1.1865 1.5928600666329637e-07
1.1875 3.013367131033996e-07
1.1885 1.1671924014432492e-07
1.1895 1.8167612591671204e-07
1.1905 3.5555710649552686e-08
1.1915 3.1617160269198525e-07
1.1925 2.845818484710691e-07
1.1935 1.998915539218545e-07
1.1945 9.883129026560044e-08
1.1955 2.9603167310232133e-07
1.1965 1.8682675230864333e-07
1.1975 2.0675633583682595e-11
1.1985 1.620767654706048e-07
1.1995 8.540587289183063e-07
1.2005 4.6240504775028294e-07
1.2015 2.0798446241195614e-11
1.2025 1.4315086797975256e-07
1.2035 6.183518302856873e-08
1.2045 1.3932313304257684e-07
1.2055 4.630152976195202e-07
1.2065 5.2846877015908e-07
1.2075 3.3046384609313554e-07
1.2085 3.312222592054262e-07
1.2095 2.9349764496123915e-07
1.2105 8.231813358763202e-07
1.2115 8.542197710002377e-08
1.2125 4.044624441555313e-07
1.2135 4.3875730600793666e-07
1.2145 1.3212596823035534e-07
1.2155 4.699548772629741e-07
1.2165 1.0961354840587266e-07
1.2175 5.200764505113716e-07
1.2185 1.5908532753708344e-07
1.2195 3.9236211118022096e-08
1.2205 1.3751529178057378e-07
1.2215 3.5359078866857537e-07
1.2225 1.1989769687345118e-07
1.2235 1.7527282228342059e-07
1.2245 1.202205815252443e-07
1.2255 2.20338180914085e-11
1.2265 1.1785381072528936e-06
1.2275 7.241608547803866e-08
1.2285 1.220847206768441e-07
1.2295 2.222162766909768e-11
1.2305 5.16105692737772e-07
1.2315 1.9300583682662783e-07
1.2325 4.851876102534835e-07
1.2335 2.2388889200099082e-11
1.2345 5.723852940061478e-07
1.2355 3.33303509337434e-07
1.2365 4.0937329213930086e-07
1.2375 2.399415859122264e-07
1.2385 3.284305478818485e-08
1.2395 2.530276791697755e-07
1.2405 6.549485158656694e-07
1.2415 1.0993082419671967e-07
1.2425 3.7125519204697447e-07
1.2435 1.0793181639801244e-07
1.2445 3.774572823835938e-07
1.2455 2.4114302623792766e-07
1.2465 1.6741094199870898e-08
1.2475 5.224781913631176e-07
1.2485 4.798970395652057e-07
1.2495 1.9158271444581805e-07
1.2505 1.2502718669660004e-07
1.2515 3.184633780711245e-07
1.2525 2.011948600032905e-07
1.2535 7.10161450466224e-08
1.2545 2.175064779283415e-07
1.2555 2.544018957384478e-07
1.2565 6.965747471445821e-07
1.2575 1.7815841289720007e-07
1.2585 2.3537661291119377e-11
1.2595 1.0047732263536282e-06
1.2605 1.8175647057158325e-07
1.2615 2.3686051088168018e-11
1.2625 8.474047122306485e-07
1.2635 1.412778171770993e-07
1.2645 4.350249194673464e-07
1.2655 1.80796155152226e-07
1.2665 2.4349715283158854e-07
1.2675 6.270418378448032e-07
1.2685 9.156853013431599e-08
1.2695 7.262220788336903e-07
1.2705 1.658758176874076e-07
1.2715 2.4125995919775042e-11
1.2725 9.989374580503468e-08
1.2735 2.4209701209945995e-11
1.2745 2.700967036434293e-07
1.2755 8.072151749435258e-07
1.2765 6.904561847410741e-08
1.2775 2.94681696218813e-07
1.2785 2.0873084469282595e-07
1.2795 2.964331199408152e-07
1.2805 3.1339384490605896e-07
1.2815 2.280268238781416e-07
1.2825 1.898171285501978e-07
1.2835 2.483618034575799e-08
1.2845 8.725227488755025e-07
1.2855 2.9488350258125746e-07
1.2865 5.8915944193293426e-08
1.2875 3.598840081623159e-07
1.2885 1.5305575445168095e-07
1.2895 9.412928663738076e-07
1.2905 1.0428256738946633e-07
1.2915 4.4750511014604077e-07
1.2925 1.8203938645238685e-07
1.2935 3.4061363035559345e-07
1.2945 7.811668773109555e-07
1.2955 7.640079862975205e-08
1.2965 5.595437865393351e-07
1.2975 1.1568220294526845e-06
1.2985 1.0468624987617783e-07
1.2995 3.407094700328286e-07
1.3005 4.652445536626343e-07
1.3015 4.757654081748631e-07
1.3025 8.651300281489545e-07
1.3035 3.9886485118517266e-07
1.3045 6.082467822777234e-07
1.3055 2.789290493338265e-07
1.3065 4.246155554694681e-07
1.3075 1.4499310992868325e-07
1.3085 8.179490794862426e-07
1.3095 1.2429517911028376e-06
1.3105 4.462362898484883e-08
1.3115 4.2567276230642834e-07
1.3125 7.896038003635153e-08
1.3135 5.237842350116914e-07
1.3145 5.694854554394936e-07
1.3155 1.5565440369159057e-07
1.3165 7.062489461729053e-08
1.3175 6.129526534069276e-07
1.3185 8.451368448324933e-07
1.3195 8.076181737279132e-07
1.3205 6.2565664968916e-07
1.3215 5.187565603570937e-07
1.3225 8.614991427719422e-07
1.3235 8.278432789267978e-07
1.3245 6.78091442516172e-07
1.3255 7.044527768837247e-07
1.3265 2.736980986897328e-11
1.3275 1.377739913624756e-06
1.3285 3.4344253919067284e-07
1.3295 6.0279086492016e-07
1.3305 8.266533741181443e-07
1.3315 4.291848036222963e-07
1.3325 4.640631035457645e-07
1.3335 6.485062177653935e-07
1.3345 2.4588946994356936e-07
1.3355 9.547406858755847e-08
1.3365 2.887093087857048e-07
1.3375 5.270228823383361e-07
1.3385 6.560778337247251e-07
1.3395 1.0677573081472536e-06
1.3405 9.181955487230972e-07
1.3415 8.090211860305641e-07
1.3425 8.779366847268938e-07
1.3435 7.19191154224864e-07
1.3445 4.728020872150498e-07
1.3455 4.12803920186205e-07
1.3465 7.204278045780694e-07
1.3475 1.2648557353892116e-07
1.3485 7.5086315236271e-07
1.3495 2.416404375451635e-07
1.3505 1.486952139482378e-07
1.3515 1.272030955727243e-06
1.3525 3.423374992107671e-07
1.3535 4.417471764150053e-07
1.3545 3.670939574970105e-07
1.3555 5.192991683586856e-07
1.3565 4.787444528015662e-07
1.3575 7.477085185572434e-07
1.3585 2.896673312083785e-07
1.3595 6.372329079481399e-07
1.3605 8.706926621508503e-07
1.3615 1.9964252712299828e-07
1.3625 6.651938326573527e-07
1.3635 3.8335149363453733e-07
1.3645 5.98364080146263e-08
1.3655 8.063546034978349e-07
1.3665 1.4662533670810856e-07
1.3675 3.450706073614747e-07
1.3685 5.22765388205435e-07
1.3695 3.1593883301789946e-07
1.3705 6.079996192753363e-07
1.3715 4.0336340776091404e-08
1.3725 3.853529210872755e-07
1.3735 3.0597024049383096e-07
1.3745 5.311423499515243e-08
1.3755 1.7857098419206322e-07
1.3765 4.5436431263249705e-07
1.3775 1.6212424313293e-06
1.3785 1.2907814900186508e-07
1.3795 2.1449997369297552e-07
1.3805 8.269447302787212e-07
1.3815 1.6802781166870184e-07
1.3825 7.395465180580624e-07
1.3835 3.008595678508199e-11
1.3845 1.3915052288175304e-06
1.3855 7.193005847753113e-07
1.3865 3.5821278943445874e-07
1.3875 4.3530185803930535e-07
1.3885 4.77822416116031e-07
1.3895 5.2091687618315e-07
1.3905 5.943243198812281e-07
1.3915 3.176229068537205e-07
1.3925 5.295341397520154e-07
1.3935 1.1304278539332363e-06
1.3945 3.6262475746785425e-07
1.3955 1.730584664561766e-07
1.3965 6.078296277456966e-07
1.3975 1.3842861130834676e-06
1.3985 3.1464448143701515e-11
1.3995 7.204373108595452e-08
1.4005 1.5655746868887522e-06
1.4015 8.861882886839733e-08
1.4025 8.541207394800982e-07
1.4035 9.990876216226202e-07
1.4045 5.432426186295087e-07
1.4055 9.01656335735967e-07
1.4065 1.3838457738496438e-07
1.4075 2.6271675554460533e-07
1.4085 1.3514833324011177e-06
1.4095 1.5474488885591373e-06
1.4105 1.8630911640489268e-07
1.4115 5.746457269802675e-07
1.4125 8.258335620722334e-07
1.4135 3.9345020441411665e-07
1.4145 2.0562542829862542e-07
1.4155 2.0849125180341736e-06
1.4165 5.154585413232406e-07
1.4175 3.027355679916203e-07
1.4185 9.023123263967939e-07
1.4195 4.959021128664257e-07
1.4205 1.600171800303902e-08
1.4215 9.094577065644942e-07
1.4225 1.458143808820185e-06
1.4235 2.119206211182608e-07
1.4245 2.0870275264698548e-07
1.4255 4.784301639702009e-07
1.4265 5.510719221518937e-07
1.4275 5.983425239862164e-07
1.4285 2.5393736498701974e-08
1.4295 1.047419175509938e-07
1.4305 8.296667671172996e-07
1.4315 7.206222827342777e-07
1.4325 8.521770817581314e-07
1.4335 7.752751467090877e-07
1.4345 1.7442084498999327e-06
1.4355 3.477054305072777e-11
1.4365 4.213767620512e-07
1.4375 1.0776605762854648e-07
1.4385 7.323800338237361e-07
1.4395 2.779349413403463e-07
1.4405 4.2261883217490395e-07
1.4415 7.137933351671733e-07
1.4425 2.7229876819798384e-07
1.4435 2.067836502658606e-07
1.4445 1.9800827439502924e-07
1.4455 3.24153964171406e-07
1.4465 9.340621617544075e-07
1.4475 6.506341615337781e-07
1.4485 4.4110236411217315e-07
1.4495 1.1073032521249544e-06
1.4505 9.643315221435749e-07
1.4515 5.943318455576521e-08
1.4525 3.597767377693647e-11
1.4535 2.544136014200711e-07
1.4545 8.569045762996602e-07
1.4555 6.01761195000665e-07
1.4565 2.5242037290370835e-07
1.4575 5.438846327813658e-07
1.4585 3.635011656079433e-11
1.4595 1.6743920005122866e-06
1.4605 6.196195712358699e-07
1.4615 5.838516922058572e-07
1.4625 5.811549990952599e-07
1.4635 7.717718601168301e-07
1.4645 3.672881298389613e-11
1.4655 9.654315475061478e-07
1.4665 3.684626747862935e-11
1.4675 1.271159135436508e-06
1.4685 9.066928627713949e-07
1.4695 1.2411592151605249e-06
1.4705 6.621261816275721e-07
1.4715 1.0114093004564993e-06
1.4725 2.0726981807585117e-07
1.4735 5.619200786793177e-07
1.4745 5.651842151345758e-07
1.4755 6.271109932991271e-07
1.4765 7.941884759246798e-07
1.4775 9.207779035653228e-07
1.4785 1.2718619258257658e-06
1.4795 3.755592584101715e-11
1.4805 5.755575670257756e-07
1.4815 5.236967738433064e-07
1.4825 1.1916596898197557e-06
1.4835 8.614865865652183e-08
1.4845 1.5278836124714533e-06
1.4855 3.7619868518798926e-07
1.4865 6.107244325005962e-07
1.4875 1.1807104431170577e-06
1.4885 1.471779002769154e-07
1.4895 1.434085671720187e-06
1.4905 9.62087457471478e-07
1.4915 7.804751976174755e-07
1.4925 1.247654306030394e-06
1.4935 5.291820835563324e-07
1.4945 9.275752500846302e-07
1.4955 1.4984397884462496e-06
1.4965 4.836736719894526e-07
1.4975 3.2311214526772354e-07
1.4985 1.711759064162644e-06
1.4995 4.750479208517918e-07
1.5005 2.160284117241154e-06
1.5015 7.897794158456018e-07
1.5025 1.2620704308734608e-06
1.5035 1.7144774389199965e-06
1.5045 1.8602123067742798e-06
1.5055 3.899702213404958e-11
1.5065 8.205700919517688e-07
1.5075 1.5898901907557605e-06
1.5085 1.2211799338554615e-08
1.5095 9.5322749045087e-07
1.5105 9.078222769921991e-07
1.5115 5.905475026470519e-07
1.5125 1.7484064001719617e-06
1.5135 1.3783711884202157e-06
1.5145 6.678173389012257e-07
1.5155 1.5612998940528763e-06
1.5165 3.97227388525174e-11
1.5175 1.2578043790297982e-07
1.5185 1.1144973008700193e-06
1.5195 3.852951633966951e-08
1.5205 3.215181829900778e-07
1.5215 1.4876380496942255e-06
1.5225 4.5510724057475283e-07
1.5235 1.629353518604594e-06
1.5245 6.21778039869184e-07
1.5255 9.497392745748202e-07
1.5265 1.3343602732049761e-06
1.5275 7.625784788542245e-07
1.5285 5.006649097524471e-07
1.5295 4.854655252713673e-07
1.5305 1.3099247717958179e-06
1.5315 1.2589937007312164e-06
1.5325 9.127535878540518e-07
1.5335 8.477181198230424e-08
1.5345 1.2242140656097044e-06
1.5355 1.0781911574848234e-06
1.5365 5.774776644870511e-07
1.5375 1.690412656383717e-07
1.5385 1.645900047194805e-08
1.5395 1.352615976896904e-06
1.5405 1.7321710934328361e-06
1.5415 3.3709072307086054e-07
1.5425 2.798101238585657e-07
1.5435 1.065563343534866e-06
1.5445 4.121423325251405e-11
1.5455 5.595284259712547e-07
1.5465 6.907447898679204e-07
1.5475 1.9766844260901892e-06
1.5485 8.900420923400964e-08
1.5495 5.486450217709157e-07
1.5505 1.3898410749672931e-06
1.5515 8.010041161739429e-07
1.5525 5.156573084967867e-07
1.5535 2.26941561967768e-06
1.5545 6.12487961503495e-07
1.5555 1.117803030029048e-06
1.5565 3.725666343780592e-07
1.5575 4.182569853606647e-11
1.5585 1.2850593985076547e-06
1.5595 2.2742388159554164e-06
1.5605 8.52541585043834e-08
1.5615 9.501191330222978e-07
1.5625 1.0386148855224427e-06
1.5635 2.1046650751261744e-06
1.5645 1.9784087749167778e-07
1.5655 1.3047211122415906e-06
1.5665 1.3392108236617993e-06
1.5675 4.2202724301583915e-11
1.5685 3.605414198354727e-08
1.5695 7.148809102551395e-07
1.5705 1.6236376777860942e-06
1.5715 4.2301607986899207e-11
1.5725 9.398150993551537e-07
1.5735 4.850002197857229e-07
1.5745 3.4330157300393886e-08
1.5755 1.3175792878694153e-07
1.5765 1.088960307774707e-06
1.5775 3.6462207858482443e-07
1.5785 1.4700205800448534e-06
1.5795 3.0441370086735955e-07
1.5805 1.5039835886202628e-06
1.5815 4.974781052727702e-07
1.5825 1.005554971848076e-06
1.5835 1.5431380569038842e-06
1.5845 2.9854151880478514e-07
1.5855 1.8853118056517717e-06
1.5865 9.943898106111055e-07
1.5875 1.9521919489640037e-06
1.5885 1.0762602179384502e-06
1.5895 4.13166459609092e-07
1.5905 1.6136872604960763e-06
1.5915 3.467322332262553e-07
1.5925 1.0230765582113683e-06
1.5935 4.7407887711835525e-07
1.5945 1.1355112174254423e-06
1.5955 4.127479460883161e-07
1.5965 3.4426543574527767e-07
1.5975 1.0844123808654603e-06
1.5985 7.92874774027422e-07
1.5995 5.788707570730222e-07
1.6005 4.867922710085399e-07
1.6015 7.092760542931079e-07
1.6025 4.212499549354519e-07
1.6035 9.19714489515743e-07
1.6045 1.8157920826247668e-06
1.6055 3.512550442700794e-08
1.6065 8.545576923337419e-07
1.6075 1.2434370698878584e-06
1.6085 2.734095793319751e-07
1.6095 1.228573417386221e-06
1.6105 1.2063042149585768e-06
1.6115 9.706660257951746e-07
1.6125 2.620460124762375e-06
1.6135 1.1209819502460511e-06
1.6145 1.9911703413805147e-06
1.6155 1.1473608605267096e-06
1.6165 2.3015437836620367e-06
1.6175 2.3095794415185927e-06
1.6185 2.3393527467119082e-06
1.6195 1.0349298669881566e-06
1.6205 2.6626378411499008e-06
1.6215 1.2932445627123389e-06
1.6225 2.9135197236377813e-06
1.6235 3.6445834343663147e-06
1.6245 3.4375250346115892e-06
1.6255 4.963774254482659e-06
1.6265 4.878325580730151e-06
1.6275 3.78995237150209e-06
1.6285 5.884581220205396e-06
1.6295 7.297027623231822e-06
1.6305 7.440984680037748e-06
1.6315 8.074458542611197e-06
1.6325 7.009921186170605e-06
1.6335 9.148059336080502e-06
1.6345 8.393290878385986e-06
1.6355 1.0653198951509321e-05
1.6365 1.0991555997194757e-05
1.6375 1.1916792346090433e-05
1.6385 1.3607916878766828e-05
1.6395 1.4557475315672316e-05
1.6405 1.2887837257314887e-05
1.6415 1.6411363738566457e-05
1.6425 1.625205861798209e-05
1.6435 1.8693105335721345e-05
1.6445 1.9675456179014567e-05
1.6455 2.205881638325988e-05
1.6465 2.309345590046098e-05
1.6475 2.389271511947197e-05
1.6485 2.396420622858608e-05
1.6495 2.622082727175503e-05
1.6505 2.713476058690776e-05
1.6515 2.9656010057825892e-05
1.6525 3.1957351717699696e-05
1.6535 3.651185663933304e-05
1.6545 3.9639964277729704e-05
1.6555 3.8943146599242494e-05
1.6565 4.3156232116431624e-05
1.6575 5.050334007089091e-05
1.6585 5.4489024564762306e-05
1.6595 5.997677438777828e-05
1.6605 6.837977747606614e-05
1.6615 7.621568213952636e-05
1.6625 8.639158536806474e-05
1.6635 9.880944417036601e-05
1.6645 0.00011233562789369452
1.6655 0.00013041086354048222
1.6665 0.00014825858071062777
1.6675 0.00017597094819148286
1.6685 0.0002018726167107923
1.6695 0.00023227932750434822
1.6705 0.0002688142119535115
1.6715 0.00030747730845811605
1.6725 0.000351605347602159
1.6735 0.0003995825009646105
1.6745 0.00046053542521235126
1.6755 0.0005290516028352457
1.6765 0.000600732135336827
1.6775 0.0006763008866847465
1.6785 0.0007435457087730011
1.6795 0.0008478632548940988
1.6805 0.00095116856256631
1.6815 0.0010665439168100657
1.6825 0.001191033921647044
1.6835 0.0013167588650531158
1.6845 0.001465205052888067
1.6855 0.0016061281203577564
1.6865 0.0017977008297577392
1.6875 0.001974678482799035
1.6885 0.002180615250182476
1.6895 0.002478267533808738
1.6905 0.0027241899060931516
1.6915 0.0030758989816273034
1.6925 0.0034294333791157986
1.6935 0.0039025822177636577
1.6945 0.00448708844544911
1.6955 0.0050319560384648986
1.6965 0.00586936849781713
1.6975 0.007024286897611642
1.6985 0.008308770997063819
1.6995 0.01007570491412465
1.7005 0.011754767405141
1.7015 0.014283353415643197
1.7025 0.01737734173047266
1.7035 0.02064023582524666
1.7045 0.023241434752905077
1.7055 0.025548157976256383
1.7065 0.02845210172573392
1.7075 0.031284224571906806
1.7085 0.03527652337923774
1.7095 0.04046299215517577
1.7105 0.043571856514816175
1.7115 0.05122708317135218
1.7125 0.057220815592633034
1.7135 0.0676390832658749
1.7145 0.07651182200079583
1.7155 0.09246495526762057
1.7165 0.10862994169161687
1.7175 0.12896505826111285
1.7185 0.15456982686456217
1.7195 0.17282302074449446
1.7205 0.20245081798087017
1.7215 0.23096838694905472
1.7225 0.2616167254846355
1.7235 0.2858768175401229
1.7245 0.30225619329986597
1.7255 0.3260851439006886
1.7265 0.3342593437220352
1.7275 0.33980979438850334
1.7285 0.3487363487926056
1.7295 0.3544061584845259
1.7305 0.3541169664856136
1.7315 0.36889610201822715
1.7325 0.37171683275678435
1.7335 0.3775349702357182
1.7345 0.38496326850883317
1.7355 0.3922657304430497
1.7365 0.4002938779933158
1.7375 0.41251641031779435
1.7385 0.4128632344025078
1.7395 0.42012395751203885
1.7405 0.4279989483620692
1.7415 0.4277965533606725
1.7425 0.4389835932914329
1.7435 0.4429893017810714
1.7445 0.43619111146695216
1.7455 0.4453368727293288
1.7465 0.4435378494050634
1.7475 0.44158790449984575
1.7485 0.4412683935292618
1.7495 0.4347666316358772
1.7505 0.45393216219346616
1.7515 0.4431523199198051
1.7525 0.4453368632442215
1.7535 0.44343134313384885
1.7545 0.44486445909745487
1.7555 0.44477804011513056
1.7565 0.45301850707786157
1.7575 0.4502308845392555
1.7585 0.4519856872053389
1.7595 0.44829372856499666
1.7605 0.4515976764902631
1.7615 0.45573658576236975
1.7625 0.45482815629020823
1.7635 0.453958595875443
1.7645 0.44671566356757153
1.7655 0.451912353491538
1.7665 0.4586329789559776
1.7675 0.4561855900819383
1.7685 0.45527613227260455
1.7695 0.4479364344575363
1.7705 0.45169526510340907
1.7715 0.4570572428806185
1.7725 0.4506133650672972
1.7735 0.4443926158804555
1.7745 0.44874571942831104
1.7755 0.44754907296105334
1.7765 0.4421123955066854
1.7775 0.45343529905470126
1.7785 0.43924185581507985
1.7795 0.44881481028946074
1.7805 0.447408647785912
1.7815 0.44327061230666454
1.7825 0.44027987325452694
1.7835 0.44468382722047595
1.7845 0.4467662097658698
1.7855 0.4428362234434658
1.7865 0.4362280011214202
1.7875 0.4379324389888949
1.7885 0.4439977564122512
1.7895 0.435283522663169
1.7905 0.435575753104072
1.7915 0.4341377484441293
1.7925 0.43591694060286423
1.7935 0.43608850446915465
1.7945 0.42739645710043117
1.7955 0.4372520523322277
1.7965 0.4345310124089335
1.7975 0.4304468594005081
1.7985 0.42927389809969163
1.7995 0.43545388002964935
1.8005 0.4354662207673998
1.8015 0.43504914639261477
1.8025 0.44092246961275566
1.8035 0.4377634103392407
1.8045 0.4304284599617955
1.8055 0.4358484855412128
1.8065 0.4435011146582185
1.8075 0.4527792000337768
1.8085 0.4454969568259572
1.8095 0.4484032672066157
1.8105 0.4516457027198164
1.8115 0.4527895743600062
1.8125 0.44769393341045377
1.8135 0.45690552092806713
1.8145 0.4487431933785952
1.8155 0.45677022168054926
1.8165 0.45873197883051986
1.8175 0.4601827948347325
1.8185 0.4559307525135899
1.8195 0.46832523737348913
1.8205 0.4603834170310851
1.8215 0.46023807595398447
1.8225 0.46162826213270747
1.8235 0.46403187649934635
1.8245 0.46142052067013595
1.8255 0.46108330562095123
1.8265 0.4671752351847764
1.8275 0.4610077972877954
1.8285 0.46096653512206004
1.8295 0.4591446036889224
1.8305 0.4580036518447232
1.8315 0.47323262707981567
1.8325 0.4595275288863387
1.8335 0.4567297744936927
1.8345 0.46548547522613665
1.8355 0.45656968161249684
1.8365 0.46102611505054897
1.8375 0.4601715221083568
1.8385 0.4542460522641704
1.8395 0.456518025337789
1.8405 0.45827694454743245
1.8415 0.452755237353637
1.8425 0.45368955423823915
1.8435 0.45888272734337704
1.8445 0.44944318027384966
1.8455 0.45386934304267174
1.8465 0.4432206177579795
1.8475 0.4535335378076933
1.8485 0.4464817633153762
1.8495 0.4480600871187863
1.8505 0.44685337598368075
1.8515 0.44463665799218843
1.8525 0.44242280152350033
1.8535 0.44351632120996354
1.8545 0.4386622981442195
1.8555 0.4400236982801157
1.8565 0.44396543682971523
1.8575 0.4420278819959152
1.8585 0.44385838552283746
1.8595 0.4453502858700719
1.8605 0.4424792419550112
1.8615 0.4425742625545696
1.8625 0.4428651127384594
1.8635 0.44226279524752393
1.8645 0.44725097289189986
1.8655 0.4468997752315627
1.8665 0.450967618112166
1.8675 0.4519810281537579
1.8685 0.4539235896688197
1.8695 0.45680371700473693
1.8705 0.45881707981188596
1.8715 0.4541601314806937
1.8725 0.4601073502248288
1.8735 0.46263840815300694
1.8745 0.4683033658857896
1.8755 0.470157513261572
1.8765 0.4601466108934166
1.8775 0.4725218213879342
1.8785 0.4654936084155651
1.8795 0.4693824032065992
1.8805 0.46650998754199513
1.8815 0.4692064361314607
1.8825 0.4684886524100855
1.8835 0.4680697313095399
1.8845 0.470983462007202
1.8855 0.4671022506047321
1.8865 0.46690745264559896
1.8875 0.4726141672398883
1.8885 0.46556098916268773
1.8895 0.4680674837006376
1.8905 0.4643119874766075
1.8915 0.46359309480702604
1.8925 0.4705605511733868
1.8935 0.4610887355868203
1.8945 0.4617618417989562
1.8955 0.46312260417615086
1.8965 0.4604498107053945
1.8975 0.4645362230714742
1.8985 0.4590923088428972
1.8995 0.45430915596793825
1.9005 0.457468919606158
1.9015 0.4581245990219024
1.9025 0.4544252680461584
1.9035 0.4471369498592293
1.9045 0.4559334738795014
1.9055 0.4479392408150968
1.9065 0.45100359110361127
1.9075 0.4451311505464556
1.9085 0.45387375382782885
1.9095 0.4520246010657295
1.9105 0.44631151713631745
1.9115 0.45212530955674934
1.9125 0.445652199963556
1.9135 0.4468025908516
1.9145 0.4452322134833104
1.9155 0.4497174592105687
1.9165 0.4523300687289885
1.9175 0.449407774497935
1.9185 0.4475863131915457
1.9195 0.4523311569303618
1.9205 0.44649994486944095
1.9215 0.457562156365493
1.9225 0.45244719382834203
1.9235 0.4536929871841081
1.9245 0.45407702029338953
1.9255 0.45920316719347976
1.9265 0.4567305517564466
1.9275 0.46102764915848776
1.9285 0.46240522848725696
1.9295 0.4673057045084448
1.9305 0.4608341729857564
1.9315 0.46863673191153266
1.9325 0.4552782569307648
1.9335 0.46967019312097785
1.9345 0.47060261754714
1.9355 0.46028539516360883
1.9365 0.46708220824298063
1.9375 0.4604978713532603
1.9385 0.4699906285118119
1.9395 0.4671405603431845
1.9405 0.4631933210757251
1.9415 0.4667630308094145
1.9425 0.4604489332071661
1.9435 0.4720016972513577
1.9445 0.4678761676695906
1.9455 0.4736666247385175
1.9465 0.4695421820440212
1.9475 0.4661773865864265
1.9485 0.47118045965815314
1.9495 0.4686327625270813
1.9505 0.4643037360367476
1.9515 0.4733273142156625
1.9525 0.46675616107486784
1.9535 0.4573605328258018
1.9545 0.4631467969147116
1.9555 0.45242113600967676
1.9565 0.44654807676335384
1.9575 0.4340400831045698
1.9585 0.41671498746728247
1.9595 0.40736903091401305
1.9605 0.3855201562723597
1.9615 0.3708850875153792
1.9625 0.35529057718167345
1.9635 0.3308737199895222
1.9645 0.3068322543877941
1.9655 0.2836471741233675
1.9665 0.2640156409787681
1.9675 0.23765441672316376
1.9685 0.21984122304569806
1.9695 0.1970769283339763
1.9705 0.17806021434422728
1.9715 0.16057552531404853
1.9725 0.14428463034251232
1.9735 0.13137005409834426
1.9745 0.11667212756062778
1.9755 0.10509183045527466
1.9765 0.09844334833622775
1.9775 0.0863763602852696
1.9785 0.0801180973758628
1.9795 0.07225175887100523
1.9805 0.06540773676917999
1.9815 0.05882262846632703
1.9825 0.05299111078203411
1.9835 0.046260714637421915
1.9845 0.04208252295626536
1.9855 0.03692805621867584
1.9865 0.032055306237384514
1.9875 0.02736912177462665
1.9885 0.024938146757127643
1.9895 0.021041396459847334
1.9905 0.019081749642790462
1.9915 0.016365721042443403
1.9925 0.014341495726898218
1.9935 0.012469140905304328
1.9945 0.010826877976190714
1.9955 0.009477768808096417
1.9965 0.008018259917891736
1.9975 0.007384686827665904
1.9985 0.006210616373724513
1.9995 0.005571304605141544
2.0005 0.004897048936387882
2.0015 0.0044028745964812144
2.0025 0.003796494284037459
2.0035 0.0033801007660564947
2.0045 0.0030238099489413943
2.0055 0.0026789216264568446
2.0065 0.0023579715935921485
2.0075 0.002111850276062326
2.0085 0.0018600585361984582
2.0095 0.0017104794212871935
2.0105 0.0015033000618614677
2.0115 0.0013717553319037537
2.0125 0.0012335038285915347
2.0135 0.0011013141098316196
2.0145 0.0009992982836828817
2.0155 0.0008835298240445805
2.0165 0.0008378771709487193
2.0175 0.0007624190288141051
2.0185 0.000679880166305889
2.0195 0.0006124623881499623
2.0205 0.0005735396733529716
2.0215 0.000516678531849305
2.0225 0.0004782035077647918
2.0235 0.00044071805500257714
2.0245 0.0004070261239821151
2.0255 0.0003643472863078171
2.0265 0.00034387964564762044
2.0275 0.00031500904829613087
2.0285 0.0002960710379722737
2.0295 0.00027582926730347764
2.0305 0.00025886671096633914
2.0315 0.0002342714050929029
2.0325 0.00022815604028095465
2.0335 0.0002074934080564176
2.0345 0.00019458487184474582
2.0355 0.00017796017332401322
2.0365 0.0001721379553534359
2.0375 0.00015601092202211742
2.0385 0.00014490403778687596
2.0395 0.00013723505196642407
2.0405 0.0001353744467365462
2.0415 0.000128257415090762
2.0425 0.00011854683664873028
2.0435 0.00011101905877816813
2.0445 0.00010714294982464903
2.0455 9.39039713316698e-05
2.0465 8.725857775191296e-05
2.0475 8.212323035364976e-05
2.0485 8.155171922153703e-05
2.0495 6.914100754147119e-05
2.0505 6.998546955760627e-05
2.0515 6.726044148159033e-05
2.0525 5.810321045172002e-05
2.0535 5.338426664095232e-05
2.0545 5.737149432802249e-05
2.0555 4.642540195624849e-05
2.0565 5.0442976526998454e-05
2.0575 4.902973247944894e-05
2.0585 3.2178349013807264e-05
2.0595 3.643321474214807e-05
2.0605 3.9046969325327665e-05
2.0615 3.50812330404816e-05
2.0625 3.715613972226895e-05
2.0635 3.5092418920156386e-05
2.0645 1.5932657922615205e-05
2.0655 3.032054497605502e-05
2.0665 2.8321345256630203e-05
2.0675 2.349295674959087e-05
2.0685 1.71853377681679e-05
2.0695 2.1070574205832316e-05
2.0705 2.1606034923069054e-05
2.0715 2.0474103851792157e-05
2.0725 1.0955611258192331e-05
2.0735 1.3998211400199585e-05
2.0745 1.0003279180094979e-05
2.0755 1.1895442446540343e-05
2.0765 3.4975594134954328e-06
2.0775 1.5954761512284336e-05
2.0785 1.752135901914959e-05
2.0795 1.1995188142927373e-05
2.0805 3.2534315459412586e-06
2.0815 1.0098203699994319e-05
2.0825 9.574771199092659e-06
2.0835 1.0839478724990096e-05
2.0845 7.890515249720608e-06
2.0855 8.55638788532679e-06
2.0865 8.529212963200437e-06
2.0875 1.6835260594982369e-06
2.0885 3.867818706033184e-06
2.0895 1.4109317636945983e-05
2.0905 5.397463909355874e-06
2.0915 6.144224283648241e-06
2.0925 1.7935662674002144e-06
2.0935 9.229790811226161e-06
2.0945 3.3578553784989547e-06
2.0955 2.6915234905553905e-06
2.0965 5.982840032197687e-06
2.0975 5.615185075785406e-06
2.0985 4.876603617058437e-11
2.0995 9.173192750171215e-06
2.1005 2.2406175427637896e-06
2.1015 2.5073227797216863e-06
2.1025 3.4568867888703313e-06
2.1035 1.0127817663099998e-05
2.1045 7.702370716468262e-06
2.1055 3.3766140992586305e-06
2.1065 5.66852165604142e-06
2.1075 1.8263330647462194e-06
2.1085 3.4779978453157926e-06
2.1095 3.900043601290747e-06
2.1105 5.8511006535476495e-06
2.1115 1.1552450867246179e-05
2.1125 7.569375011129838e-07
2.1135 8.142393049732351e-07
2.1145 8.027315501382413e-06
2.1155 5.303569943881077e-06
2.1165 5.1098547480346375e-06
2.1175 5.652605240037191e-06
2.1185 7.229210388124632e-07
2.1195 6.587076450327072e-06
2.1205 5.752803344864218e-06
2.1215 4.088299484781463e-06
2.1225 8.492410464949447e-06
2.1235 9.039345326848648e-07
2.1245 6.083275390995614e-06
2.1255 1.0035028715947554e-05
2.1265 4.8583100378211125e-06
2.1275 4.4275976629534296e-06
2.1285 4.895925230282313e-11
2.1295 4.427428039406402e-06
2.1305 8.415546912442195e-06
2.1315 1.0752784530952555e-05
2.1325 1.3942876086195195e-05
2.1335 4.890704978353835e-11
2.1345 3.0960778205901006e-06
2.1355 2.8821855613741964e-06
2.1365 5.962681925308231e-06
2.1375 3.5931305248087968e-06
2.1385 2.9766201271966856e-06
2.1395 7.94280649530045e-06
2.1405 1.893628982082267e-06
2.1415 2.262840843241451e-07
2.1425 3.1208802375084733e-06
2.1435 2.4007534837845396e-06
2.1445 4.873839243980895e-06
2.1455 4.8769663515268713e-11
2.1465 1.858690750403171e-06
2.1475 4.940139964373401e-07
2.1485 5.070946263559089e-06
2.1495 3.896991971322528e-07
2.1505 4.565438219281735e-06
2.1515 4.8684589365059516e-11
2.1525 3.6017659685690013e-06
2.1535 1.627373050100257e-06
2.1545 1.2576339828794676e-06
2.1555 7.176571365754586e-06
2.1565 1.7109838196811162e-06
2.1575 6.331593806723131e-07
2.1585 4.53319869128114e-06
2.1595 1.296200626720006e-06
2.1605 4.790760968210297e-06
2.1615 7.651022089233485e-06
2.1625 1.6573712264906127e-06
2.1635 6.351036542986964e-06
2.1645 1.021848269801685e-06
2.1655 9.501585532312702e-07
2.1665 4.811329435029412e-11
2.1675 1.1583710331990987e-05
2.1685 1.362593788163796e-05
2.1695 2.9603113880400615e-07
2.1705 5.527591892182851e-06
2.1715 2.4494913890509855e-06
2.1725 1.493973338125009e-06
2.1735 7.76644768202365e-06
2.1745 5.1399114502933685e-06
2.1755 1.5238068931230254e-06
2.1765 1.9913791343825675e-06
2.1775 2.547213605475171e-06
2.1785 3.995575046872664e-06
2.1795 4.7328303807303626e-11
2.1805 3.180429539248549e-06
2.1815 5.2867416270854555e-06
2.1825 4.385749120179877e-06
2.1835 1.9338590786292415e-06
2.1845 3.152578096505553e-06
2.1855 1.5104044916136413e-06
2.1865 4.415718858222413e-06
2.1875 4.4526466440365755e-06
2.1885 6.259703363097733e-06
2.1895 8.710168941112152e-07
2.1905 2.222828931213503e-06
2.1915 1.833099153783947e-06
2.1925 2.572755673264064e-06
2.1935 4.6001214125266596e-11
2.1945 3.957617771292464e-06
2.1955 5.310080603030759e-06
2.1965 5.980739482388706e-06
2.1975 1.0602587985478673e-05
2.1985 4.52182489035261e-11
2.1995 1.094436616887927e-05
2.2005 2.0897317284662078e-06
2.2015 7.827995999472894e-06
2.2025 1.0257008070988643e-05
2.2035 4.437519696456218e-11
2.2045 3.4725542181805427e-06
2.2055 4.790516746455479e-06
2.2065 7.3481259236779145e-06
2.2075 3.805572080137894e-07
2.2085 4.262087336384768e-06
2.2095 1.4502032393239544e-06
2.2105 7.373144808516618e-06
2.2115 4.645525035692438e-06
2.2125 1.8353764610072115e-06
2.2135 5.065410383033076e-06
2.2145 3.7640597642249544e-06
2.2155 2.257101870984652e-05
2.2165 4.399190001625297e-11
2.2175 1.0048717120613167e-05
2.2185 8.9917535592428e-06
2.2195 1.5075196191607787e-05
2.2205 3.7346693052417313e-06
2.2215 5.974431901253773e-06
2.2225 6.705242457767408e-06
2.2235 1.5725726561144648e-06
2.2245 2.1565901437096588e-06
2.2255 9.86721598510425e-06
2.2265 5.661535308164072e-06
2.2275 1.2126140774724999e-05
2.2285 4.4823970201495896e-11
2.2295 3.6855453818720936e-06
2.2305 3.118173633747268e-06
2.2315 4.492591073934373e-11
2.2325 4.5230370023444315e-06
2.2335 6.4746322433711e-06
2.2345 5.095708527349705e-06
2.2355 9.091013624318507e-06
2.2365 5.115990246349119e-06
2.2375 5.462762976980878e-06
2.2385 8.55382718869839e-06
2.2395 4.5130938002381403e-11
2.2405 2.162444019122354e-05
2.2415 5.9727971966543366e-06
2.2425 1.0081393456806553e-05
2.2435 5.965202198815656e-08
2.2445 9.132676036779312e-06
2.2455 4.5136857526056555e-11
2.2465 1.244963724803154e-05
2.2475 2.4814556492987496e-06
2.2485 5.342511933944421e-06
2.2495 9.850760925004898e-06
2.2505 5.9223217959983905e-06
2.2515 1.1947468296906376e-05
2.2525 9.250801079204932e-06
2.2535 8.28482030268353e-06
2.2545 4.583981651824971e-06
2.2555 9.254441326944372e-07
2.2565 8.281368677036824e-07
2.2575 4.735267680715573e-06
2.2585 7.546062546417916e-06
2.2595 7.991966121287072e-07
2.2605 1.2655768994424064e-05
2.2615 1.781017160418966e-06
2.2625 7.030653659561452e-06
2.2635 4.4362482586686064e-11
2.2645 1.2369082621094326e-05
2.2655 2.650649469234783e-07
2.2665 1.224959113560116e-05
2.2675 4.0951586340799026e-07
2.2685 1.8991442732281379e-06
2.2695 8.079762279991816e-06
2.2705 4.187016869902452e-06
2.2715 2.915547433317781e-06
2.2725 3.587263306301326e-06
2.2735 5.221831572954232e-06
2.2745 3.344281497028611e-06
2.2755 1.1096118147138018e-05
2.2765 4.574836487323807e-11
2.2775 1.989123482257621e-06
2.2785 3.4638291357783035e-06
2.2795 4.591045174306092e-11
2.2805 6.84588463577742e-06
2.2815 2.980082100831285e-06
2.2825 3.698385717717418e-06
2.2835 3.3247583056362015e-06
2.2845 5.138369949833393e-06
2.2855 2.387147954266538e-07
2.2865 4.374356578712571e-07
2.2875 3.5515163469288523e-07
2.2885 3.7326678024868713e-06
2.2895 2.8252518438527925e-06
2.2905 4.41016293816323e-06
2.2915 4.631178914673708e-11
2.2925 5.1434281835426415e-06
2.2935 7.386553492037394e-07
2.2945 4.6348616474858666e-11
2.2955 1.7065237288138464e-06
2.2965 3.0596648103371977e-07
2.2975 1.7282980240510203e-06
2.2985 3.637566592713449e-07
2.2995 4.621940541074243e-11
2.3005 1.2060482612807078e-06
2.3015 5.3289365712047886e-06
2.3025 1.8849338305375473e-06
2.3035 4.5759369461678745e-11
2.3045 7.239368826718686e-07
2.3055 1.3766855449207027e-06
2.3065 2.394119864912438e-07
2.3075 2.882565434372869e-06
2.3085 4.4848988918931386e-11
2.3095 4.116413328857123e-07
2.3105 5.573849769806004e-06
2.3115 1.42252097368315e-06
2.3125 1.6105771065488325e-06
2.3135 2.022530721119356e-06
2.3145 1.2101712702353825e-06
2.3155 4.4512492777971435e-07
2.3165 4.17688607335569e-11
2.3175 1.8120143649601893e-06
2.3185 4.043274720474462e-11
2.3195 9.84289217379307e-07
2.3205 2.420264309398358e-06
2.3215 7.598745100093487e-07
2.3225 3.242366570921091e-07
2.3235 4.2357420812386813e-07
2.3245 9.928306467810027e-07
2.3255 1.07995876944174e-06
2.3265 1.294985932892741e-06
2.3275 2.2032347078806353e-06
2.3285 3.032992770151564e-11
2.3295 2.922021342167795e-11
2.3305 1.3222705925745533e-06
2.3315 7.079998275682529e-07
2.3325 2.558093717589944e-07
2.3335 2.470468862877231e-11
2.3345 1.3625385592443295e-06
2.3355 9.409467538670835e-07
2.3365 2.0795112160294054e-06
2.3375 2.0509795506408782e-11
2.3385 1.9644728022548974e-11
2.3395 1.499709631502984e-06
2.3405 8.230533692853412e-07
2.3415 7.788814052753949e-07
2.3425 1.2510269276639035e-06
2.3435 7.292758835877476e-07
2.3445 3.8677470941663274e-07
2.3455 1.6276012030317725e-06
2.3465 6.82335937682944e-08
2.3475 2.5653374723964633e-06
2.3485 2.3531561843574755e-06
2.3495 1.6234671502443243e-11
2.3505 5.91398002743998e-07
2.3515 7.450187700945291e-07
2.3525 8.562651119461538e-07
2.3535 5.199626367810525e-07
2.3545 1.300257949623454e-06
2.3555 1.4450199633942558e-07
2.3565 1.8276795704348322e-07
2.3575 4.767435579983009e-07
2.3585 5.596699686924074e-07
2.3595 7.286578836263123e-08
2.3605 2.982870607552688e-07
2.3615 4.818803086320511e-07
2.3625 2.079709315777908e-07
2.3635 8.171921186397969e-07
2.3645 8.94230119463313e-12
2.3655 3.5686709784406266e-07
2.3665 7.220695273173051e-12
2.3675 9.016241399221315e-08
2.3685 8.751175930589088e-08
2.3695 1.4748683185968637e-07
2.3705 3.3044407891801553e-07
2.3715 2.7755881288495714e-07
2.3725 2.9882639519316508e-12
2.3735 1.56596071618244e-07
2.3745 5.621852249835498e-08
2.3755 5.575839438404203e-08
2.3765 7.324005027642954e-08
2.3775 4.311989324863737e-08
2.3785 1.4129864270431848e-08
2.3795 1.263229041600992e-07
2.3805 1.64549883516317e-07
2.3815 1.1639966426108939e-07
2.3825 1.444466309345257e-12
2.3835 2.4845952357059957e-07
2.3845 9.652824698390274e-09
2.3855 1.7589701133721625e-07
2.3865 3.917334843970069e-08
2.3875 1.028178810795214e-07
2.3885 2.095799169416148e-08
2.3895 6.822134068036665e-09
2.3905 2.1441850054494612e-08
2.3915 2.7560387337305064e-08
2.3925 4.706982006979824e-08
2.3935 1.6104738851736948e-08
2.3945 7.458896029589464e-09
2.3955 1.6795039127704274e-08
2.3965 4.1426844717021186e-08
2.3975 2.860825964705343e-13
2.3985 2.5602925065942995e-13
2.3995 2.175471839490035e-08
2.4005 9.549683759170158e-09
2.4015 1.2113748214238085e-09
2.4025 1.4098596933845316e-08
2.4035 2.2139597193900797e-09
2.4045 1.2889322093657752e-13
2.4055 1.6845617195470218e-08
2.4065 1.1212962026756302e-08
2.4075 7.887233474186435e-10
2.4085 5.271016216729219e-09
2.4095 3.1333390611513996e-09
2.4105 6.32248122459042e-09
2.4115 6.271614964568704e-09
2.4125 3.831889717827043e-10
2.4135 1.8161272187327155e-09
2.4145 5.332164280545163e-10
2.4155 3.314936727073701e-14
2.4165 1.6571896122718734e-10
2.4175 6.144680009107282e-10
2.4185 1.9229567142622724e-09
2.4195 3.6669852065687013e-09
2.4205 1.72295215376658e-14
2.4215 1.5097719368746054e-14
2.4225 1.165582407649986e-10
2.4235 8.765877801024744e-10
2.4245 9.537494709650976e-11
2.4255 7.841736077605029e-10
2.4265 2.607437534363227e-09
2.4275 6.761765981894021e-15
2.4285 1.669924998918349e-11
2.4295 7.471602960942014e-11
2.4305 6.653690210182137e-10
2.4315 3.9199259660413095e-15
2.4325 3.3688283805532554e-10
2.4335 3.5689661348903903e-11
2.4345 2.5854431262301314e-15
2.4355 2.245731201748328e-15
2.4365 2.4143328483244864e-10
2.4375 1.2293346339197233e-10
2.4385 1.1736250991212331e-10
2.4395 1.2577419994823805e-15
2.4405 1.2923460686385236e-10
2.4415 1.771514242001543e-10
2.4425 7.938320737197581e-16
2.4435 2.8673766228921555e-11
2.4445 2.3079826180786368e-11
2.4455 4.836462209396743e-16
2.4465 5.773090787078612e-11
2.4475 1.1259358712711569e-10
2.4485 1.529642198650082e-11
2.4495 2.4940682216788756e-16
2.4505 4.4156836981739525e-11
2.4515 2.3589167912677285e-16
2.4525 2.648342573938141e-11
2.4535 8.574605556744938e-12
2.4545 3.152413676046377e-11
2.4555 1.9829032484032906e-16
2.4565 8.706508997873838e-12
2.4575 4.614862381126088e-12
2.4585 1.677766010318857e-16
2.4595 1.3361458991326349e-11
2.4605 4.6150134810304044e-11
2.4615 1.0517623924091249e-11
2.4625 1.4900999262517128e-11
2.4635 1.214088833997115e-16
2.4645 3.8623592777638805e-11
2.4655 7.230078146638038e-12
2.4665 4.4368242488315905e-12
2.4675 5.10314532886321e-12
2.4685 1.6714354399026227e-11
2.4695 6.051959585367384e-12
2.4705 1.5828721966255164e-11
2.4715 4.384649350222544e-12
2.4725 1.3277081809796595e-12
2.4735 4.283099787947714e-12
2.4745 5.729121717542358e-12
2.4755 4.30745327403535e-17
2.4765 6.254604696911816e-12
2.4775 1.4943707298799367e-12
2.4785 1.3140812520908227e-12
2.4795 1.1604464031981875e-12
2.4805 4.156285160174999e-12
2.4815 1.450058013637376e-12
2.4825 2.1526820381246508e-17
2.4835 1.178253560009809e-12
2.4845 1.2175423132578796e-12
2.4855 6.27625572897813e-12
2.4865 1.4287374262602835e-17
2.4875 7.307635989382882e-13
2.4885 1.7719954434977938e-12
2.4895 1.0627732683069016e-17
2.4905 2.491750176398849e-13
2.4915 1.1782265846025355e-12
2.4925 4.549202913670764e-13
2.4935 2.2169539105252864e-12
2.4945 4.648934596502216e-13
2.4955 6.778813391286567e-13
2.4965 2.912981719615879e-13
2.4975 4.379712023298586e-18
2.4985 8.593453178881331e-13
2.4995 2.7948767584733343e-14
2.5005 3.9771218351383847e-13
2.5015 2.8164416718839605e-18
2.5025 5.436867461736367e-13
2.5035 5.371311435554728e-13
2.5045 4.369027541855047e-14
2.5055 9.927509138912725e-14
2.5065 2.413813590518147e-13
2.5075 5.753375844273433e-13
2.5085 1.3046582799978034e-18
2.5095 7.133695668838318e-13
2.5105 1.0485326700608468e-18
2.5115 2.4131744777492875e-13
2.5125 2.6673872367588468e-14
2.5135 6.883735779095351e-14
2.5145 2.5928466348670362e-14
2.5155 6.092515085758059e-19
2.5165 2.6108016684207993e-13
2.5175 4.910724166790461e-19
2.5185 4.410379354329087e-19
2.5195 7.690974452648821e-14
2.5205 3.560108583440312e-19
2.5215 3.22253547383922e-14
2.5225 2.875224682135125e-19
2.5235 2.5842165001118826e-19
2.5245 1.0164394224016765e-13
2.5255 5.987534838916222e-14
2.5265 1.882098424846152e-19
2.5275 1.6941800331665367e-19
2.5285 8.964315480658026e-15
2.5295 2.5951019401000126e-14
2.5305 1.2374321445937004e-19
2.5315 2.0097868607036664e-14
2.5325 1.8969847233135134e-15
2.5335 4.9407346579774584e-14
2.5345 1.7410829567235212e-14
2.5355 7.361233876124617e-20
2.5365 6.637950603097484e-20
2.5375 9.265986732435024e-15
2.5385 3.252565058143271e-15
2.5395 4.8703196260583055e-20
2.5405 3.1801771759559835e-15
2.5415 2.4913140380817556e-15
2.5425 4.959300020073769e-15
2.5435 2.10037698628102e-15
2.5445 2.4084712185874815e-15
2.5455 1.477502716718872e-15
2.5465 1.0587698869760183e-14
2.5475 2.1359268040203468e-20
2.5485 1.9267049195050644e-20
2.5495 6.9242991496621485e-15
2.5505 2.0335297054042303e-15
2.5515 2.036541582923074e-15
2.5525 1.2459934479453596e-20
2.5535 1.1130464048019744e-20
2.5545 9.940592178522293e-21
2.5555 1.2066287354453984e-15
2.5565 1.0867706578205574e-15
2.5575 2.74252670744894e-15
2.5585 1.8687386186111697e-15
2.5595 5.627534372992817e-21
2.5605 6.170252488785458e-17
2.5615 7.196316570033394e-16
2.5625 3.987684715382261e-21
2.5635 2.458175801125329e-16
2.5645 8.24900674019412e-16
2.5655 1.952794757983984e-15
2.5665 2.5097869106678835e-21
2.5675 2.49337136053275e-16
2.5685 7.746577405187746e-16
2.5695 1.2033724425690703e-16
2.5705 1.5729762103780206e-21
2.5715 8.54905240963961e-16
2.5725 8.091700938699546e-17
2.5735 2.245921888121742e-16
2.5745 9.818496511576687e-22
2.5755 3.758978013878028e-16
2.5765 1.1374433488307606e-16
2.5775 6.877552503057827e-22
2.5785 6.105070359018547e-22
2.5795 5.467729003080047e-16
2.5805 4.8072268876575845e-22
2.5815 4.4363865069245744e-17
2.5825 3.746129990795158e-22
2.5835 3.2564829406250467e-22
2.5845 2.530554563612885e-16
2.5855 2.4482987797558773e-22
2.5865 7.220476746175546e-18
2.5875 1.559755768154406e-17
2.5885 1.3653583739997555e-16
2.5895 1.353824371610561e-22
2.5905 6.865601599181844e-17
2.5915 9.924577322652739e-23
2.5925 8.457937646600848e-23
2.5935 7.181811005123757e-23
2.5945 6.069443040139162e-23
2.5955 5.104944905819248e-23
2.5965 2.2628962365746378e-17
2.5975 3.856633356125558e-18
2.5985 2.931277266253702e-23
2.5995 2.3961609206589208e-23
2.6005 1.8074160702369687e-17
