Wavelength_microns Throughput
0.5502000122070313 4.8105591207454613e-11
0.5512000122070313 6.49351214246884e-13
0.5522000122070313 4.458934059751165e-13
0.5532000122070313 4.930666715521536e-13
0.5542000122070313 5.357845714354496e-13
0.5552000122070313 5.736279479594217e-13
0.5562000122070313 5.967759386681565e-13
0.5572000122070313 5.782660868933328e-13
0.5582000122070313 4.851465184066867e-13
0.5592000122070313 3.8235932348828246e-13
0.5602000122070312 4.508161993122909e-13
0.5612000122070312 5.254860960121114e-13
0.5622000122070312 5.354785392742084e-13
0.5632000122070312 5.758805689799538e-13
0.5642000122070312 7.043031144762466e-13
0.5652000122070312 7.708205730692392e-11
0.5662000122070312 5.360315821790151e-10
0.5672000122070312 1.1744986571331342e-12
0.5682000122070312 1.290420515675946e-12
0.5692000122070312 1.3832338175463556e-12
0.5702000122070312 2.5698654270626603e-10
0.5712000122070312 1.5109230806185637e-12
0.5722000122070312 1.5451781163099325e-12
0.5732000122070312 1.5529951001760287e-12
0.5742000122070312 1.5310256267468426e-12
0.5752000122070312 1.486034423071978e-12
0.5762000122070312 1.4207746318590077e-12
0.5772000122070312 1.3403370946548627e-12
0.5782000122070312 1.776006801871201e-10
0.5792000122070312 1.1992336707681503e-12
0.5802000122070312 1.2177854837299457e-12
0.5812000122070312 1.3420470907103379e-12
0.5822000122070312 1.5599065629542916e-12
0.5832000122070312 1.8364038946361832e-12
0.5842000122070312 2.1569560355807906e-12
0.5852000122070312 5.548201894795293e-12
0.5862000122070312 2.848710865303332e-12
0.5872000122070312 3.159768349250804e-12
0.5882000122070312 3.4258788425916966e-12
0.5892000122070312 3.652235159979463e-12
0.5902000122070312 3.78142746525514e-10
0.5912000122070312 4.066749440993954e-12
0.5922000122070312 6.404660019916391e-10
0.5932000122070312 4.4829825933395545e-12
0.5942000122070312 4.648964322193829e-12
0.5952000122070312 5.703963255923727e-09
0.5962000122070312 4.881494637598495e-12
0.5972000122070312 7.373266928661502e-11
0.5982000122070312 2.0947003176798646e-10
0.5992000122070312 5.09554711708642e-12
0.6002000122070312 7.112113360413666e-09
0.6012000122070312 5.249058091483338e-12
0.6022000122070312 1.252562820178468e-09
0.6032000122070312 5.441125232949929e-12
0.6042000122070312 6.490995497920763e-09
0.6052000122070312 3.1984361432127574e-10
0.6062000122070312 5.701491615327041e-12
0.6072000122070312 1.7307573226111054e-09
0.6082000122070312 1.1930750681620036e-09
0.6092000122070312 2.412650428528119e-09
0.6102000122070312 1.2363557660330108e-09
0.6112000122070312 3.273287188951263e-09
0.6122000122070312 4.639503286918517e-09
0.6132000122070312 5.012632303041e-09
0.6142000122070312 6.497408953475632e-09
0.6152000122070312 7.523885370031036e-09
0.6162000122070312 9.382091526980569e-09
0.6172000122070312 4.064197327063717e-09
0.6182000122070312 3.061435892059451e-09
0.6192000122070312 2.1409205524876383e-10
0.6202000122070312 6.9459552102470695e-12
0.6212000122070312 1.6216971497867181e-09
0.6222000122070312 7.1032368709223495e-12
0.6232000122070313 5.279709187054853e-09
0.6242000122070313 2.844469008229834e-09
0.6252000122070313 3.864336470370686e-09
0.6262000122070313 1.7024110794407192e-09
0.6272000122070313 7.673874543967931e-12
0.6282000122070313 7.789412474382239e-12
0.6292000122070313 6.286709571302482e-09
0.6302000122070313 9.913996595015669e-09
0.6312000122070313 6.817878073849958e-09
0.6322000122070313 8.247603346345295e-12
0.6332000122070313 6.793138222973304e-09
0.6342000122070313 1.022121262489671e-08
0.6352000122070313 8.349342583311619e-09
0.6362000122070313 2.608918462266294e-08
0.6372000122070313 4.8659846125067e-09
0.6382000122070313 2.3851885246492832e-08
0.6392000122070313 1.1631533494893574e-08
0.6402000122070313 1.0956481082856462e-08
0.6412000122070313 2.0502895430899568e-08
0.6422000122070313 4.381675774519415e-09
0.6432000122070313 1.7996987913298416e-09
0.6442000122070313 1.0232322731962142e-08
0.6452000122070313 5.779284983664789e-09
0.6462000122070313 1.010592669028411e-08
0.6472000122070313 1.1233116276842742e-08
0.6482000122070313 9.94748296318595e-09
0.6492000122070313 2.9573634754665366e-09
0.6502000122070313 1.4958448709970157e-08
0.6512000122070313 4.2311423181613805e-09
0.6522000122070313 9.603159136296673e-09
0.6532000122070313 3.6220216667235236e-09
0.6542000122070313 1.118091032301998e-11
0.6552000122070313 8.171567818408726e-09
0.6562000122070313 1.04085841858163e-08
0.6572000122070313 7.668087396594747e-09
0.6582000122070313 1.0250927107279085e-08
0.6592000122070313 8.625623580736542e-09
0.6602000122070313 9.705821498364403e-09
0.6612000122070313 8.873019922120337e-09
0.6622000122070313 1.527414786767084e-08
0.6632000122070313 1.6771858063764274e-08
0.6642000122070313 3.543099040592502e-08
0.6652000122070313 2.1502817387772155e-08
0.6662000122070313 2.174175742417215e-08
0.6672000122070313 1.654354214694633e-08
0.6682000122070313 3.037998224509738e-08
0.6692000122070313 1.8023227786802163e-08
0.6702000122070313 2.4195774843769708e-08
0.6712000122070313 1.7532623313254798e-08
0.6722000122070313 9.987825235484532e-09
0.6732000122070313 2.154898603049868e-08
0.6742000122070313 1.609096136608901e-08
0.6752000122070313 1.2291484085588627e-08
0.6762000122070313 3.9683094837950453e-08
0.6772000122070313 2.0908087378841268e-08
0.6782000122070313 1.9657215333795317e-08
0.6792000122070313 1.438339932904237e-08
0.6802000122070313 5.739758186435467e-09
0.6812000122070313 8.708694718123357e-10
0.6822000122070313 1.0091075035996695e-08
0.6832000122070313 1.6915004891135955e-08
0.6842000122070313 3.9063052020031284e-08
0.6852000122070312 5.2049934731633435e-08
0.6862000122070312 1.7715925939155927e-08
0.6872000122070312 8.11394608130621e-09
0.6882000122070312 2.798254199840587e-09
0.6892000122070312 3.9510511579791884e-08
0.6902000122070312 2.3203443618966482e-08
0.6912000122070312 7.960688784233358e-09
0.6922000122070312 8.888489255966966e-09
0.6932000122070312 3.2530559119766465e-08
0.6942000122070312 2.9585882115489193e-08
0.6952000122070312 1.2715754455948724e-08
0.6962000122070312 2.6028794507064034e-09
0.6972000122070312 1.588360154956301e-08
0.6982000122070312 2.4048970122363914e-08
0.6992000122070312 1.2530654308467475e-08
0.7002000122070312 2.7431176664831084e-08
0.7012000122070312 8.391411143874666e-09
0.7022000122070312 2.561519691901074e-08
0.7032000122070312 8.924625464193328e-09
0.7042000122070312 2.419034838184292e-08
0.7052000122070312 4.193787820741991e-08
0.7062000122070312 2.1878115983381485e-08
0.7072000122070312 3.037570801164481e-08
0.7082000122070312 1.5166188417516134e-08
0.7092000122070312 2.1309645353006178e-08
0.7102000122070312 3.660741485031964e-08
0.7112000122070312 1.6392842979220704e-11
0.7122000122070312 1.2922904588237343e-08
0.7132000122070312 1.8089129581586605e-08
0.7142000122070312 7.0400969309399215e-09
0.7152000122070312 1.5229382476454186e-08
0.7162000122070312 1.640594823123609e-08
0.7172000122070312 1.925110074328352e-08
0.7182000122070312 2.1893635401669446e-08
0.7192000122070312 5.90948431043664e-08
0.7202000122070312 3.132658482949564e-08
0.7212000122070312 2.494524967450068e-08
0.7222000122070312 2.736668593303782e-08
0.7232000122070312 2.0636736304171308e-08
0.7242000122070312 5.148127938553195e-09
0.7252000122070312 1.518959777735742e-08
0.7262000122070312 1.6742902615499097e-11
0.7272000122070312 2.278123638575888e-08
0.7282000122070312 1.2562636881308962e-08
0.7292000122070312 8.700392662972067e-09
0.7302000122070312 2.4211815484740974e-08
0.7312000122070312 1.5851131284070443e-09
0.7322000122070312 1.6824929781180987e-11
0.7332000122070312 1.0124815905660009e-09
0.7342000122070312 2.2444219088155739e-10
0.7352000122070312 1.6873937135042008e-11
0.7362000122070312 4.215884370682355e-09
0.7372000122070312 1.689654194659473e-11
0.7382000122070312 1.689958061381325e-11
0.7392000122070312 1.6921727393763175e-11
0.7402000122070312 1.085464436722445e-08
0.7412000122070312 1.6953707450397347e-11
0.7422000122070312 8.462408610837182e-09
0.7432000122070312 1.696283902142768e-11
0.7442000122070312 1.2802070358850827e-08
0.7452000122070312 2.7450806736760937e-09
0.7462000122070312 1.701095999115769e-11
0.7472000122070312 1.7033376953415333e-11
0.7482000122070313 2.0989288884815393e-09
0.7492000122070313 4.805024461776535e-09
0.7502000122070313 1.7076489257894914e-11
0.7512000122070313 8.168610231584785e-09
0.7522000122070313 1.709733225394695e-11
0.7532000122070313 3.003800016255462e-08
0.7542000122070313 1.7099271262244026e-11
0.7552000122070313 1.7104415507762422e-11
0.7562000122070313 1.7110075762905584e-11
0.7572000122070313 8.236359440427818e-10
0.7582000122070313 6.052828734228776e-09
0.7592000122070313 4.428359729094851e-09
0.7602000122070313 1.7127384036153588e-11
0.7612000122070313 5.805939427956251e-09
0.7622000122070313 4.2756238948331335e-09
0.7632000122070313 1.7238078647905643e-08
0.7642000122070313 1.7190103169585773e-11
0.7652000122070313 9.922589306979138e-09
0.7662000122070313 9.216166167877365e-09
0.7672000122070313 2.3878887747873922e-08
0.7682000122070313 3.367192825446041e-09
0.7692000122070313 1.7266810099355735e-11
0.7702000122070313 1.7305266155428582e-11
0.7712000122070313 1.732323880928327e-11
0.7722000122070313 6.7926533487018835e-09
0.7732000122070313 7.861314320211363e-09
0.7742000122070313 1.227434440219772e-08
0.7752000122070313 1.698345757053184e-09
0.7762000122070313 1.749124572618688e-11
0.7772000122070313 1.7535897029519864e-11
0.7782000122070313 1.5714140855475327e-09
0.7792000122070313 1.7607320571599192e-11
0.7802000122070313 1.7633575998763725e-11
0.7812000122070313 1.767938029880533e-11
0.7822000122070313 1.7713793290178592e-11
0.7832000122070313 3.576122834262219e-09
0.7842000122070313 1.7775496107865405e-11
0.7852000122070313 1.782056523535559e-11
0.7862000122070313 3.9549803642603163e-10
0.7872000122070313 1.3407447528230166e-08
0.7882000122070313 1.0339054841145861e-08
0.7892000122070313 5.062298074130719e-09
0.7902000122070313 1.801226744037008e-11
0.7912000122070313 1.806495482299103e-11
0.7922000122070313 6.22379850649219e-09
0.7932000122070313 1.812440277307245e-11
0.7942000122070313 1.4103788550780937e-09
0.7952000122070313 1.8215451953654606e-11
0.7962000122070313 3.173538258739666e-08
0.7972000122070313 5.260142346916205e-08
0.7982000122070313 1.828108587173186e-11
0.7992000122070313 3.3350733172987166e-08
0.8002000122070313 1.1812656802998852e-08
0.8012000122070313 1.9783192666241594e-08
0.8022000122070313 2.374222519711141e-08
0.8032000122070313 2.254294729193736e-08
0.8042000122070313 2.2434639479538216e-08
0.8052000122070313 1.545311614642719e-09
0.8062000122070313 1.1528239762353766e-08
0.8072000122070313 4.1835615558693637e-10
0.8082000122070313 3.889257850753771e-09
0.8092000122070313 4.106118241198162e-08
0.8102000122070312 7.671165759093448e-09
0.8112000122070312 3.559486668537364e-08
0.8122000122070312 5.7135366853739135e-09
0.8132000122070312 3.962829464524834e-08
0.8142000122070312 1.9595726354914276e-11
0.8152000122070312 2.469176964372421e-08
0.8162000122070312 2.3125151856886093e-08
0.8172000122070312 4.6260521808999695e-08
0.8182000122070312 1.1891844324259234e-09
0.8192000122070312 2.3724898119685798e-08
0.8202000122070312 1.4200861444956487e-08
0.8212000122070312 9.380043712495264e-09
0.8222000122070312 5.3822513157507486e-09
0.8232000122070312 2.0387751830184626e-11
0.8242000122070312 3.4967466652382337e-09
0.8252000122070312 3.724581787856396e-08
0.8262000122070312 2.0647295517692967e-11
0.8272000122070312 7.368758727171519e-10
0.8282000122070312 1.8911887027000202e-08
0.8292000122070312 3.0206198316063955e-08
0.8302000122070312 5.621841920742909e-09
0.8312000122070312 2.1128240628807403e-11
0.8322000122070312 8.1539882068749e-09
0.8332000122070312 2.7830009526661106e-08
0.8342000122070312 2.059403199306e-08
0.8352000122070312 3.851625976670357e-08
0.8362000122070312 5.1665971434242824e-08
0.8372000122070312 3.6204001524162935e-08
0.8382000122070312 3.628110613188876e-08
0.8392000122070312 5.025891269638146e-08
0.8402000122070312 3.4392790748711184e-08
0.8412000122070312 2.1374540177170136e-08
0.8422000122070312 7.118179192295181e-08
0.8432000122070312 6.410371596377808e-08
0.8442000122070312 1.196038849018127e-07
0.8452000122070312 1.4459614955502474e-07
0.8462000122070312 1.5428713634162673e-07
0.8472000122070312 1.9749301812375524e-07
0.8482000122070312 1.698356003410541e-07
0.8492000122070312 1.7857537102680962e-07
0.8502000122070312 9.059816646886817e-08
0.8512000122070312 4.872218155154008e-08
0.8522000122070312 4.905425726165258e-08
0.8532000122070312 3.0095611020818267e-09
0.8542000122070312 1.900231003006381e-08
0.8552000122070312 2.2004712811306522e-08
0.8562000122070312 1.118658537072757e-08
0.8572000122070312 2.396117922915698e-11
0.8582000122070312 6.560708089660462e-08
0.8592000122070312 1.0433417178999933e-08
0.8602000122070312 2.4281920352510294e-11
0.8612000122070312 1.6362018305168895e-08
0.8622000122070312 1.5708176811232085e-08
0.8632000122070312 6.057671863859195e-10
0.8642000122070312 2.417847476226445e-09
0.8652000122070312 2.481574798370049e-11
0.8662000122070312 2.4947997206507713e-11
0.8672000122070312 2.501812400035932e-11
0.8682000122070312 2.5115306076853555e-11
0.8692000122070312 3.900932905833087e-08
0.8702000122070312 2.5309012820481706e-11
0.8712000122070312 4.650118847197216e-09
0.8722000122070312 1.465229705860776e-09
0.8732000122070313 2.52620872796479e-08
0.8742000122070313 2.5690297324052274e-11
0.8752000122070313 2.190765094785678e-08
0.8762000122070313 1.536205518442846e-07
0.8772000122070313 2.5932950820326935e-11
0.8782000122070313 3.6421728711102105e-08
0.8792000122070313 2.6080916258853498e-11
0.8802000122070313 2.613209770872385e-11
0.8812000122070313 1.9319913832311923e-07
0.8822000122070313 1.287083819727014e-07
0.8832000122070313 2.6267542459243247e-11
0.8842000122070313 1.1461969490863867e-08
0.8852000122070313 2.1736448397950658e-08
0.8862000122070313 2.0484712352933644e-07
0.8872000122070313 4.422139314908441e-07
0.8882000122070313 2.6763006623594904e-11
0.8892000122070313 5.160953377572461e-07
0.8902000122070313 2.6881843501599945e-11
0.8912000122070313 8.08784831053631e-08
0.8922000122070313 2.699910149884988e-11
0.8932000122070313 5.615535894713846e-07
0.8942000122070313 3.6527021144863424e-07
0.8952000122070313 2.6970443230312426e-07
0.8962000122070313 9.675076212484061e-08
0.8972000122070313 2.2780813241490818e-08
0.8982000122070313 6.281551482574019e-08
0.8992000122070313 2.7204981144573416e-11
0.9002000122070313 2.7286325712022103e-11
0.9012000122070313 1.3202250825552536e-07
0.9022000122070313 2.7399286283714754e-11
0.9032000122070313 5.2110222954266563e-08
0.9042000122070313 2.548607194561521e-07
0.9052000122070313 4.0180373536111244e-07
0.9062000122070313 7.063369677364225e-08
0.9072000122070313 3.1975881529357526e-07
0.9082000122070313 2.7608649717922995e-11
0.9092000122070313 1.252046145073958e-07
0.9102000122070313 2.7662860360961135e-11
0.9112000122070313 2.76725920817351e-11
0.9122000122070313 3.122883792456971e-07
0.9132000122070313 1.6967609515566768e-07
0.9142000122070313 1.212948316573318e-07
0.9152000122070313 2.767569497630365e-11
0.9162000122070313 2.7675143546319594e-11
0.9172000122070313 2.3384085176958814e-07
0.9182000122070313 3.4215542880259436e-08
0.9192000122070313 2.7669254560719984e-11
0.9202000122070313 2.7657323258626882e-11
0.9212000122070313 1.8029957570674903e-07
0.9222000122070313 2.6407875807143364e-07
0.9232000122070313 2.759533289011142e-11
0.9242000122070313 2.5312380037491706e-07
0.9252000122070313 2.7543901049347055e-11
0.9262000122070313 2.6490872736811476e-08
0.9272000122070313 2.052322357649849e-07
0.9282000122070313 2.7414619567004292e-11
0.9292000122070313 2.7373293773840907e-11
0.9302000122070313 8.416763035082023e-08
0.9312000122070313 6.014407904279087e-08
0.9322000122070313 2.806206824407332e-07
0.9332000122070313 7.444734104547757e-08
0.9342000122070313 1.0350845698207275e-08
0.9352000122070312 2.746803866029161e-07
0.9362000122070312 1.2632355585366928e-07
0.9372000122070312 4.0998719883144456e-07
0.9382000122070312 5.839818497283667e-07
0.9392000122070312 9.530254665589414e-07
0.9402000122070312 8.727562668280503e-07
0.9412000122070312 1.0696909073138916e-06
0.9422000122070312 1.4439574414530345e-06
0.9432000122070312 9.327089198770597e-07
0.9442000122070312 1.0127956475748784e-06
0.9452000122070312 6.32468782889443e-07
0.9462000122070312 5.363212522349398e-07
0.9472000122070312 4.6380854256509186e-07
0.9482000122070312 2.0877718832776425e-07
0.9492000122070312 4.943016800496182e-07
0.9502000122070312 3.737916041296873e-07
0.9512000122070312 9.410951529784807e-08
0.9522000122070312 7.373965749346419e-08
0.9532000122070312 1.9541301282488967e-07
0.9542000122070312 1.3788021543196637e-07
0.9552000122070312 4.584955783265927e-08
0.9562000122070312 2.475804316856224e-07
0.9572000122070312 3.234290847198087e-07
0.9582000122070312 8.910965432729782e-08
0.9592000122070312 4.156063905610866e-08
0.9602000122070312 9.422698818145398e-08
0.9612000122070312 1.0113395566408694e-07
0.9622000122070312 2.5022184004619402e-11
0.9632000122070312 1.8089620777687296e-07
0.9642000122070312 3.4925896226094704e-08
0.9652000122070312 2.339424172449027e-07
0.9662000122070312 2.473027764212288e-11
0.9672000122070312 1.5202782363773826e-07
0.9682000122070312 2.038603888676063e-07
0.9692000122070312 7.465695524957344e-08
0.9702000122070312 2.440423570569096e-11
0.9712000122070312 2.4322252262321953e-11
0.9722000122070312 1.4572115371915973e-07
0.9732000122070312 2.4152920740538856e-11
0.9742000122070312 1.026295205802668e-07
0.9752000122070312 9.911862558953593e-08
0.9762000122070312 8.754406802745508e-08
0.9772000122070312 1.1879052914535482e-07
0.9782000122070312 8.093635045673773e-08
0.9792000122070312 1.879108468929127e-07
0.9802000122070312 1.219216883061643e-07
0.9812000122070312 3.661301329743548e-07
0.9822000122070312 4.378957711638434e-08
0.9832000122070312 2.897094653432349e-07
0.9842000122070312 4.870800407205089e-07
0.9852000122070312 7.633305417228101e-07
0.9862000122070312 7.971750910089052e-07
0.9872000122070312 7.371040525903504e-07
0.9882000122070312 4.2632516362228743e-07
0.9892000122070312 4.896927070726967e-07
0.9902000122070312 5.281922340583054e-07
0.9912000122070312 2.9915575588331634e-07
0.9922000122070312 1.3001733619362548e-07
0.9932000122070312 7.44009600720666e-08
0.9942000122070312 1.081574502011258e-07
0.9952000122070312 2.226708128615229e-11
0.9962000122070312 2.065283696489078e-07
0.9972000122070312 6.203709249014305e-07
0.9982000122070313 7.411324723077876e-07
0.9992000122070313 4.332683033732826e-07
1.0002000122070311 4.4794358409793994e-07
1.0012000122070313 5.977302812631945e-07
1.0022000122070311 4.78461242613003e-07
1.0032000122070313 8.691563848191776e-08
1.0042000122070311 4.1675609035227543e-07
1.0052000122070313 3.123882852312641e-07
1.0062000122070311 9.389602606123742e-08
1.0072000122070313 3.4728159466658034e-07
1.0082000122070311 2.3583575456734254e-07
1.0092000122070313 2.422730641287779e-07
1.0102000122070312 3.42602398803344e-07
1.0112000122070313 6.579269978915224e-08
1.0122000122070312 2.0435173003806857e-07
1.0132000122070313 5.862699918220968e-07
1.0142000122070312 4.7608300664942864e-07
1.0152000122070313 5.925508920879337e-07
1.0162000122070312 6.981143434348629e-07
1.0172000122070313 3.074325657893548e-07
1.0182000122070312 4.98757393284394e-07
1.0192000122070313 5.958973332285562e-07
1.0202000122070312 3.6411986841398063e-07
1.0212000122070313 2.0501731037689335e-11
1.0222000122070312 3.695189196018683e-07
1.0232000122070313 2.0303343768214436e-07
1.024199951171875 5.981360156073531e-07
1.025199951171875 8.513999150576752e-07
1.026199951171875 2.0252326064739853e-11
1.027199951171875 9.615496759524338e-07
1.028199951171875 6.463555643212508e-08
1.029199951171875 2.9223386083024834e-07
1.030199951171875 4.474431539364115e-07
1.031199951171875 4.285285920283595e-07
1.032199951171875 3.772443717851486e-08
1.033199951171875 6.70946785616564e-08
1.034199951171875 3.7541243045228915e-07
1.035199951171875 5.682431704444345e-08
1.036199951171875 2.2897882303383634e-07
1.037199951171875 4.83315510281095e-07
1.038199951171875 9.796613274955313e-09
1.039199951171875 2.2380653606126563e-07
1.040199951171875 4.074933273768274e-07
1.041199951171875 4.473540799058466e-07
1.042199951171875 5.314844575848932e-07
1.043199951171875 9.58059545860705e-08
1.044199951171875 3.1683198629828214e-07
1.045199951171875 1.9821031586771198e-11
1.046199951171875 2.690844317990828e-07
1.047199951171875 2.8563629338772855e-07
1.048199951171875 4.905303605277467e-07
1.049199951171875 3.928091298716058e-07
1.050199951171875 7.670513465220847e-07
1.051199951171875 7.736299693827389e-07
1.052199951171875 6.69730680814821e-07
1.053199951171875 2.0683505144593147e-07
1.054199951171875 6.672163315211348e-08
1.055199951171875 4.1480029344751735e-07
1.056199951171875 3.013687509753605e-07
1.057199951171875 6.185106047829404e-07
1.058199951171875 4.3457204398561427e-07
1.059199951171875 3.5512109026533117e-07
1.060199951171875 4.951084445708803e-07
1.061199951171875 6.944307432980746e-07
1.062199951171875 4.219036821129056e-07
1.063199951171875 6.151530688335674e-07
1.064199951171875 5.087452505044662e-07
1.065199951171875 8.088020817614696e-07
1.066199951171875 3.740957444281625e-07
1.067199951171875 7.924190758369512e-07
1.068199951171875 6.319233180547125e-07
1.069199951171875 8.001412052039224e-07
1.070199951171875 3.789828235290942e-07
1.071199951171875 4.061664101490497e-07
1.072199951171875 6.355942684556043e-07
1.073199951171875 6.839182364792346e-07
1.074199951171875 8.285760157440613e-07
1.075199951171875 2.4796759570734316e-07
1.076199951171875 7.334063482061381e-07
1.077199951171875 6.541557214484827e-07
1.078199951171875 6.958244568099098e-07
1.079199951171875 4.039372448518854e-07
1.080199951171875 6.672796695931725e-07
1.081199951171875 4.193631968414216e-07
1.082199951171875 1.8728288516800586e-07
1.083199951171875 4.413033790439559e-07
1.084199951171875 5.258553258361349e-07
1.085199951171875 5.391799578438385e-07
1.086199951171875 5.349101419357714e-07
1.087199951171875 3.9915913597088597e-07
1.088199951171875 1.5482731266088383e-07
1.089199951171875 4.563723138872951e-07
1.090199951171875 1.8935368791217411e-07
1.091199951171875 5.034152257947856e-07
1.092199951171875 2.811677732334678e-07
1.093199951171875 1.1084187030450076e-07
1.094199951171875 2.2359204402491456e-07
1.095199951171875 1.5611317820455528e-07
1.096199951171875 2.479413650655936e-07
1.097199951171875 6.199095720807643e-07
1.098199951171875 3.619200596402733e-07
1.099199951171875 1.9206038175957364e-11
1.100199951171875 4.0543936485490705e-07
1.101199951171875 1.922435333543121e-11
1.102199951171875 3.6668409499582035e-07
1.103199951171875 8.797342922038287e-08
1.104199951171875 1.8985429185110937e-07
1.105199951171875 1.3484820355657144e-07
1.106199951171875 4.999928239808761e-07
1.107199951171875 6.202554286132553e-07
1.108199951171875 4.74114341875771e-07
1.109199951171875 8.225290482927098e-08
1.110199951171875 1.943879650849645e-07
1.111199951171875 2.6942809979013614e-07
1.112199951171875 4.4627914440610176e-07
1.113199951171875 4.2422087510237343e-07
1.114199951171875 6.238715024314874e-07
1.115199951171875 4.089888027064049e-07
1.116199951171875 6.578851449565956e-07
1.117199951171875 1.1503420232823124e-06
1.118199951171875 1.1813149376456602e-07
1.119199951171875 5.963581835440253e-07
1.120199951171875 5.000030684320339e-07
1.121199951171875 6.804702249570539e-07
1.122199951171875 8.645468807322456e-07
1.123199951171875 6.609293356059528e-07
1.124199951171875 1.063792816712773e-06
1.125199951171875 6.134995355715957e-07
1.126199951171875 7.507467920635453e-07
1.127199951171875 3.276093962052654e-07
1.128199951171875 7.896084191776874e-07
1.129199951171875 3.5109239910210333e-07
1.130199951171875 5.69633005805673e-07
1.131199951171875 5.721385582718265e-07
1.132199951171875 5.136020126836549e-07
1.133199951171875 5.707355275644471e-07
1.134199951171875 6.858491528561274e-07
1.135199951171875 5.715676143113981e-07
1.136199951171875 1.9797822423883814e-07
1.137199951171875 1.4519270970856656e-07
1.138199951171875 3.546675072837595e-07
1.139199951171875 4.0816679933742136e-07
1.140199951171875 3.550400403879154e-07
1.141199951171875 4.57092593489648e-07
1.142199951171875 4.300769347911626e-07
1.143199951171875 3.9911254630173373e-07
1.144199951171875 1.9501559369326042e-11
1.145199951171875 2.5908011904751963e-07
1.146199951171875 1.8390714235066433e-07
1.147199951171875 3.795773486228982e-07
1.148199951171875 2.982353396041131e-07
1.149199951171875 1.9737176657785568e-11
1.150199951171875 2.9709479332391344e-07
1.151199951171875 2.2799321177995659e-07
1.152199951171875 1.9831847502206887e-11
1.153199951171875 2.982098771511158e-07
1.154199951171875 4.529210157153221e-09
1.155199951171875 8.142248297609884e-08
1.156199951171875 4.779239276623173e-07
1.157199951171875 1.6678722147006771e-07
1.158199951171875 1.998022616343655e-11
1.159199951171875 4.1327652962993974e-08
1.160199951171875 6.851608183200965e-08
1.161199951171875 2.2890984363000762e-08
1.162199951171875 2.6035236572499993e-07
1.163199951171875 1.9332558360628997e-07
1.164199951171875 1.7423555410032824e-07
1.165199951171875 1.1544152454219523e-07
1.166199951171875 3.727013849202915e-08
1.167199951171875 2.0194979697198933e-11
1.168199951171875 3.769943412317054e-07
1.169199951171875 4.223006872701871e-07
1.170199951171875 1.5793877354532264e-07
1.171199951171875 3.204067925188927e-08
1.172199951171875 4.2738588881775354e-07
1.173199951171875 2.0307291898882062e-11
1.174199951171875 2.8267398545746373e-07
1.175199951171875 2.277059527767718e-07
1.176199951171875 4.102989045898749e-07
1.177199951171875 4.1977555311186975e-08
1.178199951171875 7.006845534835203e-08
1.179199951171875 2.5707462046630094e-07
1.180199951171875 2.3332155311019382e-07
1.181199951171875 3.1387251765555915e-07
1.182199951171875 1.3608650021590862e-07
1.183199951171875 4.107264883135438e-07
1.184199951171875 1.923397179520911e-07
1.185199951171875 1.87885385890019e-07
1.186199951171875 4.697082023317199e-08
1.187199951171875 3.194137098410017e-07
1.188199951171875 7.496302284791755e-08
1.189199951171875 2.671591145492872e-07
1.190199951171875 2.0216964617625043e-07
1.191199951171875 5.171508214283413e-08
1.192199951171875 5.352677147994797e-07
1.193199951171875 2.0651144332993584e-11
1.194199951171875 1.8307362427228257e-08
1.195199951171875 2.3344215479953971e-07
1.196199951171875 2.065814693951302e-11
1.197199951171875 7.26291564684458e-08
1.198199951171875 3.4144030223015844e-07
1.199199951171875 7.894660481858486e-08
1.200199951171875 1.3460407739612444e-08
1.201199951171875 4.105274843140102e-08
1.202199951171875 1.6090961202746438e-07
1.203199951171875 1.078003046891249e-07
1.204199951171875 1.2818928679960727e-07
1.205199951171875 2.0900452159633508e-11
1.206199951171875 5.595428206764014e-07
1.207199951171875 2.0960820153719102e-11
1.208199951171875 4.567686201970655e-08
1.209199951171875 1.5037201495942076e-07
1.210199951171875 3.215958601912917e-08
1.211199951171875 2.0802063688829527e-07
1.212199951171875 6.040421191606462e-08
1.213199951171875 2.9028795979523094e-08
1.214199951171875 1.8297150495642678e-07
1.215199951171875 2.1443438046478028e-11
1.216199951171875 2.1675449122776239e-07
1.217199951171875 1.9571652201215035e-08
1.218199951171875 2.840590273339427e-07
1.219199951171875 2.168808177589417e-11
1.220199951171875 3.3317951829761636e-08
1.221199951171875 9.526065419500527e-08
1.222199951171875 2.1869295454055773e-11
1.223199951171875 3.074473281386689e-07
1.224199951171875 1.3952791900904899e-07
1.225199951171875 2.201373889848194e-11
1.226199951171875 4.4376301610326367e-07
1.227199951171875 2.212136679018114e-11
1.228199951171875 1.6932254803808862e-07
1.229199951171875 4.1407563929931595e-07
1.230199951171875 2.224998716246509e-11
1.231199951171875 1.1240004861960284e-07
1.232199951171875 3.44359830397143e-07
1.233199951171875 2.2377157623758506e-11
1.234199951171875 2.242013134556001e-11
1.235199951171875 2.6120375398560806e-07
1.236199951171875 2.250517206438681e-11
1.237199951171875 2.256792890567369e-11
1.238199951171875 1.546846224413329e-07
1.239199951171875 2.2653791604309778e-11
1.240199951171875 2.2694319582392472e-11
1.241199951171875 2.2739823866656772e-11
1.242199951171875 2.279905027843241e-11
1.243199951171875 2.02773317884322e-08
1.244199951171875 1.454848814483509e-07
1.245199951171875 4.090706955563926e-08
1.246199951171875 3.51722129420736e-07
1.247199951171875 2.30167259750351e-11
1.248199951171875 1.2642878173531322e-07
1.249199951171875 4.0763980967928425e-08
1.250199951171875 7.163725210510796e-08
1.251199951171875 3.971506650839554e-07
1.252199951171875 2.3238925794162728e-11
1.253199951171875 2.592338653161748e-07
1.254199951171875 1.9493791798838693e-07
1.255199951171875 3.080659162701628e-08
1.256199951171875 5.167338188201947e-08
1.257199951171875 1.1908713070122797e-07
1.258199951171875 1.2291920670419968e-07
1.259199951171875 4.688868074355976e-08
1.260199951171875 6.138891302050693e-08
1.261199951171875 2.3674229918466577e-11
1.262199951171875 2.3412528980018822e-07
1.263199951171875 2.3758661731980696e-11
1.264199951171875 9.551886128776724e-09
1.265199951171875 5.247945781113777e-08
1.266199951171875 2.3892498368871044e-11
1.267199951171875 2.39359856316553e-11
1.268199951171875 3.7697549130755293e-07
1.269199951171875 9.451521301873675e-08
1.270199951171875 4.6260740778430476e-07
1.271199951171875 3.129633569090128e-08
1.272199951171875 2.41537867605061e-11
1.273199951171875 6.382196316072473e-08
1.274199951171875 1.5287277046195018e-07
1.275199951171875 4.149124793207095e-08
1.276199951171875 1.9657368459217385e-07
1.277199951171875 6.458228869245613e-08
1.278199951171875 2.2695363087672284e-07
1.279199951171875 2.4476485149385894e-11
1.280199951171875 3.374991436239267e-07
1.281199951171875 2.3507852408556868e-07
1.282199951171875 6.949696156897047e-08
1.283199951171875 5.109706711849557e-07
1.284199951171875 1.6174304152091945e-07
1.285199951171875 2.3131952735708533e-07
1.286199951171875 2.472259755766224e-07
1.287199951171875 3.148974880127871e-08
1.288199951171875 5.240931202387779e-07
1.289199951171875 1.0012878359076738e-06
1.290199951171875 2.486874319597989e-11
1.291199951171875 1.6237948921964507e-07
1.292199951171875 3.4775187231173427e-07
1.293199951171875 4.800147578103271e-07
1.294199951171875 5.724741743074021e-07
1.295199951171875 4.157303659521285e-07
1.296199951171875 2.3828853222638203e-10
1.297199951171875 4.5132918811928794e-07
1.298199951171875 1.0989087588581418e-07
1.299199951171875 1.0479726139672377e-07
1.300199951171875 1.6048741845106993e-07
1.301199951171875 7.667321553870298e-07
1.302199951171875 1.9956232370634904e-07
1.303199951171875 2.84399509116802e-07
1.304199951171875 2.845902976502379e-07
1.305199951171875 3.5982577808074664e-07
1.306199951171875 1.0120659734847279e-07
1.307199951171875 4.5914231415813284e-07
1.308199951171875 6.279710799212661e-07
1.309199951171875 3.103500833450891e-07
1.310199951171875 2.2281758290535042e-07
1.311199951171875 9.489635298384965e-08
1.312199951171875 2.668668993066717e-07
1.313199951171875 6.595646783314404e-07
1.314199951171875 6.530735183313037e-07
1.315199951171875 1.0981249450854574e-07
1.316199951171875 1.0714429386336742e-06
1.317199951171875 6.835694489786169e-07
1.318199951171875 1.2225353003772917e-07
1.319199951171875 6.995410691793046e-08
1.320199951171875 1.5796243936364983e-07
1.321199951171875 1.4190384672093128e-07
1.322199951171875 3.586668616712386e-08
1.323199951171875 1.1774736813062583e-07
1.324199951171875 2.0769569024794682e-07
1.325199951171875 3.669347987667917e-07
1.326199951171875 5.3673619044119e-07
1.327199951171875 2.7409792271430466e-11
1.328199951171875 3.1673454398531136e-07
1.329199951171875 1.394415641103269e-07
1.330199951171875 1.9674095474682833e-07
1.331199951171875 3.1052891317133214e-08
1.332199951171875 1.2370761691775015e-06
1.333199951171875 2.7766461807647848e-11
1.334199951171875 4.20865808266417e-07
1.335199951171875 3.834882870900384e-07
1.336199951171875 3.2470529417244413e-07
1.337199951171875 4.2200689542444013e-07
1.338199951171875 3.966931882758848e-07
1.339199951171875 8.547797533782297e-07
1.340199951171875 1.8445335220189525e-07
1.341199951171875 2.404965739653424e-07
1.342199951171875 4.459414810298724e-07
1.343199951171875 7.476384630486269e-07
1.344199951171875 5.229383346362967e-07
1.345199951171875 2.8536368426099513e-11
1.346199951171875 8.373743188141524e-07
1.347199951171875 2.1293858250895236e-07
1.348199951171875 2.8742663137864236e-11
1.349199951171875 2.8936187036834345e-07
1.350199951171875 2.2459763039998237e-07
1.351199951171875 5.136662389446018e-07
1.352199951171875 8.301378666388751e-07
1.353199951171875 1.2441475054616052e-08
1.354199951171875 4.3771998535096854e-08
1.355199951171875 3.0572933117897714e-07
1.356199951171875 8.779724527870326e-07
1.357199951171875 1.4725578694765702e-07
1.358199951171875 1.8484130965912655e-08
1.359199951171875 5.842915859835856e-07
1.360199951171875 5.168463272878656e-07
1.361199951171875 2.958347511973655e-11
1.362199951171875 4.435651258032621e-07
1.363199951171875 2.7904239108929806e-07
1.364199951171875 4.6013604505643885e-07
1.365199951171875 6.377841810348787e-07
1.366199951171875 2.986037122191983e-11
1.367199951171875 2.1952074693905654e-07
1.368199951171875 5.852420093383539e-07
1.369199951171875 1.3557046049898943e-07
1.370199951171875 3.0024323454625675e-11
1.371199951171875 1.0513385035323604e-06
1.372199951171875 5.020893933791067e-07
1.373199951171875 3.619315091764606e-07
1.374199951171875 6.596075023335391e-07
1.375199951171875 2.3109695375523208e-07
1.376199951171875 5.359857086556577e-07
1.377199951171875 1.6705825586082946e-07
1.378199951171875 1.526299439587702e-07
1.379199951171875 8.496850886117045e-07
1.380199951171875 7.241576545169676e-07
1.381199951171875 9.444957966780723e-08
1.382199951171875 9.742349611049057e-07
1.383199951171875 7.144868393842088e-07
1.384199951171875 1.770602680831194e-07
1.385199951171875 1.0629788613094592e-06
1.386199951171875 6.057824488988281e-07
1.387199951171875 3.795411634334672e-07
1.388199951171875 6.091197680186114e-07
1.389199951171875 1.1100209676732537e-06
1.390199951171875 6.657150517005434e-07
1.391199951171875 7.818769558477631e-07
1.392199951171875 5.0343889527256257e-08
1.393199951171875 8.559579281584295e-07
1.394199951171875 4.395793422334099e-07
1.395199951171875 8.275704130088636e-07
1.396199951171875 3.50972465696483e-07
1.397199951171875 2.573261007533231e-07
1.398199951171875 2.655400502888977e-07
1.399199951171875 3.1527578966975245e-11
1.400199951171875 3.93831989474814e-07
1.401199951171875 8.564529924440025e-08
1.402199951171875 6.752951813024828e-07
1.403199951171875 1.9997669168840454e-07
1.404199951171875 1.271886379787179e-07
1.405199951171875 8.91381028550609e-07
1.406199951171875 5.907957046625497e-07
1.407199951171875 3.511315039717387e-07
1.408199951171875 4.955253591445691e-07
1.409199951171875 2.389082507450185e-07
1.410199951171875 8.405725735502941e-07
1.411199951171875 2.3809797340027098e-07
1.412199951171875 2.5482735608108536e-07
1.413199951171875 4.367120093016532e-07
1.414199951171875 5.475901193962071e-07
1.415199951171875 5.024837573528369e-07
1.416199951171875 6.494292522025621e-08
1.417199951171875 5.869794782869305e-07
1.418199951171875 9.466505859458197e-07
1.419199951171875 8.086069261203655e-07
1.420199951171875 1.161210749453074e-06
1.421199951171875 6.559094804520119e-09
1.422199951171875 3.4729189433657116e-07
1.423199951171875 8.47583037370675e-07
1.424199951171875 3.713426020127073e-07
1.425199951171875 7.295665750925211e-07
1.426199951171875 9.226333758046237e-07
1.427199951171875 3.6449389034295097e-07
1.428199951171875 6.057136431141109e-07
1.429199951171875 2.599703787162004e-07
1.430199951171875 3.086957440167102e-07
1.431199951171875 4.241453992461228e-07
1.432199951171875 5.363287235553959e-08
1.433199951171875 9.211805771888993e-07
1.434199951171875 6.94467675420049e-07
1.435199951171875 4.639324256614727e-07
1.436199951171875 5.309900215663529e-08
1.437199951171875 6.705902205739418e-07
1.438199951171875 3.888912778481832e-07
1.439199951171875 1.4562958068684613e-07
1.440199951171875 7.527264874987747e-07
1.441199951171875 3.518819686931423e-11
1.442199951171875 3.3718040300318176e-07
1.443199951171875 3.534383233103597e-11
1.444199951171875 3.717950001959488e-07
1.445199951171875 7.321895001968175e-07
1.446199951171875 1.5500845310099217e-07
1.447199951171875 1.8590110865643284e-07
1.448199951171875 5.624006392613947e-07
1.449199951171875 6.35479349403357e-07
1.450199951171875 1.5464995929262435e-07
1.451199951171875 3.586586788810337e-11
1.452199951171875 6.119006243317712e-07
1.453199951171875 7.331919740957812e-07
1.454199951171875 3.6067713162184866e-11
1.455199951171875 9.394615262658798e-07
1.456199951171875 2.660212775439437e-07
1.457199951171875 6.519876198945059e-07
1.458199951171875 8.43615839611587e-07
1.459199951171875 3.638546721528725e-11
1.460199951171875 1.4506653854413207e-06
1.461199951171875 3.648894558731049e-11
1.462199951171875 1.0673238927787125e-06
1.463199951171875 7.295972635706406e-07
1.464199951171875 3.820927546103552e-07
1.465199951171875 9.952921508886461e-07
1.466199951171875 1.4346912443670893e-07
1.467199951171875 6.199190984099838e-07
1.468199951171875 5.269432846990017e-07
1.469199951171875 1.438442439029905e-07
1.470199951171875 7.339788212662306e-07
1.471199951171875 3.7073178708766735e-11
1.472199951171875 5.056608586693375e-07
1.473199951171875 7.129044048895209e-08
1.474199951171875 2.809071712373853e-07
1.475199951171875 6.236534032942218e-08
1.476199951171875 9.731531860648675e-07
1.477199951171875 1.1853095688734825e-06
1.478199951171875 1.0592272647458594e-07
1.479199951171875 6.08765247153517e-07
1.480199951171875 5.412156266142361e-07
1.481199951171875 8.7576566657734e-07
1.482199951171875 1.1498249932462957e-06
1.483199951171875 3.7720806532025606e-11
1.484199951171875 3.780318529027419e-11
1.485199951171875 4.850416142250024e-07
1.486199951171875 7.125567318584678e-07
1.487199951171875 6.677637716943046e-08
1.488199951171875 3.802419732823163e-11
1.489199951171875 5.836676635948841e-08
1.490199951171875 1.168885195927261e-06
1.491199951171875 2.4316075517945187e-08
1.492199951171875 5.271116134712811e-07
1.493199951171875 2.9708859152218876e-07
1.494199951171875 6.629806019437677e-08
1.495199951171875 3.838914658583932e-11
1.496199951171875 7.348694476252918e-07
1.497199951171875 4.96039567630011e-07
1.498199951171875 8.311627060296844e-08
1.499199951171875 4.886950914913934e-08
1.500199951171875 1.0026572176650637e-06
1.501199951171875 4.6784082617888014e-07
1.502199951171875 5.193885107139976e-07
1.503199951171875 2.251567068396685e-07
1.504199951171875 3.839777104219753e-07
1.505199951171875 3.0910242763375074e-07
1.506199951171875 4.683746547250396e-07
1.507199951171875 3.3829173500907495e-08
1.508199951171875 2.80380884022874e-07
1.509199951171875 1.0157236850975726e-06
1.510199951171875 2.7513197784565987e-08
1.511199951171875 8.277066843322012e-07
1.512199951171875 8.829604986182003e-08
1.513199951171875 5.200188868324974e-07
1.514199951171875 3.509285999649106e-07
1.515199951171875 9.146587154722245e-07
1.516199951171875 3.970403530263798e-11
1.517199951171875 3.976577126323691e-11
1.518199951171875 6.544913171584123e-07
1.519199951171875 8.723667937890701e-07
1.520199951171875 8.120265086761282e-08
1.521199951171875 4.002805611974989e-11
1.522199951171875 3.514190894517419e-07
1.523199951171875 6.109698948557406e-07
1.524199951171875 7.283605412620522e-07
1.525199951171875 6.255229546839949e-07
1.526199951171875 1.460070304611867e-07
1.527199951171875 7.068354943330479e-07
1.528199951171875 1.4386258031297508e-06
1.529199951171875 4.04730337036634e-11
1.530199951171875 9.414597002460609e-07
1.531199951171875 7.52474362224397e-07
1.532199951171875 7.806566954108624e-07
1.533199951171875 3.4090053162884484e-07
1.534199951171875 4.891004063926554e-07
1.535199951171875 6.642505510924354e-07
1.536199951171875 1.026952454140102e-06
1.537199951171875 8.097302049290781e-08
1.538199951171875 1.168488757382993e-09
1.539199951171875 5.126024702936987e-07
1.540199951171875 1.484401875149686e-07
1.541199951171875 5.773570910184164e-07
1.542199951171875 6.062515154823882e-07
1.543199951171875 8.667504108102629e-07
1.544199951171875 1.1829236399312399e-07
1.545199951171875 4.2595870725021126e-07
1.546199951171875 6.991289682177135e-08
1.547199951171875 4.866513758974399e-07
1.548199951171875 9.716170343429993e-07
1.549199951171875 1.007057473630352e-07
1.550199951171875 5.4019326223762567e-08
1.551199951171875 6.892164943369771e-07
1.552199951171875 6.943338107848733e-07
1.553199951171875 4.70589314819765e-07
1.554199951171875 4.0304456510195225e-07
1.555199951171875 3.956916952983865e-07
1.556199951171875 1.0827065594843192e-06
1.557199951171875 8.923041811163755e-08
1.558199951171875 1.8824013540403467e-07
1.559199951171875 1.3259843482051626e-07
1.560199951171875 2.299457210759868e-07
1.561199951171875 8.283174591372723e-07
1.562199951171875 6.208950310266296e-07
1.563199951171875 2.7043450433624535e-07
1.564199951171875 4.7006046761907e-07
1.565199951171875 3.2606549841046013e-07
1.566199951171875 4.6249946671165817e-07
1.567199951171875 9.040215025594327e-07
1.568199951171875 6.984011701883146e-07
1.569199951171875 3.4364965652781345e-07
1.570199951171875 1.154456277024691e-07
1.571199951171875 1.1554281373862774e-06
1.572199951171875 6.55787491131441e-07
1.573199951171875 1.1054805552451056e-06
1.574199951171875 4.2855220016491795e-07
1.575199951171875 1.0774031501087635e-06
1.576199951171875 8.548553655813282e-07
1.577199951171875 1.2282841959131402e-07
1.578199951171875 9.136295872443471e-07
1.579199951171875 2.2879895401321694e-06
1.580199951171875 6.811327706445716e-07
1.581199951171875 4.2425143923739864e-11
1.582199951171875 6.230576784152843e-07
1.583199951171875 4.243959982018738e-11
1.584199951171875 7.915080590038561e-07
1.585199951171875 4.245700503905035e-11
1.586199951171875 9.678900420114747e-07
1.587199951171875 1.8100906478691007e-07
1.588199951171875 1.287298478909509e-06
1.589199951171875 1.9592656472056488e-07
1.590199951171875 2.1067534949855824e-07
1.591199951171875 1.1190487522062134e-06
1.592199951171875 7.010059299174562e-07
1.593199951171875 1.5514388242282185e-06
1.594199951171875 5.930925337574379e-08
1.595199951171875 1.5322964381414741e-06
1.596199951171875 3.77792101630632e-07
1.597199951171875 1.2025490119552784e-06
1.598199951171875 1.2448432638119976e-06
1.599199951171875 9.728668866165277e-07
1.600199951171875 1.5541587476748702e-06
1.601199951171875 1.1124817330488625e-07
1.602199951171875 1.6665385983803818e-06
1.603199951171875 5.87332311501382e-08
1.604199951171875 1.8186522902310583e-06
1.605199951171875 1.1659704339938343e-06
1.606199951171875 2.818712651337952e-07
1.607199951171875 1.1584781498496397e-06
1.608199951171875 1.0027349118352927e-06
1.609199951171875 4.907896079176428e-07
1.610199951171875 1.6085460085066318e-06
1.611199951171875 3.471670279977424e-07
1.612199951171875 1.6825873559703613e-06
1.613199951171875 2.2086804850307357e-07
1.614199951171875 5.956761913936808e-07
1.615199951171875 9.476354107307673e-07
1.616199951171875 1.4926576300350314e-07
1.617199951171875 2.151622142466509e-06
1.618199951171875 6.206965338773603e-08
1.619199951171875 1.0975052479204012e-06
1.620199951171875 4.3540030407839395e-11
1.621199951171875 5.448572404979643e-07
1.622199951171875 1.8169785282064844e-06
1.623199951171875 1.9774965670479463e-07
1.624199951171875 1.1213005686332138e-06
1.625199951171875 6.835324617558901e-07
1.626199951171875 1.4979319169672287e-06
1.627199951171875 3.6835183630715368e-06
1.628199951171875 1.1037732817021468e-06
1.629199951171875 1.4569678626976323e-06
1.630199951171875 1.1344220962724109e-06
1.631199951171875 2.108324167367647e-06
1.632199951171875 1.150438755813857e-06
1.633199951171875 1.4075719511039855e-06
1.634199951171875 1.5799837387936644e-06
1.635199951171875 1.5876638282080875e-06
1.636199951171875 1.7241968354069843e-06
1.637199951171875 1.2984065257792256e-06
1.638199951171875 1.3231769029622218e-06
1.639199951171875 1.2056872516982745e-06
1.640199951171875 2.1249814188995898e-06
1.641199951171875 2.445409438417806e-07
1.642199951171875 1.3476845540603078e-06
1.643199951171875 9.6675992557464e-07
1.644199951171875 1.0482248136385846e-06
1.645199951171875 7.146967453331942e-07
1.646199951171875 1.6294081014319085e-06
1.647199951171875 1.799714637032971e-06
1.648199951171875 1.9474723870568407e-07
1.649199951171875 1.2300527713671002e-06
1.650199951171875 1.5830304073464494e-06
1.651199951171875 1.1280105451472642e-06
1.652199951171875 1.3530763632499286e-06
1.653199951171875 5.510867501217241e-07
1.654199951171875 1.2969332103679683e-06
1.655199951171875 6.32148801449518e-07
1.656199951171875 1.0427746270233893e-06
1.657199951171875 2.0607783272579386e-06
1.658199951171875 1.0641076087629962e-06
1.659199951171875 1.4636757613098494e-06
1.660199951171875 6.292970697099933e-07
1.661199951171875 6.861965766890447e-07
1.662199951171875 4.2954909768103454e-07
1.663199951171875 3.467772901973397e-07
1.664199951171875 2.291624071948223e-06
1.665199951171875 9.062602497756276e-07
1.666199951171875 6.253884977111732e-07
1.667199951171875 1.0721950828901552e-06
1.668199951171875 1.1392494066684165e-06
1.669199951171875 1.4878552554222364e-06
1.670199951171875 1.3864757776322225e-07
1.671199951171875 4.2470831934332076e-07
1.672199951171875 5.831369956557503e-07
1.673199951171875 6.563966279412949e-07
1.674199951171875 9.097636588007622e-07
1.675199951171875 1.8230698742958188e-06
1.676199951171875 1.1667502126324776e-07
1.677199951171875 1.4360771267886412e-06
1.678199951171875 9.996397798500502e-07
1.679199951171875 1.035332467850641e-06
1.680199951171875 1.1313196772127664e-06
1.681199951171875 1.1805356664830137e-06
1.682199951171875 4.755845078956845e-07
1.683199951171875 1.6106909708494573e-06
1.684199951171875 8.357699380528298e-07
1.685199951171875 6.060322666272188e-07
1.686199951171875 7.862608809588406e-08
1.687199951171875 8.969810934290633e-08
1.688199951171875 1.6314952928441682e-07
1.689199951171875 4.366320356228945e-08
1.690199951171875 5.563614302177832e-07
1.691199951171875 9.394600374612313e-07
1.692199951171875 1.2954223770471618e-06
1.693199951171875 1.509967962555039e-06
1.694199951171875 7.496557428214653e-07
1.695199951171875 1.2514612411980132e-07
1.696199951171875 4.530967848666087e-11
1.697199951171875 1.8603369417536713e-06
1.698199951171875 1.3261228796264474e-07
1.699199951171875 1.4058770613441733e-06
1.700199951171875 1.8264580976974441e-06
1.701199951171875 2.3565262295060274e-07
1.702199951171875 4.020075045474094e-07
1.703199951171875 1.0954718922064402e-06
1.704199951171875 3.67399784981166e-08
1.705199951171875 6.135479851751352e-08
1.706199951171875 4.5285991858340686e-11
1.707199951171875 2.475191906417807e-06
1.708199951171875 2.9087014525616823e-07
1.709199951171875 1.0965856200011271e-06
1.710199951171875 5.645467927689793e-07
1.711199951171875 8.372962043953004e-07
1.712199951171875 1.0449051113769074e-06
1.713199951171875 5.003233237924651e-07
1.714199951171875 1.375338304878779e-06
1.715199951171875 1.5496940122557479e-06
1.716199951171875 1.718253829126582e-07
1.717199951171875 7.805199541931287e-07
1.718199951171875 5.094988333175771e-07
1.719199951171875 9.461293967415003e-07
1.720199951171875 3.0402094205625884e-07
1.721199951171875 1.1770171498651732e-06
1.722199951171875 7.068205865124137e-07
1.723199951171875 5.697012581183409e-07
1.724199951171875 7.781801713928044e-07
1.725199951171875 1.7327137432951553e-06
1.726199951171875 1.0308992496633806e-06
1.727199951171875 6.017748512840834e-07
1.728199951171875 8.538421447283862e-07
1.729199951171875 4.5650400166817194e-11
1.730199951171875 9.392456616485369e-07
1.731199951171875 9.30580116451291e-07
1.732199951171875 6.300142567940139e-07
1.733199951171875 2.4318484299403054e-08
1.734199951171875 7.524452680943681e-07
1.735199951171875 1.0958714196762825e-06
1.736199951171875 1.1951747243951098e-06
1.737199951171875 8.029743221786267e-07
1.738199951171875 6.889749702228863e-07
1.739199951171875 2.7336926229900214e-07
1.740199951171875 5.378393281026771e-07
1.741199951171875 1.7661729431645644e-06
1.742199951171875 8.634940033068872e-07
1.743199951171875 4.57955153531942e-11
1.744199951171875 7.2563232311531755e-09
1.745199951171875 4.607716657355396e-07
1.746199951171875 4.59617223200513e-07
1.747199951171875 1.3019562913530066e-07
1.748199951171875 4.582144875306706e-11
1.749199951171875 6.587869481113221e-07
1.750199951171875 1.1704844123821137e-07
1.751199951171875 4.3746518856796214e-07
1.752199951171875 4.4469930628360694e-07
1.753199951171875 6.966304300627885e-07
1.754199951171875 1.2025141691200663e-06
1.755199951171875 1.6211179511179392e-06
1.756199951171875 9.938138845390572e-07
1.757199951171875 2.4403456482962624e-07
1.758199951171875 1.68800297505712e-06
1.759199951171875 1.0633577953506794e-06
1.760199951171875 3.4568223669853533e-07
1.761199951171875 1.6354539162356848e-06
1.762199951171875 1.7947193193739172e-07
1.763199951171875 4.6036407969241005e-08
1.764199951171875 5.665844079639342e-07
1.765199951171875 6.058788185658394e-07
1.766199951171875 1.87456526114519e-06
1.767199951171875 1.897790240624155e-06
1.768199951171875 1.4590192213208763e-07
1.769199951171875 4.593242536841729e-11
1.770199951171875 2.3002878580401986e-07
1.771199951171875 1.8856274647205668e-06
1.772199951171875 4.207633212405597e-07
1.773199951171875 7.392659798847124e-07
1.774199951171875 1.6107977059102963e-06
1.775199951171875 1.9277623084340066e-06
1.776199951171875 5.65991895246465e-07
1.777199951171875 1.0818488427662352e-06
1.778199951171875 3.480875472086259e-07
1.779199951171875 1.979289988363399e-06
1.780199951171875 4.966932901300728e-07
1.781199951171875 1.609399794742114e-06
1.782199951171875 1.493942167168875e-06
1.783199951171875 3.3011986464326668e-06
1.784199951171875 1.3595416375453264e-06
1.785199951171875 4.610638738360323e-11
1.786199951171875 1.951127495441021e-06
1.787199951171875 2.0662923816148403e-06
1.788199951171875 9.78148564706731e-07
1.789199951171875 6.84571561909901e-07
1.790199951171875 1.0563906581005675e-06
1.791199951171875 1.7060852381096824e-06
1.792199951171875 1.5427639945026053e-06
1.793199951171875 3.282080763223304e-06
1.794199951171875 3.5456441393234913e-06
1.795199951171875 4.643710061166514e-11
1.796199951171875 1.3710033787191077e-06
1.797199951171875 1.53912080597517e-06
1.798199951171875 1.584509651114592e-06
1.799199951171875 1.8169366676735621e-06
1.800199951171875 2.6775418307044456e-06
1.801199951171875 4.657733948680272e-11
1.802199951171875 5.419803860284849e-07
1.803199951171875 1.942621533697445e-06
1.804199951171875 2.3024738823353538e-06
1.805199951171875 3.0979783623140164e-07
1.806199951171875 2.570191342820493e-06
1.807199951171875 1.7579907086260902e-06
1.808199951171875 2.25456444523895e-06
1.809199951171875 2.946576325514905e-06
1.810199951171875 2.9336915160767176e-06
1.811199951171875 3.3861027716467785e-07
1.812199951171875 3.256082760315077e-06
1.813199951171875 3.7403866753072416e-06
1.814199951171875 1.511746179404583e-06
1.815199951171875 1.0920366599805268e-06
1.816199951171875 2.950915169089205e-06
1.817199951171875 1.4017018394478287e-06
1.818199951171875 4.0102187964317e-06
1.819199951171875 4.955748564762148e-06
1.820199951171875 5.833139423861313e-06
1.821199951171875 6.002840113860397e-06
1.822199951171875 6.9199958639446295e-06
1.823199951171875 1.0425102832120832e-05
1.824199951171875 1.0432172941218672e-05
1.825199951171875 1.6361590200210046e-05
1.826199951171875 1.5757707281366665e-05
1.827199951171875 2.0843578028500485e-05
1.828199951171875 2.6952674123773342e-05
1.829199951171875 3.09323871539609e-05
1.830199951171875 3.9578007603547376e-05
1.831199951171875 4.598559319814814e-05
1.832199951171875 6.11639342051152e-05
1.833199951171875 6.895293287971744e-05
1.834199951171875 8.94573994411702e-05
1.835199951171875 0.00011636532907907104
1.836199951171875 0.0001536253570087456
1.837199951171875 0.00019686218930422959
1.838199951171875 0.0002757514472241227
1.839199951171875 0.00039686425344912136
1.840199951171875 0.0005944548447423929
1.841199951171875 0.0009231529277095238
1.842199951171875 0.0014988985881898874
1.843199951171875 0.002440761835067715
1.844199951171875 0.0038969945554169676
1.845199951171875 0.006056737512601786
1.846199951171875 0.0090219760767326
1.847199951171875 0.01283181433246259
1.848199951171875 0.017583531743580624
1.849199951171875 0.023054726544446704
1.850199951171875 0.02885872216452533
1.851199951171875 0.03479708691878137
1.852199951171875 0.03996979622104377
1.853199951171875 0.045319193957539174
1.854199951171875 0.04879672885836681
1.855199951171875 0.056948687603545024
1.856199951171875 0.0647371940928188
1.857199951171875 0.07582420840744358
1.858199951171875 0.08724672463805824
1.859199951171875 0.10448352371077915
1.860199951171875 0.12376183376651535
1.861199951171875 0.15149638384983397
1.862199951171875 0.18322200764835173
1.863199951171875 0.22276768193802426
1.864199951171875 0.2741232915069992
1.865199951171875 0.31619693309727487
1.866199951171875 0.36042198935801534
1.867199951171875 0.3936097955914476
1.868199951171875 0.418140693914718
1.869199951171875 0.43007089255512293
1.870199951171875 0.43877380876520633
1.871199951171875 0.44050615410542404
1.872199951171875 0.4397055587791024
1.873199951171875 0.4408073336434016
1.874199951171875 0.439332721287486
1.875199951171875 0.43606375642557055
1.876199951171875 0.4337247878768707
1.877199951171875 0.4287810114225414
1.878199951171875 0.4171088031181668
1.879199951171875 0.4020102900011964
1.880199951171875 0.37605670266020463
1.881199951171875 0.34750365031402036
1.882199951171875 0.30802117615479074
1.883199951171875 0.26657866742158987
1.884199951171875 0.2252168170531545
1.885199951171875 0.18812871247071558
1.886199951171875 0.15922160017337478
1.887199951171875 0.13336315019104236
1.888199951171875 0.11400338782888285
1.889199951171875 0.09667659795256903
1.890199951171875 0.08473129307176683
1.891199951171875 0.07281117949824838
1.892199951171875 0.06511820847096249
1.893199951171875 0.05709591280147356
1.894199951171875 0.050646648821095853
1.895199951171875 0.04309680798089417
1.896199951171875 0.035720909719082226
1.897199951171875 0.028660432490917407
1.898199951171875 0.022115717178537928
1.899199951171875 0.017135006693721873
1.900199951171875 0.012605569242658862
1.901199951171875 0.00899922598877941
1.902199951171875 0.006213315359999393
1.903199951171875 0.004141582622243496
1.904199951171875 0.0026358445062706695
1.905199951171875 0.001721509027465223
1.906199951171875 0.0011176767387407836
1.907199951171875 0.0007285482977766939
1.908199951171875 0.000494949479908434
1.909199951171875 0.00034839672955554727
1.910199951171875 0.0002446619959317263
1.911199951171875 0.00018182017613118867
1.912199951171875 0.00013592703430324033
1.913199951171875 0.00010339444165725572
1.914199951171875 7.977507649124087e-05
1.915199951171875 6.525152108803191e-05
1.916199951171875 5.261317310614753e-05
1.917199951171875 4.207944168986795e-05
1.918199951171875 3.40108161431411e-05
1.919199951171875 2.3031378230145195e-05
1.920199951171875 2.4813311984163355e-05
1.921199951171875 1.950334637688423e-05
1.922199951171875 1.3801146184258822e-05
1.923199951171875 1.2676180742745262e-05
1.924199951171875 1.0131552046219623e-05
1.925199951171875 7.601948796590955e-06
1.926199951171875 4.8248296727310555e-06
1.927199951171875 6.9466652021894445e-06
1.928199951171875 5.573327173534524e-06
1.929199951171875 5.767427785951588e-06
1.930199951171875 3.523801286259595e-06
1.931199951171875 5.6447781000003146e-06
1.932199951171875 5.383003754369335e-06
1.933199951171875 2.6929221322273452e-06
1.934199951171875 2.2252802207750397e-06
1.935199951171875 4.894284249409126e-06
1.936199951171875 3.882675979285e-06
1.937199951171875 4.740043328988619e-11
1.938199951171875 4.413870245369752e-06
1.939199951171875 1.1680273225078486e-06
1.940199951171875 2.959588096835846e-06
1.941199951171875 1.9062760493238507e-06
1.942199951171875 4.523350757243743e-06
1.943199951171875 8.487125315177981e-07
1.944199951171875 2.6285874976136288e-06
1.945199951171875 1.1317495373297133e-07
1.946199951171875 7.092996284662889e-07
1.947199951171875 1.5652807945563074e-06
1.948199951171875 2.913059933490016e-07
1.949199951171875 2.313200791703123e-06
1.950199951171875 3.7835120164035284e-06
1.951199951171875 1.4025082795677878e-06
1.952199951171875 9.517215379223657e-07
1.953199951171875 3.528354714636673e-06
1.954199951171875 1.772242504407931e-06
1.955199951171875 1.8114158211942323e-06
1.956199951171875 1.2219291497929694e-06
1.957199951171875 4.786855651279399e-11
1.958199951171875 8.912567718453855e-07
1.959199951171875 2.2028619286059353e-06
1.960199951171875 4.2296052224704555e-06
1.961199951171875 9.165585284742022e-07
1.962199951171875 1.678306244276102e-06
1.963199951171875 4.917618882330036e-07
1.964199951171875 9.91800028315409e-07
1.965199951171875 3.3517156450086295e-06
1.966199951171875 1.462368933405229e-06
1.967199951171875 2.0070795065209123e-06
1.968199951171875 1.950416686372346e-06
1.969199951171875 3.351944584280239e-06
1.970199951171875 2.3584746481580164e-06
1.971199951171875 7.906798512557935e-07
1.972199951171875 1.7896594787023813e-06
1.973199951171875 4.8001107802301975e-11
1.974199951171875 4.110007957327237e-06
1.975199951171875 4.7996125941059053e-11
1.976199951171875 4.538674653890923e-06
1.977199951171875 2.7727691762018386e-06
1.978199951171875 8.141294568382364e-07
1.979199951171875 1.7360374288450691e-06
1.980199951171875 4.303199605585676e-06
1.981199951171875 4.606341536772322e-06
1.982199951171875 3.401378926587626e-07
1.983199951171875 3.946810763484376e-06
1.984199951171875 2.9999181206515957e-06
1.985199951171875 2.7405017993330865e-06
1.986199951171875 1.7536928092655066e-06
1.987199951171875 2.063565016101082e-06
1.988199951171875 1.4814648824968045e-06
1.989199951171875 1.955337746166591e-06
1.990199951171875 1.9101462265345717e-06
1.991199951171875 5.029141014695178e-06
1.992199951171875 3.586827004256494e-06
1.993199951171875 2.2127530881210083e-06
1.994199951171875 4.7801438517895444e-11
1.995199951171875 3.154203820845001e-06
1.996199951171875 1.8157871314029713e-06
1.997199951171875 5.284302812112613e-07
1.998199951171875 3.3033444967332695e-06
1.999199951171875 4.766507227554737e-11
2.000199951171875 7.479901416030109e-07
2.001199951171875 4.654789284778099e-06
2.002199951171875 1.8613319711904235e-06
2.003199951171875 4.791301383492449e-11
2.004199951171875 5.744065765174851e-06
2.005199951171875 4.797898649759449e-11
2.006199951171875 2.6237429863217745e-06
2.007199951171875 4.4204572857283e-06
2.008199951171875 3.904422118884902e-06
2.009199951171875 2.100622835301421e-06
2.010199951171875 3.925000642746198e-06
2.011199951171875 2.2821997658396606e-06
2.012199951171875 1.3966935830715828e-06
2.013199951171875 6.037170646637892e-06
2.014199951171875 5.186238086163611e-07
2.015199951171875 1.6998208086654923e-06
2.016199951171875 2.90137622163812e-07
2.017199951171875 2.872633718140963e-06
2.018199951171875 2.3829064184604995e-06
2.019199951171875 2.7126756801325833e-06
2.020199951171875 2.7503433105042602e-06
2.021199951171875 1.4927357491938891e-06
2.022199951171875 3.0928750265379416e-06
2.023199951171875 2.0960818367701138e-06
2.024199951171875 1.8952973084477953e-06
2.025199951171875 2.119493602780526e-06
2.026199951171875 6.283468898568712e-06
2.027199951171875 7.597139798684616e-07
2.028199951171875 2.5177557403502013e-06
2.029199951171875 2.38843164704486e-06
2.030199951171875 1.0216298338898096e-06
2.031199951171875 2.079226014737103e-06
2.032199951171875 4.811617229466136e-11
2.033199951171875 1.4831978532041434e-06
2.034199951171875 4.407805331757912e-06
2.035199951171875 1.9032302410169868e-06
2.036199951171875 4.805191036168964e-11
2.037199951171875 6.64129487112035e-06
2.038199951171875 4.803783948915753e-11
2.039199951171875 3.194072792552453e-06
2.040199951171875 3.408656605337824e-06
2.041199951171875 1.4635535072477254e-06
2.042199951171875 3.848959437815421e-06
2.043199951171875 1.0703387215381492e-06
2.044199951171875 3.326316291636409e-07
2.045199951171875 4.607440711020494e-06
2.046199951171875 5.662004648997272e-06
2.047199951171875 4.790575047413678e-11
2.048199951171875 9.305807084854474e-07
2.049199951171875 3.146746839396478e-06
2.050199951171875 8.814103513584628e-07
2.051199951171875 2.4244808095400673e-06
2.052199951171875 1.2445570177735579e-06
2.053199951171875 1.332429055292223e-06
2.054199951171875 4.791068534552786e-06
2.055199951171875 1.2727310276087546e-06
2.056199951171875 2.1982724058603326e-06
2.057199951171875 2.137197373622812e-06
2.058199951171875 4.582085374413533e-06
2.059199951171875 5.386056590138218e-06
2.060199951171875 4.771131085014137e-06
2.061199951171875 4.811730546131837e-11
2.062199951171875 4.247333167484327e-06
2.063199951171875 1.6871718737123514e-06
2.064199951171875 4.81820160487823e-11
2.065199951171875 5.963538831654729e-06
2.066199951171875 4.8228572876901574e-11
2.067199951171875 2.0977742939900395e-06
2.068199951171875 4.830660043841031e-11
2.069199951171875 4.8325356971603385e-11
2.070199951171875 8.806686878087339e-07
2.071199951171875 3.6165004655570185e-06
2.072199951171875 2.233990374970023e-06
2.073199951171875 2.8732428087123235e-06
2.074199951171875 3.7178748401256923e-06
2.075199951171875 2.3625777142379158e-06
2.076199951171875 5.86979018355428e-07
2.077199951171875 4.64615874710016e-06
2.078199951171875 1.2700068308552487e-06
2.079199951171875 2.3428215513172784e-06
2.080199951171875 2.461512782739034e-06
2.081199951171875 5.678501632542773e-06
2.082199951171875 3.156301799014032e-06
2.083199951171875 4.8613822801815155e-11
2.084199951171875 4.862281795559271e-11
2.085199951171875 3.7700642800272873e-06
2.086199951171875 1.5513276962164099e-06
2.087199951171875 3.4175693823009625e-06
2.088199951171875 9.941581118387982e-07
2.089199951171875 3.3813979936025404e-06
2.090199951171875 8.064844242483178e-06
2.091199951171875 1.261459906189703e-06
2.092199951171875 4.342936348178978e-06
2.093199951171875 7.238414448153183e-07
2.094199951171875 1.5053327942515052e-06
2.095199951171875 2.4996216939021528e-06
2.096199951171875 2.7380358322267137e-06
2.097199951171875 5.436031292620028e-06
2.098199951171875 5.365353045610481e-07
2.099199951171875 2.315252172622777e-06
2.100199951171875 2.536007242987148e-06
2.101199951171875 2.78008529313737e-06
2.102199951171875 2.6135603435802867e-07
2.103199951171875 2.0057982934979567e-06
2.104199951171875 2.767748174403819e-07
2.105199951171875 5.715519524951885e-06
2.106199951171875 2.974568919780049e-07
2.107199951171875 3.229988901489778e-06
2.108199951171875 6.328266944754093e-06
2.109199951171875 2.7994536483189195e-07
2.110199951171875 1.1178928512552705e-06
2.111199951171875 4.886631457430293e-11
2.112199951171875 4.886706510184809e-11
2.113199951171875 2.064158393084916e-06
2.114199951171875 2.588741890770615e-06
2.115199951171875 3.1105166481650786e-06
2.116199951171875 5.628759202862741e-06
2.117199951171875 1.1542693432587732e-06
2.118199951171875 1.7300019689082682e-07
2.119199951171875 5.422960135928228e-06
2.120199951171875 5.867744216229576e-07
2.121199951171875 5.810641774699171e-06
2.122199951171875 4.654806785316163e-06
2.123199951171875 4.8935335778567605e-11
2.124199951171875 6.565959419552244e-06
2.125199951171875 2.65110538747086e-06
2.126199951171875 8.492961237915948e-07
2.127199951171875 2.4532432061859033e-06
2.128199951171875 7.739187942218754e-06
2.129199951171875 3.661130498605017e-06
2.130199951171875 1.1946525485878697e-06
2.131199951171875 4.9896090590305825e-06
2.132199951171875 4.208202469092982e-07
2.133199951171875 1.633016013266299e-06
2.134199951171875 6.858983617092292e-06
2.135199951171875 3.590070697971375e-06
2.136199951171875 3.0920647515820532e-06
2.137199951171875 4.040776136693823e-06
2.138199951171875 4.54261800470889e-06
2.139199951171875 3.163596289521544e-06
2.140199951171875 3.0204886697721815e-06
2.141199951171875 4.042090350479285e-06
2.142199951171875 2.838971142564364e-06
2.143199951171875 3.1959149140535035e-06
2.144199951171875 4.7835755331024405e-06
2.145199951171875 1.3017131341509673e-06
2.146199951171875 1.5106127990810133e-06
2.147199951171875 5.025998519754262e-06
2.148199951171875 3.190539524321232e-06
2.149199951171875 1.5409860337042247e-06
2.150199951171875 3.875216683265141e-06
2.151199951171875 2.7020272503618335e-06
2.152199951171875 4.239435425387616e-06
2.153199951171875 2.747357861620081e-06
2.154199951171875 2.5136548654706444e-06
2.155199951171875 1.8632514029229344e-06
2.156199951171875 4.417200319162145e-06
2.157199951171875 2.264824705681998e-06
2.158199951171875 2.432809758043814e-06
2.159199951171875 5.9650914678071855e-06
2.160199951171875 6.7894768541734885e-06
2.161199951171875 4.832031860225391e-11
2.162199951171875 3.7998599314244235e-06
2.163199951171875 4.823990113156503e-11
2.164199951171875 2.999738666012491e-06
2.165199951171875 4.8190282312475e-11
2.166199951171875 3.7516407385996896e-06
2.167199951171875 1.4107896837397252e-06
2.168199951171875 3.7427416704914645e-06
2.169199951171875 5.96669365196968e-06
2.170199951171875 2.2050986410538403e-06
2.171199951171875 5.251236117943316e-06
2.172199951171875 7.366189318306407e-06
2.173199951171875 2.4277143252102177e-06
2.174199951171875 1.705480276817956e-06
2.175199951171875 5.064227907435927e-06
2.176199951171875 6.22789995779986e-06
2.177199951171875 3.365010144445256e-06
2.178199951171875 2.9969074691203472e-06
2.179199951171875 5.108056369096072e-06
2.180199951171875 4.53293021036481e-06
2.181199951171875 5.876664388426455e-06
2.182199951171875 4.199963125450441e-06
2.183199951171875 2.5292532108679097e-06
2.184199951171875 2.8594332927697185e-06
2.185199951171875 4.336379063886529e-06
2.186199951171875 3.0390531356839103e-06
2.187199951171875 9.584101127832612e-07
2.188199951171875 1.5026922786758048e-06
2.189199951171875 2.3972111297450105e-06
2.190199951171875 7.300428016404009e-06
2.191199951171875 2.4347273038067025e-06
2.192199951171875 7.359928204394419e-06
2.193199951171875 3.2683684300344187e-06
2.194199951171875 1.9003883713543544e-08
2.195199951171875 4.93570907177317e-07
2.196199951171875 3.657951293753791e-06
2.197199951171875 2.6682916854387992e-06
2.198199951171875 2.2290348771939396e-06
2.199199951171875 5.132317134803759e-06
2.200199951171875 7.970113749969989e-07
2.201199951171875 6.6551681226730545e-06
2.202199951171875 4.457957256786067e-11
2.203199951171875 3.0324851600919286e-06
2.204199951171875 1.7321208554267471e-06
2.205199951171875 2.3253529983126477e-06
2.206199951171875 4.4037723032553087e-11
2.207199951171875 3.2805972551737043e-06
2.208199951171875 2.729353800053234e-06
2.209199951171875 5.772342062493731e-06
2.210199951171875 1.0731219739733147e-06
2.211199951171875 3.4850824845435125e-06
2.212199951171875 8.21626110821161e-06
2.213199951171875 2.2178477693299144e-06
2.214199951171875 5.900583242648273e-06
2.215199951171875 6.591138584798391e-07
2.216199951171875 7.316123093601932e-06
2.217199951171875 1.2072564360069946e-06
2.218199951171875 9.515885049603373e-06
2.219199951171875 1.6114734262634013e-06
2.220199951171875 2.0289456680761506e-06
2.221199951171875 4.4279659249151594e-11
2.222199951171875 3.594161887026485e-06
2.223199951171875 2.385746568409815e-06
2.224199951171875 4.459369161455691e-11
2.225199951171875 4.2298722509458375e-06
2.226199951171875 5.457893840921872e-06
2.227199951171875 1.476707789540034e-06
2.228199951171875 4.481267984051026e-11
2.229199951171875 2.6854669690047644e-06
2.230199951171875 6.3799786457285934e-06
2.231199951171875 2.9453713463046344e-06
2.232199951171875 1.7037936145520508e-06
2.233199951171875 1.346350342963671e-05
2.234199951171875 4.50012026542204e-11
2.235199951171875 2.43172481059351e-06
2.236199951171875 7.14297106567483e-07
2.237199951171875 1.4561183735523849e-06
2.238199951171875 4.509221842570855e-11
2.239199951171875 7.957065550248997e-06
2.240199951171875 2.624473472005906e-06
2.241199951171875 9.803041575441861e-06
2.242199951171875 5.178147940487202e-06
2.243199951171875 4.514428927285592e-11
2.244199951171875 3.759017630110982e-06
2.245199951171875 5.588936519896184e-06
2.246199951171875 4.522600380775331e-06
2.247199951171875 1.395995770868541e-06
2.248199951171875 2.2877408754531566e-06
2.249199951171875 3.5315836736302134e-06
2.250199951171875 1.8250177740897364e-06
2.251199951171875 2.2125110568602935e-06
2.252199951171875 1.828272604670031e-06
2.253199951171875 1.628488343882723e-06
2.254199951171875 4.504257712812917e-11
2.255199951171875 9.284707301964784e-06
2.256199951171875 8.09237677260891e-06
2.257199951171875 1.1166130463872412e-06
2.258199951171875 3.1962409188397967e-06
2.259199951171875 1.4345335927225953e-05
2.260199951171875 1.7424968478464885e-06
2.261199951171875 1.2753961292084233e-05
2.262199951171875 9.196774346828307e-07
2.263199951171875 1.1325190004915231e-06
2.264199951171875 6.264114137096067e-06
2.265199951171875 4.90314974604127e-06
2.266199951171875 1.2360694657042736e-05
2.267199951171875 1.4059509206579199e-05
2.268199951171875 4.447424314227693e-11
2.269199951171875 5.195979461557808e-06
2.270199951171875 1.2859490702611084e-05
2.271199951171875 2.6055543141114222e-08
2.272199951171875 4.519556343427679e-11
2.273199951171875 4.306386615488559e-06
2.274199951171875 5.8147870804531986e-06
2.275199951171875 1.2172708121956756e-06
2.276199951171875 3.156816450183421e-06
2.277199951171875 4.080301820678723e-06
2.278199951171875 2.4218199790317786e-06
2.279199951171875 2.9374601366929713e-06
2.280199951171875 4.342188478556027e-06
2.281199951171875 1.997803436411688e-06
2.282199951171875 3.729272769565548e-06
2.283199951171875 5.47358175789893e-06
2.284199951171875 6.395164751418737e-06
2.285199951171875 4.620493547720743e-11
2.286199951171875 3.8600474920418055e-06
2.287199951171875 3.386827495171129e-07
2.288199951171875 1.850801672175691e-06
2.289199951171875 4.77003565785656e-06
2.290199951171875 3.0563520476999777e-06
2.291199951171875 2.332835676520298e-06
2.292199951171875 3.0265300060723433e-06
2.293199951171875 4.742156416563916e-06
2.294199951171875 3.305177133854678e-06
2.295199951171875 2.7353752640284164e-06
2.296199951171875 2.5512093683208594e-06
2.297199951171875 9.317146998148344e-07
2.298199951171875 2.8567958585003647e-06
2.299199951171875 2.2023689739476082e-06
2.300199951171875 4.630481975338439e-06
2.301199951171875 3.0925138928438396e-07
2.302199951171875 3.979837088315047e-06
2.303199951171875 4.580056080650823e-11
2.304199951171875 2.722783605040886e-06
2.305199951171875 7.661739319964893e-07
2.306199951171875 3.1164537517993105e-06
2.307199951171875 9.141988721174913e-07
2.308199951171875 2.1436916182648704e-06
2.309199951171875 6.8609852348189e-07
2.310199951171875 2.896243960494514e-06
2.311199951171875 4.409814450155698e-11
2.312199951171875 2.808539773663092e-06
2.313199951171875 1.034235882996721e-06
2.314199951171875 1.4066115407616907e-06
2.315199951171875 2.2433768025638007e-06
2.316199951171875 1.8725047312531601e-06
2.317199951171875 3.761082296774532e-06
2.318199951171875 1.8805733540070047e-06
2.319199951171875 3.732554607272277e-07
2.320199951171875 1.5699129389545158e-06
2.321199951171875 3.5452156209463987e-06
2.322199951171875 6.656975611251238e-07
2.323199951171875 2.4430507054644355e-06
2.324199951171875 1.1363599418681663e-06
2.325199951171875 9.462102187638549e-07
2.326199951171875 1.7757963070517658e-06
2.327199951171875 2.4710568662214076e-06
2.328199951171875 7.777554206728297e-07
2.329199951171875 3.0181837136924175e-06
2.330199951171875 1.5622284888868315e-06
2.331199951171875 8.064921797368214e-07
2.332199951171875 1.6054406577833216e-06
2.333199951171875 1.3525043506160778e-06
2.334199951171875 1.0515296258338847e-06
2.335199951171875 7.444294416631026e-07
2.336199951171875 2.2785074632261133e-06
2.337199951171875 8.085407051144547e-07
2.338199951171875 1.6134559220425607e-06
2.339199951171875 1.2879817518866006e-06
2.340199951171875 1.2994501639118589e-06
2.341199951171875 1.2550242721011226e-06
2.342199951171875 1.6453506459096276e-06
2.343199951171875 3.807161405537802e-07
2.344199951171875 1.8344156078657496e-06
2.345199951171875 1.527368936219398e-06
2.346199951171875 2.2996958271177507e-06
2.347199951171875 1.4683059937032807e-06
2.348199951171875 2.5950876483535743e-07
2.349199951171875 1.9271900274682693e-06
2.350199951171875 5.272418512127035e-07
2.351199951171875 2.351567936092859e-06
2.352199951171875 1.78054476332903e-06
2.353199951171875 1.0218999310214043e-06
2.354199951171875 1.7604744218082083e-06
2.355199951171875 1.3689083258122802e-06
2.356199951171875 1.1213246601764053e-06
2.357199951171875 8.933516240043142e-07
2.358199951171875 1.4425732170274389e-06
2.359199951171875 1.6360951310199384e-06
2.360199951171875 1.143411335585933e-06
2.361199951171875 1.62912308053721e-06
2.362199951171875 8.543440090675184e-07
2.363199951171875 1.6198419260994272e-06
2.364199951171875 3.3547749821454155e-07
2.365199951171875 7.351032822982701e-07
2.366199951171875 5.611030953488848e-07
2.367199951171875 9.033442772508162e-08
2.368199951171875 5.351667499519859e-07
2.369199951171875 3.9731227714819493e-07
2.370199951171875 2.4374798419574147e-07
2.371199951171875 8.500626082136248e-08
2.372199951171875 2.4114325502079164e-07
2.373199951171875 3.752030464971766e-07
2.374199951171875 2.5845920114102735e-07
2.375199951171875 1.904153377413313e-07
2.376199951171875 3.0619473799879637e-07
2.377199951171875 1.5461636018294958e-07
2.378199951171875 1.6876095002756813e-07
2.379199951171875 1.5072913388774535e-07
2.380199951171875 2.4176206252706755e-07
2.381199951171875 1.0171315790297115e-07
2.382199951171875 2.0989100831545626e-07
2.383199951171875 8.323875265865529e-08
2.384199951171875 1.549119898068136e-07
2.385199951171875 1.0748671558232043e-07
2.386199951171875 1.3814776856880516e-07
2.387199951171875 1.6850354646546432e-08
2.388199951171875 1.3761569173086386e-07
2.389199951171875 1.534917236293806e-08
2.390199951171875 9.703006764703285e-08
2.391199951171875 8.305775466841709e-09
2.392199951171875 4.5366027632878755e-08
2.393199951171875 8.031769610291454e-08
2.394199951171875 2.2372571427967814e-08
2.395199951171875 4.853383454177533e-08
2.396199951171875 7.54006444330933e-09
2.397199951171875 2.6329401502417625e-08
2.398199951171875 1.8511208456987817e-08
2.399199951171875 1.5107886166798087e-08
2.400199951171875 1.403675345927257e-08
2.401199951171875 1.7509685246308123e-08
2.402199951171875 3.7321952309361936e-08
2.403199951171875 1.8636174846077376e-08
2.404199951171875 4.108032732391834e-09
2.405199951171875 2.266023087159793e-08
2.406199951171875 1.0539554860862241e-13
2.407199951171875 2.3456461261015757e-08
2.408199951171875 1.2642426235049868e-08
2.409199951171875 7.356864035468313e-09
2.410199951171875 2.387552174312276e-09
2.411199951171875 4.783905797216691e-09
2.412199951171875 5.669202109389429e-09
2.413199951171875 2.873847592831398e-09
2.414199951171875 1.958098212937587e-09
2.415199951171875 2.199842577097194e-09
2.416199951171875 3.770769530488922e-09
2.417199951171875 4.4047708696565875e-09
2.418199951171875 2.0086362791478375e-09
2.419199951171875 5.804692034431097e-10
2.420199951171875 2.1328866768861276e-09
2.421199951171875 1.174717782840244e-09
2.422199951171875 1.4084052287450186e-10
2.423199951171875 1.5233592001211054e-09
2.424199951171875 3.090816610113041e-10
2.425199951171875 5.888444790637638e-10
2.426199951171875 1.0737760435045303e-09
2.427199951171875 9.450815248817666e-10
2.428199951171875 5.779913630903568e-10
2.429199951171875 1.1077702216794905e-09
2.430199951171875 1.483702259285096e-10
2.431199951171875 9.339419270672987e-10
2.432199951171875 3.559647577350057e-15
2.433199951171875 4.0525301725898513e-10
2.434199951171875 1.0500985333300947e-10
2.435199951171875 9.201413102922685e-11
2.436199951171875 3.4822876573599695e-10
2.437199951171875 7.741543159561578e-11
2.438199951171875 3.4207065690866484e-10
2.439199951171875 1.351051931597956e-10
2.440199951171875 1.9993141143638776e-10
2.441199951171875 7.376737260477327e-11
2.442199951171875 1.5780506143375884e-10
2.443199951171875 7.505775309559513e-11
2.444199951171875 7.490474172455897e-12
2.445199951171875 5.348207802548193e-11
2.446199951171875 5.104470333967921e-11
2.447199951171875 3.5685990342106414e-16
2.448199951171875 2.2626839999131297e-11
2.449199951171875 2.662827493000671e-11
2.450199951171875 4.477715201092178e-11
2.451199951171875 3.3176671632250783e-11
2.452199951171875 3.399436395061956e-12
2.453199951171875 6.92351304543929e-11
2.454199951171875 1.8873463458835558e-11
2.455199951171875 1.1045456183677688e-11
2.456199951171875 6.968088978422634e-12
2.457199951171875 1.9276786294128064e-11
2.458199951171875 8.453880922331139e-13
2.459199951171875 2.173513220342416e-11
2.460199951171875 1.4541337406333467e-11
2.461199951171875 1.1560409017631613e-11
2.462199951171875 2.6413542602233787e-11
2.463199951171875 2.3932147674735256e-12
2.464199951171875 1.4174150264616656e-11
2.465199951171875 1.07789756108078e-16
2.466199951171875 5.827839299536349e-12
2.467199951171875 6.406245598721298e-12
2.468199951171875 1.026377837465694e-12
2.469199951171875 6.887111305186986e-12
2.470199951171875 1.4597507737788046e-11
2.471199951171875 8.60598539127915e-12
2.472199951171875 6.492190288895236e-12
2.473199951171875 7.709073381411621e-12
2.474199951171875 1.8405036711077717e-12
2.475199951171875 4.449840230758734e-12
2.476199951171875 3.6711990361719266e-12
2.477199951171875 5.926858181870629e-13
2.478199951171875 7.389153728090945e-12
2.479199951171875 4.497644371022144e-12
2.480199951171875 2.9020615423415325e-12
2.481199951171875 7.069744194059865e-14
2.482199951171875 6.633535978573587e-12
2.483199951171875 2.7829261156879645e-12
2.484199951171875 1.262978158891792e-12
2.485199951171875 4.155819026815686e-12
2.486199951171875 2.7976479676369087e-12
2.487199951171875 2.3672338691537407e-12
2.488199951171875 3.847064459575503e-12
2.489199951171875 1.0987761126498653e-17
2.490199951171875 1.2579574511223205e-12
2.491199951171875 9.380474181053468e-13
2.492199951171875 1.146306116646529e-12
2.493199951171875 2.322805075110438e-12
2.494199951171875 1.4671096712623625e-13
2.495199951171875 1.2914358552696706e-12
2.496199951171875 3.8530638947920817e-13
2.497199951171875 6.42866073582751e-13
2.498199951171875 3.06598896853179e-13
2.499199951171875 9.830973331118644e-13
2.500199951171875 8.38845336065279e-13
2.501199951171875 4.587080537932443e-13
2.502199951171875 3.6583364655228667e-13
2.503199951171875 7.034497750300797e-13
2.504199951171875 7.074991165909568e-14
2.505199951171875 7.424427116499866e-13
2.506199951171875 1.889809231413054e-13
2.507199951171875 2.9099424059090453e-13
2.508199951171875 5.108973062088399e-13
2.509199951171875 9.098171806584589e-14
2.510199951171875 1.9735578065215599e-13
2.511199951171875 2.5374350418462527e-13
2.512199951171875 2.5738876348273805e-13
2.513199951171875 3.1772769376342925e-13
2.514199951171875 1.3110966532179507e-15
2.515199951171875 2.9942207747907386e-13
2.516199951171875 1.8052808955250707e-13
2.517199951171875 2.1103756895560617e-13
2.518199951171875 1.7539617104108138e-13
2.519199951171875 1.486237239393122e-13
2.520199951171875 1.1733908119188484e-13
2.521199951171875 1.9254752232288514e-13
2.522199951171875 9.042791441143806e-14
2.523199951171875 7.831572550227793e-14
2.524199951171875 1.496602431350878e-13
2.525199951171875 1.275284997081053e-13
2.526199951171875 8.474579661488368e-14
2.527199951171875 7.030677206325078e-14
2.528199951171875 7.074364885500809e-14
2.529199951171875 2.7701587836511436e-14
2.530199951171875 5.566394573603856e-14
2.531199951171875 8.734762137502338e-14
2.532199951171875 3.6105701236715544e-14
2.533199951171875 2.290223917424517e-14
2.534199951171875 6.088290713161316e-14
2.535199951171875 4.491406150269942e-14
2.536199951171875 3.94912172701871e-14
2.537199951171875 2.0247850252714864e-14
2.538199951171875 2.140044858028693e-14
2.539199951171875 3.801388148329668e-14
2.540199951171875 2.2932993374569798e-14
2.541199951171875 3.467585804626624e-14
2.542199951171875 3.0400387870400195e-14
2.543199951171875 1.769295225761883e-14
2.544199951171875 3.172220106137411e-14
2.545199951171875 1.7834709011727704e-14
2.546199951171875 2.3659361328104664e-14
2.547199951171875 2.1223042587630293e-14
2.548199951171875 2.0586793641955198e-14
2.549199951171875 1.8679957256521118e-14
2.550199951171875 1.2352910601152842e-14
2.551199951171875 1.6549996827161068e-14
2.552199951171875 8.40175551718059e-15
2.553199951171875 7.34584479993137e-15
2.554199951171875 6.637298961385993e-15
2.555199951171875 1.0847355174876305e-14
2.556199951171875 7.575860904852813e-15
2.557199951171875 1.3290198321752895e-14
2.558199951171875 4.917814892225746e-15
2.559199951171875 6.2002257154498836e-15
2.560199951171875 6.0967109129236544e-15
2.561199951171875 4.251833225994376e-15
2.562199951171875 6.7013495001117406e-15
2.563199951171875 4.255581542284226e-15
2.564199951171875 6.453758659606236e-15
2.565199951171875 3.789994098478257e-15
2.566199951171875 3.956233058143724e-15
2.567199951171875 2.6506533410408704e-15
2.568199951171875 4.673079625602084e-15
2.569199951171875 3.5406696890259955e-15
2.570199951171875 2.6959024931326146e-15
2.571199951171875 2.9683005875711537e-15
2.572199951171875 1.9112148357612335e-15
2.573199951171875 3.1894214022709608e-15
2.574199951171875 1.972826638378904e-15
2.575199951171875 1.6496771285757895e-15
2.576199951171875 2.09245279422879e-15
2.577199951171875 1.3593810888024127e-15
2.578199951171875 1.2055438231231159e-15
2.579199951171875 1.4893371140868854e-15
2.580199951171875 1.1244873118433837e-15
2.581199951171875 1.5752223301855556e-15
2.582199951171875 1.1770834247787318e-15
2.583199951171875 1.0670532231457973e-15
2.584199951171875 5.212428456059682e-16
2.585199951171875 1.021775039007417e-15
2.586199951171875 5.452607720440587e-16
2.587199951171875 5.971416335070735e-16
2.588199951171875 4.1974923928770397e-16
2.589199951171875 4.3350889119179456e-16
2.590199951171875 3.9572866721894377e-16
2.591199951171875 4.150819719912867e-16
2.592199951171875 3.515532451782352e-16
2.593199951171875 2.9464899154471257e-16
2.594199951171875 2.0115196506092503e-16
2.595199951171875 2.1814920292881996e-16
2.596199951171875 1.8899324866615961e-16
