Wavelength_microns Throughput
1.7481999511718753 0.0
1.7491999511718752 0.0
1.750199951171875 1.9505654326388598e-07
1.751199951171875 7.690002470609276e-07
1.752199951171875 3.0955305877679024e-07
1.753199951171875 7.837555900793671e-07
1.754199951171875 1.1062502376675421e-06
1.755199951171875 1.5115497183356082e-06
1.756199951171875 6.99612166988766e-07
1.757199951171875 4.3207073301727374e-07
1.758199951171875 1.8345605433540292e-06
1.759199951171875 8.568312611372003e-07
1.760199951171875 8.444193406292147e-07
1.761199951171875 1.2820810284919254e-06
1.762199951171875 5.142765209660207e-07
1.763199951171875 8.61510450403262e-07
1.764199951171875 8.524093514795048e-07
1.765199951171875 6.039518771161987e-07
1.766199951171875 1.5249822812324699e-06
1.767199951171875 1.304597895595777e-06
1.768199951171875 5.586293200974452e-07
1.769199951171875 1.8949145394716877e-07
1.770199951171875 1.314613371628939e-06
1.771199951171875 1.1162791500394374e-06
1.772199951171875 4.250177033833024e-07
1.773199951171875 7.984414184410168e-07
1.774199951171875 1.1335545782452565e-06
1.775199951171875 1.626061712500805e-06
1.776199951171875 6.019832435441141e-07
1.777199951171875 9.829910307930164e-07
1.778199951171875 4.178386519501053e-07
1.779199951171875 1.2634737592482565e-06
1.780199951171875 6.857906724080047e-07
1.781199951171875 1.2204197993852483e-06
1.782199951171875 1.1943610438011756e-06
1.783199951171875 2.2354950056601415e-06
1.784199951171875 9.427469230713894e-07
1.785199951171875 1.6228499980068222e-07
1.786199951171875 1.548469636475818e-06
1.787199951171875 1.362718983458727e-06
1.788199951171875 1.0933493749502021e-06
1.789199951171875 8.569046510405567e-07
1.790199951171875 7.389990408876649e-07
1.791199951171875 1.5623140318050079e-06
1.792199951171875 1.417231178754269e-06
1.793199951171875 2.5086981051327652e-06
1.794199951171875 2.6741550863547303e-06
1.795199951171875 2.473774805970061e-07
1.796199951171875 1.1425784205456708e-06
1.797199951171875 1.3996712407862583e-06
1.798199951171875 1.2270865715144854e-06
1.799199951171875 1.4911351215032318e-06
1.800199951171875 2.0597053282845444e-06
1.801199951171875 7.121326786185874e-07
1.802199951171875 8.995773965697533e-07
1.803199951171875 1.5807539100726753e-06
1.804199951171875 1.9689850479631567e-06
1.805199951171875 8.9419273674526e-07
1.806199951171875 2.8031137377414906e-06
1.807199951171875 1.057142441797228e-06
1.808199951171875 2.181640029130065e-06
1.809199951171875 2.4718144577851614e-06
1.810199951171875 2.2922209475386665e-06
1.811199951171875 8.028118063949243e-07
1.812199951171875 2.806917760732703e-06
1.813199951171875 2.511219399855141e-06
1.814199951171875 1.8502908717137787e-06
1.815199951171875 2.0102938593900306e-06
1.816199951171875 2.559835719569601e-06
1.817199951171875 2.126711814717343e-06
1.818199951171875 4.113181523916993e-06
1.819199951171875 4.849587140682752e-06
1.820199951171875 5.989510165964469e-06
1.821199951171875 7.095822629409972e-06
1.822199951171875 8.684718090861052e-06
1.823199951171875 1.2259921845130347e-05
1.824199951171875 1.3681958960275957e-05
1.825199951171875 1.9179601185786632e-05
1.826199951171875 2.065901948058685e-05
1.827199951171875 2.6709108680660596e-05
1.828199951171875 3.365062042989684e-05
1.829199951171875 3.995563622761658e-05
1.830199951171875 4.985026294487739e-05
1.831199951171875 5.9395599807329804e-05
1.832199951171875 7.527027111610736e-05
1.833199951171875 8.958301257789208e-05
1.834199951171875 0.00011184916620626649
1.835199951171875 0.0001421658548949658
1.836199951171875 0.00018555863207618946
1.837199951171875 0.0002362356711602755
1.838199951171875 0.0003196186552399275
1.839199951171875 0.0004484492040972695
1.840199951171875 0.0006578275461476137
1.841199951171875 0.0010018355753851932
1.842199951171875 0.001579168670916146
1.843199951171875 0.0025677015846208525
1.844199951171875 0.004102431144947026
1.845199951171875 0.0064158232831707795
1.846199951171875 0.009658409827035969
1.847199951171875 0.013858944378965416
1.848199951171875 0.018132436419606907
1.849199951171875 0.02258110581409246
1.850199951171875 0.02662977950863938
1.851199951171875 0.031033891006540693
1.852199951171875 0.03557073713931706
1.853199951171875 0.040488576961612496
1.854199951171875 0.04425513852480241
1.855199951171875 0.051840786342639604
1.856199951171875 0.05986944927641665
1.857199951171875 0.07082651014563113
1.858199951171875 0.08341438114221901
1.859199951171875 0.10103287060519661
1.860199951171875 0.12291419472858606
1.861199951171875 0.15368888803155478
1.862199951171875 0.19292274435113232
1.863199951171875 0.24149902761477893
1.864199951171875 0.30442887853001693
1.865199951171875 0.3646498968380168
1.866199951171875 0.4212882414314014
1.867199951171875 0.46415621895471887
1.868199951171875 0.4908728134253581
1.869199951171875 0.5038621068504534
1.870199951171875 0.5120365695267108
1.871199951171875 0.5146072968908305
1.872199951171875 0.5147730232656187
1.873199951171875 0.5156650701481938
1.874199951171875 0.5133930133638671
1.875199951171875 0.5131407329067017
1.876199951171875 0.5102833743396687
1.877199951171875 0.5056717403413372
1.878199951171875 0.4973485707234881
1.879199951171875 0.4843093090702275
1.880199951171875 0.4632282570390148
1.881199951171875 0.4300175587769006
1.882199951171875 0.38546566312857616
1.883199951171875 0.3321571532323078
1.884199951171875 0.27683765250885645
1.885199951171875 0.22671541724545244
1.886199951171875 0.18461523556311404
1.887199951171875 0.15056789395601572
1.888199951171875 0.12493371355424346
1.889199951171875 0.10402698664668386
1.890199951171875 0.08829258752525876
1.891199951171875 0.07561915644797108
1.892199951171875 0.06607798526471373
1.893199951171875 0.05729217443604595
1.894199951171875 0.050223914289918875
1.895199951171875 0.04321567052494024
1.896199951171875 0.03669223277887075
1.897199951171875 0.03076522388539396
1.898199951171875 0.02530547882815098
1.899199951171875 0.020085040309300944
1.900199951171875 0.014852138935932397
1.901199951171875 0.010605799792708101
1.902199951171875 0.007272473567128979
1.903199951171875 0.004860642757253703
1.904199951171875 0.0031392108026580975
1.905199951171875 0.0020245460188592986
1.906199951171875 0.0013224483642095646
1.907199951171875 0.0008808609018957528
1.908199951171875 0.000600951230979496
1.909199951171875 0.00042766434427713904
1.910199951171875 0.0003064322872283447
1.911199951171875 0.00022980870656082744
1.912199951171875 0.00017421317056927427
1.913199951171875 0.00013449598637288012
1.914199951171875 0.00010509393541299266
1.915199951171875 8.494421153954014e-05
1.916199951171875 6.881330620813986e-05
1.917199951171875 5.538727350879534e-05
1.918199951171875 4.4210896679676147e-05
1.919199951171875 3.3362890414422285e-05
1.920199951171875 3.0391374203264313e-05
1.921199951171875 2.4324956047249874e-05
1.922199951171875 1.8093303865149674e-05
1.923199951171875 1.577005770838621e-05
1.924199951171875 1.2322691679163872e-05
1.925199951171875 8.725995749457602e-06
1.926199951171875 7.077694436955054e-06
1.927199951171875 7.3199186788287855e-06
1.928199951171875 6.04569902590004e-06
1.929199951171875 5.610104523433454e-06
1.930199951171875 3.1661432334732226e-06
1.931199951171875 5.105547888951104e-06
1.932199951171875 4.439734622146489e-06
1.933199951171875 2.649700400064794e-06
1.934199951171875 1.59471184589342e-06
1.935199951171875 4.415338341026028e-06
1.936199951171875 3.287896615254068e-06
1.937199951171875 1.532491889012076e-06
1.938199951171875 3.386187405251323e-06
1.939199951171875 1.6558198884837719e-06
1.940199951171875 2.2425819905366737e-06
1.941199951171875 1.7142653036628315e-06
1.942199951171875 3.1514338188358535e-06
1.943199951171875 7.547817475587985e-07
1.944199951171875 1.967420498377289e-06
1.945199951171875 3.5321820679190395e-07
1.946199951171875 1.5147832034835453e-06
1.947199951171875 2.05816212194304e-06
1.948199951171875 3.5069050910326133e-07
1.949199951171875 1.7017863326220704e-06
1.950199951171875 3.4154468033656777e-06
1.951199951171875 9.147287849647184e-07
1.952199951171875 7.648927405217289e-07
1.953199951171875 2.503777858732681e-06
1.954199951171875 1.3923962232619294e-06
1.955199951171875 1.4722711169884507e-06
1.956199951171875 1.0173275078144871e-06
1.957199951171875 5.4844731627769454e-11
1.958199951171875 7.250480742985798e-07
1.959199951171875 1.98739730941322e-06
1.960199951171875 2.551767899394381e-06
1.961199951171875 5.650705145550533e-07
1.962199951171875 1.3285089326987942e-06
1.963199951171875 3.4137540926154665e-07
1.964199951171875 1.1648770887144998e-06
1.965199951171875 2.195558401028979e-06
1.966199951171875 1.1900187804776467e-06
1.967199951171875 1.2775263434253859e-06
1.968199951171875 1.1716967361314184e-06
1.969199951171875 2.5219763480725762e-06
1.970199951171875 1.5006757333600327e-06
1.971199951171875 4.6951573521648756e-07
1.972199951171875 1.2518038692858268e-06
1.973199951171875 5.5085675918567305e-11
1.974199951171875 2.670440190116437e-06
1.975199951171875 5.510697486052945e-11
1.976199951171875 2.8102535307431043e-06
1.977199951171875 2.0922224330539285e-06
1.978199951171875 5.807112630985037e-07
1.979199951171875 1.1878979590318925e-06
1.980199951171875 2.6801925996504596e-06
1.981199951171875 2.7469350612248766e-06
1.982199951171875 2.0238996570402915e-07
1.983199951171875 2.5960639086197558e-06
1.984199951171875 1.8166521409699312e-06
1.985199951171875 1.8585635342323311e-06
1.986199951171875 1.5501891534492795e-06
1.987199951171875 1.2374414020144962e-06
1.988199951171875 8.834111939605658e-07
1.989199951171875 1.2416645564050976e-06
1.990199951171875 1.1391471521239844e-06
1.991199951171875 3.0373871895576818e-06
1.992199951171875 2.3998969112184684e-06
1.993199951171875 1.3723507035308944e-06
1.994199951171875 9.987346967317845e-08
1.995199951171875 2.4114605406029775e-06
1.996199951171875 1.2624377351708776e-06
1.997199951171875 3.147902101556409e-07
1.998199951171875 2.676426868298794e-06
1.999199951171875 4.018699643378306e-07
2.000199951171875 5.603642901234382e-07
2.0011999511718748 0.0
2.0021999511718747 0.0
