Wavelength_microns Throughput
0.5504000244140625 4.662717230174171e-10
0.5514000244140626 3.7241199138596845e-10
0.5524000244140626 3.5950980823664234e-10
0.5534000244140626 1.1883673371329215e-09
0.5544000244140626 1.4428290735675488e-09
0.5554000244140626 1.675176050101081e-09
0.5564000244140626 8.484172602166474e-10
0.5574000244140624 6.734701263293873e-10
0.5584000244140624 3.6780579367456816e-10
0.5594000244140624 4.210830376064757e-10
0.5604000244140624 8.009492823010768e-10
0.5614000244140624 6.40206721506837e-10
0.5624000244140624 4.695328638843691e-10
0.5634000244140625 6.791333289120002e-11
0.5644000244140625 4.379134276346382e-11
0.5654000244140625 8.118896142146894e-11
0.5664000244140625 8.044537859930089e-10
0.5674000244140625 9.738146290449175e-10
0.5684000244140625 1.9041922858883138e-09
0.5694000244140625 1.275984861324823e-09
0.5704000244140625 1.2577371681523478e-09
0.5714000244140625 6.548421344878182e-10
0.5724000244140625 1.981413757839747e-09
0.5734000244140625 3.6049234163692945e-09
0.5744000244140625 3.1672405696546974e-09
0.5754000244140625 2.90462586435138e-09
0.5764000244140625 1.2990555317674209e-09
0.5774000244140625 3.578132966300693e-09
0.5784000244140625 2.835570551159058e-09
0.5794000244140625 3.654916183882312e-09
0.5804000244140625 1.8795777749454466e-09
0.5814000244140625 2.0126544578097044e-09
0.5824000244140625 1.1117266873414272e-09
0.5834000244140625 2.924770998645694e-09
0.5844000244140625 8.14032823647157e-09
0.5854000244140625 9.413111397531131e-09
0.5864000244140625 8.554780487056092e-09
0.5874000244140625 1.4130767953385222e-09
0.5884000244140625 3.4598086981753403e-09
0.5894000244140625 4.8261176659082275e-09
0.5904000244140625 9.921183802493763e-09
0.5914000244140625 1.009239110752721e-08
0.5924000244140625 1.2772567741939075e-08
0.5934000244140625 1.1785324550808453e-08
0.5944000244140625 1.1345534522001504e-08
0.5954000244140625 9.424659397613394e-09
0.5964000244140625 5.237239402615937e-09
0.5974000244140625 5.396335561848918e-09
0.5984000244140625 1.1615862487114317e-08
0.5994000244140625 1.7575177306734017e-08
0.6004000244140625 2.5451909306071745e-08
0.6014000244140625 1.6575287779715474e-08
0.6024000244140625 1.1269353321103273e-08
0.6034000244140625 6.726338953590276e-09
0.6044000244140625 8.723388479054261e-09
0.6054000244140625 1.4167659094704542e-08
0.6064000244140625 1.5370976646261996e-08
0.6074000244140625 1.7759442487572327e-08
0.6084000244140625 1.817010048574826e-08
0.6094000244140625 2.1478428495367492e-08
0.6104000244140625 2.103444523272601e-08
0.6114000244140625 2.4463599912151306e-08
0.6124000244140625 1.8348253217884738e-08
0.6134000244140625 1.9144934855953428e-08
0.6144000244140625 1.5508871966542227e-08
0.6154000244140625 1.4983580507343548e-08
0.6164000244140625 1.4563894956083466e-08
0.6174000244140625 1.8512849632822054e-08
0.6184000244140625 1.881241443432561e-08
0.6194000244140625 1.633822119097041e-08
0.6204000244140625 1.9163713717485475e-08
0.6214000244140625 2.4297156320264738e-08
0.6224000244140625 2.525951317278666e-08
0.6234000244140625 2.300770628940538e-08
0.6244000244140625 1.5909093656569126e-08
0.6254000244140625 1.4511455890647026e-08
0.6264000244140625 1.1910265750140885e-08
0.6274000244140625 1.6391318450865778e-08
0.6284000244140625 1.7897912251983846e-08
0.6294000244140625 1.2010522263673714e-08
0.6304000244140625 2.3936552816120368e-08
0.6314000244140625 3.835057494871498e-08
0.6324000244140625 5.048612849805704e-08
0.6334000244140625 5.009843400365791e-08
0.6344000244140625 4.5426761708033114e-08
0.6354000244140625 4.5402382630468905e-08
0.6364000244140625 4.3728544581964e-08
0.6374000244140625 4.912175121771108e-08
0.6384000244140625 4.847853027255466e-08
0.6394000244140625 4.7917006372147856e-08
0.6404000244140625 4.425869836957622e-08
0.6414000244140625 4.451496278415072e-08
0.6424000244140625 4.659216891878506e-08
0.6434000244140625 4.4089946152285555e-08
0.6444000244140625 4.8903408935921824e-08
0.6454000244140625 5.691709105299199e-08
0.6464000244140625 5.862329405603844e-08
0.6474000244140625 7.004006701487153e-08
0.6484000244140625 7.948763431988218e-08
0.6494000244140625 8.582313424964749e-08
0.6504000244140625 7.193997613516093e-08
0.6514000244140625 6.680024226668423e-08
0.6524000244140625 7.491198907032732e-08
0.6534000244140625 9.451605168007873e-08
0.6544000244140625 8.009654367246207e-08
0.6554000244140625 6.894882605147694e-08
0.6564000244140625 5.993023641216245e-08
0.6574000244140625 7.49885207226112e-08
0.6584000244140625 8.53551901777184e-08
0.6594000244140625 8.347964032655317e-08
0.6604000244140625 7.257289637869217e-08
0.6614000244140625 7.49167815338311e-08
0.6624000244140625 7.248992075561461e-08
0.6634000244140625 7.047146553711623e-08
0.6644000244140625 5.874935190286572e-08
0.6654000244140625 4.558712391027578e-08
0.6664000244140625 5.121315059744249e-08
0.6674000244140625 5.051216202569301e-08
0.6684000244140625 5.67490305339068e-08
0.6694000244140625 4.8172331736061367e-08
0.6704000244140625 4.6981840218815946e-08
0.6714000244140625 5.602918806045766e-08
0.6724000244140625 6.428008559652082e-08
0.6734000244140625 5.8461438207278436e-08
0.6744000244140625 6.256455049856743e-08
0.6754000244140625 5.861982009710157e-08
0.6764000244140626 6.625523146894502e-08
0.6774000244140626 6.447422577807997e-08
0.6784000244140626 6.003465556340493e-08
0.6794000244140626 6.443264211430238e-08
0.6804000244140626 5.0859516959310306e-08
0.6814000244140626 5.992597533286282e-08
0.6824000244140624 5.986737757764531e-08
0.6834000244140624 5.753574072817938e-08
0.6844000244140624 6.724336091928924e-08
0.6854000244140624 7.103572330354708e-08
0.6864000244140624 7.644096912931372e-08
0.6874000244140624 8.022140805594282e-08
0.6884000244140625 8.612750576309906e-08
0.6894000244140625 9.782986309732494e-08
0.6904000244140625 7.822416060030212e-08
0.6914000244140625 7.076261087132798e-08
0.6924000244140625 6.128972858750456e-08
0.6934000244140625 5.971957779577097e-08
0.6944000244140625 3.490324830289951e-08
0.6954000244140625 2.9735711153718172e-08
0.6964000244140625 1.9871420657558044e-08
0.6974000244140625 4.11259130390288e-08
0.6984000244140625 4.4785400816004816e-08
0.6994000244140625 6.937341700121511e-08
0.7004000244140625 8.324903133481371e-08
0.7014000244140625 7.549109653951944e-08
0.7024000244140625 7.164669043565013e-08
0.7034000244140625 6.205791075361247e-08
0.7044000244140625 8.671305116411988e-08
0.7054000244140625 9.228706300443124e-08
0.7064000244140625 8.783850050108622e-08
0.7074000244140625 8.476065961767885e-08
0.7084000244140625 9.237738658849733e-08
0.7094000244140625 1.0618263198958926e-07
0.7104000244140625 9.931527717678287e-08
0.7114000244140625 7.148019212170223e-08
0.7124000244140625 6.173691328380549e-08
0.7134000244140625 6.409326824208523e-08
0.7144000244140625 7.542811798103731e-08
0.7154000244140625 7.086762389633281e-08
0.7164000244140625 6.175543345128722e-08
0.7174000244140625 6.792603099865416e-08
0.7184000244140625 6.585340109274157e-08
0.7194000244140625 7.274595018873739e-08
0.7204000244140625 5.4719394893700725e-08
0.7214000244140625 6.66461926135191e-08
0.7224000244140625 6.851241646608194e-08
0.7234000244140625 6.459543795553779e-08
0.7244000244140625 4.771225555501526e-08
0.7254000244140625 3.685083762310076e-08
0.7264000244140625 5.615293207855653e-08
0.7274000244140625 6.036564156149e-08
0.7284000244140625 6.702551534055894e-08
0.7294000244140625 6.921056099725085e-08
0.7304000244140625 8.082398913455445e-08
0.7314000244140625 8.830784503253782e-08
0.7324000244140625 9.809065644817434e-08
0.7334000244140625 1.0714107948698929e-07
0.7344000244140625 1.2643237067483512e-07
0.7354000244140625 1.245951005975234e-07
0.7364000244140625 1.390035787639136e-07
0.7374000244140625 1.188748726160556e-07
0.7384000244140625 1.1813180342732717e-07
0.7394000244140625 1.0504779556080106e-07
0.7404000244140625 1.1108410724691243e-07
0.7414000244140625 8.201400531364709e-08
0.7424000244140625 4.954553867927069e-08
0.7434000244140625 3.599454816217157e-08
0.7444000244140625 3.6217934773379786e-08
0.7454000244140625 7.012059949509929e-08
0.7464000244140625 6.091135867192687e-08
0.7474000244140625 9.542759011194784e-08
0.7484000244140625 7.805230063176666e-08
0.7494000244140625 7.934571160834376e-08
0.7504000244140625 5.9010892311211773e-08
0.7514000244140625 5.5086710632943625e-08
0.7524000244140625 5.8307105092527104e-08
0.7534000244140625 5.897838944183886e-08
0.7544000244140625 5.644413062013594e-08
0.7554000244140625 5.436530777684402e-08
0.7564000244140625 8.632220931672707e-08
0.7574000244140625 1.0338764307616994e-07
0.7584000244140625 1.1180704250360194e-07
0.7594000244140625 8.625781164773957e-08
0.7604000244140625 8.746551328386352e-08
0.7614000244140625 7.777437727281573e-08
0.7624000244140625 8.006491939969462e-08
0.7634000244140625 6.962802630929322e-08
0.7644000244140625 7.626946654154945e-08
0.7654000244140625 7.803916404868654e-08
0.7664000244140625 9.255952591106395e-08
0.7674000244140625 1.0740480067564302e-07
0.7684000244140625 1.0978493338368129e-07
0.7694000244140625 1.0907002356684414e-07
0.7704000244140625 9.851172143465737e-08
0.7714000244140625 1.2340477209526535e-07
0.7724000244140625 1.2430894103711108e-07
0.7734000244140625 1.4780244985534372e-07
0.7744000244140625 1.238354924183841e-07
0.7754000244140625 1.3525977779468842e-07
0.7764000244140625 1.2341921891488563e-07
0.7774000244140625 1.3130357890213067e-07
0.7784000244140625 1.1280793113945805e-07
0.7794000244140625 1.1197763983233497e-07
0.7804000244140625 9.356490683822912e-08
0.7814000244140625 9.313453215704269e-08
0.7824000244140625 7.893158231529366e-08
0.7834000244140625 8.265610234034335e-08
0.7844000244140625 7.851651844858666e-08
0.7854000244140625 7.373714637162393e-08
0.7864000244140625 7.075896399970606e-08
0.7874000244140625 8.40096953890469e-08
0.7884000244140625 1.1675900628851941e-07
0.7894000244140625 1.25085069903405e-07
0.7904000244140625 1.1141882729453888e-07
0.7914000244140625 9.472885922404464e-08
0.7924000244140625 8.734205333983688e-08
0.7934000244140625 7.191110724559553e-08
0.7944000244140625 7.272068640839705e-08
0.7954000244140625 7.818738545119025e-08
0.7964000244140625 1.2515580907387788e-07
0.7974000244140625 1.7113976369044599e-07
0.7984000244140625 2.2014332254375488e-07
0.7994000244140625 2.44267658099607e-07
0.8004000244140625 2.42092596791148e-07
0.8014000244140626 2.5374984615147774e-07
0.8024000244140626 2.422652316162457e-07
0.8034000244140626 2.6847186447352403e-07
0.8044000244140626 2.812462639820245e-07
0.8054000244140626 3.2280559547854987e-07
0.8064000244140626 3.267362603507408e-07
0.8074000244140624 3.158423964254248e-07
0.8084000244140624 3.0480204275892985e-07
0.8094000244140624 3.1999067221011684e-07
0.8104000244140624 3.1713612342079423e-07
0.8114000244140624 2.9590939532084087e-07
0.8124000244140624 2.7835329812228747e-07
0.8134000244140625 2.340299042926194e-07
0.8144000244140625 1.9844700818476516e-07
0.8154000244140625 1.3872643795502686e-07
0.8164000244140625 1.280686141479072e-07
0.8174000244140625 1.1417535722915574e-07
0.8184000244140625 9.649239781273585e-08
0.8194000244140625 8.916232794715923e-08
0.8204000244140625 7.283809341408955e-08
0.8214000244140625 7.636285059081556e-08
0.8224000244140625 5.5967371360688e-08
0.8234000244140625 6.842417511940439e-08
0.8244000244140625 6.019881001333783e-08
0.8254000244140625 6.777403122658814e-08
0.8264000244140625 6.292428547905332e-08
0.8274000244140625 6.795765739871688e-08
0.8284000244140625 8.66164215770822e-08
0.8294000244140625 8.440451777247346e-08
0.8304000244140625 8.360683138925478e-08
0.8314000244140625 5.8518040940507216e-08
0.8324000244140625 4.991853531480713e-08
0.8334000244140625 3.944519450344941e-08
0.8344000244140625 3.5558127578508154e-08
0.8354000244140625 3.809793126179563e-08
0.8364000244140625 4.29112031232426e-08
0.8374000244140625 5.895531587738529e-08
0.8384000244140625 6.345717774726741e-08
0.8394000244140625 6.658768520782849e-08
0.8404000244140625 5.0655133499259396e-08
0.8414000244140625 4.7736108339294955e-08
0.8424000244140625 4.6442644134610006e-08
0.8434000244140625 7.466470863513822e-08
0.8444000244140625 8.88956452258502e-08
0.8454000244140625 8.552750053539023e-08
0.8464000244140625 5.822911718463577e-08
0.8474000244140625 8.171607437637532e-08
0.8484000244140625 9.693728971107172e-08
0.8494000244140625 1.2008694241461163e-07
0.8504000244140625 9.32481366511876e-08
0.8514000244140625 1.0596693630762899e-07
0.8524000244140625 9.592268716591429e-08
0.8534000244140625 7.529016059338644e-08
0.8544000244140625 5.96247884768361e-08
0.8554000244140625 4.9835481237304036e-08
0.8564000244140625 1.0758467507860722e-07
0.8574000244140625 1.0195098355053673e-07
0.8584000244140625 1.3001417443577475e-07
0.8594000244140625 1.1412141243066108e-07
0.8604000244140625 1.399896461590907e-07
0.8614000244140625 1.3291491388263406e-07
0.8624000244140625 9.13353950766731e-08
0.8634000244140625 1.0446089040432019e-07
0.8644000244140625 1.4027331630226845e-07
0.8654000244140625 1.552100613309411e-07
0.8664000244140625 1.2458023424286843e-07
0.8674000244140625 6.761356293911647e-08
0.8684000244140625 7.867128066180631e-08
0.8694000244140625 4.818975340903924e-08
0.8704000244140625 4.798717449018685e-08
0.8714000244140625 5.182403357258207e-08
0.8724000244140625 8.815244324017873e-08
0.8734000244140625 9.923274840085486e-08
0.8744000244140625 9.980143093266671e-08
0.8754000244140625 6.566524251773787e-08
0.8764000244140625 1.0791118105518988e-07
0.8774000244140625 7.050235630926175e-08
0.8784000244140625 1.509316018529011e-07
0.8794000244140625 1.550773493853651e-07
0.8804000244140625 1.5539693308237434e-07
0.8814000244140625 1.3489261558493337e-07
0.8824000244140625 1.8652142405151086e-07
0.8834000244140625 2.0526983963881505e-07
0.8844000244140625 2.2875117845457386e-07
0.8854000244140625 4.864430825577608e-07
0.8864000244140625 8.543951726858076e-07
0.8874000244140625 1.0020900592596327e-06
0.8884000244140625 9.75553915821508e-07
0.8894000244140625 5.886037060642235e-07
0.8904000244140625 5.010688483551386e-07
0.8914000244140625 7.467558154142309e-07
0.8924000244140625 7.47071930639136e-07
0.8934000244140625 1.0830636597869877e-06
0.8944000244140625 7.569286438095081e-07
0.8954000244140625 1.3030058456693693e-06
0.8964000244140625 8.622933260986909e-07
0.8974000244140625 6.748043403046519e-07
0.8984000244140625 2.3362309880871147e-07
0.8994000244140625 2.684320949075945e-07
0.9004000244140625 2.731515402677107e-07
0.9014000244140625 2.647669080479103e-07
0.9024000244140625 2.6910813795736674e-07
0.9034000244140625 2.897742844247382e-07
0.9044000244140625 2.9259704548388037e-07
0.9054000244140625 2.9451027950018165e-07
0.9064000244140625 2.657852628524842e-07
0.9074000244140625 2.3716196666633358e-07
0.9084000244140625 2.2417865923868263e-07
0.9094000244140625 2.1694316927296787e-07
0.9104000244140625 2.35710611979281e-07
0.9114000244140625 1.960821666736812e-07
0.9124000244140625 1.9977380023677307e-07
0.9134000244140625 1.9547539651495887e-07
0.9144000244140625 2.1352487456326505e-07
0.9154000244140625 2.2441238989047588e-07
0.9164000244140625 2.0369975643657163e-07
0.9174000244140625 2.2291890517441357e-07
0.9184000244140625 1.8667765551769004e-07
0.9194000244140625 1.707464418130358e-07
0.9204000244140625 1.7640842167329428e-07
0.9214000244140625 2.2367947984433959e-07
0.9224000244140625 2.4366480808124674e-07
0.9234000244140625 2.5303242647442506e-07
0.9244000244140625 2.6915462931147276e-07
0.9254000244140625 3.0831642838888607e-07
0.9264000244140626 3.276352231788e-07
0.9274000244140626 3.2306169688967523e-07
0.9284000244140626 2.981258802405191e-07
0.9294000244140626 2.9668705854082785e-07
0.9304000244140626 3.0337646831301997e-07
0.9314000244140626 3.4777651602322815e-07
0.9324000244140624 3.5451834075173024e-07
0.9334000244140624 3.704998357939909e-07
0.9344000244140624 3.7100598974901386e-07
0.9354000244140624 4.103843194436582e-07
0.9364000244140624 4.081188284307411e-07
0.9374000244140624 4.2719123020494954e-07
0.9384000244140625 4.2606105161259254e-07
0.9394000244140625 4.2603697380767154e-07
0.9404000244140625 4.1267330063141537e-07
0.9414000244140625 4.102432893991059e-07
0.9424000244140625 4.278360177755604e-07
0.9434000244140625 4.2546035809664395e-07
0.9444000244140625 4.0715400226818794e-07
0.9454000244140625 3.69812567641298e-07
0.9464000244140625 3.853105906918647e-07
0.9474000244140625 4.282896206734478e-07
0.9484000244140625 4.288117685167085e-07
0.9494000244140625 3.953523969691423e-07
0.9504000244140625 3.6700894616884637e-07
0.9514000244140625 3.7977758113302387e-07
0.9524000244140625 3.862566342355421e-07
0.9534000244140625 4.047076463481641e-07
0.9544000244140625 4.0242068737691413e-07
0.9554000244140625 4.1804178877720295e-07
0.9564000244140625 3.959941523428054e-07
0.9574000244140625 3.848769867939839e-07
0.9584000244140625 3.6020262160448653e-07
0.9594000244140625 3.4631491539894524e-07
0.9604000244140625 3.6579414473062917e-07
0.9614000244140625 3.290433678746123e-07
0.9624000244140625 2.9987774768418974e-07
0.9634000244140625 2.8126207156303885e-07
0.9644000244140625 3.046906121103438e-07
0.9654000244140625 3.1757288004085014e-07
0.9664000244140625 3.0847556664640195e-07
0.9674000244140625 3.1464030194436275e-07
0.9684000244140625 3.13883389121984e-07
0.9694000244140625 3.029324181625502e-07
0.9704000244140625 3.1772505269583886e-07
0.9714000244140625 3.122389061659388e-07
0.9724000244140625 3.112886871541608e-07
0.9734000244140625 3.0384765694997533e-07
0.9744000244140625 3.2388936014776747e-07
0.9754000244140625 3.398753210424199e-07
0.9764000244140625 3.3390065031984247e-07
0.9774000244140625 3.4486361519238926e-07
0.9784000244140625 3.6219628012910916e-07
0.9794000244140625 3.817166305481873e-07
0.9804000244140625 3.4460533416223447e-07
0.9814000244140625 3.35108946212921e-07
0.9824000244140625 3.1685633359411185e-07
0.9834000244140625 3.5736768678760093e-07
0.9844000244140625 3.4663665932550723e-07
0.9854000244140625 3.549492943608707e-07
0.9864000244140625 3.144188488711798e-07
0.9874000244140625 2.996821882637002e-07
0.9884000244140625 2.708510247963842e-07
0.9894000244140625 2.943993401266652e-07
0.9904000244140625 3.1746072761926603e-07
0.9914000244140625 3.4308983812639e-07
0.9924000244140625 3.2292423545140587e-07
0.9934000244140625 3.0650047687187487e-07
0.9944000244140625 3.017257003937472e-07
0.9954000244140625 2.9265961535201854e-07
0.9964000244140625 2.832960409374476e-07
0.9974000244140625 1.2149733515622482e-06
0.9984000244140625 2.033301013812683e-06
0.9994000244140625 2.96895340034896e-06
1.0004000244140625 2.9712666595270177e-06
1.0014000244140624 3.1488522737745058e-06
1.0024000244140625 3.0640469744806566e-06
1.0034000244140624 3.0094503775475467e-06
1.0044000244140625 2.6388406306250445e-06
1.0054000244140624 2.7651154274492944e-06
1.0064000244140625 2.6556799250007113e-06
1.0074000244140624 2.8339038834000934e-06
1.0084000244140625 2.7224745277488968e-06
1.0094000244140624 2.835373929891868e-06
1.0104000244140625 2.9225110889948236e-06
1.0114000244140624 2.8853361751786983e-06
1.0124000244140625 2.892594810060948e-06
1.0134000244140624 2.945075454471616e-06
1.0144000244140625 3.070655062430016e-06
1.0154000244140624 2.860609909547186e-06
1.0164000244140625 2.633255018161712e-06
1.0174000244140624 2.565580500329753e-06
1.0184000244140625 2.5064487660111147e-06
1.0194000244140624 2.6044302364217788e-06
1.0204000244140625 2.481798220379616e-06
1.0214000244140624 2.6116251903764784e-06
1.0224000244140625 2.650136200875596e-06
1.0234000244140624 2.6633711920216628e-06
1.0244000244140625 2.6625696300671908e-06
1.0254000244140624 2.4141106447455605e-06
1.0264000244140625 2.2288504436141356e-06
1.0274000244140624 2.1368079880298196e-06
1.0284000244140625 2.341613402511299e-06
1.0294000244140624 2.53477441860738e-06
1.0304000244140625 2.6592797931315916e-06
1.0314000244140624 2.7551820109717925e-06
1.0324000244140625 2.6541307403825436e-06
1.0334000244140624 2.503391362269733e-06
1.0344000244140625 2.334095605767486e-06
1.0354000244140624 2.406912234496396e-06
1.0364000244140625 2.3805696361485743e-06
1.0374000244140624 2.304216626369542e-06
1.0384000244140625 2.3077964833283564e-06
1.0394000244140624 2.402461758589737e-06
1.0404000244140625 2.4303403230039155e-06
1.0414000244140624 2.433289378250723e-06
1.0424000244140625 2.484622211987598e-06
1.0434000244140624 2.3521595441805102e-06
1.0444000244140625 2.3069513823600544e-06
1.0454000244140624 2.179666553247051e-06
1.0464000244140625 2.326279135211281e-06
1.0474000244140624 2.3228188183867403e-06
1.0484000244140625 2.396861933067535e-06
1.0494000244140624 2.3323158677001597e-06
1.0504000244140625 2.3320616972732303e-06
1.0514000244140624 2.2578269808622866e-06
1.0524000244140626 2.384205473764035e-06
1.0534000244140624 2.270164275974075e-06
1.0544000244140626 2.409542744481382e-06
1.0554000244140624 2.221686014959936e-06
1.0564000244140626 2.135824073103468e-06
1.0574000244140624 1.8163417512932293e-06
1.0584000244140626 2.0476557767820346e-06
1.0594000244140624 2.1023852933269385e-06
1.0604000244140626 2.1438081534814187e-06
1.0614000244140624 2.0566433682072255e-06
1.0624000244140626 2.116703798680264e-06
1.0634000244140625 2.22985375083442e-06
1.0644000244140626 2.0247593183725663e-06
1.0654000244140625 2.0689258596775494e-06
1.0664000244140626 2.055038120776769e-06
1.0674000244140625 2.2283735582826423e-06
1.0684000244140626 2.193100268680684e-06
1.0694000244140625 2.2372744125166326e-06
1.0704000244140626 2.062149412736212e-06
1.0714000244140625 2.1187043076192033e-06
1.0724000244140626 2.078546199156593e-06
1.0734000244140625 2.1038023144237962e-06
1.0744000244140626 1.924909691110535e-06
1.0754000244140625 1.8966818394369871e-06
1.0764000244140626 2.0114591327831075e-06
1.0774000244140625 2.2848793571287294e-06
1.0784000244140626 2.3547491818911728e-06
1.0794000244140625 2.1663862111067174e-06
1.0804000244140626 1.9864508554044045e-06
1.0814000244140625 1.951788257701138e-06
1.0824000244140626 2.020812016251011e-06
1.0834000244140625 2.139877672087491e-06
1.0844000244140626 2.1173470707594564e-06
1.0854000244140625 2.13871394655263e-06
1.0864000244140626 2.0764013093468466e-06
1.0874000244140625 1.946331438755943e-06
1.0884000244140626 2.161629551054663e-06
1.0894000244140625 1.9316640891845525e-06
1.0904000244140626 2.083286720126007e-06
1.0914000244140625 1.862208453612972e-06
1.0924000244140626 2.052093606335414e-06
1.0934000244140625 2.1206864286676133e-06
1.0944000244140626 2.249500178513539e-06
1.0954000244140625 2.1696235754658016e-06
1.0964000244140626 1.9566453070355662e-06
1.0974000244140625 1.7771350990307586e-06
1.0984000244140626 1.8569507356624626e-06
1.0994000244140625 2.03624821828578e-06
1.1004000244140626 2.179110058009736e-06
1.1014000244140625 2.124322418875785e-06
1.1024000244140626 2.148539422305405e-06
1.1034000244140625 2.0224851129124564e-06
1.1044000244140626 1.9996524514644143e-06
1.1054000244140625 1.974912824102632e-06
1.1064000244140626 1.9844058640711903e-06
1.1074000244140625 2.021628474328434e-06
1.1084000244140626 1.928349766998582e-06
1.1094000244140625 1.953926836409713e-06
1.1104000244140626 1.8888515404175254e-06
1.1114000244140625 2.0567805862193083e-06
1.1124000244140626 1.9630041409549e-06
1.1134000244140625 1.970665235933095e-06
1.1144000244140626 1.8395599226841324e-06
1.1154000244140625 2.0795123631230584e-06
1.1164000244140626 2.091918598426348e-06
1.1174000244140625 1.985692185438803e-06
1.1184000244140626 1.8290989047910411e-06
1.1194000244140625 1.7610235865187623e-06
1.1204000244140624 1.8744738866085688e-06
1.1214000244140625 1.889864146384751e-06
1.1224000244140624 1.903703900072198e-06
1.1234000244140625 1.8574578319545905e-06
1.1244000244140624 1.8721909701629057e-06
1.1254000244140625 1.8914309869371991e-06
1.1264000244140624 1.978285891848192e-06
1.1274000244140625 2.0472866146754497e-06
1.1284000244140624 1.9507201194811728e-06
1.1294000244140625 1.8128630195770336e-06
1.1304000244140624 1.752694053822444e-06
1.1314000244140625 1.903093722295051e-06
1.1324000244140624 1.907360047359049e-06
1.1334000244140625 1.8937077823681256e-06
1.1344000244140624 1.7995117412880662e-06
1.1354000244140625 1.8810654655209368e-06
1.1364000244140624 1.7987786073715642e-06
1.1374000244140625 1.9144430865831187e-06
1.1384000244140624 1.8711081390192316e-06
1.1394000244140625 1.848783170095311e-06
1.1404000244140624 1.7554249393949826e-06
1.1414000244140625 1.7996351106044169e-06
1.1424000244140624 1.9409027127855604e-06
1.1434000244140625 1.9570458282182608e-06
1.1444000244140624 1.8701818412008827e-06
1.1454000244140625 1.8545462127818969e-06
1.1464000244140624 1.9339475961942696e-06
1.1474000244140625 2.0277249642942207e-06
1.1484000244140624 1.909814824831134e-06
1.1494000244140625 1.9553370929560847e-06
1.1504000244140624 1.9123360267725185e-06
1.1514000244140625 1.8677095063418097e-06
1.1524000244140624 1.7173338258091477e-06
1.1534000244140625 1.655645987531884e-06
1.1544000244140624 1.696476340698321e-06
1.1554000244140625 1.690680287329758e-06
1.1564000244140624 1.6772679214879062e-06
1.1574000244140625 1.8678139476065468e-06
1.1584000244140624 2.044046496343316e-06
1.1594000244140625 2.0537689790570218e-06
1.1604000244140624 1.976476716402136e-06
1.1614000244140625 1.978111667332725e-06
1.1624000244140624 2.092040228435569e-06
1.1634000244140625 1.996059043123219e-06
1.1644000244140624 1.8439238677798561e-06
1.1654000244140625 1.6996358016322133e-06
1.1664000244140624 1.9365523167760453e-06
1.1674000244140625 2.0052101939474753e-06
1.1684000244140624 2.117348131967636e-06
1.1694000244140625 1.92960257370665e-06
1.1704000244140624 1.8137010636809425e-06
1.1714000244140625 1.8147397743121118e-06
1.1724000244140624 1.7842945315118681e-06
1.1734000244140625 1.8431958825154952e-06
1.1744000244140624 1.7009574666204033e-06
1.1754000244140625 1.7428176756312468e-06
1.1764000244140624 1.803209743713626e-06
1.1774000244140626 1.9018858505093536e-06
1.1784000244140624 1.8678115079545907e-06
1.1794000244140626 1.906033427193566e-06
1.1804000244140624 1.91068829375517e-06
1.1814000244140626 1.8943225847563517e-06
1.1824000244140624 1.8437118477556376e-06
1.1834000244140626 1.9935074727008804e-06
1.1844000244140624 2.0175118864046944e-06
1.1854000244140626 1.984284845560188e-06
1.1864000244140624 1.8247946613552214e-06
1.1874000244140626 1.935164201109062e-06
1.1884000244140625 1.9581199290733413e-06
1.1894000244140626 1.8132776802363669e-06
1.1904000244140625 1.7499428185123932e-06
1.1914000244140626 1.808730951993008e-06
1.1924000244140625 1.966122539676449e-06
1.1934000244140626 1.986652569318355e-06
1.1944000244140625 1.91463087962229e-06
1.1954000244140626 1.9050245312291128e-06
1.1964000244140625 1.8033807004777988e-06
1.1974000244140626 1.8168496768306055e-06
1.1984000244140625 1.8121134656931237e-06
1.1994000244140626 1.8461686081686814e-06
1.2004000244140625 1.802658434182025e-06
1.2014000244140626 1.8637573495031016e-06
1.2024000244140625 1.942431255026145e-06
1.2034000244140626 1.8099929468306103e-06
1.2044000244140625 1.7777758175662657e-06
1.2054000244140626 1.6558034073474068e-06
1.2064000244140625 1.8401513932171658e-06
1.2074000244140626 1.900336674997189e-06
1.2084000244140625 2.0427561406093655e-06
1.2094000244140626 1.879971308642548e-06
1.2104000244140625 1.6628275043761248e-06
1.2114000244140626 1.5603278608913927e-06
1.2124000244140625 1.6625274105843145e-06
1.2134000244140626 1.7924782459302376e-06
1.2144000244140625 1.8100433303826036e-06
1.2154000244140626 1.7442323286961464e-06
1.2164000244140625 1.7251218600887137e-06
1.2174000244140626 1.6736986483310543e-06
1.2184000244140625 1.7580183973445854e-06
1.2194000244140626 1.8037066968393393e-06
1.2204000244140625 1.905522129780558e-06
1.2214000244140626 1.9704461802057676e-06
1.2224000244140625 2.0082835665534833e-06
1.2234000244140626 1.8914540116547388e-06
1.2244000244140625 1.889235341788901e-06
1.2254000244140626 1.8916606651384951e-06
1.2264000244140625 1.9848433949552233e-06
1.2274000244140626 2.020479686864457e-06
1.2284000244140625 2.0413427610563597e-06
1.2294000244140626 1.968693863197246e-06
1.2304000244140625 1.8998607044538705e-06
1.2314000244140626 1.8538920753987311e-06
1.2324000244140625 1.8478217259230644e-06
1.2334000244140626 1.8098188154116806e-06
1.2344000244140625 1.92997600604423e-06
1.2354000244140626 2.004983779548293e-06
1.2364000244140625 2.059981214371038e-06
1.2374000244140626 1.9450068277814094e-06
1.2384000244140625 1.920209741406416e-06
1.2394000244140626 1.8931007773426277e-06
1.2404000244140625 1.9075893337078433e-06
1.2414000244140626 1.901491058906462e-06
1.2424000244140625 1.8209643826762798e-06
1.2434000244140626 1.8315584809985569e-06
1.2444000244140625 1.8680041704754396e-06
1.2454000244140624 1.998899696821839e-06
1.2464000244140625 2.051300207307404e-06
1.2474000244140624 2.0806674253706656e-06
1.2484000244140625 2.0392776332746345e-06
1.2494000244140624 2.041185315628444e-06
1.2504000244140625 2.0352205231016207e-06
1.2514000244140624 2.0173303303267093e-06
1.2524000244140625 2.140805533881309e-06
1.2534000244140624 2.019343160701106e-06
1.2544000244140625 1.95203111151424e-06
1.2554000244140624 1.9012754490094507e-06
1.2564000244140625 1.9764989778311566e-06
1.2574000244140624 2.0174386880505066e-06
1.2584000244140625 1.9215653169229427e-06
1.2594000244140624 1.9822115044232235e-06
1.2604000244140625 2.082229465411629e-06
1.2614000244140624 2.063061604876616e-06
1.2624000244140625 2.0974013124534533e-06
1.2634000244140624 2.2017354320296942e-06
1.2644000244140625 2.1124626568194444e-06
1.2654000244140624 2.0345498565601846e-06
1.2664000244140625 1.978616007005263e-06
1.2674000244140624 1.8698044160465851e-06
1.2684000244140625 1.946731062842553e-06
1.2694000244140624 1.8705838105910607e-06
1.2704000244140625 1.9858602687755893e-06
1.2714000244140624 1.950445087822758e-06
1.2724000244140625 1.991191189743841e-06
1.2734000244140624 2.055476580234576e-06
1.2744000244140625 2.1157036421291677e-06
1.2754000244140624 2.1090709518339764e-06
1.2764000244140625 2.2196968558147176e-06
1.2774000244140624 2.16491625734235e-06
1.2784000244140625 2.0445854089582207e-06
1.2794000244140624 1.9309498102234635e-06
1.2804000244140625 1.8386623362902249e-06
1.2814000244140624 1.8814596619708198e-06
1.2824000244140625 1.9650515565330942e-06
1.2834000244140624 2.1134565811333278e-06
1.2844000244140625 2.1024408141854918e-06
1.2854000244140624 1.8402535006140085e-06
1.2864000244140625 1.7123322251603726e-06
1.2874000244140624 1.8318773038213928e-06
1.2884000244140625 2.101696200771367e-06
1.2894000244140624 2.074326731269356e-06
1.2904000244140625 1.8949617639594333e-06
1.2914000244140624 1.8881140824083762e-06
1.2924000244140625 1.9565920385059787e-06
1.2934000244140624 2.1020964344529154e-06
1.2944000244140625 2.103303248951007e-06
1.2954000244140624 2.094344422713431e-06
1.2964000244140625 2.1754510274946788e-06
1.2974000244140624 2.131437662046486e-06
1.2984000244140625 2.210834695859141e-06
1.2994000244140624 2.1567007715118247e-06
1.3004000244140625 2.1115360216295667e-06
1.3014000244140624 2.1932069255390277e-06
1.3024000244140626 2.0549315198242754e-06
1.3034000244140624 2.1914416783358283e-06
1.3044000244140626 2.081723299263255e-06
1.3054000244140624 2.2111742235020067e-06
1.3064000244140626 2.1814509285011484e-06
1.3074000244140624 2.30988879939685e-06
1.3084000244140626 2.284644051837994e-06
1.3094000244140624 2.3894135524916615e-06
1.3104000244140626 2.322249486700703e-06
1.3114000244140624 2.3878747034145014e-06
1.3124000244140626 2.1862625574511185e-06
1.3134000244140625 2.1437243167063865e-06
1.3144000244140626 2.094176756123177e-06
1.3154000244140625 2.144560552910843e-06
1.3164000244140626 2.213075378280114e-06
1.3174000244140625 2.374915791653635e-06
1.3184000244140626 2.3337240199107474e-06
1.3194000244140625 2.2669575049064105e-06
1.3204000244140626 2.1718969650750173e-06
1.3214000244140625 2.2345249292080686e-06
1.3224000244140626 2.045828389592214e-06
1.3234000244140625 2.0888710839200153e-06
1.3244000244140626 2.0187502232245e-06
1.3254000244140625 2.3537242077675858e-06
1.3264000244140626 2.289233371713035e-06
1.3274000244140625 2.231951383233548e-06
1.3284000244140626 2.1306613605444484e-06
1.3294000244140625 2.2009993169119977e-06
1.3304000244140626 2.2901395538136646e-06
1.3314000244140625 2.3671914495225856e-06
1.3324000244140626 2.1783528908574233e-06
1.3334000244140625 2.2411070076385507e-06
1.3344000244140626 2.1323144264742804e-06
1.3354000244140625 2.2803437658432804e-06
1.3364000244140626 2.1985158316294384e-06
1.3374000244140625 2.181620087286304e-06
1.3384000244140626 2.228187982002999e-06
1.3394000244140625 2.2949801110776975e-06
1.3404000244140626 2.4362699932407096e-06
1.3414000244140625 2.39289045719993e-06
1.3424000244140626 2.4844520323885236e-06
1.3434000244140625 2.512917357220927e-06
1.3444000244140626 2.6059877439911406e-06
1.3454000244140625 2.5606245166725692e-06
1.3464000244140626 2.4281825923677705e-06
1.3474000244140625 2.5267183859326654e-06
1.3484000244140626 2.570148700966965e-06
1.3494000244140625 2.6363237531144716e-06
1.3504000244140626 2.446329753584749e-06
1.3514000244140625 2.5128503881579587e-06
1.3524000244140626 2.5463665882813875e-06
1.3534000244140625 2.6806265640373427e-06
1.3544000244140626 2.553271792954415e-06
1.3554000244140625 2.585038798883401e-06
1.3564000244140626 2.597131288613246e-06
1.3574000244140625 2.6745913655414807e-06
1.3584000244140626 2.888194311099889e-06
1.3594000244140625 3.028702216966474e-06
1.3604000244140626 3.2071373566717375e-06
1.3614000244140625 3.1565164683932425e-06
1.3624000244140626 3.1574274242926863e-06
1.3634000244140625 2.8763362617936034e-06
1.3644000244140626 2.8003486094005654e-06
1.3654000244140625 2.6545344925174824e-06
1.3664000244140626 2.778743810764671e-06
1.3674000244140625 2.593171309954685e-06
1.3684000244140626 2.673592081783756e-06
1.3694000244140625 2.8211919899821197e-06
1.3704000244140624 3.0097758601629794e-06
1.3714000244140625 3.0212506246117994e-06
1.3724000244140624 2.92775561812384e-06
1.3734000244140625 3.00377496858597e-06
1.3744000244140624 2.868109750646074e-06
1.3754000244140625 3.1495656006807524e-06
1.3764000244140624 3.048382607901109e-06
1.3774000244140625 3.1707751959685946e-06
1.3784000244140624 2.8669697411272977e-06
1.3794000244140625 3.0741282102650324e-06
1.3804000244140624 3.0824037151992212e-06
1.3814000244140625 3.089621137287752e-06
1.3824000244140624 3.021426871558843e-06
1.3834000244140625 3.023806226031504e-06
1.3844000244140624 3.2493442505058986e-06
1.3854000244140625 3.1868738662850145e-06
1.3864000244140624 3.120994047630573e-06
1.3874000244140625 2.7518891449034867e-06
1.3884000244140624 2.7987782133673195e-06
1.3894000244140625 2.6416815742495494e-06
1.3904000244140624 2.814679747093664e-06
1.3914000244140625 2.771641074083652e-06
1.3924000244140624 3.0742616685175717e-06
1.3934000244140625 3.0993753206777227e-06
1.3944000244140624 2.8676321794554266e-06
1.3954000244140625 2.6404951186573207e-06
1.3964000244140624 2.584649487975906e-06
1.3974000244140625 2.739412267076897e-06
1.3984000244140624 2.805246197944191e-06
1.3994000244140625 2.8501582628250853e-06
1.4004000244140624 2.865034215829969e-06
1.4014000244140625 3.0474655554308727e-06
1.4024000244140624 3.1649337379910873e-06
1.4034000244140625 3.147527292701007e-06
1.4044000244140624 2.8151947120862216e-06
1.4054000244140625 2.6351959824389793e-06
1.4064000244140624 2.5678486456989284e-06
1.4074000244140625 2.69899279374473e-06
1.4084000244140624 2.7129843183949517e-06
1.4094000244140625 2.648558342555237e-06
1.4104000244140624 2.5905017308837897e-06
1.4114000244140625 2.407891634166434e-06
1.4124000244140624 2.3314391832158064e-06
1.4134000244140625 2.48235350552203e-06
1.4144000244140624 2.5774352984413914e-06
1.4154000244140625 2.7966401977518214e-06
1.4164000244140624 2.64132930053507e-06
1.4174000244140625 2.717407777466456e-06
1.4184000244140624 2.6121232281791275e-06
1.4194000244140625 2.728845531655886e-06
1.4204000244140624 2.6283433532347797e-06
1.4214000244140625 2.6269362517890236e-06
1.4224000244140624 2.578072017863049e-06
1.4234000244140625 2.631805762956599e-06
1.4244000244140624 2.511987596215175e-06
1.4254000244140625 2.4366698395348664e-06
1.4264000244140624 2.3967527281359112e-06
1.4274000244140626 2.529544199810479e-06
1.4284000244140624 2.5739037634143387e-06
1.4294000244140626 2.795051684661844e-06
1.4304000244140624 2.8598682768068985e-06
1.4314000244140626 2.940749206443943e-06
1.4324000244140624 2.80826284703549e-06
1.4334000244140626 2.7775661336061776e-06
1.4344000244140624 2.6150683195666796e-06
1.4354000244140626 2.6106477592033258e-06
1.4364000244140624 2.6888232652011483e-06
1.4374000244140626 2.934154353900396e-06
1.4384000244140625 2.798989069831594e-06
1.4394000244140626 2.640716243379284e-06
1.4404000244140625 2.517853363018849e-06
1.4414000244140626 2.6938778997000864e-06
1.4424000244140625 2.6536024717815286e-06
1.4434000244140626 2.55799248847219e-06
1.4444000244140625 2.6019455851368777e-06
1.4454000244140626 2.6005877305375295e-06
1.4464000244140625 2.6567702646469323e-06
1.4474000244140626 2.5886128561205045e-06
1.4484000244140625 2.6949203629893855e-06
1.4494000244140626 2.5313136547594226e-06
1.4504000244140625 2.451262572785288e-06
1.4514000244140626 2.468705713554636e-06
1.4524000244140625 2.6857759241992362e-06
1.4534000244140626 2.825421689907132e-06
1.4544000244140625 2.8587571702153013e-06
1.4554000244140626 2.7469406948455425e-06
1.4564000244140625 2.630976642993499e-06
1.4574000244140626 2.5684924561359587e-06
1.4584000244140625 2.689984960810506e-06
1.4594000244140626 2.861670256442442e-06
1.4604000244140625 2.7754127661289795e-06
1.4614000244140626 2.571006695306091e-06
1.4624000244140625 2.237392550572763e-06
1.4634000244140626 2.402115396404572e-06
1.4644000244140625 2.7166434146300368e-06
1.4654000244140626 2.9800560543969824e-06
1.4664000244140625 2.817517636418785e-06
1.4674000244140626 2.890051229894388e-06
1.4684000244140625 2.925394558175572e-06
1.4694000244140626 3.131386260948248e-06
1.4704000244140625 2.94618983043336e-06
1.4714000244140626 2.99572390579686e-06
1.4724000244140625 3.0211491254126922e-06
1.4734000244140626 2.9382100404990833e-06
1.4744000244140625 2.8762837691181312e-06
1.4754000244140626 2.87791104168877e-06
1.4764000244140625 2.97137289183649e-06
1.4774000244140626 2.874870914735692e-06
1.4784000244140625 2.852346409049522e-06
1.4794000244140626 2.6967665242058937e-06
1.4804000244140625 2.9694570229543853e-06
1.4814000244140626 2.776920475781013e-06
1.4824000244140625 2.7548031051769626e-06
1.4834000244140626 2.580671597258033e-06
1.4844000244140625 2.819545985153835e-06
1.4854000244140626 3.0202994046976325e-06
1.4864000244140625 3.2711904521058946e-06
1.4874000244140626 3.2867773875316295e-06
1.4884000244140625 3.4319761080056663e-06
1.4894000244140626 3.265902002897821e-06
1.4904000244140625 3.203748751564047e-06
1.4914000244140626 2.9860890528343747e-06
1.4924000244140625 2.974324983524338e-06
1.4934000244140626 3.2088994793473142e-06
1.4944000244140625 3.2537523052897236e-06
1.4954000244140624 3.277858922193067e-06
1.4964000244140625 3.244143046292198e-06
1.4974000244140624 3.309915691266005e-06
1.4984000244140625 3.388980677493446e-06
1.4994000244140624 3.2471537888769096e-06
1.5004000244140625 3.3512165873731654e-06
1.5014000244140624 3.146308790825227e-06
1.5024000244140625 3.1247129903027717e-06
1.5034000244140624 3.1031176958659784e-06
1.5044000244140625 3.2025982687583026e-06
1.5054000244140624 3.2679224908564004e-06
1.5064000244140625 3.301213897114915e-06
1.5074000244140624 3.237498878057611e-06
1.5084000244140625 3.1780685503919113e-06
1.5094000244140624 3.184369930367328e-06
1.5104000244140625 3.34363736710932e-06
1.5114000244140624 3.329194087827244e-06
1.5124000244140625 3.359504983236173e-06
1.5134000244140624 3.3029877645453207e-06
1.5144000244140625 3.5946022985873122e-06
1.5154000244140624 3.588121365972698e-06
1.5164000244140625 3.6672434071867833e-06
1.5174000244140624 3.4688324195448566e-06
1.5184000244140625 3.380395241549575e-06
1.5194000244140624 3.4152196657919237e-06
1.5204000244140625 3.220238821288019e-06
1.5214000244140624 3.3174691569367468e-06
1.5224000244140625 3.184336180974815e-06
1.5234000244140624 3.6346461482992318e-06
1.5244000244140625 3.623368032837166e-06
1.5254000244140624 3.5185981853325665e-06
1.5264000244140625 3.2703819670709318e-06
1.5274000244140624 3.4708414039767554e-06
1.5284000244140625 3.7389113591596192e-06
1.5294000244140624 4.056985547256774e-06
1.5304000244140625 3.942288056464162e-06
1.5314000244140624 3.791206885180582e-06
1.5324000244140625 3.5002604160550992e-06
1.5334000244140624 3.648909269144284e-06
1.5344000244140625 3.725288111064245e-06
1.5354000244140624 3.8005479917719833e-06
1.5364000244140625 3.494934754881263e-06
1.5374000244140624 3.5529282006413057e-06
1.5384000244140625 3.4304734297840057e-06
1.5394000244140624 3.583426963477997e-06
1.5404000244140625 3.3786701006518057e-06
1.5414000244140624 3.2447596245653914e-06
1.5424000244140625 3.1800626045725e-06
1.5434000244140624 3.383465046461392e-06
1.5444000244140625 3.5482199251933106e-06
1.5454000244140624 3.410065445615244e-06
1.5464000244140625 3.2151464155566246e-06
1.5474000244140624 3.2102766491517242e-06
1.5484000244140625 3.5210966451494006e-06
1.5494000244140624 3.5598202727268166e-06
1.5504000244140625 3.6443019493169616e-06
1.5514000244140624 3.3786709792146185e-06
1.5524000244140626 3.519613640126831e-06
1.5534000244140624 3.6713467204480715e-06
1.5544000244140626 4.02196553063567e-06
1.5554000244140624 4.147708172525569e-06
1.5564000244140626 4.049228005506185e-06
1.5574000244140624 3.815676315430341e-06
1.5584000244140626 3.7191813706489978e-06
1.5594000244140624 3.7332599953782965e-06
1.5604000244140626 3.7267587092284453e-06
1.5614000244140624 3.981872334992269e-06
1.5624000244140626 3.8028373663253903e-06
1.5634000244140625 4.04817726620832e-06
1.5644000244140626 4.104710821387004e-06
1.5654000244140625 4.48137580501794e-06
1.5664000244140626 4.349032950149958e-06
1.5674000244140625 4.1940354422914865e-06
1.5684000244140626 4.1380393570521285e-06
1.5694000244140625 4.244563051935065e-06
1.5704000244140626 4.37901669955986e-06
1.5714000244140625 4.22617731255679e-06
1.5724000244140626 4.177818861237352e-06
1.5734000244140625 4.1354889023256285e-06
1.5744000244140626 4.252057063434925e-06
1.5754000244140625 4.256980393152734e-06
1.5764000244140626 4.1197531677569095e-06
1.5774000244140625 4.111494063059443e-06
1.5784000244140626 4.271364791071657e-06
1.5794000244140625 4.093217884033046e-06
1.5804000244140626 4.086812562863804e-06
1.5814000244140625 3.942556086950968e-06
1.5824000244140626 4.169966496208306e-06
1.5834000244140625 4.305839887946321e-06
1.5844000244140626 4.426560671279946e-06
1.5854000244140625 4.5969535627125115e-06
1.5864000244140626 4.553635672278367e-06
1.5874000244140625 4.3472681166727515e-06
1.5884000244140626 4.058839218573199e-06
1.5894000244140625 4.1415545785574075e-06
1.5904000244140626 4.455007185676521e-06
1.5914000244140625 4.840872433904809e-06
1.5924000244140626 4.573604530678504e-06
1.5934000244140625 4.256356479833043e-06
1.5944000244140626 4.021615397402795e-06
1.5954000244140625 3.989610738666955e-06
1.5964000244140626 4.051219464823478e-06
1.5974000244140625 3.927912268556773e-06
1.5984000244140626 4.062170996295401e-06
1.5994000244140625 4.272311053519197e-06
1.6004000244140626 4.3849061853618195e-06
1.6014000244140625 4.5915257639854555e-06
1.6024000244140626 4.480339123099287e-06
1.6034000244140625 4.840989417542167e-06
1.6044000244140626 4.853873559661784e-06
1.6054000244140625 4.816388367199992e-06
1.6064000244140626 4.479555081200179e-06
1.6074000244140625 4.592042179100727e-06
1.6084000244140626 4.729223421650324e-06
1.6094000244140625 4.558025456339185e-06
1.6104000244140626 4.111130416400529e-06
1.6114000244140625 4.339456897633572e-06
1.6124000244140626 4.533577875644696e-06
1.6134000244140625 4.782380697489939e-06
1.6144000244140626 4.534700413187643e-06
1.6154000244140625 4.574648953919773e-06
1.6164000244140626 4.495749704330687e-06
1.6174000244140625 4.860844425836105e-06
1.6184000244140626 5.2738391141400895e-06
1.6194000244140625 5.358995622273677e-06
1.6204000244140624 5.010316694024199e-06
1.6214000244140625 4.593782300102268e-06
1.6224000244140624 4.7450569449793905e-06
1.6234000244140625 5.003789459232343e-06
1.6244000244140624 5.01229776881745e-06
1.6254000244140625 5.022158714629347e-06
1.6264000244140624 5.143663209509908e-06
1.6274000244140625 5.2514653220665774e-06
1.6284000244140624 5.340135032156241e-06
1.6294000244140625 5.131452900193697e-06
1.6304000244140624 5.230142202101572e-06
1.6314000244140625 5.473523164453874e-06
1.6324000244140624 5.598758616415447e-06
1.6334000244140625 5.75306372394752e-06
1.6344000244140624 5.906480202412775e-06
1.6354000244140625 5.650368750860831e-06
1.6364000244140624 5.695401961679308e-06
1.6374000244140625 5.662314286508487e-06
1.6384000244140624 6.1590468107647115e-06
1.6394000244140625 6.292755322012989e-06
1.6404000244140624 6.226835647275709e-06
1.6414000244140625 6.6366289380865175e-06
1.6424000244140624 6.89653632429039e-06
1.6434000244140625 7.341396414917077e-06
1.6444000244140624 7.661975984217201e-06
1.6454000244140625 8.031686018584047e-06
1.6464000244140624 8.460746337345926e-06
1.6474000244140625 8.300216655765352e-06
1.6484000244140624 8.74964691758929e-06
1.6494000244140625 8.973435163521822e-06
1.6504000244140624 9.160164021280968e-06
1.6514000244140625 8.956200684735154e-06
1.6524000244140624 8.86624913724524e-06
1.6534000244140625 9.442135440169702e-06
1.6544000244140624 9.764293313396524e-06
1.6554000244140625 1.0201370554729141e-05
1.6564000244140624 1.0265384515971864e-05
1.6574000244140625 1.1023209140373667e-05
1.6584000244140624 1.1690631895145655e-05
1.6594000244140625 1.2250408342423542e-05
1.6604000244140624 1.2727044879432837e-05
1.6614000244140625 1.3204957254717251e-05
1.6624000244140624 1.4214614762346172e-05
1.6634000244140625 1.5251437992743406e-05
1.6644000244140624 1.6441446372941828e-05
1.6654000244140625 1.7526547193329047e-05
1.6664000244140624 1.8345182070024613e-05
1.6674000244140625 1.9304279874129162e-05
1.6684000244140624 2.0789623137117048e-05
1.6694000244140625 2.2141292128515544e-05
1.6704000244140624 2.382162247851121e-05
1.6714000244140625 2.527322024904735e-05
1.6724000244140624 2.7420800041637077e-05
1.6734000244140625 2.921809653083363e-05
1.6744000244140624 3.17182230147197e-05
1.6754000244140625 3.427503837739292e-05
1.6764000244140624 3.699346208053331e-05
1.6774000244140626 3.9723520994256836e-05
1.6784000244140624 4.265668849030594e-05
1.6794000244140626 4.60075816465398e-05
1.6804000244140624 4.932280221879677e-05
1.6814000244140626 5.3469738814646735e-05
1.6824000244140624 5.781770351435237e-05
1.6834000244140626 6.260217008910011e-05
1.6844000244140624 6.728694047046905e-05
1.6854000244140626 7.284638515036116e-05
1.6864000244140624 7.854331271182105e-05
1.6874000244140626 8.505206965144188e-05
1.6884000244140625 9.177268867835606e-05
1.6894000244140626 9.917572504930637e-05
1.6904000244140625 0.00010747255762855836
1.6914000244140626 0.0001167753613775014
1.6924000244140625 0.0001281938656011221
1.6934000244140626 0.00014066037912384557
1.6944000244140625 0.00015498268199782994
1.6954000244140626 0.00017053938443724505
1.6964000244140625 0.0001881925514884774
1.6974000244140626 0.00020878042338945622
1.6984000244140625 0.00023201610365917755
1.6994000244140626 0.00025849193422024057
1.7004000244140625 0.0002894880460070397
1.7014000244140626 0.00032448272763161285
1.7024000244140625 0.0003651041570798974
1.7034000244140626 0.00041151857936655824
1.7044000244140625 0.0004645796817553783
1.7054000244140626 0.00052478908839671
1.7064000244140625 0.0005928001237332839
1.7074000244140626 0.0006701355678398535
1.7084000244140625 0.0007572581670014705
1.7094000244140626 0.0008556942630270867
1.7104000244140625 0.0009677182013295516
1.7114000244140626 0.001092402058367729
1.7124000244140625 0.0012336215723354658
1.7134000244140626 0.0013928938443721062
1.7144000244140625 0.0015721726797325159
1.7154000244140626 0.0017755442927820868
1.7164000244140625 0.0020089943430935593
1.7174000244140626 0.0022751726599421853
1.7184000244140625 0.0025769247211740783
1.7194000244140626 0.002923975292833905
1.7204000244140625 0.0033234497541768534
1.7214000244140626 0.0037866134817818504
1.7224000244140625 0.004322969814539772
1.7234000244140626 0.0049513808456912705
1.7244000244140625 0.005681370634027626
1.7254000244140626 0.006547816646647393
1.7264000244140625 0.0075714622872798875
1.7274000244140626 0.008796117979314497
1.7284000244140625 0.010265942461636377
1.7294000244140626 0.0120216315786474
1.7304000244140625 0.014108938020112335
1.7314000244140626 0.01656622172128211
1.7324000244140625 0.01952349806676346
1.7334000244140626 0.022742269014198294
1.7344000244140625 0.026037724220942936
1.7354000244140626 0.02889144201625162
1.7364000244140625 0.03171568229033924
1.7374000244140626 0.034434712668778164
1.7384000244140625 0.03772865815366665
1.7394000244140626 0.04134283396081958
1.7404000244140625 0.0457044532791054
1.7414000244140626 0.05096483130974597
1.7424000244140625 0.056867505235945394
1.7434000244140626 0.06370582674629233
1.7444000244140625 0.07102382789645043
1.7454000244140624 0.07984793227792322
1.7464000244140625 0.08968186666916524
1.7474000244140624 0.10165213049297045
1.7484000244140625 0.1157634003912946
1.7494000244140624 0.13250346749669017
1.7504000244140625 0.15135712001975937
1.7514000244140624 0.17223913490639095
1.7524000244140625 0.19397347426525766
1.7534000244140624 0.21654586620005542
1.7544000244140625 0.2390751052765685
1.7554000244140624 0.2616762191862284
1.7564000244140625 0.2827133781549235
1.7574000244140624 0.3022030663273799
1.7584000244140625 0.31953939014023885
1.7594000244140624 0.33506287880950547
1.7604000244140625 0.3483075298037905
1.7614000244140624 0.3607965270415121
1.7624000244140625 0.3727536237432296
1.7634000244140624 0.38383217662137503
1.7644000244140625 0.3946178533163614
1.7654000244140624 0.4048992825775342
1.7664000244140625 0.4149649609976727
1.7674000244140624 0.42373153507856853
1.7684000244140625 0.4318061969283251
1.7694000244140624 0.43946285060385376
1.7704000244140625 0.44660110724985547
1.7714000244140624 0.4525216331535971
1.7724000244140625 0.45792570831328683
1.7734000244140624 0.4615015906146906
1.7744000244140625 0.46424402970081896
1.7754000244140624 0.4659951224982432
1.7764000244140625 0.46721888247237514
1.7774000244140624 0.46808617293176924
1.7784000244140625 0.4681203538543413
1.7794000244140624 0.4688913190992632
1.7804000244140625 0.4694367193626028
1.7814000244140624 0.47000050465804993
1.7824000244140625 0.46990247107586186
1.7834000244140624 0.4704379550550398
1.7844000244140625 0.47088114167655887
1.7854000244140624 0.47155842821364474
1.7864000244140625 0.47168781810007565
1.7874000244140624 0.4723289866554774
1.7884000244140625 0.4738272446916665
1.7894000244140624 0.4743857321815261
1.7904000244140625 0.47529267709222045
1.7914000244140624 0.47518045309709156
1.7924000244140625 0.4754056338858152
1.7934000244140624 0.47475876445089826
1.7944000244140625 0.47411342143349167
1.7954000244140624 0.4734634240680491
1.7964000244140625 0.472448132396602
1.7974000244140624 0.4713326437434418
1.7984000244140625 0.46997352551753624
1.7994000244140624 0.4686800538885507
1.8004000244140625 0.46720257012136157
1.8014000244140624 0.4662792854178095
1.8024000244140626 0.4651898716420875
1.8034000244140624 0.46426073463908457
1.8044000244140626 0.46221931858832116
1.8054000244140624 0.46120933064216907
1.8064000244140626 0.46058987319989436
1.8074000244140624 0.46082149426138086
1.8084000244140626 0.4606364430409564
1.8094000244140624 0.4600080319213992
1.8104000244140626 0.45947409831582686
1.8114000244140624 0.45921508607890416
1.8124000244140626 0.46027822887825603
1.8134000244140625 0.46103947468330564
1.8144000244140626 0.4623867388966972
1.8154000244140625 0.46248361126632803
1.8164000244140626 0.46374913772398246
1.8174000244140625 0.4647645468054808
1.8184000244140626 0.46603162859593433
1.8194000244140625 0.46661232716102974
1.8204000244140626 0.46735314916700726
1.8214000244140625 0.46843178484354125
1.8224000244140626 0.46995168533114834
1.8234000244140625 0.4704575727955555
1.8244000244140626 0.4715153473810103
1.8254000244140625 0.4728767924893969
1.8264000244140626 0.47421649860807297
1.8274000244140625 0.474814670183675
1.8284000244140626 0.4750590557151431
1.8294000244140625 0.4756919055966372
1.8304000244140626 0.4765282346277949
1.8314000244140625 0.4774111530747184
1.8324000244140626 0.47840582921787694
1.8334000244140625 0.4785065127696039
1.8344000244140626 0.47835635221255657
1.8354000244140625 0.47823874068470595
1.8364000244140626 0.47921630210541205
1.8374000244140625 0.47967817119768397
1.8384000244140626 0.480020653106283
1.8394000244140625 0.4796654356291554
1.8404000244140626 0.48016357237865404
1.8414000244140625 0.4797137212281137
1.8424000244140626 0.47935530253412983
1.8434000244140625 0.47949962152916903
1.8444000244140626 0.4793765188354699
1.8454000244140625 0.47894222691931965
1.8464000244140626 0.4777754784728836
1.8474000244140625 0.4774359628259922
1.8484000244140626 0.4772074939691711
1.8494000244140625 0.47663211683061407
1.8504000244140626 0.47608885104720616
1.8514000244140625 0.4756352751758736
1.8524000244140626 0.4755413967124509
1.8534000244140625 0.47496739094574386
1.8544000244140626 0.4740165166912317
1.8554000244140625 0.47336483600023793
1.8564000244140626 0.47293742390278515
1.8574000244140625 0.4734435292867755
1.8584000244140626 0.4732697733730039
1.8594000244140625 0.4723049357961077
1.8604000244140626 0.4717811560286253
1.8614000244140625 0.471165118031836
1.8624000244140626 0.47031778630419246
1.8634000244140625 0.46932010665141044
1.8644000244140626 0.4693492467987424
1.8654000244140625 0.46942079314343654
1.8664000244140626 0.4695655122105875
1.8674000244140625 0.46932624930635014
1.8684000244140626 0.4701189917341348
1.8694000244140625 0.47071053093031934
1.8704000244140624 0.47156290218836194
1.8714000244140625 0.47280398569889326
1.8724000244140624 0.4735719287925467
1.8734000244140625 0.4750067351295145
1.8744000244140624 0.47610325304486556
1.8754000244140625 0.476893462903759
1.8764000244140624 0.4776233456154957
1.8774000244140625 0.47721240029345646
1.8784000244140624 0.477730817976288
1.8794000244140625 0.47816067468722856
1.8804000244140624 0.4790312547016464
1.8814000244140625 0.4798988066264697
1.8824000244140624 0.48000653627400597
1.8834000244140625 0.4811714157368328
1.8844000244140624 0.4816997144071141
1.8854000244140625 0.4822915647821628
1.8864000244140624 0.4830059027212436
1.8874000244140625 0.48336018206554787
1.8884000244140624 0.48391614941805816
1.8894000244140625 0.48432897401928
1.8904000244140624 0.48445770436527047
1.8914000244140625 0.4841257835150313
1.8924000244140624 0.48386449895251793
1.8934000244140625 0.4838529749156809
1.8944000244140624 0.4843566881498849
1.8954000244140625 0.4851618830944155
1.8964000244140624 0.485666672023399
1.8974000244140625 0.4861237914329506
1.8984000244140624 0.48619899953246515
1.8994000244140625 0.4866555030504733
1.9004000244140624 0.4863316524271009
1.9014000244140625 0.4868117223348356
1.9024000244140624 0.4868274964524707
1.9034000244140625 0.4876852151169066
1.9044000244140624 0.4872816316497723
1.9054000244140625 0.4875582810978701
1.9064000244140624 0.4874995367763426
1.9074000244140625 0.4880385969315924
1.9084000244140624 0.48837132112060483
1.9094000244140625 0.4878071178485248
1.9104000244140624 0.48771336863648773
1.9114000244140625 0.4875563446809458
1.9124000244140624 0.4887998161991578
1.9134000244140625 0.48950641723919947
1.9144000244140624 0.4896362976216436
1.9154000244140625 0.4892125852052405
1.9164000244140624 0.4883952750676358
1.9174000244140625 0.4890138351339463
1.9184000244140624 0.4889878543344338
1.9194000244140625 0.48879639908789996
1.9204000244140624 0.48758492321669644
1.9214000244140625 0.4877052800782466
1.9224000244140624 0.48760883659021287
1.9234000244140625 0.4869635363291852
1.9244000244140624 0.4869821840854579
1.9254000244140625 0.4862278795627544
1.9264000244140624 0.48590995672454806
1.9274000244140626 0.4855848523623026
1.9284000244140624 0.48581722042876846
1.9294000244140626 0.4854465943596485
1.9304000244140624 0.4850930328381681
1.9314000244140626 0.48445741202808357
1.9324000244140624 0.4844167705777087
1.9334000244140626 0.48360960121299285
1.9344000244140624 0.48294524615828105
1.9354000244140626 0.4821226265825742
1.9364000244140624 0.481887601114199
1.9374000244140626 0.4809674563746882
1.9384000244140625 0.4807181278109726
1.9394000244140626 0.4803230177273422
1.9404000244140625 0.4805731615610685
1.9414000244140626 0.48066775829147773
1.9424000244140625 0.48111712273173024
1.9434000244140626 0.4820335227234211
1.9444000244140625 0.4826706577625741
1.9454000244140626 0.48366251708958125
1.9464000244140625 0.4839981432118446
1.9474000244140626 0.48451136232927244
1.9484000244140625 0.4849351550880163
1.9494000244140626 0.4850586846000923
1.9504000244140625 0.48543368471162035
1.9514000244140626 0.4856265885245531
1.9524000244140625 0.486550746660921
1.9534000244140626 0.48694148991831065
1.9544000244140625 0.48694499808940483
1.9554000244140626 0.48755170966923334
1.9564000244140625 0.4883324191677302
1.9574000244140626 0.48927953471185254
1.9584000244140625 0.4894258516724603
1.9594000244140626 0.48895732738311093
1.9604000244140625 0.4892388438433584
1.9614000244140626 0.4890973340784976
1.9624000244140625 0.49018876175202203
1.9634000244140626 0.48986985625500756
1.9644000244140625 0.4900556527623866
1.9654000244140626 0.48963023959041635
1.9664000244140625 0.4892190375422821
1.9674000244140626 0.48906979364447933
1.9684000244140625 0.4894150206754889
1.9694000244140626 0.48942941807245255
1.9704000244140625 0.48897742403702266
1.9714000244140626 0.48886706373836675
1.9724000244140625 0.48903134043048196
1.9734000244140626 0.48850509268762327
1.9744000244140625 0.4876575574397234
1.9754000244140626 0.48754854702670486
1.9764000244140625 0.48808841737416864
1.9774000244140626 0.48847080651762953
1.9784000244140625 0.4885234043029806
1.9794000244140626 0.48865899940981505
1.9804000244140625 0.48896920365832447
1.9814000244140626 0.48956895685692164
1.9824000244140625 0.4896884086322588
1.9834000244140626 0.489167872494665
1.9844000244140625 0.48933315562142354
1.9854000244140626 0.489142039649368
1.9864000244140625 0.4890525567146989
1.9874000244140626 0.4894632300216777
1.9884000244140625 0.48996528192384964
1.9894000244140626 0.49093155585259834
1.9904000244140625 0.4905157281142162
1.9914000244140626 0.49065171685933096
1.9924000244140625 0.49059348771849165
1.9934000244140626 0.4907871766667892
1.9944000244140625 0.48959246818197016
1.9954000244140624 0.48799402498133077
1.9964000244140625 0.48564265939061996
1.9974000244140624 0.48550735279894447
1.9984000244140625 0.4872470016474177
1.9994000244140624 0.4888062790268643
2.0004000244140623 0.489436016530094
2.0014000244140626 0.48971379368787643
2.0024000244140625 0.49073218094559384
2.0034000244140624 0.4922474082958955
2.0044000244140623 0.49249090924395844
2.0054000244140626 0.4920919638078961
2.0064000244140625 0.491233240644807
2.0074000244140624 0.49095840078274783
2.0084000244140623 0.4904451103055872
2.0094000244140626 0.4907254254887214
2.0104000244140625 0.49118010888416713
2.0114000244140624 0.4912566724702061
2.0124000244140623 0.49098949188868696
2.0134000244140626 0.490824966223124
2.0144000244140625 0.4916257746286481
2.0154000244140624 0.49246078777043223
2.0164000244140623 0.49303891662049854
2.0174000244140626 0.4933258790774435
2.0184000244140625 0.4945260081307189
2.0194000244140624 0.4937167633262331
2.0204000244140623 0.4936514973461752
2.0214000244140626 0.492740491045414
2.0224000244140625 0.4937435355080523
2.0234000244140624 0.49480705311079837
2.0244000244140623 0.49636107581423533
2.0254000244140626 0.4976180222349318
2.0264000244140625 0.4979589781334846
2.0274000244140624 0.49777846006225523
2.0284000244140623 0.49763731718963733
2.0294000244140626 0.49810974273680997
2.0304000244140625 0.4985352995885374
2.0314000244140624 0.4984945490069498
2.0324000244140623 0.4985575891420842
2.0334000244140626 0.4988504535251326
2.0344000244140625 0.4986570629077908
2.0354000244140624 0.4982449017689802
2.0364000244140623 0.4978232997899233
2.0374000244140626 0.49818196740681275
2.0384000244140625 0.4985439088047993
2.0394000244140624 0.4988823602852807
2.0404000244140623 0.49806274515712673
2.0414000244140627 0.49680654418477244
2.0424000244140625 0.49615900734320967
2.0434000244140624 0.4946372519252051
2.0444000244140623 0.49391287938788
2.0454000244140627 0.4926722573974221
2.0464000244140625 0.49183262785420423
2.0474000244140624 0.4913501215201184
2.04839990234375 0.4901611136051237
2.04939990234375 0.4899864787468383
2.05039990234375 0.48989532564300875
2.05139990234375 0.48979402436989683
2.05239990234375 0.48965121720530963
2.05339990234375 0.4893385614750427
2.05439990234375 0.48932478727236645
2.05539990234375 0.48915290228023245
2.05639990234375 0.48888736225354085
2.05739990234375 0.48854404471554025
2.05839990234375 0.48863405277787997
2.05939990234375 0.4889411736856545
2.06039990234375 0.4895556074157486
2.06139990234375 0.4906441422010248
2.06239990234375 0.4912455931941168
2.06339990234375 0.49181771169449257
2.06439990234375 0.4926046729795167
2.06539990234375 0.4926927792853822
2.06639990234375 0.49353820306550206
2.06739990234375 0.4946409422498332
2.06839990234375 0.4959420460224509
2.06939990234375 0.4967108385093989
2.07039990234375 0.4973272535601415
2.07139990234375 0.4986549437080986
2.07239990234375 0.5002203217324211
2.07339990234375 0.5013991822688469
2.07439990234375 0.5020949376795729
2.07539990234375 0.502738938235342
2.07639990234375 0.5026543672453103
2.07739990234375 0.5028033389724501
2.07839990234375 0.5028805367301543
2.07939990234375 0.5032167251043828
2.08039990234375 0.5035929961316857
2.08139990234375 0.5037223149999622
2.08239990234375 0.5039105238670913
2.08339990234375 0.5040559827289566
2.08439990234375 0.504753718437038
2.08539990234375 0.5047791220903033
2.08639990234375 0.5051326128869951
2.08739990234375 0.5044162489845156
2.08839990234375 0.5043530106005307
2.08939990234375 0.5037450357339333
2.09039990234375 0.5032817637495053
2.09139990234375 0.5018835911362223
2.09239990234375 0.5008131759547774
2.09339990234375 0.5012457751252835
2.09439990234375 0.5021747644476383
2.09539990234375 0.5022843538553832
2.09639990234375 0.5017309236595889
2.09739990234375 0.5012465688503802
2.09839990234375 0.501036422202179
2.09939990234375 0.5006718904364152
2.10039990234375 0.5003785324578042
2.10139990234375 0.5002750935471927
2.10239990234375 0.4997347159565589
2.10339990234375 0.50004955101192
2.10439990234375 0.5009457251002628
2.10539990234375 0.5014554119393034
2.10639990234375 0.501047505683781
2.10739990234375 0.5000745935454854
2.10839990234375 0.5002264139824555
2.10939990234375 0.49965674262092186
2.11039990234375 0.5000083645564534
2.11139990234375 0.49886824010686504
2.11239990234375 0.4995719900728839
2.11339990234375 0.49872128912492536
2.11439990234375 0.4988970662209942
2.11539990234375 0.49793654165870477
2.11639990234375 0.4981189248206601
2.11739990234375 0.49895443121521693
2.11839990234375 0.4992122121504267
2.11939990234375 0.49888738595151405
2.12039990234375 0.49775751010840064
2.12139990234375 0.4978182722337117
2.12239990234375 0.49780665437781024
2.12339990234375 0.4973553076950622
2.12439990234375 0.49648210379085045
2.12539990234375 0.4959687850462036
2.12639990234375 0.4958373486193687
2.12739990234375 0.49591346813196757
2.12839990234375 0.4955219703136831
2.12939990234375 0.49545284435938214
2.13039990234375 0.4953609672174103
2.13139990234375 0.4953005160492928
2.13239990234375 0.49575164639778047
2.13339990234375 0.4958333264926143
2.13439990234375 0.49580773198862516
2.13539990234375 0.49580230793000696
2.13639990234375 0.4949551545033986
2.13739990234375 0.4954296848467568
2.13839990234375 0.4955830621699249
2.13939990234375 0.4963416150859039
2.14039990234375 0.49685038627212147
2.14139990234375 0.49724901675788896
2.14239990234375 0.4973342432319795
2.14339990234375 0.49767048669388736
2.14439990234375 0.49879098673971844
2.14539990234375 0.4997122363753925
2.14639990234375 0.5000374420415203
2.14739990234375 0.4994366589333815
2.14839990234375 0.5000344930127989
2.14939990234375 0.501001246828138
2.15039990234375 0.5014669750584507
2.15139990234375 0.5007514556067421
2.15239990234375 0.5004035520457953
2.15339990234375 0.500253113973953
2.15439990234375 0.5000622230555346
2.15539990234375 0.49914896730074115
2.15639990234375 0.4985135497541126
2.15739990234375 0.4990585231967608
2.15839990234375 0.49859971393575886
2.15939990234375 0.49815987911819704
2.16039990234375 0.4970112593565799
2.16139990234375 0.4965152322620579
2.16239990234375 0.4948516793082879
2.16339990234375 0.49382666280547693
2.16439990234375 0.4937138196672235
2.16539990234375 0.4927864800784384
2.16639990234375 0.49205741964756866
2.16739990234375 0.4908698452778874
2.16839990234375 0.4903914285914296
2.16939990234375 0.48888210870111004
2.17039990234375 0.48749045383433115
2.17139990234375 0.4865385450792592
2.17239990234375 0.48626969734831255
2.17339990234375 0.4856704328649136
2.17439990234375 0.4857797545551586
2.17539990234375 0.48523484209232554
2.17639990234375 0.4857622540710476
2.17739990234375 0.4851893473667558
2.17839990234375 0.48558408482643894
2.17939990234375 0.48483082613988754
2.18039990234375 0.48439377799058836
2.18139990234375 0.483782705519808
2.18239990234375 0.4831026129773855
2.18339990234375 0.48356598043665916
2.18439990234375 0.48445011385679176
2.18539990234375 0.48576987309014247
2.18639990234375 0.48620986417098827
2.18739990234375 0.486072935600256
2.18839990234375 0.4858227495323215
2.18939990234375 0.48623667326436865
2.19039990234375 0.4867740021718226
2.19139990234375 0.48742283134136166
2.19239990234375 0.48781269567510654
2.19339990234375 0.48844118729950514
2.19439990234375 0.4891084277717445
2.19539990234375 0.4894948568442043
2.19639990234375 0.49035956238817907
2.19739990234375 0.4914213242880004
2.19839990234375 0.4927156574927092
2.19939990234375 0.4937648193409958
2.20039990234375 0.4943266309848746
2.20139990234375 0.494397985713475
2.20239990234375 0.4955761342396678
2.20339990234375 0.4961416640257941
2.20439990234375 0.4967672543642935
2.20539990234375 0.49645837377116553
2.20639990234375 0.4955186813456511
2.20739990234375 0.49418031665031614
2.20839990234375 0.4923455980574895
2.20939990234375 0.49029593231269963
2.21039990234375 0.48726165951899497
2.21139990234375 0.4831487863220264
2.21239990234375 0.4778443722713246
2.21339990234375 0.4706566608925626
2.21439990234375 0.4620354991398971
2.21539990234375 0.451414567966359
2.21639990234375 0.4398172089701843
2.21739990234375 0.42593698032667915
2.21839990234375 0.4106587788961558
2.21939990234375 0.39377835114121695
2.22039990234375 0.3755313994431254
2.22139990234375 0.3560614932049043
2.22239990234375 0.3357871218888942
2.22339990234375 0.31418178634990096
2.22439990234375 0.2913767525771157
2.22539990234375 0.2688313127747524
2.22639990234375 0.24730491471015884
2.22739990234375 0.22693981299536228
2.22839990234375 0.2077829965761546
2.22939990234375 0.19013407452542805
2.23039990234375 0.1736521061876177
2.23139990234375 0.15855713530425639
2.23239990234375 0.14472211171442964
2.23339990234375 0.13174829305774327
2.23439990234375 0.11970175962708003
2.23539990234375 0.10839546069017794
2.23639990234375 0.09782179727554213
2.23739990234375 0.08774864677113546
2.23839990234375 0.07833665898566128
2.23939990234375 0.06984230485420205
2.24039990234375 0.0620051272984613
2.24139990234375 0.05485842077620239
2.24239990234375 0.048470412228687663
2.24339990234375 0.0426932505262906
2.24439990234375 0.037450980755707575
2.24539990234375 0.032783206929702394
2.24639990234375 0.028645215791820066
2.24739990234375 0.025042841944654472
2.24839990234375 0.021869928985595994
2.24939990234375 0.01909986524971759
2.25039990234375 0.016670356098734275
2.25139990234375 0.014548266671204487
2.25239990234375 0.012701248224296413
2.25339990234375 0.011090943675507883
2.25439990234375 0.009686423915425062
2.25539990234375 0.008460859116061066
2.25639990234375 0.007376842584662603
2.25739990234375 0.00645107187587283
2.25839990234375 0.0056346140790181605
2.25939990234375 0.004931509775579793
2.26039990234375 0.004308433826699076
2.26139990234375 0.003774312102897631
2.26239990234375 0.0033081936190299515
2.26339990234375 0.002908539700379615
2.26439990234375 0.0025585253088135293
2.26539990234375 0.002256378204296715
2.26639990234375 0.0019896902821491783
2.26739990234375 0.0017634507540750704
2.26839990234375 0.0015661911803714775
2.26939990234375 0.0013972137175611381
2.27039990234375 0.0012474379460695436
2.27139990234375 0.0011209956633168182
2.27239990234375 0.0010064954262396129
2.27339990234375 0.000908860356652666
2.27439990234375 0.0008187002377285958
2.27539990234375 0.0007409888253081356
2.27639990234375 0.0006687651316729152
2.27739990234375 0.0006082081412451553
2.27839990234375 0.00055338973637383
2.27939990234375 0.0005055484021065674
2.28039990234375 0.000460699553729983
2.28139990234375 0.0004214681461234004
2.28239990234375 0.00038543830641189986
2.28339990234375 0.00035542174306064684
2.28439990234375 0.0003269851925808186
2.28539990234375 0.0003019457445941165
2.28639990234375 0.0002762431732533511
2.28739990234375 0.00025579683165851574
2.28839990234375 0.00023516129468391397
2.28939990234375 0.00021778723906883715
2.29039990234375 0.00020112075998149787
2.29139990234375 0.00018589003425633133
2.29239990234375 0.0001717861420905343
2.29339990234375 0.00015788063518057892
2.29439990234375 0.00014665334025518552
2.29539990234375 0.00013599118795349247
2.29639990234375 0.000127670267047606
2.29739990234375 0.00011801268001542309
2.29839990234375 0.00011107884341779974
2.29939990234375 0.00010301705396489922
2.30039990234375 9.644242858436722e-05
2.30139990234375 8.876466144422946e-05
2.30239990234375 8.358208110358988e-05
2.30339990234375 7.808101903828694e-05
2.30439990234375 7.29164518077823e-05
2.30539990234375 6.80168727749128e-05
2.30639990234375 6.423190814000334e-05
2.30739990234375 6.028466127661554e-05
2.30839990234375 5.578283707827725e-05
2.30939990234375 5.273589680031435e-05
2.31039990234375 4.9506955214980536e-05
2.31139990234375 4.6642112818863625e-05
2.31239990234375 4.2587451207166415e-05
2.31339990234375 3.9319346403351384e-05
2.31439990234375 3.6478974873468835e-05
2.31539990234375 3.431284623517469e-05
2.31639990234375 3.2097118409002975e-05
2.31739990234375 3.0430823418469322e-05
2.31839990234375 2.814333603777302e-05
2.31939990234375 2.631354146248944e-05
2.32039990234375 2.4259288774895587e-05
2.32139990234375 2.353166574594059e-05
2.32239990234375 2.259576700275059e-05
2.32339990234375 2.127327094759549e-05
2.32439990234375 1.9066411951211858e-05
2.32539990234375 1.7600979498381713e-05
2.32639990234375 1.598084753305828e-05
2.32739990234375 1.5116462520029594e-05
2.32839990234375 1.390606403348863e-05
2.32939990234375 1.3298750723505564e-05
2.33039990234375 1.2085384283119046e-05
2.33139990234375 1.125051506776571e-05
2.33239990234375 1.026727201274875e-05
2.33339990234375 9.412205529837108e-06
2.33439990234375 8.696690848780344e-06
2.33539990234375 8.137270700258547e-06
2.33639990234375 7.604372599398932e-06
2.33739990234375 7.125503810437301e-06
2.33839990234375 6.589266803585168e-06
2.33939990234375 6.113295596119624e-06
2.34039990234375 5.612288830275653e-06
2.34139990234375 5.2489627590120975e-06
2.34239990234375 5.303202520839509e-06
2.34339990234375 5.157637608694176e-06
2.34439990234375 5.150384575281942e-06
2.34539990234375 4.836689670763747e-06
2.34639990234375 4.713137123595945e-06
2.34739990234375 4.463590296955093e-06
2.34839990234375 4.31890437785065e-06
2.34939990234375 4.355736787188627e-06
2.35039990234375 4.348212255869215e-06
2.35139990234375 4.119511008459214e-06
2.35239990234375 3.890639630560718e-06
2.35339990234375 3.7482604571394167e-06
2.35439990234375 3.7095931316705585e-06
2.35539990234375 3.602836342451252e-06
2.35639990234375 3.3242241242700796e-06
2.35739990234375 3.2684980731060835e-06
2.35839990234375 3.086811465407564e-06
2.35939990234375 3.0848754209216037e-06
2.36039990234375 3.0400545373155033e-06
2.36139990234375 2.839317349018354e-06
2.36239990234375 2.628248196028552e-06
2.36339990234375 2.3580504072998676e-06
2.36439990234375 2.2129693794751154e-06
2.36539990234375 2.0756454956731384e-06
2.36639990234375 1.826616520724787e-06
2.36739990234375 1.57049499181841e-06
2.36839990234375 1.3040603028541424e-06
2.36939990234375 1.1656982344949888e-06
2.37039990234375 9.801945474350287e-07
2.37139990234375 8.41572474452647e-07
2.37239990234375 7.057069778835529e-07
2.37339990234375 6.204601598990884e-07
2.37439990234375 5.646280883431733e-07
2.37539990234375 5.535814820398624e-07
2.37639990234375 5.464591962560537e-07
2.37739990234375 5.665058497306911e-07
2.37839990234375 5.269073393038378e-07
2.37939990234375 5.059259286181602e-07
2.38039990234375 4.256022909739581e-07
2.38139990234375 4.082257389346457e-07
2.38239990234375 3.4744777210563265e-07
2.38339990234375 3.0969542284003195e-07
2.38439990234375 2.537671393129997e-07
2.38539990234375 2.5061158480206145e-07
2.38639990234375 2.3105115556991154e-07
2.38739990234375 2.2345101035417803e-07
2.38839990234375 2.036986968738219e-07
2.38939990234375 1.80029656651685e-07
2.39039990234375 1.5519224945237394e-07
2.39139990234375 1.2918334781308695e-07
2.39239990234375 1.247970763848843e-07
2.39339990234375 1.1808503231888194e-07
2.39439990234375 1.1149853548801932e-07
2.39539990234375 9.582859298754348e-08
2.39639990234375 8.269159885565177e-08
2.39739990234375 6.868901108859812e-08
2.39839990234375 6.30538103293735e-08
2.39939990234375 5.9549263995872035e-08
2.40039990234375 5.6918286289079334e-08
2.40139990234375 5.1066041503356044e-08
2.40239990234375 4.470567135512955e-08
2.40339990234375 3.872567653746454e-08
2.40439990234375 3.3513963945647543e-08
2.40539990234375 2.996432396328872e-08
2.40639990234375 2.9120453796759627e-08
2.40739990234375 2.634765394199617e-08
2.40839990234375 2.4681025062194386e-08
2.40939990234375 2.1450383794322136e-08
2.41039990234375 1.9071901500390976e-08
2.41139990234375 1.5495289018402995e-08
2.41239990234375 1.2749098655013922e-08
2.41339990234375 1.1072291841624682e-08
2.41439990234375 9.592201946514654e-09
2.41539990234375 9.207680640987917e-09
2.41639990234375 7.954813200367635e-09
2.41739990234375 7.0521487959344415e-09
2.41839990234375 6.1846906412175326e-09
2.41939990234375 5.677270476220006e-09
2.42039990234375 5.2759655014613975e-09
2.42139990234375 4.816178335745487e-09
2.42239990234375 4.492562134619934e-09
2.42339990234375 3.796453101874662e-09
2.42439990234375 3.3710198919815553e-09
2.42539990234375 2.839043217894566e-09
2.42639990234375 2.6475599863030673e-09
2.42739990234375 2.1586781161969963e-09
2.42839990234375 1.8981289313732773e-09
2.42939990234375 1.6479854851584924e-09
2.43039990234375 1.4061377905353744e-09
2.43139990234375 1.3088061645241242e-09
2.43239990234375 1.1363002743722435e-09
2.43339990234375 1.094914875058918e-09
2.43439990234375 9.36977769974085e-10
2.43539990234375 8.715931061006854e-10
2.43639990234375 6.99629615065122e-10
2.43739990234375 6.279970781317689e-10
2.43839990234375 5.144906317257333e-10
2.43939990234375 4.589082471331807e-10
2.44039990234375 4.1952452106194526e-10
2.44139990234375 3.6923674562908304e-10
2.44239990234375 3.42504478225872e-10
2.44339990234375 2.840571136974123e-10
2.44439990234375 2.4019423268728947e-10
2.44539990234375 1.9341346905696727e-10
2.44639990234375 1.557148565107395e-10
2.44739990234375 1.279717519107761e-10
2.44839990234375 1.062685597080914e-10
2.44939990234375 9.609358092739427e-11
2.45039990234375 9.685926610779994e-11
2.45139990234375 9.510773537659655e-11
2.45239990234375 9.03499476559294e-11
2.45339990234375 8.74152782971955e-11
2.45439990234375 7.929412849680369e-11
2.45539990234375 8.001057048274843e-11
2.45639990234375 7.541537944153151e-11
2.45739990234375 8.223141734366862e-11
2.45839990234375 7.864634687277154e-11
2.45939990234375 7.6068816094395e-11
2.46039990234375 6.905629298714498e-11
2.46139990234375 6.81224546882644e-11
2.46239990234375 6.261348379519979e-11
2.46339990234375 5.771880953443484e-11
2.46439990234375 4.679801717284683e-11
2.46539990234375 4.5411539318085194e-11
2.46639990234375 3.994980541405773e-11
2.46739990234375 4.090780231535306e-11
2.46839990234375 3.807852171706723e-11
2.46939990234375 3.626589050159311e-11
2.47039990234375 3.2417569104901864e-11
2.47139990234375 3.122714962643579e-11
2.47239990234375 2.8708909007965255e-11
2.47339990234375 2.779606207512504e-11
2.47439990234375 2.360543927817235e-11
2.47539990234375 2.3009040529109977e-11
2.47639990234375 2.03384410101979e-11
2.47739990234375 1.8389764419813247e-11
2.47839990234375 1.637926046471575e-11
2.47939990234375 1.4854810856337353e-11
2.48039990234375 1.4796866027557865e-11
2.48139990234375 1.3819585460515245e-11
2.48239990234375 1.2013111910873896e-11
2.48339990234375 1.0062649151783975e-11
2.48439990234375 8.467802576891022e-12
2.48539990234375 7.633908906020196e-12
2.48639990234375 6.969216186909183e-12
2.48739990234375 6.509163784487199e-12
2.48839990234375 6.4443894766754445e-12
2.48939990234375 6.359952260296867e-12
2.49039990234375 6.108946970013436e-12
2.49139990234375 5.414964691268089e-12
2.49239990234375 4.7700016188328526e-12
2.49339990234375 4.296381821863209e-12
2.49439990234375 3.64503694457707e-12
2.49539990234375 3.2001169462114487e-12
2.49639990234375 2.7281927331839895e-12
2.49739990234375 2.741645721746431e-12
2.49839990234375 2.4369606819315745e-12
2.49939990234375 2.2353975099688905e-12
2.50039990234375 1.875855613181075e-12
2.50139990234375 1.6231578453405555e-12
2.50239990234375 1.581159782688374e-12
2.50339990234375 1.479306604561617e-12
2.50439990234375 1.4152540566489268e-12
2.50539990234375 1.1897712251892737e-12
2.50639990234375 1.0970238471545214e-12
2.50739990234375 1.025259034785279e-12
2.50839990234375 9.065046067469337e-13
2.50939990234375 8.228759890146265e-13
2.51039990234375 7.997166464728393e-13
2.51139990234375 7.517229444971236e-13
2.51239990234375 6.824723045583896e-13
2.51339990234375 5.693221995037836e-13
2.51439990234375 5.015173274403512e-13
2.51539990234375 4.672439269892428e-13
2.51639990234375 4.011549715877848e-13
2.51739990234375 3.8319221453252203e-13
2.51839990234375 3.4002755801218114e-13
2.51939990234375 3.3039460632857433e-13
2.52039990234375 3.0823651409162264e-13
2.52139990234375 2.6608551427144546e-13
2.52239990234375 2.3931606945822855e-13
2.52339990234375 2.058912726232986e-13
2.52439990234375 2.0242981513771504e-13
2.52539990234375 1.7746753519483274e-13
2.52639990234375 1.6855237122536497e-13
2.52739990234375 1.518915611853137e-13
2.52839990234375 1.4705937535055063e-13
2.52939990234375 1.2869802137090235e-13
2.53039990234375 1.1462697905501845e-13
2.53139990234375 1.0530345575121933e-13
2.53239990234375 1.0002263618527398e-13
2.53339990234375 9.434523480952205e-14
2.53439990234375 9.105412043007728e-14
2.53539990234375 8.021617195195368e-14
2.53639990234375 7.225678568704689e-14
2.53739990234375 6.407971250306733e-14
2.53839990234375 6.308358751840206e-14
2.53939990234375 5.82578755745386e-14
2.54039990234375 5.404119774408571e-14
2.54139990234375 4.9472575781920627e-14
2.54239990234375 4.761924294520257e-14
2.54339990234375 4.2215339482557e-14
2.54439990234375 4.049690022160794e-14
2.54539990234375 3.3466400703161e-14
2.54639990234375 3.30064992603407e-14
2.54739990234375 2.850112531728344e-14
2.54839990234375 2.7202847909282856e-14
2.54939990234375 2.2722527298940496e-14
2.55039990234375 1.9929243826216354e-14
2.55139990234375 1.8281024679009583e-14
2.55239990234375 1.8454763018690412e-14
2.55339990234375 1.7502874389251355e-14
2.55439990234375 1.485441175783203e-14
2.55539990234375 1.262493670751391e-14
2.55639990234375 1.1536288776116507e-14
2.55739990234375 1.1469193618190939e-14
2.55839990234375 1.003120363645336e-14
2.55939990234375 9.235627079667798e-15
2.56039990234375 8.270807272218348e-15
2.56139990234375 7.546095150912025e-15
2.56239990234375 7.067714333849366e-15
2.56339990234375 6.592866692859584e-15
2.56439990234375 6.1506097822715944e-15
2.56539990234375 5.2945855622754e-15
2.56639990234375 4.878333435911576e-15
2.56739990234375 4.640370808033305e-15
2.56839990234375 4.388070550894252e-15
2.56939990234375 3.809859625281697e-15
2.57039990234375 3.2501313417269652e-15
2.57139990234375 2.7828803008943138e-15
2.57239990234375 2.7200968286690863e-15
2.57339990234375 2.5357962444799716e-15
2.57439990234375 2.333104193190553e-15
2.57539990234375 2.2019209016954324e-15
2.57639990234375 1.986680356242256e-15
2.57739990234375 1.810493269960069e-15
2.57839990234375 1.4259123716634476e-15
2.57939990234375 1.3862334756301575e-15
2.58039990234375 1.2023201587111947e-15
2.58139990234375 1.1444413620109615e-15
2.58239990234375 1.0356653601907292e-15
2.58339990234375 9.466583429051584e-16
2.58439990234375 8.649239058364386e-16
2.58539990234375 7.430713506327338e-16
2.58639990234375 6.449025711227553e-16
2.58739990234375 5.55659670822373e-16
2.58839990234375 4.849257778561351e-16
2.58939990234375 4.2022378789318337e-16
2.59039990234375 3.56932217127346e-16
2.59139990234375 3.056688951601335e-16
2.59239990234375 2.53546411861175e-16
2.59339990234375 2.1349893131871382e-16
2.59439990234375 1.8213319113871557e-16
2.59539990234375 1.479881912084086e-16
2.59639990234375 1.2471639864691197e-16
2.59739990234375 9.392299236672682e-17
