Wavelength_microns Throughput
0.5509000244140625 8.445070398275323e-11
0.5519000244140625 2.7809670457176773e-13
0.5529000244140625 3.6330407490857295e-10
0.5539000244140625 5.4810970253294595e-11
0.5549000244140625 3.487105266328988e-11
0.5559000244140625 4.453903819469315e-10
0.5569000244140625 1.844809246939439e-10
0.5579000244140625 3.5956979075700015e-10
0.5589000244140625 1.530743610324354e-10
0.5599000244140625 4.011686233141498e-10
0.5609000244140625 5.528688450778182e-10
0.5619000244140625 5.661345416146848e-10
0.5629000244140625 9.406257967844573e-13
0.5639000244140625 1.0024567622335783e-12
0.5649000244140625 1.6548117413748937e-12
0.5659000244140625 1.6379471167114852e-10
0.5669000244140625 2.6493950065073623e-10
0.5679000244140625 1.1318581656754235e-12
0.5689000244140625 8.75252548531877e-11
0.5699000244140625 3.2659719563213944e-10
0.5709000244140625 1.1988149808079736e-12
0.5719000244140625 3.043215552765357e-10
0.5729000244140625 2.5143503972968605e-10
0.5739000244140625 1.5728191700306066e-10
0.5749000244140625 4.283205417822533e-10
0.5759000244140625 2.3499264169124216e-10
0.5769000244140625 2.1366203172039105e-09
0.5779000244140625 1.480643117614662e-10
0.5789000244140625 4.3559254169035964e-10
0.5799000244140625 2.239550955311458e-12
0.5809000244140625 2.2181510044944186e-09
0.5819000244140625 9.146981676003651e-10
0.5829000244140625 7.176237192397113e-10
0.5839000244140625 1.8632552745575975e-09
0.5849000244140625 3.332040157951649e-09
0.5859000244140625 5.994796415299202e-10
0.5869000244140625 1.3549343356897712e-09
0.5879000244140625 3.265187562546318e-09
0.5889000244140625 4.26760200693383e-12
0.5899000244140625 1.0405326394151395e-10
0.5909000244140625 2.541667674656122e-09
0.5919000244140625 3.274726926234447e-10
0.5929000244140625 3.05995570039496e-09
0.5939000244140625 4.7729357887654365e-12
0.5949000244140625 2.973309993510217e-09
0.5959000244140625 1.939098317322932e-09
0.5969000244140625 4.3175862481398625e-10
0.5979000244140625 7.165041012284294e-09
0.5989000244140625 5.092615651132563e-12
0.5999000244140625 2.311181134432344e-09
0.6009000244140625 5.004666931053027e-09
0.6019000244140625 3.516007481219008e-09
0.6029000244140625 2.9917200844681997e-09
0.6039000244140625 7.884622107938721e-09
0.6049000244140625 1.2759645958805428e-09
0.6059000244140625 1.296877597371494e-09
0.6069000244140625 5.763165061087619e-12
0.6079000244140625 1.8056753791358618e-09
0.6089000244140625 1.489091070642963e-09
0.6099000244140625 3.7306124836287095e-09
0.6109000244140625 7.097009487841683e-09
0.6119000244140625 6.191498855336563e-12
0.6129000244140625 2.9457179675587843e-09
0.6139000244140626 6.455690410867772e-10
0.6149000244140626 1.6580577762596576e-09
0.6159000244140626 6.534130126620639e-09
0.6169000244140626 6.5808632834627125e-12
0.6179000244140626 3.781499708157306e-09
0.6189000244140626 9.757968528887977e-10
0.6199000244140624 3.865689189784461e-10
0.6209000244140624 5.674838136335155e-10
0.6219000244140624 1.598566637980076e-09
0.6229000244140624 6.91010181943938e-09
0.6239000244140624 2.3851210174549395e-09
0.6249000244140624 9.563582290111841e-10
0.6259000244140625 1.6275408153950072e-09
0.6269000244140625 9.136897368512792e-09
0.6279000244140625 1.7054600019088558e-09
0.6289000244140625 4.3045778987364926e-10
0.6299000244140625 7.985205791812556e-12
0.6309000244140625 8.793236212072958e-09
0.6319000244140625 2.1023092944967684e-09
0.6329000244140625 5.108582086126063e-10
0.6339000244140625 8.45337637971548e-12
0.6349000244140625 1.1640764615739387e-08
0.6359000244140625 4.639708006197337e-09
0.6369000244140625 8.099100759476578e-09
0.6379000244140625 1.0694834475650274e-08
0.6389000244140625 2.5963426412275583e-09
0.6399000244140625 2.4521021078825334e-11
0.6409000244140625 9.328045094474867e-12
0.6419000244140625 3.952670426545236e-09
0.6429000244140625 9.494147924012116e-09
0.6439000244140625 2.381830257181522e-09
0.6449000244140625 1.1390156503262746e-08
0.6459000244140625 1.2814677493516776e-08
0.6469000244140625 8.130806711890337e-09
0.6479000244140625 1.3609764353524015e-08
0.6489000244140625 1.0414379110315484e-11
0.6499000244140625 1.6798763349203929e-09
0.6509000244140625 1.3500620409961598e-08
0.6519000244140625 1.0826234563721492e-11
0.6529000244140625 9.982563949058149e-09
0.6539000244140625 1.11034120188213e-11
0.6549000244140625 2.39311040345311e-08
0.6559000244140625 1.7754190463234681e-09
0.6569000244140625 2.701122354300303e-09
0.6579000244140625 4.762285285475e-09
0.6589000244140625 1.6283873923916594e-08
0.6599000244140625 1.1998977568451159e-11
0.6609000244140625 1.212904918511407e-11
0.6619000244140625 2.000548079587527e-08
0.6629000244140625 1.2388988439226103e-11
0.6639000244140625 7.9186999450209e-09
0.6649000244140625 5.161400176374539e-09
0.6659000244140625 1.8977283352137153e-09
0.6669000244140625 8.057581668975909e-09
0.6679000244140625 1.920186079635697e-10
0.6689000244140625 1.3159752511362543e-11
0.6699000244140625 4.896463264587996e-10
0.6709000244140625 2.0910583626104478e-10
0.6719000244140625 2.6648382427637824e-10
0.6729000244140625 1.3661059520254576e-11
0.6739000244140625 8.666880582169252e-09
0.6749000244140625 5.923530571264178e-09
0.6759000244140625 1.450529339464141e-08
0.6769000244140625 2.918017752629534e-11
0.6779000244140625 1.4208543685748044e-11
0.6789000244140625 1.937191566439453e-08
0.6799000244140625 3.5640932338781465e-09
0.6809000244140625 4.793848234947925e-09
0.6819000244140625 1.4637236086146836e-11
0.6829000244140625 1.6595555934114355e-09
0.6839000244140625 2.1352245727790134e-08
0.6849000244140625 1.4893689261177587e-11
0.6859000244140625 1.5581860255666342e-08
0.6869000244140625 5.255676969707467e-09
0.6879000244140625 6.6823230765619816e-09
0.6889000244140625 2.1428718219728607e-08
0.6899000244140625 1.1650397974341348e-08
0.6909000244140625 2.1891957963559077e-09
0.6919000244140625 3.737923125545212e-09
0.6929000244140625 1.3073231918734404e-08
0.6939000244140625 1.1784272888832452e-08
0.6949000244140625 8.879165593989798e-11
0.6959000244140625 1.4563599826285062e-08
0.6969000244140625 3.257206259920414e-09
0.6979000244140625 1.0802194342689781e-08
0.6989000244140625 2.812536651914697e-08
0.6999000244140625 1.1078042240440758e-08
0.7009000244140625 4.741922299113649e-09
0.7019000244140625 3.369949736143046e-08
0.7029000244140625 1.6062425674224043e-11
0.7039000244140625 1.6133299316021097e-11
0.7049000244140625 1.6163390047285978e-11
0.7059000244140625 2.4758738069945247e-09
0.7069000244140625 9.081995667198757e-09
0.7079000244140625 4.835049851973806e-09
0.7089000244140625 2.0778600361505303e-08
0.7099000244140625 2.306570553749418e-08
0.7109000244140625 1.9577899562138156e-09
0.7119000244140625 3.2827818440906464e-09
0.7129000244140625 5.3334620996455176e-08
0.7139000244140625 1.6487425965448165e-11
0.7149000244140625 2.108697152163338e-09
0.7159000244140625 2.6283114035568645e-08
0.7169000244140625 1.548980083364691e-08
0.7179000244140625 5.826946379401503e-09
0.7189000244140625 4.0476265665117296e-09
0.7199000244140625 8.04793336814236e-09
0.7209000244140625 4.853649723291823e-09
0.7219000244140625 3.6744362430254807e-09
0.7229000244140625 4.907081658957839e-09
0.7239000244140625 1.6678855740124964e-11
0.7249000244140625 1.5363807993806467e-09
0.7259000244140625 1.6733914436401283e-11
0.7269000244140625 1.0826191038784816e-09
0.7279000244140625 1.67604516362717e-11
0.7289000244140625 7.2249412385479976e-09
0.7299000244140625 6.9720036235107525e-09
0.7309000244140625 1.319353896639558e-08
0.7319000244140625 1.68161005622802e-11
0.7329000244140625 1.6836979595675598e-11
0.7339000244140625 1.683706584319367e-11
0.7349000244140625 6.367367267918258e-09
0.7359000244140625 1.010437783708902e-08
0.7369000244140625 2.13988157339276e-09
0.7379000244140625 7.89395186212901e-09
0.7389000244140626 4.426314841338476e-09
0.7399000244140626 2.4466155787766724e-09
0.7409000244140626 3.917177840143197e-09
0.7419000244140626 4.721654111091899e-10
0.7429000244140626 2.4747563200544016e-09
0.7439000244140626 1.9918092243276255e-09
0.7449000244140624 2.759980740565172e-09
0.7459000244140624 1.6986367073413815e-11
0.7469000244140624 8.325910255321939e-10
0.7479000244140624 3.4688952119389133e-09
0.7489000244140624 4.157844815553534e-09
0.7499000244140624 1.3713526044859804e-09
0.7509000244140625 6.585156745249795e-09
0.7519000244140625 2.129457514249243e-09
0.7529000244140625 1.705912181309098e-11
0.7539000244140625 2.8738647766447698e-09
0.7549000244140625 1.7086021233274965e-11
0.7559000244140625 1.7096073058713315e-11
0.7569000244140625 1.7103125095244644e-11
0.7579000244140625 1.7136558430226135e-11
0.7589000244140625 8.143649959994944e-09
0.7599000244140625 5.2490911377462974e-09
0.7609000244140625 2.72268063377647e-09
0.7619000244140625 1.714037405757404e-11
0.7629000244140625 1.717452122155053e-11
0.7639000244140625 4.152070137564479e-09
0.7649000244140625 4.895321453423988e-10
0.7659000244140625 1.722737997643424e-11
0.7669000244140625 1.724784899426711e-11
0.7679000244140625 1.68211465019149e-08
0.7689000244140625 2.3167298313485836e-08
0.7699000244140625 1.7293563190300927e-11
0.7709000244140625 1.7495352739972802e-08
0.7719000244140625 6.238362805338147e-09
0.7729000244140625 1.738386629678926e-11
0.7739000244140625 7.0743189207377e-09
0.7749000244140625 2.11119338182963e-09
0.7759000244140625 1.74532769473379e-11
0.7769000244140625 1.7495197304057167e-11
0.7779000244140625 1.750824319612654e-11
0.7789000244140625 1.7545007515904e-11
0.7799000244140625 7.483209732650199e-09
0.7809000244140625 1.947221262749023e-08
0.7819000244140625 6.382448179554996e-09
0.7829000244140625 6.472193053556579e-09
0.7839000244140625 4.3470301854194185e-09
0.7849000244140625 1.0075346251817564e-08
0.7859000244140625 1.967654246004942e-09
0.7869000244140625 7.557812941044094e-09
0.7879000244140625 8.972015926561776e-09
0.7889000244140625 1.2869969688947198e-08
0.7899000244140625 1.3616966962347992e-08
0.7909000244140625 4.47440269912486e-09
0.7919000244140625 2.8753556796936686e-09
0.7929000244140625 4.62784313215242e-09
0.7939000244140625 1.4102004077613684e-08
0.7949000244140625 1.1302689393579846e-07
0.7959000244140625 1.5111156882036433e-07
0.7969000244140625 1.578838094020555e-07
0.7979000244140625 1.6292213191074206e-07
0.7989000244140625 1.5057109371898473e-07
0.7999000244140625 1.853291828839994e-07
0.8009000244140625 1.443802529437995e-07
0.8019000244140625 2.0625731549347708e-07
0.8029000244140625 2.1253307340184028e-07
0.8039000244140625 2.2559206684111227e-07
0.8049000244140625 2.1126183802979507e-07
0.8059000244140625 1.8962382695925484e-07
0.8069000244140625 2.0378166877951466e-07
0.8079000244140625 2.4198534078157244e-07
0.8089000244140625 1.8404921156562982e-07
0.8099000244140625 1.626170468152271e-07
0.8109000244140625 2.0878108583330062e-07
0.8119000244140625 9.639095510404253e-08
0.8129000244140625 9.204964785856608e-08
0.8139000244140625 9.013548616818545e-08
0.8149000244140625 7.556676674438353e-08
0.8159000244140625 6.463649986823137e-08
0.8169000244140625 5.4854189762615903e-08
0.8179000244140625 6.112468579957745e-08
0.8189000244140625 3.1911037055080933e-08
0.8199000244140625 6.260517402031783e-08
0.8209000244140625 1.984150927441305e-08
0.8219000244140625 5.772045158361706e-08
0.8229000244140625 4.6309722814157825e-08
0.8239000244140625 3.5686029297753864e-08
0.8249000244140625 4.829063723558873e-08
0.8259000244140625 5.7207826240170054e-08
0.8269000244140625 7.498391652353562e-08
0.8279000244140625 4.427073691011548e-08
0.8289000244140625 5.603608673563303e-08
0.8299000244140625 2.2645022714546743e-08
0.8309000244140625 2.6449304197486865e-08
0.8319000244140625 3.452065796819143e-08
0.8329000244140625 1.4581382133212378e-08
0.8339000244140625 3.213263925678733e-08
0.8349000244140625 4.527429774562306e-08
0.8359000244140625 4.933463567765412e-08
0.8369000244140625 4.217301207852703e-08
0.8379000244140625 5.243895469761175e-08
0.8389000244140625 1.5154866287705268e-08
0.8399000244140625 3.621565124931491e-08
0.8409000244140625 5.013693799170925e-08
0.8419000244140625 7.742464704357882e-08
0.8429000244140625 6.830352286867623e-08
0.8439000244140625 4.306206361434512e-08
0.8449000244140625 1.7360971642680164e-08
0.8459000244140625 1.2184807232315981e-07
0.8469000244140625 7.787268126114032e-08
0.8479000244140625 6.943647785005791e-08
0.8489000244140625 6.232406524455824e-08
0.8499000244140625 1.0799468650273573e-07
0.8509000244140625 4.747333044345657e-08
0.8519000244140625 1.5621568059914886e-08
0.8529000244140625 7.32124449125762e-08
0.8539000244140625 2.5456363065819423e-08
0.8549000244140625 1.490745041715561e-07
0.8559000244140625 6.059383935306637e-08
0.8569000244140625 9.071913083539452e-08
0.8579000244140625 1.1396970559308541e-07
0.8589000244140625 1.2145820025968914e-07
0.8599000244140625 7.48821698078629e-08
0.8609000244140625 1.6937441797943483e-08
0.8619000244140625 1.5365404976942871e-07
0.8629000244140625 1.6044840212790786e-07
0.8639000244140626 5.199073056977162e-08
0.8649000244140626 8.198045374218681e-08
0.8659000244140626 2.6397072980156567e-08
0.8669000244140626 7.867193403504865e-08
0.8679000244140626 9.693833529555994e-09
0.8689000244140626 2.600101266941876e-08
0.8699000244140624 8.838487269376467e-08
0.8709000244140624 9.700781408182488e-08
0.8719000244140624 5.301896965362085e-08
0.8729000244140624 9.095624698179318e-08
0.8739000244140624 1.5134014265858707e-08
0.8749000244140624 1.5684784545061237e-07
0.8759000244140625 2.576420196959051e-11
0.8769000244140625 2.1292789471969388e-07
0.8779000244140625 1.6919811094019096e-07
0.8789000244140625 7.311552335301738e-10
0.8799000244140625 1.6432606612343545e-07
0.8809000244140625 3.0015623928166966e-07
0.8819000244140625 4.7305870647013176e-08
0.8829000244140625 2.2324047839832399e-07
0.8839000244140625 9.461933700474834e-07
0.8849000244140625 9.667491594986626e-07
0.8859000244140625 5.889672855804777e-07
0.8869000244140625 8.809471689297492e-07
0.8879000244140625 2.6616495442566117e-11
0.8889000244140625 3.7116952546060077e-07
0.8899000244140625 1.5014180157209067e-06
0.8909000244140625 2.6902461866378683e-11
0.8919000244140625 1.2229514124361418e-06
0.8929000244140625 6.901746485605984e-07
0.8939000244140625 1.3901458483403341e-06
0.8949000244140625 1.1265617743425588e-07
0.8959000244140625 2.1786134667897542e-07
0.8969000244140625 2.6663732358169663e-07
0.8979000244140625 2.0000503861776448e-07
0.8989000244140625 2.2921742426274148e-07
0.8999000244140625 2.4509723966834143e-07
0.9009000244140625 2.1074489615704363e-07
0.9019000244140625 2.8126569700532417e-07
0.9029000244140625 2.524870793436981e-07
0.9039000244140625 2.1541140518485624e-07
0.9049000244140625 2.0807193514309562e-07
0.9059000244140625 1.799090173523499e-07
0.9069000244140625 1.8224019441848704e-07
0.9079000244140625 1.8930880322914604e-07
0.9089000244140625 2.276598225926614e-07
0.9099000244140625 8.136596980121586e-08
0.9109000244140625 1.9874147955545968e-07
0.9119000244140625 2.1654146889929621e-07
0.9129000244140625 1.2685123617377713e-07
0.9139000244140625 2.2592328365943908e-07
0.9149000244140625 1.6353815661059553e-07
0.9159000244140625 1.7509093959344606e-07
0.9169000244140625 1.3346678343585064e-07
0.9179000244140625 1.2246977888948666e-07
0.9189000244140625 1.8881210456029405e-07
0.9199000244140625 2.5188123728951225e-07
0.9209000244140625 1.7196751175094947e-07
0.9219000244140625 2.1097412858288692e-07
0.9229000244140625 2.89946699747448e-07
0.9239000244140625 2.6717903501038926e-07
0.9249000244140625 2.562164199358097e-07
0.9259000244140625 2.7527657039585165e-07
0.9269000244140625 2.0264180413665733e-07
0.9279000244140625 2.5093019025033576e-07
0.9289000244140625 2.914595979817631e-07
0.9299000244140625 3.1217502506883126e-07
0.9309000244140625 2.681789113452531e-07
0.9319000244140625 3.32388028721212e-07
0.9329000244140625 3.135149283597623e-07
0.9339000244140625 3.6482623937246467e-07
0.9349000244140625 3.266836821898603e-07
0.9359000244140625 3.6178969516855656e-07
0.9369000244140625 3.6293360092075787e-07
0.9379000244140625 3.2691799967903514e-07
0.9389000244140625 3.2863286055430683e-07
0.9399000244140625 3.552753243505814e-07
0.9409000244140625 3.6703945939086714e-07
0.9419000244140625 3.183630959241076e-07
0.9429000244140625 3.047339626694604e-07
0.9439000244140625 2.711963248963881e-07
0.9449000244140625 3.5044922190303797e-07
0.9459000244140625 4.021534655722853e-07
0.9469000244140625 2.6820661481237113e-07
0.9479000244140625 2.6680998644379555e-07
0.9489000244140625 3.3060700744239384e-07
0.9499000244140625 2.96314147158954e-07
0.9509000244140625 2.816650537750558e-07
0.9519000244140625 3.749470820450155e-07
0.9529000244140625 2.913161489436159e-07
0.9539000244140625 3.178163055230549e-07
0.9549000244140625 3.2167754200414266e-07
0.9559000244140625 2.63233186327342e-07
0.9569000244140625 2.559132065811447e-07
0.9579000244140625 2.8475285513598514e-07
0.9589000244140625 3.0507385245589125e-07
0.9599000244140625 1.6721123079655462e-07
0.9609000244140625 2.1374213666120853e-07
0.9619000244140625 2.5801790724485256e-07
0.9629000244140625 2.1748710522502182e-07
0.9639000244140625 2.3999511326557997e-07
0.9649000244140625 2.3506161430342837e-07
0.9659000244140625 2.2845515604664534e-07
0.9669000244140625 2.3447561802744273e-07
0.9679000244140625 2.073381926703105e-07
0.9689000244140625 2.5790773917043554e-07
0.9699000244140625 2.200774691100429e-07
0.9709000244140625 2.0345630689860713e-07
0.9719000244140625 2.3963264982127945e-07
0.9729000244140625 2.6197621836517397e-07
0.9739000244140625 2.367481436132218e-07
0.9749000244140625 2.256035111456759e-07
0.9759000244140625 2.8456462221839245e-07
0.9769000244140625 2.725779140965859e-07
0.9779000244140625 2.6620482127234826e-07
0.9789000244140625 2.0212770884137789e-07
0.9799000244140625 2.4950421582714974e-07
0.9809000244140625 2.24343295742658e-07
0.9819000244140625 2.854478791886651e-07
0.9829000244140625 2.236584412051384e-07
0.9839000244140625 2.388513836896161e-07
0.9849000244140625 1.9725418751574287e-07
0.9859000244140625 1.9035549971035505e-07
0.9869000244140625 1.7652720851317337e-07
0.9879000244140625 2.440798124685383e-07
0.9889000244140626 2.3627022144633387e-07
0.9899000244140626 2.2775628958003946e-07
0.9909000244140626 2.006027174760426e-07
0.9919000244140626 2.0046564441348763e-07
0.9929000244140626 2.1596700596403984e-07
0.9939000244140626 1.8026839588489615e-07
0.9949000244140624 1.7875017658497343e-07
0.9959000244140624 1.903730333064762e-06
0.9969000244140624 1.876394160493607e-06
0.9979000244140624 1.661607242141655e-06
0.9989000244140624 1.3306996572451791e-06
0.9999000244140624 1.6283555803297944e-06
1.0009000244140625 1.5765071690447885e-06
1.0019000244140626 1.6359190124669246e-06
1.0029000244140625 1.3204636929507976e-06
1.0039000244140626 1.4530885878589426e-06
1.0049000244140625 1.522619921714455e-06
1.0059000244140626 1.298270163275617e-06
1.0069000244140625 1.422671610586335e-06
1.0079000244140626 1.3926012444193193e-06
1.0089000244140625 1.616413247063821e-06
1.0099000244140626 1.0607518213900334e-06
1.0109000244140625 1.2708244918216725e-06
1.0119000244140626 1.5080813009905893e-06
1.0129000244140625 1.5065451296807924e-06
1.0139000244140626 1.3030637542883098e-06
1.0149000244140625 1.420088325351215e-06
1.0159000244140626 1.3461276805522707e-06
1.0169000244140625 1.214148143819815e-06
1.0179000244140626 1.3807957364500544e-06
1.0189000244140625 1.3647905314602577e-06
1.0199000244140626 1.4402470606414253e-06
1.0209000244140625 1.2672846109806098e-06
1.0219000244140626 1.1700297132022201e-06
1.0229000244140625 1.1564196748528032e-06
1.0239000244140626 1.1830423075736005e-06
1.0249000244140625 1.3368420391291494e-06
1.0259000244140626 1.121137398049235e-06
1.0269000244140625 1.005560617709463e-06
1.0279000244140626 1.097021034656313e-06
1.0289000244140625 1.5901758750876915e-06
1.0299000244140626 1.207857788559318e-06
1.0309000244140625 1.3835111515122411e-06
1.0319000244140626 1.1356136396159151e-06
1.0329000244140625 1.0412902741536966e-06
1.0339000244140626 1.1420539523469522e-06
1.0349000244140625 9.627355576239876e-07
1.0359000244140626 1.1254432682700315e-06
1.0369000244140625 1.165368700858488e-06
1.0379000244140626 1.2368609577815851e-06
1.0389000244140625 1.1932609125234826e-06
1.0399000244140626 1.1071382520345774e-06
1.0409000244140625 9.45870898016723e-07
1.0419000244140626 1.0204957905525499e-06
1.0429000244140625 8.638708132163556e-07
1.0439000244140626 1.0588858274025474e-06
1.0449000244140625 8.508306055921754e-07
1.0459000244140626 9.890966364957947e-07
1.0469000244140625 1.0654769361920984e-06
1.0479000244140626 1.1587168448570922e-06
1.0489000244140625 1.0773357666528386e-06
1.0499000244140626 9.139382612887413e-07
1.0509000244140625 1.3009269063292462e-06
1.0519000244140626 9.222916003209667e-07
1.0529000244140625 1.0648951403173137e-06
1.0539000244140626 9.289711003377935e-07
1.0549000244140625 9.475527056285169e-07
1.0559000244140626 8.115047165217712e-07
1.0569000244140625 1.0087507128810984e-06
1.0579000244140624 8.461984528866604e-07
1.0589000244140625 1.1349066227927852e-06
1.0599000244140624 9.890882552007172e-07
1.0609000244140625 8.826826917559703e-07
1.0619000244140624 9.401602154465734e-07
1.0629000244140625 1.0778038952997757e-06
1.0639000244140624 7.58486844958191e-07
1.0649000244140625 9.857033378211045e-07
1.0659000244140624 8.869208765191602e-07
1.0669000244140625 6.260192675090758e-07
1.0679000244140624 8.968625015222993e-07
1.0689000244140625 1.0176786939576793e-06
1.0699000244140624 8.003765087756957e-07
1.0709000244140625 1.000686432991298e-06
1.0719000244140624 8.328894898546197e-07
1.0729000244140625 1.0656066411425311e-06
1.0739000244140624 9.358025757580594e-07
1.0749000244140625 8.947898944241189e-07
1.0759000244140624 1.0646711811626347e-06
1.0769000244140625 8.62789790101365e-07
1.0779000244140624 8.130548994064956e-07
1.0789000244140625 8.846414740468729e-07
1.0799000244140624 5.932417568510416e-07
1.0809000244140625 9.736918279112558e-07
1.0819000244140624 8.78489203055912e-07
1.0829000244140625 8.912302475734714e-07
1.0839000244140624 8.979554902897418e-07
1.0849000244140625 1.0386040293851442e-06
1.0859000244140624 7.834654401686275e-07
1.0869000244140625 9.578075278606901e-07
1.0879000244140624 8.376084078320652e-07
1.0889000244140625 1.0367363658853682e-06
1.0899000244140624 8.295541496711163e-07
1.0909000244140625 8.570912096665828e-07
1.0919000244140624 9.413010518739813e-07
1.0929000244140625 8.826444718952498e-07
1.0939000244140624 8.868890810928926e-07
1.0949000244140625 9.787840467883052e-07
1.0959000244140624 6.902001429735826e-07
1.0969000244140625 9.367731391033973e-07
1.0979000244140624 7.027676891493125e-07
1.0989000244140625 1.012012376317405e-06
1.0999000244140624 8.815392879971543e-07
1.1009000244140625 7.210502721853511e-07
1.1019000244140624 7.745858308685031e-07
1.1029000244140625 9.81645772918763e-07
1.1039000244140624 8.618911185841609e-07
1.1049000244140625 8.293444577229618e-07
1.1059000244140624 8.41684826378193e-07
1.1069000244140625 8.872681738925187e-07
1.1079000244140624 7.867760958584564e-07
1.1089000244140625 8.85444173890017e-07
1.1099000244140624 1.0489025350329729e-06
1.1109000244140625 1.0142731142978325e-06
1.1119000244140624 7.05150679628863e-07
1.1129000244140625 7.315634274658358e-07
1.1139000244140624 8.185290700852058e-07
1.1149000244140626 9.672126165641907e-07
1.1159000244140624 9.930426173617008e-07
1.1169000244140626 6.335230360973504e-07
1.1179000244140624 8.189204947104942e-07
1.1189000244140626 1.015779100426745e-06
1.1199000244140624 6.943040361607602e-07
1.1209000244140626 6.938692167313281e-07
1.1219000244140624 7.06976055684653e-07
1.1229000244140626 8.518316676373383e-07
1.1239000244140624 7.857439785823978e-07
1.1249000244140626 7.610606564796656e-07
1.1259000244140625 8.780558310948968e-07
1.1269000244140626 7.526789567435855e-07
1.1279000244140625 7.569418220314443e-07
1.1289000244140626 8.423414494844333e-07
1.1299000244140625 9.241829065825624e-07
1.1309000244140626 8.557061097606882e-07
1.1319000244140625 8.507346058912943e-07
1.1329000244140626 9.193876965345939e-07
1.1339000244140625 7.87096150546205e-07
1.1349000244140626 8.532393939162975e-07
1.1359000244140625 7.779734904781157e-07
1.1369000244140626 7.665389254459697e-07
1.1379000244140625 9.768920427465876e-07
1.1389000244140626 7.587828173442638e-07
1.1399000244140625 6.996353084959656e-07
1.1409000244140626 8.158676482261025e-07
1.1419000244140625 6.917339314074275e-07
1.1429000244140626 8.540028487515731e-07
1.1439000244140625 9.252219281551459e-07
1.1449000244140626 7.744799730451258e-07
1.1459000244140625 8.700394713782525e-07
1.1469000244140626 8.122753864606684e-07
1.1479000244140625 9.329611382284209e-07
1.1489000244140626 9.466626598375931e-07
1.1499000244140625 1.013973243087687e-06
1.1509000244140626 7.539042020783008e-07
1.1519000244140625 7.149736198898175e-07
1.1529000244140626 7.532500509715623e-07
1.1539000244140625 1.0003783772767053e-06
1.1549000244140626 7.516412110992563e-07
1.1559000244140625 1.0004920813927429e-06
1.1569000244140626 9.848025881448589e-07
1.1579000244140625 8.840262935715679e-07
1.1589000244140626 9.696421785303518e-07
1.1599000244140625 6.752300894157863e-07
1.1609000244140626 1.0107399228707428e-06
1.1619000244140625 9.789669480412882e-07
1.1629000244140626 5.68556018254753e-07
1.1639000244140625 8.795671660532955e-07
1.1649000244140626 1.045521906941658e-06
1.1659000244140625 9.479728700640232e-07
1.1669000244140626 8.937181913512163e-07
1.1679000244140625 8.809094382574702e-07
1.1689000244140626 1.0332339397862157e-06
1.1699000244140625 7.922498311368239e-07
1.1709000244140626 9.64216250334371e-07
1.1719000244140625 8.315257820584495e-07
1.1729000244140626 8.026246899878355e-07
1.1739000244140625 9.57444681825337e-07
1.1749000244140626 9.512858036976928e-07
1.1759000244140625 8.689282020331039e-07
1.1769000244140626 8.485032456773256e-07
1.1779000244140625 8.629115135343547e-07
1.1789000244140626 8.551838306029215e-07
1.1799000244140625 9.734369429658382e-07
1.1809000244140626 8.723848985228225e-07
1.1819000244140625 9.635340894919712e-07
1.1829000244140624 8.524221569072248e-07
1.1839000244140625 7.316664062691707e-07
1.1849000244140624 9.952952194247067e-07
1.1859000244140625 6.811514545055058e-07
1.1869000244140624 9.49317530270012e-07
1.1879000244140625 8.867944554832186e-07
1.1889000244140624 9.915687273548877e-07
1.1899000244140625 9.239057322564375e-07
1.1909000244140624 8.041402652197024e-07
1.1919000244140625 1.0054025695911981e-06
1.1929000244140624 1.2566896913325093e-06
1.1939000244140625 9.050559898893357e-07
1.1949000244140624 9.776136548923993e-07
1.1959000244140625 8.993167412163237e-07
1.1969000244140624 1.0234243763335403e-06
1.1979000244140625 1.0400175236453452e-06
1.1989000244140624 1.1116451409813096e-06
1.1999000244140625 9.694044709764588e-07
1.2009000244140624 1.0056247033383404e-06
1.2019000244140625 7.786561931988821e-07
1.2029000244140624 1.0389669318871306e-06
1.2039000244140625 1.158680424967298e-06
1.2049000244140624 8.683980776576334e-07
1.2059000244140625 7.53957563232979e-07
1.2069000244140624 1.0436245696592052e-06
1.2079000244140625 8.799058396600785e-07
1.2089000244140624 9.833291542275533e-07
1.2099000244140625 9.317779068164985e-07
1.2109000244140624 9.776868660574343e-07
1.2119000244140625 1.0379789925997458e-06
1.2129000244140624 7.09069496721111e-07
1.2139000244140625 9.401227554889339e-07
1.2149000244140624 9.252287414252827e-07
1.2159000244140625 7.380947264916236e-07
1.2169000244140624 7.624662787230007e-07
1.2179000244140625 1.1661561369200898e-06
1.2189000244140624 9.708855856402578e-07
1.2199000244140625 9.50436269162019e-07
1.2209000244140624 9.72436990796794e-07
1.2219000244140625 9.331621263842973e-07
1.2229000244140624 9.882411055644526e-07
1.2239000244140625 8.29763561938439e-07
1.2249000244140624 1.132510925505693e-06
1.2259000244140625 1.132431244735543e-06
1.2269000244140624 1.1130643572696919e-06
1.2279000244140625 9.337719915704857e-07
1.2289000244140624 1.1427397662280468e-06
1.2299000244140625 9.925807007636854e-07
1.2309000244140624 1.0144740613281016e-06
1.2319000244140625 9.996005035951871e-07
1.2329000244140624 8.641798225495426e-07
1.2339000244140625 1.04834392119239e-06
1.2349000244140624 1.053752618401801e-06
1.2359000244140625 1.1360216484315783e-06
1.2369000244140624 9.697922992050948e-07
1.2379000244140625 1.0371226115718988e-06
1.2389000244140624 9.842882309472729e-07
1.2399000244140626 1.104532951436522e-06
1.2409000244140624 1.0898779074730594e-06
1.2419000244140626 1.0100662722105486e-06
1.2429000244140624 1.1980522422777571e-06
1.2439000244140626 9.890928456116897e-07
1.2449000244140624 1.1477850067688233e-06
1.2459000244140626 9.174979149521948e-07
1.2469000244140624 1.0597759085494845e-06
1.2479000244140626 1.2818215951885682e-06
1.2489000244140624 1.2161558144876704e-06
1.2499000244140626 1.185052279111825e-06
1.2509000244140625 8.556825903678016e-07
1.2519000244140626 1.2572031683984954e-06
1.2529000244140625 9.68791654636624e-07
1.2539000244140626 1.1423498338324143e-06
1.2549000244140625 1.182996819939382e-06
1.2559000244140626 1.1130827257388248e-06
1.2569000244140625 1.0544919368788265e-06
1.2579000244140626 1.0063328830373492e-06
1.2589000244140625 1.1339630860267453e-06
1.2599000244140626 1.1137841802496744e-06
1.2609000244140625 8.462404444180494e-07
1.2619000244140626 1.066258127314097e-06
1.2629000244140625 1.116745752683508e-06
1.2639000244140626 1.416764403692417e-06
1.2649000244140625 1.2508898139534499e-06
1.2659000244140626 9.993555546888064e-07
1.2669000244140625 1.1229428467394164e-06
1.2679000244140626 1.1871541543205592e-06
1.2689000244140625 1.0848035100821175e-06
1.2699000244140626 1.193826477621559e-06
1.2709000244140625 1.0900157855967859e-06
1.2719000244140626 1.2677449717138363e-06
1.2729000244140625 1.038644735866536e-06
1.2739000244140626 1.3881213497301985e-06
1.2749000244140625 9.1275630759137e-07
1.2759000244140626 8.38516431891514e-07
1.2769000244140625 1.1796811360061114e-06
1.2779000244140626 1.1946975585190023e-06
1.2789000244140625 1.0548383570067955e-06
1.2799000244140626 1.0591998337643474e-06
1.2809000244140625 1.2691164802370146e-06
1.2819000244140626 1.20535510918843e-06
1.2829000244140625 1.2143410870313794e-06
1.2839000244140626 1.0563750377368227e-06
1.2849000244140625 1.0389092425828228e-06
1.2859000244140626 1.2467228378064963e-06
1.2869000244140625 1.2171105217497628e-06
1.2879000244140626 1.2391831276270795e-06
1.2889000244140625 1.2716018436068043e-06
1.2899000244140626 1.3633308549451918e-06
1.2909000244140625 1.246182296365705e-06
1.2919000244140626 1.4512843716949507e-06
1.2929000244140625 1.252056509188702e-06
1.2939000244140626 1.3341908552127307e-06
1.2949000244140625 1.3276426403308512e-06
1.2959000244140626 1.0593721058130704e-06
1.2969000244140625 1.1911116129908783e-06
1.2979000244140626 1.3385146450241399e-06
1.2989000244140625 1.206773862070939e-06
1.2999000244140626 1.127723485314151e-06
1.3009000244140625 1.2745336815765113e-06
1.3019000244140626 1.2368724903507605e-06
1.3029000244140625 1.3079488363113843e-06
1.3039000244140626 1.3640444595073738e-06
1.3049000244140625 1.201128330508236e-06
1.3059000244140626 1.248867565759673e-06
1.3069000244140625 1.260184372594886e-06
1.3079000244140624 1.1021771742134616e-06
1.3089000244140625 1.1216710028244689e-06
1.3099000244140624 1.1545145136513537e-06
1.3109000244140625 1.4233234327251702e-06
1.3119000244140624 1.3070498626606499e-06
1.3129000244140625 1.3624043803027991e-06
1.3139000244140624 1.6456490332683124e-06
1.3149000244140625 1.2378302564114847e-06
1.3159000244140624 1.311498782280565e-06
1.3169000244140625 1.2111803831645925e-06
1.3179000244140624 1.262352979485985e-06
1.3189000244140625 1.3952104852779948e-06
1.3199000244140624 1.1341848168203299e-06
1.3209000244140625 1.374630158105398e-06
1.3219000244140624 1.2991647180605894e-06
1.3229000244140625 1.4150224484997233e-06
1.3239000244140624 1.3100031888252232e-06
1.3249000244140625 9.659119428810105e-07
1.3259000244140624 1.1411091730491134e-06
1.3269000244140625 1.2657223450698265e-06
1.3279000244140624 1.2098815551882458e-06
1.3289000244140625 1.351513029657686e-06
1.3299000244140624 1.4412531370028257e-06
1.3309000244140625 1.4256562517456316e-06
1.3319000244140624 1.3977881777347835e-06
1.3329000244140625 1.0262383186262207e-06
1.3339000244140624 1.3659612862288072e-06
1.3349000244140625 1.230089517266916e-06
1.3359000244140624 1.1991370566425692e-06
1.3369000244140625 1.6545967929963846e-06
1.3379000244140624 1.1687484070223967e-06
1.3389000244140625 1.48632174986541e-06
1.3399000244140624 1.2263468683590202e-06
1.3409000244140625 1.3653325657864931e-06
1.3419000244140624 1.2629179504556018e-06
1.3429000244140625 1.5645853139851825e-06
1.3439000244140624 1.7554131249486692e-06
1.3449000244140625 1.1554656913028214e-06
1.3459000244140624 1.3604650261433382e-06
1.3469000244140625 1.5564918858404078e-06
1.3479000244140624 1.4682753102186004e-06
1.3489000244140625 1.8164101332869535e-06
1.3499000244140624 1.8090953221593349e-06
1.3509000244140625 1.6183715518698726e-06
1.3519000244140624 1.2596589926843028e-06
1.3529000244140625 1.8828310417877144e-06
1.3539000244140624 1.800469781148318e-06
1.3549000244140625 1.2736336012383714e-06
1.3559000244140624 1.6608679196744924e-06
1.3569000244140625 1.7380225340521356e-06
1.3579000244140624 1.244111463367036e-06
1.3589000244140625 1.600998057007707e-06
1.3599000244140624 2.149837709241448e-06
1.3609000244140625 1.648110068585415e-06
1.3619000244140624 1.216224765124312e-06
1.3629000244140625 1.5954322845273534e-06
1.3639000244140624 1.4539142091737887e-06
1.3649000244140626 1.4836666541987478e-06
1.3659000244140624 1.8628550836647193e-06
1.3669000244140626 1.6740239613603121e-06
1.3679000244140624 1.493834448299609e-06
1.3689000244140626 1.5374253256826731e-06
1.3699000244140624 1.6699978218285464e-06
1.3709000244140626 1.7200153519522617e-06
1.3719000244140624 1.551631119348738e-06
1.3729000244140626 1.7301306802488524e-06
1.3739000244140624 1.8592509365021906e-06
1.3749000244140626 1.7137148530888393e-06
1.3759000244140625 1.6369856020630748e-06
1.3769000244140626 1.880658407034092e-06
1.3779000244140625 1.816982216408306e-06
1.3789000244140626 1.8318954805447325e-06
1.3799000244140625 1.8488569251247143e-06
1.3809000244140626 1.5337522966591464e-06
1.3819000244140625 1.8154250704429022e-06
1.3829000244140626 1.9053051234876507e-06
1.3839000244140625 1.6710246908131874e-06
1.3849000244140626 1.5962009357369675e-06
1.3859000244140625 1.7549209026740133e-06
1.3869000244140626 1.7049110182007527e-06
1.3879000244140625 1.6383629394123045e-06
1.3889000244140626 1.735893836809918e-06
1.3899000244140625 1.7165135400173646e-06
1.3909000244140626 1.3714133035696747e-06
1.3919000244140625 1.6559334173001157e-06
1.3929000244140626 1.3322024907559363e-06
1.3939000244140625 1.6358935672716853e-06
1.3949000244140626 1.6038201940629665e-06
1.3959000244140625 1.4897652358501775e-06
1.3969000244140626 1.8311067484782154e-06
1.3979000244140625 1.6267198398201791e-06
1.3989000244140626 1.5957169214142498e-06
1.3999000244140625 1.4836452102748954e-06
1.4009000244140626 1.6530488273384857e-06
1.4019000244140625 1.834728585912312e-06
1.4029000244140626 1.6046137750816935e-06
1.4039000244140625 1.889617001090949e-06
1.4049000244140626 1.965414389289358e-06
1.4059000244140625 1.3041081512203545e-06
1.4069000244140626 1.637796627654204e-06
1.4079000244140625 1.5175773792801245e-06
1.4089000244140626 1.671807716754165e-06
1.4099000244140625 1.94441324276267e-06
1.4109000244140626 1.5144570418155563e-06
1.4119000244140625 1.4457279275476519e-06
1.4129000244140626 1.857909561042702e-06
1.4139000244140625 1.853684144052108e-06
1.4149000244140626 1.721885727407532e-06
1.4159000244140625 1.8635708949181629e-06
1.4169000244140626 1.683186053286982e-06
1.4179000244140625 2.153240072211556e-06
1.4189000244140626 1.9039117905997394e-06
1.4199000244140625 1.9737661953798603e-06
1.4209000244140626 1.4725182290317227e-06
1.4219000244140625 1.5227320602019272e-06
1.4229000244140626 1.6507568397936468e-06
1.4239000244140625 2.004983231931057e-06
1.4249000244140626 2.1731951052633147e-06
1.4259000244140625 1.6301157527035013e-06
1.4269000244140626 1.6303920989364593e-06
1.4279000244140625 1.8178447126748417e-06
1.4289000244140626 1.6892666000499036e-06
1.4299000244140625 1.7425447007966717e-06
1.4309000244140626 1.4576669762867561e-06
1.4319000244140625 1.6968105095145906e-06
1.4329000244140624 1.8513436327313236e-06
1.4339000244140625 2.15485566818486e-06
1.4349000244140624 1.8881416843130773e-06
1.4359000244140625 1.54433457986826e-06
1.4369000244140624 1.7162854319345352e-06
1.4379000244140625 2.2111044939414263e-06
1.4389000244140624 1.6925409756451333e-06
1.4399000244140625 1.6784710591883692e-06
1.4409000244140624 2.053977595681276e-06
1.4419000244140625 1.4334576293612952e-06
1.4429000244140624 2.147006660343634e-06
1.4439000244140625 1.7951293238261103e-06
1.4449000244140624 1.840267581151281e-06
1.4459000244140625 2.0329082379380333e-06
1.4469000244140624 1.5469391935729773e-06
1.4479000244140625 1.587428020066332e-06
1.4489000244140624 1.7665932392023952e-06
1.4499000244140625 1.975887396162958e-06
1.4509000244140624 2.0164250251023164e-06
1.4519000244140625 2.164595094064518e-06
1.4529000244140624 1.898139491048045e-06
1.4539000244140625 1.8466249861912675e-06
1.4549000244140624 1.7958970571729506e-06
1.4559000244140625 1.854869715203622e-06
1.4569000244140624 1.6128164113583915e-06
1.4579000244140625 1.8898965659205105e-06
1.4589000244140624 2.0931550143541396e-06
1.4599000244140625 1.8939402798090222e-06
1.4609000244140624 2.211568516832115e-06
1.4619000244140625 1.927217482049123e-06
1.4629000244140624 1.9171380257974676e-06
1.4639000244140625 1.7153862223327026e-06
1.4649000244140624 1.5287051841519774e-06
1.4659000244140625 1.858812587265543e-06
1.4669000244140624 2.180494879297723e-06
1.4679000244140625 2.2534682946371688e-06
1.4689000244140624 2.128719160632841e-06
1.4699000244140625 2.535616783578045e-06
1.4709000244140624 2.2096976740048497e-06
1.4719000244140625 2.5148966734870524e-06
1.4729000244140624 2.387376991236222e-06
1.4739000244140625 2.4518501772362085e-06
1.4749000244140624 2.0659149204848725e-06
1.4759000244140625 2.449393215547475e-06
1.4769000244140624 1.985198380817584e-06
1.4779000244140625 2.117503791240757e-06
1.4789000244140624 2.1946741319442243e-06
1.4799000244140625 2.155121889959016e-06
1.4809000244140624 1.8834011998828229e-06
1.4819000244140625 1.7510608585061307e-06
1.4829000244140624 1.851785890792918e-06
1.4839000244140625 2.179264078457265e-06
1.4849000244140624 1.9785188665217645e-06
1.4859000244140625 2.5674564989672718e-06
1.4869000244140624 1.7639218485715215e-06
1.4879000244140625 1.808080875143904e-06
1.4889000244140624 2.269775114463162e-06
1.4899000244140626 2.380817189604107e-06
1.4909000244140624 1.8394016032029124e-06
1.4919000244140626 1.9013858389955426e-06
1.4929000244140624 2.3299967586831063e-06
1.4939000244140626 2.206886487362025e-06
1.4949000244140624 2.1985548872339534e-06
1.4959000244140626 2.448994770908683e-06
1.4969000244140624 2.2097258733381495e-06
1.4979000244140626 2.424876298787399e-06
1.4989000244140624 2.2997536672294012e-06
1.4999000244140626 2.479127790894888e-06
1.5009000244140625 2.540608134074669e-06
1.5019000244140626 2.4078582845333103e-06
1.5029000244140625 2.3353807822275445e-06
1.5039000244140626 1.9870499138677403e-06
1.5049000244140625 1.907150884351422e-06
1.5059000244140626 2.4713798449021565e-06
1.5069000244140625 2.303235330397785e-06
1.5079000244140626 2.231388902304952e-06
1.5089000244140625 2.711852735311443e-06
1.5099000244140626 2.032688530773992e-06
1.5109000244140625 1.9368368596213527e-06
1.5119000244140626 2.330012893127566e-06
1.5129000244140625 2.2139605012813277e-06
1.5139000244140626 2.9109533652061537e-06
1.5149000244140625 2.3813841097050694e-06
1.5159000244140626 2.72875607582868e-06
1.5169000244140625 2.785258530733958e-06
1.5179000244140626 2.3834113543954486e-06
1.5189000244140625 2.5398953172294158e-06
1.5199000244140626 2.2101965290989195e-06
1.5209000244140625 2.38219768700243e-06
1.5219000244140626 2.43481326303254e-06
1.5229000244140625 2.7595242104936495e-06
1.5239000244140626 2.8162001567036493e-06
1.5249000244140625 3.3285760324446276e-06
1.5259000244140626 2.5540760403817643e-06
1.5269000244140625 2.8377234500193277e-06
1.5279000244140626 2.6373426457463277e-06
1.5289000244140625 2.6279334521772388e-06
1.5299000244140626 1.8596236458147282e-06
1.5309000244140625 2.6429086079902604e-06
1.5319000244140626 2.4935752839725556e-06
1.5329000244140625 2.4321897816635502e-06
1.5339000244140626 2.4888231313024564e-06
1.5349000244140625 2.4839941573354858e-06
1.5359000244140626 1.8958916132206583e-06
1.5369000244140625 2.5991627506210333e-06
1.5379000244140626 2.415912951953577e-06
1.5389000244140625 2.6936521765459787e-06
1.5399000244140626 2.6403383487964305e-06
1.5409000244140625 2.4462176980178123e-06
1.5419000244140626 2.739864325053701e-06
1.5429000244140625 3.0093704523574393e-06
1.5439000244140626 2.7958595001471786e-06
1.5449000244140625 2.553783380317225e-06
1.5459000244140626 1.8496145744752301e-06
1.5469000244140625 3.108787552366223e-06
1.5479000244140626 3.1563396056170916e-06
1.5489000244140625 2.7846492066396454e-06
1.5499000244140626 2.599900484464249e-06
1.5509000244140625 2.861423834898174e-06
1.5519000244140626 2.5678437989912412e-06
1.5529000244140625 3.42728347763259e-06
1.5539000244140626 2.8415983491221153e-06
1.5549000244140625 2.761649634949228e-06
1.5559000244140626 3.044245088619598e-06
1.5569000244140625 3.2359453900560506e-06
1.5579000244140624 3.221523956170521e-06
1.5589000244140625 2.830616225474368e-06
1.5599000244140624 3.099382446662295e-06
1.5609000244140625 2.6049438044752006e-06
1.5619000244140624 2.8751280015049435e-06
1.5629000244140625 3.2092092270879506e-06
1.5639000244140624 2.0041178881483367e-06
1.5649000244140625 3.111821237778233e-06
1.5659000244140624 2.365537997120669e-06
1.5669000244140625 2.566710101227546e-06
1.5679000244140624 2.532618327864659e-06
1.5689000244140625 3.4540004432706096e-06
1.5699000244140624 2.9422166783941826e-06
1.5709000244140625 2.998927341841502e-06
1.5719000244140624 2.522878900094375e-06
1.5729000244140625 2.8934232359969356e-06
1.5739000244140624 2.9471309279811112e-06
1.5749000244140625 2.2427598659373236e-06
1.5759000244140624 3.336434453798097e-06
1.5769000244140625 3.2420317374404693e-06
1.5779000244140624 3.1142906766841464e-06
1.5789000244140625 2.442230668700975e-06
1.5799000244140624 2.66148184193959e-06
1.5809000244140625 3.7312842093753253e-06
1.5819000244140624 3.314182824480565e-06
1.5829000244140625 2.4135430350253904e-06
1.5839000244140624 3.2948624635274685e-06
1.5849000244140625 2.395258196208336e-06
1.5859000244140624 3.2794937679215927e-06
1.5869000244140625 2.6474002910317893e-06
1.5879000244140624 3.2111413048256894e-06
1.5889000244140625 3.668821342210046e-06
1.5899000244140624 2.886535027263245e-06
1.5909000244140625 2.1210146982660173e-06
1.5919000244140624 3.7495653230138085e-06
1.5929000244140625 2.680348963577846e-06
1.5939000244140624 3.1532128069434048e-06
1.5949000244140625 3.826990826149672e-06
1.5959000244140624 3.416988664133525e-06
1.5969000244140625 2.625825751692398e-06
1.5979000244140624 2.6454892371120275e-06
1.5989000244140625 2.520174625490385e-06
1.5999000244140624 2.9525413024875985e-06
1.6009000244140625 3.865151233361654e-06
1.6019000244140624 3.240090658278239e-06
1.6029000244140625 3.647895381647229e-06
1.6039000244140624 3.0195404177138705e-06
1.6049000244140625 3.440354494637539e-06
1.6059000244140624 3.0417653108728297e-06
1.6069000244140625 2.7930423365856776e-06
1.6079000244140624 3.355631437899318e-06
1.6089000244140625 3.554596292181382e-06
1.6099000244140624 3.6004437541079344e-06
1.6109000244140625 3.318145976807118e-06
1.6119000244140624 3.3090734433218184e-06
1.6129000244140625 3.3893694634840132e-06
1.6139000244140624 3.221052097666171e-06
1.6149000244140626 3.232205859221074e-06
1.6159000244140624 4.020327921954212e-06
1.6169000244140626 3.295664521283956e-06
1.6179000244140624 4.141123913978334e-06
1.6189000244140626 3.339182423963451e-06
1.6199000244140624 3.913307627182515e-06
1.6209000244140626 3.7948806505865087e-06
1.6219000244140624 3.4042482500925407e-06
1.6229000244140626 3.5724242735251623e-06
1.6239000244140624 3.174286170692587e-06
1.6249000244140626 4.2336421561131285e-06
1.6259000244140625 3.838854868869613e-06
1.6269000244140626 4.723942893516811e-06
1.6279000244140625 3.24199755427766e-06
1.6289000244140626 3.364133562990962e-06
1.6299000244140625 3.4165555571205722e-06
1.6309000244140626 3.518894987108986e-06
1.6319000244140625 4.010263100317592e-06
1.6329000244140626 3.4124606102369164e-06
1.6339000244140625 3.384747941779443e-06
1.6349000244140626 3.824232953363172e-06
1.6359000244140625 3.840804298424403e-06
1.6369000244140626 3.964619794543002e-06
1.6379000244140625 4.530202479057805e-06
1.6389000244140626 3.857575754218864e-06
1.6399000244140625 4.853164486513697e-06
1.6409000244140626 5.154967578983155e-06
1.6419000244140625 5.108884317356052e-06
1.6429000244140626 5.058427672658478e-06
1.6439000244140625 4.78118813091188e-06
1.6449000244140626 4.545522781552627e-06
1.6459000244140625 4.27161072987992e-06
1.6469000244140626 5.150335230135175e-06
1.6479000244140625 6.254191566496225e-06
1.6489000244140626 4.984627193929016e-06
1.6499000244140625 6.105756097963335e-06
1.6509000244140626 6.394982361756183e-06
1.6519000244140625 6.640628653864064e-06
1.6529000244140626 6.313413782170866e-06
1.6539000244140625 5.7906999425468744e-06
1.6549000244140626 7.773342960467981e-06
1.6559000244140625 7.447198353109581e-06
1.6569000244140626 8.222075135866721e-06
1.6579000244140625 7.877089859840246e-06
1.6589000244140626 9.125725203507748e-06
1.6599000244140625 9.743363593436971e-06
1.6609000244140626 9.601638548935717e-06
1.6619000244140625 1.098959278385561e-05
1.6629000244140626 1.1294815387528981e-05
1.6639000244140625 1.2646486244452406e-05
1.6649000244140626 1.3447747034334103e-05
1.6659000244140625 1.4358334678686783e-05
1.6669000244140626 1.5534212029336075e-05
1.6679000244140625 1.5611854010283654e-05
1.6689000244140626 1.7080812909586778e-05
1.6699000244140625 1.9015313474294154e-05
1.6709000244140626 2.0463908443064443e-05
1.6719000244140625 2.293176261204828e-05
1.6729000244140626 2.507542006773365e-05
1.6739000244140625 2.5764141741192086e-05
1.6749000244140626 2.8413236446853844e-05
1.6759000244140625 3.119216454100594e-05
1.6769000244140626 3.364257456221422e-05
1.6779000244140625 3.570114614658691e-05
1.6789000244140626 3.8749396692360714e-05
1.6799000244140625 4.1674473126382095e-05
1.6809000244140626 4.441196520160502e-05
1.6819000244140625 4.777648664887834e-05
1.6829000244140624 5.2567219346647386e-05
1.6839000244140625 5.576335156368781e-05
1.6849000244140624 5.978341453023643e-05
1.6859000244140625 6.519747400675062e-05
1.6869000244140624 7.176503711678748e-05
1.6879000244140625 7.609686772481466e-05
1.6889000244140624 8.326181859222954e-05
1.6899000244140625 9.081071512114739e-05
1.6909000244140624 9.92573653317226e-05
1.6919000244140625 0.00010859598829298654
1.6929000244140624 0.00011887615852002296
1.6939000244140625 0.00013067033995371039
1.6949000244140624 0.00014533131442277586
1.6959000244140625 0.00015885253036481312
1.6969000244140624 0.00017905029293454407
1.6979000244140625 0.0001997421631876366
1.6989000244140624 0.00022159482189430707
1.6999000244140625 0.00025167462860838997
1.7009000244140624 0.0002814809875034175
1.7019000244140625 0.00031623922448800686
1.7029000244140624 0.00035780317906865386
1.7039000244140625 0.0004056643079490493
1.7049000244140624 0.0004593909775018557
1.7059000244140625 0.0005194796283943457
1.7069000244140624 0.0005903260746918091
1.7079000244140625 0.0006717466268690505
1.7089000244140624 0.0007594496140261861
1.7099000244140625 0.0008662765322493116
1.7109000244140624 0.0009869568160378137
1.7119000244140625 0.0011152937291573912
1.7129000244140624 0.001263188423129056
1.7139000244140625 0.0014402793514622862
1.7149000244140624 0.0016256374991577716
1.7159000244140625 0.0018525793756851699
1.7169000244140624 0.002121868867508784
1.7179000244140625 0.002402915617071123
1.7189000244140624 0.002730696891489732
1.7199000244140625 0.003117018181014567
1.7209000244140624 0.0035521184076771546
1.7219000244140625 0.00407112334410599
1.7229000244140624 0.004699355963503632
1.7239000244140625 0.005412259867708672
1.7249000244140624 0.006237930026835676
1.7259000244140625 0.00720786939079422
1.7269000244140624 0.008427557954250847
1.7279000244140625 0.009789758834593527
1.7289000244140624 0.011513079244750438
1.7299000244140625 0.013593001031031629
1.7309000244140624 0.015864743895346516
1.7319000244140625 0.01862972819674757
1.7329000244140624 0.02189718666129813
1.7339000244140625 0.02553066952465506
1.7349000244140624 0.029492352541626923
1.7359000244140625 0.034059312491392074
1.7369000244140624 0.03849625714777438
1.7379000244140625 0.04325946130877239
1.7389000244140624 0.04826119231597175
1.7399000244140626 0.053216829741545325
1.7409000244140624 0.058548141527691756
1.7419000244140626 0.06485461197378603
1.7429000244140624 0.07201887234807851
1.7439000244140626 0.08006856874788627
1.7449000244140624 0.08944117943839168
1.7459000244140626 0.10038156041829002
1.7469000244140624 0.11252423990767253
1.7479000244140626 0.12717308047628284
1.7489000244140624 0.14340838578278786
1.7499000244140626 0.15997859373635467
1.7509000244140625 0.17886409945268406
1.7519000244140626 0.19813086655060136
1.7529000244140625 0.2176506071667659
1.7539000244140626 0.2378028329129526
1.7549000244140625 0.257907606494622
1.7559000244140626 0.2757191192484023
1.7569000244140625 0.2929856529498208
1.7579000244140626 0.30905880031740984
1.7589000244140625 0.32331577504914233
1.7599000244140626 0.33631397087713816
1.7609000244140625 0.34947867010660494
1.7619000244140626 0.36038992194240815
1.7629000244140625 0.37117942181223657
1.7639000244140626 0.3808475645294817
1.7649000244140625 0.3900664253395422
1.7659000244140626 0.3997521815710821
1.7669000244140625 0.40860237346957295
1.7679000244140626 0.416943701804992
1.7689000244140625 0.4236891462641846
1.7699000244140626 0.4294107542538701
1.7709000244140625 0.43496062217731307
1.7719000244140626 0.43938712433748583
1.7729000244140625 0.443933558466377
1.7739000244140626 0.44546093533236414
1.7749000244140625 0.4483140354420387
1.7759000244140626 0.4486025483079128
1.7769000244140625 0.4501574552094166
1.7779000244140626 0.4510301259789911
1.7789000244140625 0.4506767460870362
1.7799000244140626 0.4515128080448216
1.7809000244140625 0.45049852652454186
1.7819000244140626 0.45013654384798807
1.7829000244140625 0.4505460760481634
1.7839000244140626 0.4506905415827564
1.7849000244140625 0.450981360610911
1.7859000244140626 0.4515807605939173
1.7869000244140625 0.45155873738489
1.7879000244140626 0.4513658246531549
1.7889000244140625 0.4519844694220848
1.7899000244140626 0.4519158761701494
1.7909000244140625 0.45186138830063033
1.7919000244140626 0.45239804166076997
1.7929000244140625 0.4507369080289241
1.7939000244140626 0.4504708716815236
1.7949000244140625 0.4491140214850881
1.7959000244140626 0.44775776999795597
1.7969000244140625 0.4474840614715217
1.7979000244140626 0.44594025188600545
1.7989000244140625 0.44489036835799
1.7999000244140626 0.4429088513296404
1.8009000244140625 0.4411705238566399
1.8019000244140626 0.4398337312523222
1.8029000244140625 0.43772630313921734
1.8039000244140626 0.4366616498252519
1.8049000244140625 0.43600779800717787
1.8059000244140626 0.43504839772467785
1.8069000244140625 0.43519801481448545
1.8079000244140624 0.4353573209583555
1.8089000244140625 0.43398865919371343
1.8099000244140624 0.4344883586499224
1.8109000244140625 0.434287795956123
1.8119000244140624 0.434918214765418
1.8129000244140625 0.4362260877713034
1.8139000244140624 0.4361783492063977
1.8149000244140625 0.43690465044595755
1.8159000244140624 0.43850287004322547
1.8169000244140625 0.43983227673029085
1.8179000244140624 0.4402392951490887
1.8189000244140625 0.4417619803409358
1.8199000244140624 0.44294989108307126
1.8209000244140625 0.44316844588647875
1.8219000244140624 0.4463503015187389
1.8229000244140625 0.4471941284032317
1.8239000244140624 0.4478047825310487
1.8249000244140625 0.44851540611423296
1.8259000244140624 0.44928124161713967
1.8269000244140625 0.45001272906468864
1.8279000244140624 0.45203412811669463
1.8289000244140625 0.4514838225495372
1.8299000244140624 0.45296514037571933
1.8309000244140625 0.453882587611568
1.8319000244140624 0.4541933700481358
1.8329000244140625 0.454497229448
1.8339000244140624 0.45604508842675884
1.8349000244140625 0.45549399810339747
1.8359000244140624 0.4559067532339804
1.8369000244140625 0.45619950281860555
1.8379000244140624 0.45649405711646757
1.8389000244140625 0.4559400719644944
1.8399000244140624 0.45681736249816657
1.8409000244140625 0.45646055658184315
1.8419000244140624 0.45616785286838674
1.8429000244140625 0.4567725170084216
1.8439000244140624 0.45589047576844544
1.8449000244140625 0.4548623617109953
1.8459000244140624 0.4555144580950776
1.8469000244140625 0.4544666959593637
1.8479000244140624 0.4531118382920937
1.8489000244140625 0.4531150904205176
1.8499000244140624 0.4529371317828722
1.8509000244140625 0.45217195871453064
1.8519000244140624 0.45023202780588445
1.8529000244140625 0.4503149999244739
1.8539000244140624 0.44916286277391393
1.8549000244140625 0.4497801953189455
1.8559000244140624 0.44868800683908117
1.8569000244140625 0.44838854795813887
1.8579000244140624 0.4479047111769653
1.8589000244140625 0.4473242930941992
1.8599000244140624 0.4466864001199394
1.8609000244140625 0.446797681246093
1.8619000244140624 0.44516592920863457
1.8629000244140625 0.4458368600073101
1.8639000244140624 0.4461799333186864
1.8649000244140626 0.445648920415388
1.8659000244140624 0.44535648135465206
1.8669000244140626 0.44519233552564186
1.8679000244140624 0.4455419687100799
1.8689000244140626 0.445395592750484
1.8699000244140624 0.4458405538818538
1.8709000244140626 0.4460977801449368
1.8719000244140624 0.44657698426176595
1.8729000244140626 0.4466717723302494
1.8739000244140624 0.4483064822450722
1.8749000244140626 0.4488564502869759
1.8759000244140625 0.44901149982173383
1.8769000244140626 0.4491281467017299
1.8779000244140625 0.4502542616715896
1.8789000244140626 0.45029870890848195
1.8799000244140625 0.4512544023906848
1.8809000244140626 0.45131412059537823
1.8819000244140625 0.4527978741753362
1.8829000244140626 0.4535044672585658
1.8839000244140625 0.45467812196771723
1.8849000244140626 0.45517955299366974
1.8859000244140625 0.4547765589701106
1.8869000244140626 0.45635117752575505
1.8879000244140625 0.4565787015502472
1.8889000244140626 0.4570659324706777
1.8899000244140625 0.4569326355006864
1.8909000244140626 0.4570506394120876
1.8919000244140625 0.4582438175039935
1.8929000244140626 0.45881127925383314
1.8939000244140625 0.4590612554212944
1.8949000244140626 0.45969704888105933
1.8959000244140625 0.45991015584624145
1.8969000244140626 0.4598381399379594
1.8979000244140625 0.45974000170387247
1.8989000244140626 0.45899199591978235
1.8999000244140625 0.46041118715643436
1.9009000244140626 0.45975174680928677
1.9019000244140625 0.46003634626180673
1.9029000244140626 0.4610420917265304
1.9039000244140625 0.46183104468435315
1.9049000244140626 0.46188074280198416
1.9059000244140625 0.4623855130084654
1.9069000244140626 0.46404153719693286
1.9079000244140625 0.4654399383172815
1.9089000244140626 0.46579476877138015
1.9099000244140625 0.46555974214570034
1.9109000244140626 0.46575784442267865
1.9119000244140625 0.46786864378766646
1.9129000244140626 0.4670638529566237
1.9139000244140625 0.4669753423157232
1.9149000244140626 0.4670300896461002
1.9159000244140625 0.4669949811413801
1.9169000244140626 0.4670082779682496
1.9179000244140625 0.46695941778427075
1.9189000244140626 0.466199768952828
1.9199000244140625 0.4676801952915593
1.9209000244140626 0.46632823341721197
1.9219000244140625 0.46610641569241235
1.9229000244140626 0.46619153249164713
1.9239000244140625 0.4659231473381952
1.9249000244140626 0.4653248616634366
1.9259000244140625 0.46379104000151816
1.9269000244140626 0.4647273678686443
1.9279000244140625 0.46532272955761833
1.9289000244140626 0.46456960273617764
1.9299000244140625 0.46404688965336194
1.9309000244140626 0.46377046417867257
1.9319000244140625 0.46237100673420345
1.9329000244140624 0.46297842904410347
1.9339000244140625 0.46225998282293485
1.9349000244140624 0.46214029548670343
1.9359000244140625 0.4617045606249445
1.9369000244140624 0.46139181367634646
1.9379000244140625 0.46101433938980885
1.9389000244140624 0.460905988513203
1.9399000244140625 0.4609339311883817
1.9409000244140624 0.46136516548612655
1.9419000244140625 0.46184137872449904
1.9429000244140624 0.4615673129099349
1.9439000244140625 0.4617656418574265
1.9449000244140624 0.4616805772545088
1.9459000244140625 0.462709796260408
1.9469000244140624 0.46293564867826675
1.9479000244140625 0.463625220813502
1.9489000244140624 0.46376249331125424
1.9499000244140625 0.4632284803928302
1.9509000244140624 0.4640976590567724
1.9519000244140625 0.4638272332065695
1.9529000244140624 0.4635399256789627
1.9539000244140625 0.4639668202577425
1.9549000244140624 0.46389241908474105
1.9559000244140625 0.46358222148489603
1.9569000244140624 0.4624001269737102
1.9579000244140625 0.46121789707917676
1.9589000244140624 0.458432482152152
1.9599000244140625 0.45468369748231396
1.9609000244140624 0.4553561764793445
1.9619000244140625 0.45886233583653974
1.9629000244140624 0.46197506098064284
1.9639000244140625 0.46367209540125387
1.9649000244140624 0.4647762554287748
1.9659000244140625 0.46497472910094717
1.9669000244140624 0.46497414926423947
1.9679000244140625 0.4642347224024133
1.9689000244140624 0.46625455422006457
1.9699000244140625 0.46626744621091004
1.9709000244140624 0.4648342947321883
1.9719000244140625 0.4653102125055246
1.9729000244140624 0.4649133491337397
1.9739000244140625 0.4644301507765453
1.9749000244140624 0.4645060669150714
1.9759000244140625 0.4646174473748889
1.9769000244140624 0.4642811620981926
1.9779000244140625 0.46437272689128545
1.9789000244140624 0.46388166432329925
1.9799000244140625 0.4641910927531175
1.9809000244140624 0.46563889160134414
1.9819000244140625 0.46595359459104974
1.9829000244140624 0.46497578749966634
1.9839000244140625 0.4659162728615871
1.9849000244140624 0.4661424365248498
1.9859000244140625 0.4667535117583563
1.9869000244140624 0.4664456519282615
1.9879000244140625 0.46740730159062244
1.9889000244140624 0.46721184022843154
1.9899000244140626 0.46699473180919526
1.9909000244140624 0.4684311446568239
1.9919000244140626 0.46816520595105326
1.9929000244140624 0.4694062819215061
1.9939000244140626 0.4695737901843131
1.9949000244140624 0.4698344912320832
1.9959000244140626 0.46967560406235287
1.9969000244140624 0.4694925245574185
1.9979000244140626 0.47023073674501786
1.9989000244140624 0.4689422770390422
1.9999000244140626 0.4699034027047038
2.0009000244140625 0.4702962958082133
2.0019000244140623 0.4700292615455393
2.0029000244140627 0.4688749114177426
2.0039000244140626 0.4695071209052976
2.0049000244140625 0.468668511608688
2.0059000244140623 0.46849603843573234
2.0069000244140627 0.46818330354007615
2.0079000244140626 0.46779769178431363
2.0089000244140625 0.4673396993680254
2.0099000244140623 0.46857957234533204
2.0109000244140627 0.46703083298424397
2.0119000244140626 0.4668828803565459
2.0129000244140625 0.4674688841640152
2.0139000244140624 0.46748578449964256
2.0149000244140627 0.46716986731683374
2.0159000244140626 0.4677114484532147
2.0169000244140625 0.46838677422064406
2.0179000244140624 0.46877046577314646
2.0189000244140627 0.46760739076618435
2.0199000244140626 0.46880632108543085
2.0209000244140625 0.46919958275500195
2.0219000244140624 0.46908285162438673
2.0229000244140627 0.47038514802824405
2.0239000244140626 0.4716496561914688
2.0249000244140625 0.47172298749972835
2.0259000244140624 0.4734808218773957
2.0269000244140627 0.47386463198690526
2.0279000244140626 0.474624742551157
2.0289000244140625 0.47534053017461797
2.0299000244140624 0.47561442396194115
2.0309000244140627 0.475945127643694
2.0319000244140626 0.47610653717449586
2.0329000244140625 0.4771267083928929
2.0339000244140624 0.4766947998046343
2.0349000244140627 0.4767822146860167
2.0359000244140626 0.4766820699901455
2.0369000244140625 0.4772582161464703
2.0379000244140624 0.47737201735702345
2.0389000244140627 0.47734537280600087
2.0399000244140626 0.47834943929747703
2.0409000244140625 0.4780828344876033
2.0419000244140624 0.4766492763079625
2.0429000244140627 0.47738609450862485
2.0439000244140626 0.4750547156772806
2.0449000244140625 0.47465514810233045
2.0459000244140624 0.4742565226971921
2.0469000244140627 0.47369076403252947
2.0479000244140626 0.4731423093716629
2.04889990234375 0.4726441750240265
2.04989990234375 0.4715277005420293
2.05089990234375 0.4714082125024971
2.05189990234375 0.4714697587313102
2.05289990234375 0.47174193723900393
2.05389990234375 0.47062357446488323
2.05489990234375 0.47085184809253705
2.05589990234375 0.4709726251831405
2.05689990234375 0.4706242406584886
2.05789990234375 0.47030811753641705
2.05889990234375 0.46997215409741505
2.05989990234375 0.4702709198579609
2.06089990234375 0.47184462900341617
2.06189990234375 0.47164083191169626
2.06289990234375 0.4722043502954144
2.06389990234375 0.4728478928134214
2.06489990234375 0.47397419898049453
2.06589990234375 0.47452053330674354
2.06689990234375 0.47500794047841616
2.06789990234375 0.47602806672564013
2.06889990234375 0.4769059910310143
2.06989990234375 0.4767782388149401
2.07089990234375 0.479040299858982
2.07189990234375 0.47952590813139734
2.07289990234375 0.4796150077595486
2.07389990234375 0.4805782396861077
2.07489990234375 0.48131318782543003
2.07589990234375 0.48168218143093217
2.07689990234375 0.48207727027641156
2.07789990234375 0.4815682457290191
2.07889990234375 0.4813007281463502
2.07989990234375 0.4827130813883493
2.08089990234375 0.48237258534091465
2.08189990234375 0.4827520272476638
2.08289990234375 0.48255869699416776
2.08389990234375 0.4830865253051015
2.08489990234375 0.483430842990964
2.08589990234375 0.482762630452829
2.08689990234375 0.4810804407249433
2.08789990234375 0.4809948603214029
2.08889990234375 0.4795188928748655
2.08989990234375 0.47956511338793206
2.09089990234375 0.47981783870878514
2.09189990234375 0.47860809531262266
2.09289990234375 0.47774313068949176
2.09389990234375 0.4776951495418212
2.09489990234375 0.47781019968664296
2.09589990234375 0.47748611653857503
2.09689990234375 0.4774385725621133
2.09789990234375 0.47448862812416237
2.09889990234375 0.47506427305074256
2.09989990234375 0.4735992574869186
2.10089990234375 0.4739996301102061
2.10189990234375 0.47303380522825644
2.10289990234375 0.4717001253018798
2.10389990234375 0.4709588542946052
2.10489990234375 0.471093782817318
2.10589990234375 0.4703988782985939
2.10689990234375 0.46875938304835885
2.10789990234375 0.46948200615158414
2.10889990234375 0.46870391743231926
2.10989990234375 0.46765170604872397
2.11089990234375 0.4669748959111271
2.11189990234375 0.4671932984709131
2.11289990234375 0.4666349115307435
2.11389990234375 0.46614116826919666
2.11489990234375 0.4648946106086872
2.11589990234375 0.465219154075865
2.11689990234375 0.4648554134214538
2.11789990234375 0.4650557554232325
2.11889990234375 0.4645991940476206
2.11989990234375 0.46409124634433824
2.12089990234375 0.46472357680880444
2.12189990234375 0.4650010026628064
2.12289990234375 0.4653020131618457
2.12389990234375 0.4649540139127229
2.12489990234375 0.46586545254972206
2.12589990234375 0.46471077627501806
2.12689990234375 0.4669807573076697
2.12789990234375 0.4654945685155922
2.12889990234375 0.46495959778967605
2.12989990234375 0.4657506626826175
2.13089990234375 0.46521619019892313
2.13189990234375 0.46634952384885375
2.13289990234375 0.4656185940140896
2.13389990234375 0.46725110886513244
2.13489990234375 0.46716572104620707
2.13589990234375 0.46741642354104906
2.13689990234375 0.4675623794392595
2.13789990234375 0.4685819198832056
2.13889990234375 0.46796751945217263
2.13989990234375 0.47073951263650826
2.14089990234375 0.4700765358632402
2.14189990234375 0.4704691966928132
2.14289990234375 0.4710493441822124
2.14389990234375 0.47093302843847284
2.14489990234375 0.47203215606046606
2.14589990234375 0.47257868409436066
2.14689990234375 0.47127530938655265
2.14789990234375 0.4727782343244388
2.14889990234375 0.47334648214064173
2.14989990234375 0.4745374753381805
2.15089990234375 0.47290012305138196
2.15189990234375 0.47378552961344494
2.15289990234375 0.47319022412469053
2.15389990234375 0.47370293797396323
2.15489990234375 0.47211036588153144
2.15589990234375 0.47219121883210946
2.15689990234375 0.47240854963012935
2.15789990234375 0.47124524010170615
2.15889990234375 0.4710922202561385
2.15989990234375 0.46949175126870674
2.16089990234375 0.4695374644233764
2.16189990234375 0.4681730971029604
2.16289990234375 0.46736874177759685
2.16389990234375 0.4673564479754235
2.16489990234375 0.46576888679585554
2.16589990234375 0.46579789164886964
2.16689990234375 0.4638424420758858
2.16789990234375 0.46356958786830804
2.16889990234375 0.4616348868093793
2.16989990234375 0.46243843541976565
2.17089990234375 0.46082760295811587
2.17189990234375 0.4600457700085471
2.17289990234375 0.45964982718495523
2.17389990234375 0.45834129436781673
2.17489990234375 0.4582595698962882
2.17589990234375 0.45624844882438004
2.17689990234375 0.4565377750614055
2.17789990234375 0.45721688955157386
2.17889990234375 0.4564961972063293
2.17989990234375 0.45565536457186767
2.18089990234375 0.45490179961125343
2.18189990234375 0.45418437714678167
2.18289990234375 0.45496457003648394
2.18389990234375 0.45480947508957703
2.18489990234375 0.4535341826446368
2.18589990234375 0.4547384694220213
2.18689990234375 0.4528310758872637
2.18789990234375 0.4522784972061094
2.18889990234375 0.4521132112476112
2.18989990234375 0.4511045577455255
2.19089990234375 0.4503272591663014
2.19189990234375 0.44968844080173376
2.19289990234375 0.44835503506239016
2.19389990234375 0.44696250423861683
2.19489990234375 0.4465225896428832
2.19589990234375 0.44534349743941515
2.19689990234375 0.44397468602206297
2.19789990234375 0.4439660378695831
2.19889990234375 0.4415387239977289
2.19989990234375 0.4403284685383254
2.20089990234375 0.43838964994480173
2.20189990234375 0.4374902162990204
2.20289990234375 0.43578473638670484
2.20389990234375 0.43384375680951376
2.20489990234375 0.4318646600092275
2.20589990234375 0.42997464963307325
2.20689990234375 0.4280386462989051
2.20789990234375 0.42692614785146854
2.20889990234375 0.4241044567658724
2.20989990234375 0.4214448897671793
2.21089990234375 0.4180321573850045
2.21189990234375 0.4122259000056459
2.21289990234375 0.40894859907083153
2.21389990234375 0.4003870737060554
2.21489990234375 0.39358662237216047
2.21589990234375 0.38442040840435815
2.21689990234375 0.37302542875523975
2.21789990234375 0.3607876017723259
2.21889990234375 0.3470830051954353
2.21989990234375 0.3321162662150212
2.22089990234375 0.31582990874310374
2.22189990234375 0.29838562159268656
2.22289990234375 0.2805913072320494
2.22389990234375 0.26267341925385634
2.22489990234375 0.2452028403220512
2.22589990234375 0.22750216141905988
2.22689990234375 0.21060926290858906
2.22789990234375 0.19493906973003916
2.22889990234375 0.17930617583612768
2.22989990234375 0.16526338746316518
2.23089990234375 0.1525912688271875
2.23189990234375 0.14064447707377012
2.23289990234375 0.1289188279770996
2.23389990234375 0.1181893406969587
2.23489990234375 0.10713809127807776
2.23589990234375 0.0967071909617558
2.23689990234375 0.08750297215991888
2.23789990234375 0.07853124639027584
2.23889990234375 0.07002577390238969
2.23989990234375 0.062385940027248954
2.24089990234375 0.05522106212149505
2.24189990234375 0.048400626038492406
2.24289990234375 0.042705023694559995
2.24389990234375 0.03760438127911735
2.24489990234375 0.03284830271439171
2.24589990234375 0.028733650405890133
2.24689990234375 0.0250322273540419
2.24789990234375 0.021699459688652917
2.24889990234375 0.018871421727653246
2.24989990234375 0.016533456997832582
2.25089990234375 0.014445422622042521
2.25189990234375 0.012564856741214717
2.25289990234375 0.010986597540559058
2.25389990234375 0.009542524788558502
2.25489990234375 0.008285949779512466
2.25589990234375 0.007272594378860287
2.25689990234375 0.006371094041767564
2.25789990234375 0.005569161724374058
2.25889990234375 0.004884770255119859
2.25989990234375 0.0042619168429591835
2.26089990234375 0.0037142611664238707
2.26189990234375 0.003271374922845516
2.26289990234375 0.002885428704988813
2.26389990234375 0.0025352116946904483
2.26489990234375 0.002239017492116773
2.26589990234375 0.001976550653878077
2.26689990234375 0.0017383154195205652
2.26789990234375 0.00154133700852495
2.26889990234375 0.0013650549617686455
2.26989990234375 0.001212722580319441
2.27089990234375 0.0010867262578658995
2.27189990234375 0.0009663921859465028
2.27289990234375 0.0008624698447325794
2.27389990234375 0.0007712569366185413
2.27489990234375 0.0006979664145033266
2.27589990234375 0.0006298373157870963
2.27689990234375 0.0005676332427750608
2.27789990234375 0.0005217536858065262
2.27889990234375 0.0004704987124822629
2.27989990234375 0.00042507134362970337
2.28089990234375 0.0003903593459371947
2.28189990234375 0.00035996455143356976
2.28289990234375 0.00033079400764014164
2.28389990234375 0.00030252503599967047
2.28489990234375 0.00027617972450975003
2.28589990234375 0.000259199590721982
2.28689990234375 0.0002332452901813202
2.28789990234375 0.00021845013912055812
2.28889990234375 0.0002029502856178599
2.28989990234375 0.00018622523035235968
2.29089990234375 0.00017033102100752115
2.29189990234375 0.0001586679985868007
2.29289990234375 0.00014824558893117724
2.29389990234375 0.00013418478139807022
2.29489990234375 0.0001295885485608517
2.29589990234375 0.00011652337011071301
2.29689990234375 0.00011058650340995978
2.29789990234375 0.00010264570818235006
2.29889990234375 9.588355586160213e-05
2.29989990234375 8.824627857847587e-05
2.30089990234375 8.199928121500851e-05
2.30189990234375 7.896742686543164e-05
2.30289990234375 7.067356721641371e-05
2.30389990234375 6.513994606270874e-05
2.30489990234375 6.0281901427596834e-05
2.30589990234375 5.795257612884666e-05
2.30689990234375 5.204550582399866e-05
2.30789990234375 5.0140730402340434e-05
2.30889990234375 4.685890922032985e-05
2.30989990234375 4.252685683015541e-05
2.31089990234375 4.3117398602049067e-05
2.31189990234375 3.858240950201476e-05
2.31289990234375 3.5149953607512215e-05
2.31389990234375 3.2410400782581496e-05
2.31489990234375 3.159144209242991e-05
2.31589990234375 2.951369009779033e-05
2.31689990234375 2.8142217850477677e-05
2.31789990234375 2.558738286538956e-05
2.31889990234375 2.303806088765338e-05
2.31989990234375 2.266396342540042e-05
2.32089990234375 2.1470104145447467e-05
2.32189990234375 2.006315514983166e-05
2.32289990234375 1.920921534341846e-05
2.32389990234375 1.6402758427380912e-05
2.32489990234375 1.5894647897220558e-05
2.32589990234375 1.4372980730775112e-05
2.32689990234375 1.3954908276193439e-05
2.32789990234375 1.1969181797715069e-05
2.32889990234375 1.129446074375738e-05
2.32989990234375 1.126179933341824e-05
2.33089990234375 9.903611630753152e-06
2.33189990234375 9.351791994680808e-06
2.33289990234375 8.180898614648282e-06
2.33389990234375 7.837944989833243e-06
2.33489990234375 7.088644507071347e-06
2.33589990234375 6.87024979979887e-06
2.33689990234375 6.2717361602164545e-06
2.33789990234375 6.242580109140171e-06
2.33889990234375 5.526728367737289e-06
2.33989990234375 4.801655856552192e-06
2.34089990234375 4.807915708854419e-06
2.34189990234375 4.570888098761819e-06
2.34289990234375 4.639642146894785e-06
2.34389990234375 4.166677439863544e-06
2.34489990234375 3.876288605542786e-06
2.34589990234375 4.257914848485233e-06
2.34689990234375 4.038072401492219e-06
2.34789990234375 3.585622468074535e-06
2.34889990234375 3.49651882773705e-06
2.34989990234375 4.158286183344246e-06
2.35089990234375 3.5750904392936257e-06
2.35189990234375 3.865783263555747e-06
2.35289990234375 3.306716473175282e-06
2.35389990234375 3.2964834343997398e-06
2.35489990234375 2.797332559380228e-06
2.35589990234375 3.0067703800433514e-06
2.35689990234375 3.2940252786430277e-06
2.35789990234375 2.637320154633694e-06
2.35889990234375 2.8283784690644885e-06
2.35989990234375 2.3939756518666402e-06
2.36089990234375 2.2477897910410157e-06
2.36189990234375 2.1326534231301043e-06
2.36289990234375 1.9072536617081832e-06
2.36389990234375 2.1533518833133065e-06
2.36489990234375 2.0152773882477094e-06
2.36589990234375 1.4060948139822693e-06
2.36689990234375 1.596966664594376e-06
2.36789990234375 1.4926345706922325e-06
2.36889990234375 9.828324377332533e-07
2.36989990234375 8.304797279750392e-07
2.37089990234375 6.819564396258662e-07
2.37189990234375 6.832642690249929e-07
2.37289990234375 6.248962930603658e-07
2.37389990234375 4.300816064378629e-07
2.37489990234375 4.542281120560013e-07
2.37589990234375 4.06982522768246e-07
2.37689990234375 2.733382921550654e-07
2.37789990234375 2.3313303264342625e-07
2.37889990234375 2.6364483084815817e-07
2.37989990234375 3.2292558197547835e-07
2.38089990234375 2.3548871211926246e-07
2.38189990234375 2.0089904488382084e-07
2.38289990234375 1.7069528205084334e-07
2.38389990234375 1.8846809417651617e-07
2.38489990234375 1.995127348939717e-07
2.38589990234375 2.0350043874412182e-07
2.38689990234375 1.9103499360149712e-07
2.38789990234375 1.7387188464778278e-07
2.38889990234375 1.554380644430595e-07
2.38989990234375 1.5861380906770534e-07
2.39089990234375 1.3639622365151266e-07
2.39189990234375 1.5677841811128643e-07
2.39289990234375 1.142227926361576e-07
2.39389990234375 1.3732819307960853e-07
2.39489990234375 1.2501045013164027e-07
2.39589990234375 1.1784850224256327e-07
2.39689990234375 1.0095531831264188e-07
2.39789990234375 9.08120233574297e-08
2.39889990234375 8.108838864962097e-08
2.39989990234375 7.311908683534456e-08
2.40089990234375 5.588344012624469e-08
2.40189990234375 6.948131929911881e-08
2.40289990234375 5.693672701575651e-08
2.40389990234375 4.993129004218444e-08
2.40489990234375 3.917082523003603e-08
2.40589990234375 3.1948015047714455e-08
2.40689990234375 2.8122720847128192e-08
2.40789990234375 2.952966113493206e-08
2.40889990234375 1.7835000014289595e-08
2.40989990234375 2.498394152673321e-08
2.41089990234375 2.210927385845316e-08
2.41189990234375 1.607706161480406e-08
2.41289990234375 1.2836336093799224e-08
2.41389990234375 1.2633381668909152e-08
2.41489990234375 9.07485854971292e-09
2.41589990234375 1.0419870575139208e-08
2.41689990234375 7.088330822915593e-09
2.41789990234375 5.584038282083078e-09
2.41889990234375 6.194431583762669e-09
2.41989990234375 4.8016269073359835e-09
2.42089990234375 4.532880040523788e-09
2.42189990234375 2.975081605777691e-09
2.42289990234375 4.088835221128105e-09
2.42389990234375 3.5332193624114627e-09
2.42489990234375 2.848881052564604e-09
2.42589990234375 2.4343419550798058e-09
2.42689990234375 2.771895849475917e-09
2.42789990234375 1.9810046364002734e-09
2.42889990234375 1.9202215048124262e-09
2.42989990234375 1.7126949442592097e-09
2.43089990234375 1.6503157999924868e-09
2.43189990234375 1.9432824413924304e-09
2.43289990234375 1.4544386685935265e-09
2.43389990234375 1.6035439898208058e-09
2.43489990234375 1.2699383949928518e-09
2.43589990234375 1.4543384562838943e-09
2.43689990234375 9.559766625385164e-10
2.43789990234375 9.341648535144411e-10
2.43889990234375 9.424310178634409e-10
2.43989990234375 7.913769509038738e-10
2.44089990234375 8.515406472517993e-10
2.44189990234375 6.207593305514979e-10
2.44289990234375 6.089534584189212e-10
2.44389990234375 5.317051659976919e-10
2.44489990234375 5.261961808796583e-10
2.44589990234375 4.805476356796836e-10
2.44689990234375 4.309425080586396e-10
2.44789990234375 3.9176908254095767e-10
2.44889990234375 3.9179121900849097e-10
2.44989990234375 3.0285007883375153e-10
2.45089990234375 3.409306136087543e-10
2.45189990234375 2.355701443131076e-10
2.45289990234375 1.749043409533906e-10
2.45389990234375 2.886985368377259e-10
2.45489990234375 1.9512216767685843e-10
2.45589990234375 1.6907616256007696e-10
2.45689990234375 1.56451877161056e-10
2.45789990234375 1.4111991842333224e-10
2.45889990234375 1.045057966065701e-10
2.45989990234375 7.491734674615025e-11
2.46089990234375 1.0025933606517422e-10
2.46189990234375 6.675066725710917e-11
2.46289990234375 8.356882926761776e-11
2.46389990234375 7.315299959630116e-11
2.46489990234375 5.2010565835467165e-11
2.46589990234375 4.884294669343615e-11
2.46689990234375 4.652066015865533e-11
2.46789990234375 3.449030375753729e-11
2.46889990234375 3.437261245949558e-11
2.46989990234375 2.7733633228691885e-11
2.47089990234375 2.062128217600059e-11
2.47189990234375 2.3206251333765707e-11
2.47289990234375 2.0861908273357226e-11
2.47389990234375 1.9921560133056712e-11
2.47489990234375 1.3381430865869601e-11
2.47589990234375 1.2533966146978827e-11
2.47689990234375 1.0461607206554161e-11
2.47789990234375 8.604965213302179e-12
2.47889990234375 7.603364599231278e-12
2.47989990234375 7.91670629297321e-12
2.48089990234375 5.618073094565755e-12
2.48189990234375 6.356602391072449e-12
2.48289990234375 4.427983702501914e-12
2.48389990234375 3.721270838873539e-12
2.48489990234375 4.33085205116805e-12
2.48589990234375 2.4433188671432324e-12
2.48689990234375 3.589780936984252e-12
2.48789990234375 3.1980410834410023e-12
2.48889990234375 2.2198425256758908e-12
2.48989990234375 2.732133361720899e-12
2.49089990234375 2.025229008193538e-12
2.49189990234375 2.0571966221957226e-12
2.49289990234375 2.2759608447879527e-12
2.49389990234375 1.6906025439000803e-12
2.49489990234375 1.936594158431962e-12
2.49589990234375 1.5024609214976454e-12
2.49689990234375 1.555733962454917e-12
2.49789990234375 1.364848790478695e-12
2.49889990234375 1.2502211494646449e-12
2.49989990234375 1.2989433698629114e-12
2.50089990234375 8.832534234103738e-13
2.50189990234375 8.637444106156166e-13
2.50289990234375 1.2062925176600736e-12
2.50389990234375 8.242694535337927e-13
2.50489990234375 7.382004927049871e-13
2.50589990234375 1.0300560346286248e-12
2.50689990234375 7.565655433562306e-13
2.50789990234375 6.257272203234684e-13
2.50889990234375 7.073682957529638e-13
2.50989990234375 7.077914260987488e-13
2.51089990234375 6.733393085966521e-13
2.51189990234375 6.996099950022259e-13
2.51289990234375 4.958700483696977e-13
2.51389990234375 4.621379654605169e-13
2.51489990234375 5.114327750156098e-13
2.51589990234375 4.770901088787886e-13
2.51689990234375 4.871784620020765e-13
2.51789990234375 4.2103444502488234e-13
2.51889990234375 3.094774750921397e-13
2.51989990234375 3.238943797886639e-13
2.52089990234375 3.4020733746940027e-13
2.52189990234375 3.5388916823978263e-13
2.52289990234375 2.0307085574179185e-13
2.52389990234375 3.066265874479249e-13
2.52489990234375 2.8676669249143527e-13
2.52589990234375 2.7782989359195956e-13
2.52689990234375 2.030344336760495e-13
2.52789990234375 2.2350574824122095e-13
2.52889990234375 2.3470848830628517e-13
2.52989990234375 1.9349157923198495e-13
2.53089990234375 1.6549299448915587e-13
2.53189990234375 1.7369322841902723e-13
2.53289990234375 1.719502056307217e-13
2.53389990234375 1.5113254749136054e-13
2.53489990234375 1.3508517846993338e-13
2.53589990234375 1.1193424858729798e-13
2.53689990234375 1.392554700354998e-13
2.53789990234375 9.969377429740358e-14
2.53889990234375 1.1132873340965699e-13
2.53989990234375 1.0548096913523251e-13
2.54089990234375 9.195250331420249e-14
2.54189990234375 7.072304806566175e-14
2.54289990234375 7.566913790509197e-14
2.54389990234375 6.583110604558375e-14
2.54489990234375 6.763392764844615e-14
2.54589990234375 6.932094866357293e-14
2.54689990234375 7.252718324976966e-14
2.54789990234375 4.544012701650546e-14
2.54889990234375 5.025750950808676e-14
2.54989990234375 4.279806770269814e-14
2.55089990234375 4.1265788598893674e-14
2.55189990234375 4.005780148260017e-14
2.55289990234375 3.7443801049270687e-14
2.55389990234375 3.6720535468066944e-14
2.55489990234375 3.3067236427660824e-14
2.55589990234375 2.433091768904295e-14
2.55689990234375 3.039518032815424e-14
2.55789990234375 2.829156383175911e-14
2.55889990234375 2.2091083204897906e-14
2.55989990234375 2.089605489769357e-14
2.56089990234375 2.2230778963520628e-14
2.56189990234375 1.8355983121328925e-14
2.56289990234375 1.3426452085062645e-14
2.56389990234375 1.6438758366438743e-14
2.56489990234375 1.309746260364672e-14
2.56589990234375 1.5360088483210986e-14
2.56689990234375 1.2330909618904756e-14
2.56789990234375 8.285874955656831e-15
2.56889990234375 8.824343797333413e-15
2.56989990234375 8.45289913595293e-15
2.57089990234375 9.208797620521394e-15
2.57189990234375 5.9993815891763375e-15
2.57289990234375 5.9047094915608676e-15
2.57389990234375 6.413616829346781e-15
2.57489990234375 6.149719499682567e-15
2.57589990234375 4.452788263600311e-15
2.57689990234375 5.109348857104656e-15
2.57789990234375 4.621736924162794e-15
2.57889990234375 3.1105705479760538e-15
2.57989990234375 3.1457532167190246e-15
2.58089990234375 2.6104561475495994e-15
2.58189990234375 2.916893340530718e-15
2.58289990234375 2.357495663768876e-15
2.58389990234375 2.5907844526687707e-15
2.58489990234375 1.8905523971808796e-15
2.58589990234375 1.994274201244847e-15
2.58689990234375 1.7959373257319314e-15
2.58789990234375 1.342053519355181e-15
2.58889990234375 1.2386331037514389e-15
2.58989990234375 1.2492276103638278e-15
2.59089990234375 1.4702873178839547e-15
2.59189990234375 9.446032641171223e-16
2.59289990234375 8.336841961847392e-16
2.59389990234375 8.861852524168051e-16
2.59489990234375 8.402935419638802e-16
