Wavelength_microns Throughput
0.5505999755859375 9.078256730291342e-11
0.5515999755859375 9.952799206305322e-13
0.5525999755859375 1.9355542952103106e-11
0.5535999755859375 1.01326678719441e-12
0.5545999755859375 1.1689187948109455e-11
0.5555999755859375 6.004328652331982e-11
0.5565999755859375 1.1823441412333928e-12
0.5575999755859375 4.708098048329834e-11
0.5585999755859375 8.537273531581521e-13
0.5595999755859375 1.2038661558603932e-10
0.5605999755859375 9.658015157939706e-13
0.5615999755859375 1.4514618097121144e-12
0.5625999755859376 1.080819517948436e-12
0.5635999755859376 5.7784067400465246e-11
0.5645999755859376 1.364244199488021e-10
0.5655999755859376 1.2684573763625383e-10
0.5665999755859376 2.168026593475475e-12
0.5675999755859376 1.7784273788585993e-10
0.5685999755859374 2.6376058235888934e-12
0.5695999755859374 2.949097360184965e-10
0.5705999755859374 4.2343309609369256e-10
0.5715999755859374 3.030911544326943e-12
0.5725999755859374 2.2168778337235089e-10
0.5735999755859374 6.417728891086409e-11
0.5745999755859375 6.537980737294607e-10
0.5755999755859375 2.9017594359349174e-12
0.5765999755859375 3.254166814221158e-11
0.5775999755859375 2.349572756962189e-10
0.5785999755859375 1.959260424243631e-10
0.5795999755859375 9.254795322510156e-11
0.5805999755859375 2.5001741221808604e-12
0.5815999755859375 2.416977918943044e-10
0.5825999755859375 4.507620559315953e-10
0.5835999755859375 9.284343382346471e-11
0.5845999755859375 3.217808427897557e-10
0.5855999755859375 3.293615108072418e-10
0.5865999755859375 5.9080362726364415e-12
0.5875999755859375 2.1894463385488837e-10
0.5885999755859375 2.367498934892051e-10
0.5895999755859375 1.1031505708189176e-09
0.5905999755859375 5.016180722989507e-10
0.5915999755859375 1.0851584916608557e-09
0.5925999755859375 1.3175740062931899e-11
0.5935999755859375 3.7117314108060544e-10
0.5945999755859375 1.606487336704304e-09
0.5955999755859375 4.04264136289944e-10
0.5965999755859375 4.335392595660015e-10
0.5975999755859375 6.011957454837064e-10
0.5985999755859375 8.630655107259109e-11
0.5995999755859375 1.5916146273911049e-10
0.6005999755859375 1.0331134541047328e-11
0.6015999755859375 1.0561275177491475e-11
0.6025999755859375 1.0786867156441209e-11
0.6035999755859375 1.0992234748196011e-11
0.6045999755859375 6.234191489569051e-10
0.6055999755859375 3.7466595460474186e-10
0.6065999755859375 6.336532196471294e-10
0.6075999755859375 1.8013354924367327e-10
0.6085999755859375 1.199483914130461e-11
0.6095999755859375 2.832818932948086e-10
0.6105999755859375 2.893473140878362e-10
0.6115999755859375 1.253123717348446e-11
0.6125999755859375 8.978114172617282e-10
0.6135999755859375 6.098676361220084e-10
0.6145999755859375 1.3025601157404681e-11
0.6155999755859375 3.39833185965279e-10
0.6165999755859375 1.400428998595037e-10
0.6175999755859375 1.3501014055022452e-11
0.6185999755859375 3.4539856485418944e-10
0.6195999755859375 1.3823986855586375e-11
0.6205999755859375 1.3977391245056668e-11
0.6215999755859375 6.773450751588306e-10
0.6225999755859375 1.419524864002205e-11
0.6235999755859375 1.0523579514372958e-10
0.6245999755859375 1.9126239717483674e-11
0.6255999755859375 1.4740290347760425e-11
0.6265999755859375 1.2932523882778442e-09
0.6275999755859375 1.5083166883772336e-11
0.6285999755859375 1.7272198667227745e-09
0.6295999755859375 1.53829359482471e-11
0.6305999755859375 1.735454667172981e-10
0.6315999755859375 4.695080386022336e-10
0.6325999755859375 1.58165911656853e-11
0.6335999755859375 4.4969640773074966e-10
0.6345999755859375 1.6093146825663537e-11
0.6355999755859375 1.6229642227316973e-11
0.6365999755859375 1.6361864812229597e-11
0.6375999755859375 1.6484660664091033e-11
0.6385999755859375 1.6956907878126135e-10
0.6395999755859375 8.394151385512756e-10
0.6405999755859375 1.6889372129280063e-11
0.6415999755859375 1.7034464886859287e-11
0.6425999755859375 1.5460240750380392e-09
0.6435999755859375 1.804256100123085e-11
0.6445999755859375 3.735674001655819e-10
0.6455999755859375 6.6462717092419e-10
0.6465999755859375 5.09583570756139e-10
0.6475999755859375 1.7785990917489135e-11
0.6485999755859375 1.789387589229298e-11
0.6495999755859375 5.749349592876997e-10
0.6505999755859375 2.0725137245385823e-11
0.6515999755859375 1.8232472810363524e-11
0.6525999755859375 1.8329029938503204e-11
0.6535999755859375 1.843719900500841e-11
0.6545999755859375 1.0216946229482352e-09
0.6555999755859375 1.8634220616046656e-11
0.6565999755859375 1.2864028656818067e-10
0.6575999755859375 1.8809657319837497e-11
0.6585999755859375 1.8887820665300088e-11
0.6595999755859375 1.8983392912574544e-11
0.6605999755859375 1.9062924586369632e-11
0.6615999755859375 1.9133772956523713e-11
0.6625999755859375 1.9215148656803895e-11
0.6635999755859375 1.9316562651309746e-11
0.6645999755859375 1.9411725613064253e-11
0.6655999755859375 7.111712628244958e-10
0.6665999755859375 7.581936170893782e-11
0.6675999755859375 2.0464588921820752e-11
0.6685999755859375 2.3434221642139037e-11
0.6695999755859375 1.979741008471212e-11
0.6705999755859375 1.986448883754775e-11
0.6715999755859375 1.993157429446346e-11
0.6725999755859375 6.481447849595175e-10
0.6735999755859375 9.7084613646225e-10
0.6745999755859375 2.0451783715798885e-11
0.6755999755859375 4.349654629213415e-11
0.6765999755859375 9.354512005762666e-10
0.6775999755859375 1.319842655761172e-10
0.6785999755859375 2.0413437945972822e-11
0.6795999755859375 5.206570497572388e-10
0.6805999755859375 2.7306798370204235e-10
0.6815999755859375 2.0647165265323606e-11
0.6825999755859375 2.068308490243317e-11
0.6835999755859375 2.0742933963809163e-11
0.6845999755859375 1.2601332353783552e-10
0.6855999755859375 1.2818591601960703e-09
0.6865999755859375 2.0947034338954633e-11
0.6875999755859376 4.5183428870970186e-10
0.6885999755859376 2.107311760924358e-11
0.6895999755859376 8.712675072101083e-11
0.6905999755859376 2.122608528986492e-11
0.6915999755859376 2.127901912700729e-11
0.6925999755859376 7.086089004122698e-11
0.6935999755859374 6.547343840827191e-10
0.6945999755859374 2.142826848912668e-11
0.6955999755859374 2.186588846403609e-09
0.6965999755859374 2.155928546688243e-11
0.6975999755859374 2.1632422293544737e-11
0.6985999755859374 2.1705885619137752e-11
0.6995999755859375 2.1775655685825353e-11
0.7005999755859375 2.1867068378897145e-11
0.7015999755859375 1.399162280924903e-09
0.7025999755859375 2.197881844929851e-11
0.7035999755859375 2.2075372554843826e-11
0.7045999755859375 2.2146448024342456e-11
0.7055999755859375 2.1780084599958868e-10
0.7065999755859375 2.2300340027760885e-11
0.7075999755859375 2.2369043173832548e-11
0.7085999755859375 3.382921682815983e-10
0.7095999755859375 3.868217153708227e-10
0.7105999755859375 2.2621032553771325e-11
0.7115999755859375 2.2709004727975667e-11
0.7125999755859375 2.2804161501038318e-11
0.7135999755859375 6.069712900517553e-10
0.7145999755859375 4.3227309396116954e-09
0.7155999755859375 1.501173862403621e-10
0.7165999755859375 7.379085200413253e-11
0.7175999755859375 2.3225695473041218e-11
0.7185999755859375 2.3334491179123405e-11
0.7195999755859375 2.344335444803039e-11
0.7205999755859375 8.311816285741691e-10
0.7215999755859375 1.6242013106185964e-10
0.7225999755859375 2.3678234831854423e-11
0.7235999755859375 2.3753331572505004e-11
0.7245999755859375 2.384531632489351e-11
0.7255999755859375 1.4987258715697883e-09
0.7265999755859375 2.4056544830692557e-11
0.7275999755859375 8.492348162523676e-10
0.7285999755859375 1.3343171419380867e-09
0.7295999755859375 2.936770171287445e-09
0.7305999755859375 2.4411103157112213e-11
0.7315999755859375 4.0174176061501973e-10
0.7325999755859375 1.5784606742973026e-09
0.7335999755859375 7.357137182431644e-10
0.7345999755859375 1.09534679689736e-09
0.7355999755859375 8.481637124935611e-10
0.7365999755859375 1.2896669098422553e-09
0.7375999755859375 2.84143360578648e-09
0.7385999755859375 2.765280272631123e-10
0.7395999755859375 2.5224395566847056e-11
0.7405999755859375 2.5317569023660505e-11
0.7415999755859375 8.244872978666897e-10
0.7425999755859375 5.431913957794858e-10
0.7435999755859375 6.4832360415498695e-09
0.7445999755859375 2.567765980082444e-11
0.7455999755859375 2.5748027369898933e-11
0.7465999755859375 7.538575381001869e-09
0.7475999755859375 3.82238065881604e-09
0.7485999755859375 2.6012444347694647e-11
0.7495999755859375 1.823341209396117e-10
0.7505999755859375 1.6386844287503835e-09
0.7515999755859375 2.6236694837295037e-11
0.7525999755859375 4.098031215371331e-09
0.7535999755859375 9.029482889767664e-09
0.7545999755859375 1.264526643500673e-09
0.7555999755859375 2.7931597483489825e-09
0.7565999755859375 1.394490317915803e-09
0.7575999755859375 2.6598035205819268e-11
0.7585999755859375 3.3874443276784037e-10
0.7595999755859375 2.668104234945417e-11
0.7605999755859375 1.118170263976625e-10
0.7615999755859375 3.671802452345718e-09
0.7625999755859375 2.684012118467428e-11
0.7635999755859375 2.8318400839831447e-09
0.7645999755859375 2.697239025912029e-11
0.7655999755859375 9.60110424045002e-09
0.7665999755859375 1.4735505348873158e-09
0.7675999755859375 2.045285865569117e-09
0.7685999755859375 2.7159312604694625e-11
0.7695999755859375 2.7225710666395482e-11
0.7705999755859375 2.728630773591507e-11
0.7715999755859375 1.965279258920854e-09
0.7725999755859375 1.180606108401477e-09
0.7735999755859375 2.7493442015275838e-11
0.7745999755859375 9.68709015894947e-10
0.7755999755859375 3.79568585102868e-09
0.7765999755859375 2.2764556225204153e-09
0.7775999755859375 2.7701442197130107e-11
0.7785999755859375 1.504846291954242e-09
0.7795999755859375 1.8454776219149331e-09
0.7805999755859375 9.880607333266735e-10
0.7815999755859375 2.791228972394621e-11
0.7825999755859375 5.765514873531928e-09
0.7835999755859375 6.5397772430071585e-09
0.7845999755859375 2.8028679516446214e-11
0.7855999755859375 5.259203107535543e-10
0.7865999755859375 5.67900216328083e-09
0.7875999755859375 2.2265459106891975e-09
0.7885999755859375 2.818167984030601e-11
0.7895999755859375 2.8202249203025807e-11
0.7905999755859375 2.495850686261324e-09
0.7915999755859375 7.704568502113829e-09
0.7925999755859375 2.8289937466043773e-11
0.7935999755859375 3.948398587614852e-09
0.7945999755859375 2.0351587475241916e-09
0.7955999755859375 7.572938812425133e-09
0.7965999755859375 5.605026826347783e-09
0.7975999755859375 7.361405611338158e-09
0.7985999755859375 1.3984801041245235e-09
0.7995999755859375 2.8252370761642728e-11
0.8005999755859375 2.8193685008173985e-11
0.8015999755859375 4.167282737951325e-09
0.8025999755859375 5.823888299888668e-09
0.8035999755859375 8.036888950626578e-10
0.8045999755859375 1.2638355205318137e-08
0.8055999755859375 3.314294228642333e-09
0.8065999755859375 4.102885808294527e-09
0.8075999755859375 7.890675935883776e-10
0.8085999755859375 3.364479454335655e-08
0.8095999755859375 1.3202045871848873e-08
0.8105999755859375 9.38333565447885e-09
0.8115999755859375 1.2902393741158029e-08
0.8125999755859376 1.9728093203754966e-08
0.8135999755859376 1.705359672352977e-08
0.8145999755859376 1.5502446195537184e-08
0.8155999755859376 1.742032700031954e-08
0.8165999755859376 2.9219087346546936e-11
0.8175999755859376 6.4626806334969e-09
0.8185999755859374 1.521092640697049e-08
0.8195999755859374 8.842962972845484e-09
0.8205999755859374 6.9496938533298216e-09
0.8215999755859374 2.942388475811502e-11
0.8225999755859374 2.9475164742606653e-11
0.8235999755859374 4.484301541756213e-09
0.8245999755859375 2.7251111417659223e-09
0.8255999755859375 2.9796396790581578e-09
0.8265999755859375 2.9596995844731295e-11
0.8275999755859375 9.815677469506637e-09
0.8285999755859375 2.966802452087913e-11
0.8295999755859375 1.0046297011425796e-09
0.8305999755859375 6.984644560636277e-09
0.8315999755859375 9.251287903406585e-09
0.8325999755859375 4.2166738460124496e-10
0.8335999755859375 3.2076267287117545e-08
0.8345999755859375 2.6981379209878466e-08
0.8355999755859375 2.9037263381332503e-09
0.8365999755859375 1.5003770707572105e-08
0.8375999755859375 9.237673556308525e-09
0.8385999755859375 1.95637203711733e-08
0.8395999755859375 1.617390671841201e-08
0.8405999755859375 3.009040148826387e-11
0.8415999755859375 1.6440762293411278e-09
0.8425999755859375 2.6548914544271566e-08
0.8435999755859375 5.575811446557563e-09
0.8445999755859375 3.360372322045891e-08
0.8455999755859375 3.032980411585338e-11
0.8465999755859375 8.896690554757615e-09
0.8475999755859375 3.041411012562487e-11
0.8485999755859375 5.402265562471079e-09
0.8495999755859375 5.776729958334642e-08
0.8505999755859375 1.6924354479750154e-08
0.8515999755859375 7.290463785937657e-08
0.8525999755859375 1.468829003913794e-07
0.8535999755859375 7.151004430043729e-08
0.8545999755859375 8.686564505101685e-08
0.8555999755859375 3.310390202390082e-08
0.8565999755859375 1.1542193902833713e-07
0.8575999755859375 3.08520642272032e-11
0.8585999755859375 1.2723556970042553e-07
0.8595999755859375 1.987123475828031e-07
0.8605999755859375 8.90379247043543e-08
0.8615999755859375 2.2522069593928912e-08
0.8625999755859375 1.586375789119448e-07
0.8635999755859375 7.760078776483105e-09
0.8645999755859375 3.111717992352344e-11
0.8655999755859375 8.082821703242877e-07
0.8665999755859375 9.493655828344409e-08
0.8675999755859375 3.122316734356229e-11
0.8685999755859375 3.126620915538254e-11
0.8695999755859375 2.775752417681583e-07
0.8705999755859375 4.18187941335197e-08
0.8715999755859375 3.1401078358745373e-11
0.8725999755859375 2.3764179399633994e-08
0.8735999755859375 7.56027364968146e-07
0.8745999755859375 2.0632415647534904e-07
0.8755999755859375 3.2749325623974224e-08
0.8765999755859375 5.743877183208677e-07
0.8775999755859375 3.1563544603539056e-11
0.8785999755859375 1.634985314111094e-06
0.8795999755859375 8.445834309594662e-07
0.8805999755859375 2.944606149593139e-07
0.8815999755859375 5.294857738675254e-07
0.8825999755859375 3.155198057494048e-11
0.8835999755859375 1.1347985673897985e-06
0.8845999755859375 3.165549686591719e-11
0.8855999755859375 3.171986184674169e-11
0.8865999755859375 6.725962959340722e-07
0.8875999755859375 3.1870122514845163e-11
0.8885999755859375 1.5996681271713997e-06
0.8895999755859375 3.1935132225144264e-11
0.8905999755859375 8.747877561088384e-07
0.8915999755859375 6.09086881705497e-07
0.8925999755859375 5.7580690769244975e-06
0.8935999755859375 1.1837703789361943e-06
0.8945999755859375 5.427454784057688e-07
0.8955999755859375 1.3800433004129492e-06
0.8965999755859375 3.09044565160773e-06
0.8975999755859375 3.195481708836209e-11
0.8985999755859375 4.616727971226354e-07
0.8995999755859375 1.3068703952828321e-06
0.9005999755859375 2.4828674412835387e-06
0.9015999755859375 1.3311405845485994e-06
0.9025999755859375 1.7767675350228868e-06
0.9035999755859375 9.629881381828794e-07
0.9045999755859375 9.599386363360905e-07
0.9055999755859375 1.5270254699451817e-06
0.9065999755859375 9.041774963530705e-07
0.9075999755859375 1.7404252662532167e-06
0.9085999755859375 1.0491543004664497e-06
0.9095999755859375 1.94166900834818e-06
0.9105999755859375 1.5091971693951244e-06
0.9115999755859375 1.3141587574720701e-06
0.9125999755859375 6.128668899934099e-07
0.9135999755859375 1.2041919966114263e-06
0.9145999755859375 8.272461888613539e-07
0.9155999755859375 1.349516212768297e-06
0.9165999755859375 1.5841539524758e-06
0.9175999755859375 1.5919036134829164e-06
0.9185999755859375 9.73575034021511e-07
0.9195999755859375 1.0603989399445145e-06
0.9205999755859375 1.0283295877800348e-06
0.9215999755859375 9.397483436102648e-07
0.9225999755859375 3.3102370474451395e-07
0.9235999755859375 1.0186527095436894e-06
0.9245999755859375 9.238984325895545e-07
0.9255999755859375 1.333082812911094e-06
0.9265999755859375 9.015607197377348e-07
0.9275999755859375 7.155629446475795e-07
0.9285999755859375 8.830815081018031e-07
0.9295999755859375 1.6429455684513848e-06
0.9305999755859375 1.6532357884843658e-06
0.9315999755859375 9.832173970032186e-07
0.9325999755859375 2.354448232662296e-07
0.9335999755859375 7.398063631922261e-07
0.9345999755859375 6.118509279958706e-07
0.9355999755859375 8.902998853966676e-07
0.9365999755859375 6.98521627148392e-07
0.9375999755859376 1.478064564183321e-06
0.9385999755859376 8.515372001176724e-07
0.9395999755859376 7.962698320891474e-07
0.9405999755859376 6.182252690936781e-07
0.9415999755859376 4.2773491252891703e-07
0.9425999755859376 4.6559052314093434e-07
0.9435999755859374 5.929494921672861e-07
0.9445999755859374 1.6395054997795052e-06
0.9455999755859374 5.071260932086765e-07
0.9465999755859374 1.1174846012969704e-06
0.9475999755859374 3.126954784927858e-07
0.9485999755859374 3.9411003796787215e-07
0.9495999755859375 8.083924399791989e-07
0.9505999755859375 9.199975690779456e-07
0.9515999755859375 2.476611829534151e-07
0.9525999755859375 9.625179687295042e-07
0.9535999755859375 1.281798821475542e-07
0.9545999755859375 8.522368252472893e-07
0.9555999755859375 8.524024694795506e-07
0.9565999755859375 2.192171308481515e-08
0.9575999755859375 4.3945424499549715e-07
0.9585999755859375 6.528319686906708e-07
0.9595999755859375 1.9333441326925334e-07
0.9605999755859375 4.977632848853575e-07
0.9615999755859375 2.9592524459570904e-07
0.9625999755859375 6.7607323974739e-07
0.9635999755859375 7.065162939831827e-07
0.9645999755859375 7.488804566044588e-07
0.9655999755859375 2.385779336265069e-07
0.9665999755859375 2.1491663738451103e-07
0.9675999755859375 4.85030708122203e-07
0.9685999755859375 3.2894703002707685e-07
0.9695999755859375 8.840229029450733e-08
0.9705999755859375 4.3359979130103477e-07
0.9715999755859375 3.314599579030824e-11
0.9725999755859375 2.4178707481835423e-07
0.9735999755859375 5.293195488066851e-07
0.9745999755859375 2.969418929842977e-07
0.9755999755859375 2.3147666607340706e-07
0.9765999755859375 3.9917561690529535e-07
0.9775999755859375 6.060770149807892e-07
0.9785999755859375 3.415914860572441e-07
0.9795999755859375 5.000794554595999e-07
0.9805999755859375 6.276575356112352e-07
0.9815999755859375 2.955443908148854e-07
0.9825999755859375 3.763616104653518e-07
0.9835999755859375 2.7774583503909114e-07
0.9845999755859375 3.4082095837768764e-07
0.9855999755859375 2.089657079001636e-07
0.9865999755859375 6.967356203746099e-07
0.9875999755859375 2.1544428136761335e-07
0.9885999755859375 2.1934095167221468e-07
0.9895999755859375 1.867026358777172e-07
0.9905999755859375 3.930150899130255e-07
0.9915999755859375 4.301064065674672e-07
0.9925999755859375 2.075578329820796e-07
0.9935999755859375 1.0244603134766112e-07
0.9945999755859375 3.4748600638615556e-07
0.9955999755859375 1.0179386279980676e-07
0.9965999755859375 3.1994318709958456e-07
0.9975999755859375 1.9777537695396418e-07
0.9985999755859375 3.7933807619771386e-07
0.9995999755859375 1.8033149626113187e-07
1.0005999755859376 4.804704874417591e-07
1.0015999755859375 2.787674895139432e-07
1.0025999755859376 3.999378985987797e-07
1.0035999755859375 5.149835698512063e-07
1.0045999755859376 4.506255435791405e-07
1.0055999755859375 4.148944219158471e-07
1.0065999755859374 3.9073401864640676e-07
1.0075999755859375 3.678345174510595e-07
1.0085999755859374 6.02931974780075e-07
1.0095999755859375 3.8857244942782367e-07
1.0105999755859374 5.46709192111615e-08
1.0115999755859375 2.9647219479316517e-07
1.0125999755859374 5.362747089195029e-07
1.0135999755859375 3.028230657841149e-07
1.0145999755859374 2.6240391619730784e-07
1.0155999755859375 6.689619559747875e-08
1.0165999755859374 2.665442465370807e-07
1.0175999755859375 1.3128970998355754e-07
1.0185999755859374 2.1872476849881336e-07
1.0195999755859375 2.2952784955710034e-07
1.0205999755859374 2.6736531475527126e-07
1.0215999755859375 2.877646023414141e-07
1.0225999755859374 3.8462590414982344e-07
1.0235999755859375 3.837373958423665e-07
1.0245999755859374 2.67681869942305e-07
1.0255999755859375 3.5980852533828536e-07
1.0265999755859374 2.3947397108981447e-07
1.0275999755859375 2.2268740748126862e-07
1.0285999755859374 2.0689804269909358e-07
1.0295999755859375 2.5570928507302176e-07
1.0305999755859374 3.144357191938495e-07
1.0315999755859375 1.4320833349585164e-07
1.0325999755859374 4.266185312671348e-07
1.0335999755859375 2.702199430342209e-07
1.0345999755859374 4.897410484357387e-07
1.0355999755859375 3.4322879208355413e-07
1.0365999755859374 2.939294763447044e-07
1.0375999755859375 2.0135699718250038e-07
1.0385999755859374 2.0350340408661976e-07
1.0395999755859375 5.9498240463984305e-08
1.0405999755859374 1.0489542386057976e-07
1.0415999755859375 2.2475259686362457e-07
1.0425999755859374 1.2245237788667704e-07
1.0435999755859375 3.1078551176547576e-07
1.0445999755859374 2.680530722131114e-07
1.0455999755859375 2.123122619996416e-07
1.0465999755859374 1.6447915204283567e-07
1.0475999755859375 2.456756686702563e-07
1.0485999755859374 3.089764602921917e-07
1.0495999755859375 2.828170319888749e-07
1.0505999755859374 3.542722229723538e-07
1.0515999755859375 1.8574343672438553e-07
1.0525999755859374 1.3367836868377232e-07
1.0535999755859375 2.6544276840600196e-07
1.0545999755859374 4.19403413244813e-07
1.0555999755859375 2.7436376248044896e-07
1.0565999755859374 1.492124264758776e-07
1.0575999755859375 1.8702275200311808e-07
1.0585999755859374 1.0850103807604198e-07
1.0595999755859375 2.1615372190678862e-07
1.0605999755859374 2.4529168422026395e-07
1.0615999755859375 2.1039563212173755e-07
1.0625999755859374 1.8007157567856285e-07
1.0635999755859376 8.200088898377363e-08
1.0645999755859374 2.749853947293044e-07
1.0655999755859376 5.175493690497066e-07
1.0665999755859374 2.2969490948187552e-07
1.0675999755859376 2.428920844491299e-07
1.0685999755859374 4.5785301097437683e-08
1.0695999755859376 2.452096635448925e-07
1.0705999755859374 1.9374628066576517e-07
1.0715999755859376 2.4076993282768875e-07
1.0725999755859374 2.1846253087606498e-07
1.0735999755859376 1.0160476382290538e-07
1.0745999755859375 1.9216113233082222e-07
1.0755999755859376 3.047855030194181e-07
1.0765999755859375 2.2094765230070613e-07
1.0775999755859376 2.0907246078293747e-07
1.0785999755859375 8.662567644682473e-08
1.0795999755859376 1.7521847392590031e-07
1.0805999755859375 3.4375639209881136e-07
1.0815999755859376 2.3787301529999112e-07
1.0825999755859375 2.7473563877169656e-07
1.0835999755859376 1.9993528425935346e-07
1.0845999755859375 2.657022269932902e-07
1.0855999755859376 2.121452129675393e-07
1.0865999755859375 2.5037861307303605e-07
1.0875999755859376 2.466669840550748e-07
1.0885999755859375 7.585822499637265e-08
1.0895999755859376 1.1878200978937668e-07
1.0905999755859375 3.460469709770568e-07
1.0915999755859376 4.0028842866434854e-07
1.0925999755859375 2.7885612241096245e-07
1.0935999755859376 2.660677828708869e-08
1.0945999755859375 2.479141091543503e-07
1.0955999755859376 5.6407554268884926e-08
1.0965999755859375 5.810526013342072e-08
1.0975999755859376 2.2518361703534285e-07
1.0985999755859375 2.748935851958182e-07
1.0995999755859376 1.252510005500367e-07
1.1005999755859375 1.884038621007356e-07
1.1015999755859376 1.7399801619578248e-07
1.1025999755859375 1.876518525069898e-07
1.1035999755859376 2.0080650540218708e-07
1.1045999755859375 2.444064301329363e-07
1.1055999755859376 2.749603743259099e-07
1.1065999755859375 2.0407790432637323e-07
1.1075999755859376 3.671435153704497e-07
1.1085999755859375 3.4230311033267933e-07
1.1095999755859376 3.290238091247506e-09
1.1105999755859375 2.8328788289310893e-07
1.1115999755859376 1.8988722425404485e-07
1.1125999755859375 1.7451923708259917e-07
1.1135999755859376 9.192501255679313e-08
1.1145999755859375 9.215702883369294e-08
1.1155999755859376 3.243769250748891e-07
1.1165999755859375 2.043793627877e-07
1.1175999755859376 1.4026631403083792e-07
1.1185999755859375 3.60705837828138e-07
1.1195999755859376 2.9602782457314525e-07
1.1205999755859375 1.9978705387782185e-07
1.1215999755859376 2.424457444230115e-07
1.1225999755859375 1.5185336057020473e-07
1.1235999755859376 2.75555720935817e-07
1.1245999755859375 1.6780843237525785e-07
1.1255999755859376 2.7409802849928155e-07
1.1265999755859375 1.1670986532176058e-07
1.1275999755859376 2.9323663501515863e-07
1.1285999755859375 1.4917453800644441e-07
1.1295999755859376 1.3422954549605208e-07
1.1305999755859375 2.026988300238772e-07
1.1315999755859374 2.069315141646494e-07
1.1325999755859375 1.206605355756873e-07
1.1335999755859374 2.2925678762031833e-07
1.1345999755859375 1.3411962852561498e-07
1.1355999755859374 1.1839161188339972e-07
1.1365999755859375 3.857732442253068e-07
1.1375999755859374 1.37210405690689e-07
1.1385999755859375 8.591049715946888e-08
1.1395999755859374 1.6557263151286583e-07
1.1405999755859375 2.220413856139268e-07
1.1415999755859374 2.5778883044938515e-07
1.1425999755859375 1.792285746561993e-07
1.1435999755859374 1.9465773974997756e-07
1.1445999755859375 2.114011606578669e-07
1.1455999755859374 1.8770651737734984e-07
1.1465999755859375 1.7712680535939494e-07
1.1475999755859374 2.0458729209841772e-07
1.1485999755859375 1.2627409481821843e-07
1.1495999755859374 2.0968017805484688e-07
1.1505999755859375 4.756315157510308e-08
1.1515999755859374 1.7729131557298033e-07
1.1525999755859375 1.6504837183227235e-07
1.1535999755859374 1.6707086680463825e-07
1.1545999755859375 1.7064610255380113e-07
1.1555999755859374 2.6605020504869484e-07
1.1565999755859375 3.096043588883726e-07
1.1575999755859374 2.1080643443582987e-07
1.1585999755859375 2.0521009252511666e-07
1.1595999755859374 1.531785046892773e-07
1.1605999755859375 2.1920804646790192e-07
1.1615999755859374 3.2131990190292577e-07
1.1625999755859375 1.0724398583603428e-07
1.1635999755859374 6.375173702863714e-08
1.1645999755859375 1.7757129418706363e-07
1.1655999755859374 2.1753623514751346e-07
1.1665999755859375 1.437420951162811e-07
1.1675999755859374 1.699469480935035e-07
1.1685999755859375 1.8089111689703507e-07
1.1695999755859374 2.213321011692608e-07
1.1705999755859375 1.316924755915833e-07
1.1715999755859374 2.1207170026180287e-07
1.1725999755859375 2.4877578779346955e-07
1.1735999755859374 3.1821408001943397e-07
1.1745999755859375 3.1724873532403386e-07
1.1755999755859374 3.8253515004877424e-07
1.1765999755859375 4.9206860183295654e-08
1.1775999755859374 1.7825139875187167e-07
1.1785999755859375 4.5702021347421566e-07
1.1795999755859374 2.4494778469200314e-07
1.1805999755859375 2.3582375797232357e-07
1.1815999755859374 2.2765991028316132e-07
1.1825999755859375 2.5387363266719666e-07
1.1835999755859374 2.2682297883330553e-07
1.1845999755859375 1.990410023096512e-07
1.1855999755859374 1.7791047653706917e-07
1.1865999755859375 2.875689254033945e-07
1.1875999755859374 2.714226982004636e-07
1.1885999755859376 6.140764057470686e-08
1.1895999755859374 3.1128340470302234e-07
1.1905999755859376 2.4286573164642466e-07
1.1915999755859374 2.3686686022012453e-07
1.1925999755859376 2.2246129078503052e-07
1.1935999755859374 1.146203825510791e-07
1.1945999755859376 2.91455809830091e-07
1.1955999755859374 2.0249610505111981e-07
1.1965999755859376 2.2489172429753653e-07
1.1975999755859374 2.5378203018304386e-07
1.1985999755859376 1.790091496808227e-07
1.1995999755859375 3.5708375898503996e-07
1.2005999755859376 3.0820468806606913e-07
1.2015999755859375 7.187754339295521e-08
1.2025999755859376 3.315668983552668e-07
1.2035999755859375 4.4500958807190344e-07
1.2045999755859376 4.555240404009405e-08
1.2055999755859375 2.073307207606584e-07
1.2065999755859376 4.021937651443281e-07
1.2075999755859375 2.3317507929484364e-07
1.2085999755859376 7.018716717773188e-08
1.2095999755859375 3.6511197728605e-07
1.2105999755859376 3.2068937089844344e-07
1.2115999755859375 1.7258077749641556e-07
1.2125999755859376 2.0366494925229495e-07
1.2135999755859375 1.46379100219583e-07
1.2145999755859376 8.20862864139171e-08
1.2155999755859375 3.646998600529832e-07
1.2165999755859376 1.8100397268729466e-07
1.2175999755859375 2.0936853378102123e-07
1.2185999755859376 2.4860012814463747e-07
1.2195999755859375 3.2045341067817335e-07
1.2205999755859376 1.6981752050764156e-07
1.2215999755859375 2.3938748742430434e-07
1.2225999755859376 3.8300694271419347e-07
1.2235999755859375 7.515776632897184e-08
1.2245999755859376 2.40862560314663e-07
1.2255999755859375 1.9501459044938367e-07
1.2265999755859376 2.4836475493533764e-07
1.2275999755859375 5.0867121037480556e-08
1.2285999755859376 1.190023403216811e-07
1.2295999755859375 2.1994559349759743e-07
1.2305999755859376 3.666526690413064e-07
1.2315999755859375 1.6408715103233678e-07
1.2325999755859376 2.3527267615512443e-07
1.2335999755859375 2.632875632934831e-07
1.2345999755859376 2.134475986100128e-07
1.2355999755859375 3.047813096776275e-07
1.2365999755859376 2.538752508832517e-07
1.2375999755859375 4.4077261434891066e-07
1.2385999755859376 6.776677479003868e-08
1.2395999755859375 4.1248326442997164e-08
1.2405999755859376 2.520706588218363e-07
1.2415999755859375 1.0582956523731427e-07
1.2425999755859376 3.759560730419188e-07
1.2435999755859375 2.177050797560582e-07
1.2445999755859376 3.5266900943704883e-07
1.2455999755859375 1.3416879735150014e-07
1.2465999755859376 2.693964629337481e-07
1.2475999755859375 1.4773535175699702e-07
1.2485999755859376 2.3306382498030604e-07
1.2495999755859375 2.534041138577956e-07
1.2505999755859376 1.7642969553635585e-07
1.2515999755859375 2.4197679188732e-07
1.2525999755859376 4.09656607247679e-07
1.2535999755859375 9.575045051585523e-08
1.2545999755859376 1.624386464403857e-07
1.2555999755859375 2.968271552153103e-07
1.2565999755859374 1.8650066665554047e-07
1.2575999755859375 2.203858051550738e-07
1.2585999755859374 2.2013397079038211e-07
1.2595999755859375 1.8195113196546886e-07
1.2605999755859374 3.2113461923584086e-07
1.2615999755859375 2.673516460416967e-07
1.2625999755859374 2.8143075609432293e-07
1.2635999755859375 1.8223799891959758e-07
1.2645999755859374 1.281281889348696e-07
1.2655999755859375 4.440771659403597e-07
1.2665999755859374 1.5921619486138497e-07
1.2675999755859375 4.052040065924112e-07
1.2685999755859374 2.874866882100204e-07
1.2695999755859375 2.975708618571757e-07
1.2705999755859374 2.860615681228017e-07
1.2715999755859375 2.458994733760001e-07
1.2725999755859374 1.4729411105608023e-07
1.2735999755859375 1.9415518306243002e-07
1.2745999755859374 1.4907390495203226e-07
1.2755999755859375 1.7874141352081995e-07
1.2765999755859374 1.895973822584888e-07
1.2775999755859375 2.8563181701594034e-07
1.2785999755859374 2.1159807605376486e-07
1.2795999755859375 2.094400600762392e-07
1.2805999755859374 1.4835746047135182e-07
1.2815999755859375 1.4327821046032613e-07
1.2825999755859374 3.657595987703857e-07
1.2835999755859375 2.735086685124113e-07
1.2845999755859374 1.4709763396462135e-07
1.2855999755859375 1.2137305412612005e-07
1.2865999755859374 3.486388119559167e-07
1.2875999755859375 1.7066396924250378e-07
1.2885999755859374 1.8236988506302485e-07
1.2895999755859375 1.4816537668609107e-07
1.2905999755859374 3.8425244454780526e-07
1.2915999755859375 2.0785611604312033e-07
1.2925999755859374 2.467577587089755e-07
1.2935999755859375 2.161547380156629e-07
1.2945999755859374 3.604818936932429e-07
1.2955999755859375 2.666337935587779e-07
1.2965999755859374 2.892792363757044e-07
1.2975999755859375 2.824154072693848e-07
1.2985999755859374 2.6598119078251856e-07
1.2995999755859375 1.7667202125550342e-07
1.3005999755859374 2.670366703927711e-07
1.3015999755859375 2.7740019577419934e-07
1.3025999755859374 3.230024412664284e-07
1.3035999755859375 2.1583602271647894e-07
1.3045999755859374 2.546558446703997e-07
1.3055999755859375 3.582293892025323e-07
1.3065999755859374 1.1920636927985242e-07
1.3075999755859375 2.4654763027662664e-07
1.3085999755859374 1.837724629524261e-07
1.3095999755859375 3.2341641227246475e-07
1.3105999755859374 3.2019516426849637e-07
1.3115999755859375 1.6734030927187198e-07
1.3125999755859374 8.373888427427243e-08
1.3135999755859376 2.474608180718936e-07
1.3145999755859374 2.5719304341286865e-07
1.3155999755859376 2.0503530678717629e-07
1.3165999755859374 1.7883077096296283e-07
1.3175999755859376 2.806153454421326e-07
1.3185999755859374 3.047307368135193e-07
1.3195999755859376 1.4770150399066547e-07
1.3205999755859374 1.3589567005913945e-07
1.3215999755859376 2.0091152142344027e-07
1.3225999755859374 1.7706570157742957e-07
1.3235999755859376 3.228176585558739e-07
1.3245999755859375 1.2452729168851326e-07
1.3255999755859376 3.383616334199831e-07
1.3265999755859375 2.0451345004142207e-07
1.3275999755859376 3.0969494002122007e-07
1.3285999755859375 3.3960507430469997e-07
1.3295999755859376 1.5395158819539098e-07
1.3305999755859375 3.9726718871533566e-07
1.3315999755859376 2.659092994692613e-07
1.3325999755859375 2.746135646912062e-07
1.3335999755859376 2.0516065043346005e-07
1.3345999755859375 3.339150715161505e-07
1.3355999755859376 3.7531292720573506e-07
1.3365999755859375 2.293205460940635e-07
1.3375999755859376 9.311494620276378e-08
1.3385999755859375 2.979654892385777e-07
1.3395999755859376 3.03129309171346e-07
1.3405999755859375 3.235332587119511e-07
1.3415999755859376 2.7449522942306843e-07
1.3425999755859375 4.1627855517141164e-07
1.3435999755859376 1.539641507437165e-07
1.3445999755859375 1.3335619058402786e-07
1.3455999755859376 2.3021146403730723e-07
1.3465999755859375 2.2674717974832674e-07
1.3475999755859376 3.1711159553185016e-07
1.3485999755859375 3.1536968359657993e-07
1.3495999755859376 3.5260906421560035e-07
1.3505999755859375 4.797782940148956e-08
1.3515999755859376 3.4471739373313555e-07
1.3525999755859375 3.0528655543805214e-07
1.3535999755859376 1.523515770937101e-07
1.3545999755859375 3.4447183190802666e-07
1.3555999755859376 2.9095316619166354e-07
1.3565999755859375 3.8293574764995066e-07
1.3575999755859376 1.6600925584990543e-07
1.3585999755859375 4.2482988451882867e-07
1.3595999755859376 2.416292281303793e-07
1.3605999755859375 2.218172294433664e-07
1.3615999755859376 1.708842826733405e-07
1.3625999755859375 3.9156473366504936e-07
1.3635999755859376 3.6974341329866283e-07
1.3645999755859375 7.678319068409408e-08
1.3655999755859376 3.0153411930818154e-07
1.3665999755859375 2.884015626018319e-07
1.3675999755859376 2.3918521028103754e-07
1.3685999755859375 4.2357105208372373e-07
1.3695999755859376 2.8665156723286244e-07
1.3705999755859375 2.034627308052256e-07
1.3715999755859376 4.5162894169398987e-07
1.3725999755859375 4.115834253165505e-07
1.3735999755859376 2.05614918050189e-07
1.3745999755859375 4.0462638905869273e-07
1.3755999755859376 3.939175432692225e-07
1.3765999755859375 4.798374844083363e-07
1.3775999755859376 2.40919017010928e-07
1.3785999755859375 3.3983882728200944e-07
1.3795999755859376 1.4974465109026968e-07
1.3805999755859375 3.4636910551769773e-07
1.3815999755859374 2.4253576863197197e-07
1.3825999755859375 5.330962747470224e-07
1.3835999755859374 1.2463152953764367e-07
1.3845999755859375 1.8130946561785137e-07
1.3855999755859374 1.5165562024377117e-07
1.3865999755859375 4.4184689201443244e-07
1.3875999755859374 1.6381225115751522e-07
1.3885999755859375 2.7002468661061434e-07
1.3895999755859374 3.46298660652429e-07
1.3905999755859375 4.377979900292951e-07
1.3915999755859374 2.50748126661549e-07
1.3925999755859375 3.21794683991302e-07
1.3935999755859374 3.011727522093568e-07
1.3945999755859375 2.4139649448396145e-07
1.3955999755859374 4.019059759816449e-07
1.3965999755859375 2.699653724499317e-07
1.3975999755859374 2.4275689529120966e-07
1.3985999755859375 3.6582489831614373e-07
1.3995999755859374 1.7874213194901653e-07
1.4005999755859375 3.5698969193925415e-07
1.4015999755859374 2.0445557186039894e-07
1.4025999755859375 4.448488621866239e-07
1.4035999755859374 2.6112032543491167e-07
1.4045999755859375 6.325203592594602e-07
1.4055999755859374 4.2166319974061004e-08
1.4065999755859375 3.643786612134392e-07
1.4075999755859374 3.615075570245645e-07
1.4085999755859375 1.802759769673548e-07
1.4095999755859374 1.366034372354482e-07
1.4105999755859375 1.402995496501829e-07
1.4115999755859374 1.813929443866264e-07
1.4125999755859375 2.075631600665099e-07
1.4135999755859374 3.7773068288669804e-07
1.4145999755859375 3.159454304047667e-07
1.4155999755859374 2.637158765401983e-07
1.4165999755859375 2.878974406929903e-07
1.4175999755859374 1.8368591833731492e-07
1.4185999755859375 7.086796475901943e-08
1.4195999755859374 2.570341440639652e-07
1.4205999755859375 3.425532013511794e-07
1.4215999755859374 4.1941316777824855e-07
1.4225999755859375 4.6886832740319854e-07
1.4235999755859374 4.111753717139271e-07
1.4245999755859375 2.790634745105934e-07
1.4255999755859374 3.452215133874999e-07
1.4265999755859375 1.755187363033812e-07
1.4275999755859374 3.4060817978402544e-08
1.4285999755859375 3.816696695718838e-07
1.4295999755859374 3.1055396861158455e-07
1.4305999755859375 1.0466538409874424e-07
1.4315999755859374 1.679713473024411e-07
1.4325999755859375 3.732340540260486e-07
1.4335999755859374 2.759471475777793e-07
1.4345999755859375 3.5892841930287657e-07
1.4355999755859374 2.947055384463671e-07
1.4365999755859375 4.646568010296565e-07
1.4375999755859374 2.9644458489959275e-07
1.4385999755859376 1.269301078399981e-07
1.4395999755859374 2.418260828272926e-07
1.4405999755859376 2.405250627610603e-07
1.4415999755859374 1.606329249376895e-07
1.4425999755859376 1.787636728381435e-07
1.4435999755859374 3.043474843088176e-07
1.4445999755859376 4.601051533171502e-07
1.4455999755859374 1.6373140247816958e-07
1.4465999755859376 9.033414941899515e-08
1.4475999755859374 4.034375587355101e-07
1.4485999755859376 2.4238963420567637e-07
1.4495999755859375 2.192116381071275e-07
1.4505999755859376 3.308767744411264e-07
1.4515999755859375 2.1472049149726683e-07
1.4525999755859376 3.4831402804723445e-07
1.4535999755859375 3.009963925259483e-07
1.4545999755859376 3.862241491599639e-07
1.4555999755859375 2.4979682370238544e-07
1.4565999755859376 3.3130432459753926e-07
1.4575999755859375 2.490448355460753e-07
1.4585999755859376 3.8966935729672656e-07
1.4595999755859375 2.918471112379013e-07
1.4605999755859376 2.114125760345072e-07
1.4615999755859375 3.42370254075286e-07
1.4625999755859376 5.539564509777536e-07
1.4635999755859375 5.39012639348211e-07
1.4645999755859376 9.079333699437686e-08
1.4655999755859375 2.3235129959908132e-07
1.4665999755859376 2.0891565275146566e-07
1.4675999755859375 4.0948112139426205e-07
1.4685999755859376 5.279873347686104e-07
1.4695999755859375 2.284708535805509e-07
1.4705999755859376 2.2756388381664645e-07
1.4715999755859375 1.458918592804883e-07
1.4725999755859376 2.3013634775257168e-07
1.4735999755859375 1.5317358488959439e-07
1.4745999755859376 2.501703091891585e-07
1.4755999755859375 1.5707404086406321e-07
1.4765999755859376 7.804027354080353e-07
1.4775999755859375 2.4894968549540997e-07
1.4785999755859376 2.4186014254296867e-07
1.4795999755859375 4.082573635977796e-07
1.4805999755859376 6.038798576240594e-07
1.4815999755859375 3.016816017537887e-07
1.4825999755859376 3.848904183744446e-07
1.4835999755859375 5.178090356060106e-07
1.4845999755859376 4.28181380006514e-07
1.4855999755859375 1.7962727220898048e-07
1.4865999755859376 2.913909945346036e-07
1.4875999755859375 1.1479305645243512e-08
1.4885999755859376 2.4345492430523975e-07
1.4895999755859375 3.312556155239012e-07
1.4905999755859376 5.775163673796356e-07
1.4915999755859375 4.155528285924384e-07
1.4925999755859376 2.831561197614983e-07
1.4935999755859375 1.976016349883485e-07
1.4945999755859376 2.1509366150449147e-07
1.4955999755859375 5.211586927663005e-07
1.4965999755859376 1.0818085892756516e-07
1.4975999755859375 3.244873576665541e-07
1.4985999755859376 4.192418909021814e-07
1.4995999755859375 3.224103259956933e-07
1.5005999755859376 5.097247160366321e-07
1.5015999755859375 2.534639218911163e-07
1.5025999755859376 4.4588799715269534e-07
1.5035999755859375 1.1284782729979347e-07
1.5045999755859376 3.558356196555992e-07
1.5055999755859375 2.1490116747429565e-07
1.5065999755859374 4.042277022628879e-07
1.5075999755859375 4.801306452828298e-07
1.5085999755859374 3.6159478309623124e-07
1.5095999755859375 3.7232996344513844e-07
1.5105999755859374 4.122813273248839e-07
1.5115999755859375 4.6894701047765033e-07
1.5125999755859374 3.518659400270248e-07
1.5135999755859375 3.538931907527293e-07
1.5145999755859374 4.437092456653883e-07
1.5155999755859375 3.6140329465395425e-07
1.5165999755859374 4.4623620781429714e-07
1.5175999755859375 2.2591405357459494e-07
1.5185999755859374 3.432275405507764e-07
1.5195999755859375 2.897434630864656e-07
1.5205999755859374 2.5299041995238535e-07
1.5215999755859375 3.2466356179681734e-07
1.5225999755859374 2.956888695376596e-07
1.5235999755859375 4.604629226856513e-07
1.5245999755859374 2.832695737108972e-07
1.5255999755859375 4.4953846192816824e-07
1.5265999755859374 3.768226266678254e-07
1.5275999755859375 4.926076352968558e-07
1.5285999755859374 3.25224373345653e-07
1.5295999755859375 2.516197112362821e-07
1.5305999755859374 3.309270220594037e-07
1.5315999755859375 3.0086839128469223e-07
1.5325999755859374 2.8461165231308806e-07
1.5335999755859375 4.833847736819091e-07
1.5345999755859374 2.63792524071436e-07
1.5355999755859375 1.5927744002101498e-07
1.5365999755859374 2.2155235182380892e-07
1.5375999755859375 4.304405260226461e-07
1.5385999755859374 8.690147632803974e-08
1.5395999755859375 2.4239737369938785e-07
1.5405999755859374 5.490350669009709e-07
1.5415999755859375 5.134067522398806e-07
1.5425999755859374 3.512628661173949e-07
1.5435999755859375 1.5375941150990428e-07
1.5445999755859374 6.005961992276971e-07
1.5455999755859375 1.4598062054908457e-07
1.5465999755859374 3.779743978273768e-07
1.5475999755859375 3.5794892531633824e-07
1.5485999755859374 5.722253778763412e-07
1.5495999755859375 4.7185244358614024e-07
1.5505999755859374 3.5409774508511453e-07
1.5515999755859375 8.051986645718452e-08
1.5525999755859374 6.870543315841916e-07
1.5535999755859375 3.845840440406111e-07
1.5545999755859374 4.443183157048836e-07
1.5555999755859375 2.7616518549429076e-07
1.5565999755859374 8.046196959313423e-08
1.5575999755859375 4.425924789927238e-07
1.5585999755859374 3.3357888284562906e-07
1.5595999755859375 2.090886990907418e-07
1.5605999755859374 3.0991320421926525e-07
1.5615999755859375 4.4202709856212807e-07
1.5625999755859374 3.807691019086516e-07
1.5635999755859376 4.818393184990004e-07
1.5645999755859374 3.242358534268064e-07
1.5655999755859376 3.6238315846655476e-07
1.5665999755859374 1.3206914522370787e-07
1.5675999755859376 3.755325047748135e-07
1.5685999755859374 3.3809226221593695e-07
1.5695999755859376 5.802778855806937e-07
1.5705999755859374 6.932395214864366e-07
1.5715999755859376 2.694561991768879e-07
1.5725999755859374 7.400859563785092e-07
1.5735999755859376 3.9792511759078175e-07
1.5745999755859375 2.756686932820979e-07
1.5755999755859376 4.088441137410484e-07
1.5765999755859375 5.119080263287496e-07
1.5775999755859376 1.6879290577908608e-07
1.5785999755859375 1.3299687995115857e-07
1.5795999755859376 1.3035748967608244e-07
1.5805999755859375 2.0175387273022158e-07
1.5815999755859376 4.701260317401398e-07
1.5825999755859375 4.3562286766770787e-07
1.5835999755859376 4.49147423622982e-07
1.5845999755859375 7.51060633244512e-07
1.5855999755859376 4.541240635790742e-07
1.5865999755859375 4.895898744943675e-07
1.5875999755859376 3.9142147121754303e-07
1.5885999755859375 4.809363309517227e-07
1.5895999755859376 1.522718948957141e-07
1.5905999755859375 2.319179741037211e-07
1.5915999755859376 3.098749640336764e-07
1.5925999755859375 4.2135535368836074e-07
1.5935999755859376 8.609295757883927e-07
1.5945999755859375 7.504602306696084e-08
1.5955999755859376 5.006885540696099e-07
1.5965999755859375 5.412213880759965e-07
1.5975999755859376 8.129154069452256e-07
1.5985999755859375 3.4705119287454395e-07
1.5995999755859376 2.82767657082029e-07
1.6005999755859375 4.02319090007543e-07
1.6015999755859376 3.140016676278189e-07
1.6025999755859375 3.718769931933961e-07
1.6035999755859376 1.8384587604742523e-07
1.6045999755859375 3.1018119164949557e-07
1.6055999755859376 2.3566712453585855e-07
1.6065999755859375 3.195180072797809e-07
1.6075999755859376 9.624525627831573e-07
1.6085999755859375 2.1799688866129202e-07
1.6095999755859376 7.69441408351687e-07
1.6105999755859375 4.007738178991961e-07
1.6115999755859376 6.233174289474774e-07
1.6125999755859375 3.026120865449637e-07
1.6135999755859376 5.633796631561403e-07
1.6145999755859375 6.270883537742832e-07
1.6155999755859376 6.570101486024144e-07
1.6165999755859375 7.31938490229712e-07
1.6175999755859376 5.694262439567362e-07
1.6185999755859375 5.984583698715499e-07
1.6195999755859376 7.12025229855651e-07
1.6205999755859375 4.714989435516321e-07
1.6215999755859376 3.516488422384848e-07
1.6225999755859375 4.7227432455416204e-07
1.6235999755859376 5.842093034418914e-07
1.6245999755859375 3.1204365077613024e-07
1.6255999755859376 7.978160401051515e-07
1.6265999755859375 1.971968116083322e-07
1.6275999755859376 6.437279365883016e-07
1.6285999755859375 5.641405733899138e-07
1.6295999755859376 3.6095015552704766e-07
1.6305999755859375 7.360943860205148e-07
1.6315999755859374 6.271377905224614e-07
1.6325999755859375 6.510638315088467e-07
1.6335999755859374 7.296668356640273e-07
1.6345999755859375 1.9528597414535102e-07
1.6355999755859374 9.001177500714039e-07
1.6365999755859375 9.96623839220419e-07
1.6375999755859374 1.1309630348279283e-06
1.6385999755859375 5.910260746062041e-07
1.6395999755859374 5.293215189242849e-07
1.6405999755859375 6.111389860717738e-07
1.6415999755859374 6.312179605817433e-07
1.6425999755859375 6.82673787565729e-07
1.6435999755859374 5.664675915705753e-07
1.6445999755859375 2.954775382668706e-07
1.6455999755859374 8.498011127006567e-07
1.6465999755859375 4.3956407018139056e-07
1.6475999755859374 8.204662083294612e-07
1.6485999755859375 4.7554650658365803e-07
1.6495999755859374 8.791264639955458e-07
1.6505999755859375 7.419847108576114e-07
1.6515999755859374 5.043403162545327e-07
1.6525999755859375 3.616367246691768e-07
1.6535999755859374 4.662618520288301e-07
1.6545999755859375 6.099591755265738e-07
1.6555999755859374 6.653895410864294e-07
1.6565999755859375 6.300450043881559e-07
1.6575999755859374 8.792719575568009e-07
1.6585999755859375 4.6039608770729915e-07
1.6595999755859374 8.482607783181903e-07
1.6605999755859375 1.6404352075578535e-06
1.6615999755859374 4.691968503623574e-11
1.6625999755859375 6.136002971853087e-07
1.6635999755859374 5.288654263198239e-07
1.6645999755859375 6.239976506423559e-07
1.6655999755859374 7.63964074703989e-07
1.6665999755859375 6.655907139537059e-07
1.6675999755859374 7.793418510083795e-07
1.6685999755859375 4.896683285017731e-07
1.6695999755859374 5.815143536341628e-07
1.6705999755859375 6.217444195727161e-07
1.6715999755859374 5.23827019913222e-07
1.6725999755859375 3.6982588980594697e-07
1.6735999755859374 1.638425338146533e-06
1.6745999755859375 1.0926191755612804e-07
1.6755999755859374 6.699660306458947e-07
1.6765999755859375 5.260752974579803e-07
1.6775999755859374 7.74208089854272e-07
1.6785999755859375 9.97080404265915e-07
1.6795999755859374 4.1656513339061597e-07
1.6805999755859375 5.45348948348071e-07
1.6815999755859374 7.753563660498789e-07
1.6825999755859375 7.843211624477621e-07
1.6835999755859374 9.145104044058059e-07
1.6845999755859375 5.672580690456267e-07
1.6855999755859374 8.909428375978334e-07
1.6865999755859375 1.045833276297452e-06
1.6875999755859374 8.596925355304321e-07
1.6885999755859376 4.944738375994195e-07
1.6895999755859374 8.036575448492408e-07
1.6905999755859376 8.977258605789034e-07
1.6915999755859374 5.893342351392781e-07
1.6925999755859376 1.0446541197868386e-06
1.6935999755859374 4.869099716166206e-07
1.6945999755859376 6.543718633193962e-07
1.6955999755859374 1.3430646892650997e-06
1.6965999755859376 1.09241966839981e-06
1.6975999755859374 2.9372025043347416e-07
1.6985999755859376 1.435147647313507e-06
1.6995999755859375 5.033361431472871e-07
1.7005999755859376 5.22659328643615e-07
1.7015999755859375 9.341960103842734e-07
1.7025999755859376 1.1296383703797522e-06
1.7035999755859375 9.230747245420957e-07
1.7045999755859376 1.3326238619286272e-06
1.7055999755859375 6.787158345518032e-07
1.7065999755859376 9.987583826789635e-07
1.7075999755859375 8.022636944740959e-07
1.7085999755859376 7.336285118645255e-07
1.7095999755859375 5.87538260780035e-07
1.7105999755859376 6.424836414858537e-07
1.7115999755859375 5.966866961048271e-07
1.7125999755859376 6.358078225220116e-07
1.7135999755859375 8.910162355204327e-07
1.7145999755859376 1.2575891405296957e-06
1.7155999755859375 6.231650946742168e-07
1.7165999755859376 9.223365466367465e-07
1.7175999755859375 1.1354240641444674e-06
1.7185999755859376 8.603595828684157e-07
1.7195999755859375 7.003732738777501e-07
1.7205999755859376 7.87656785531816e-07
1.7215999755859375 3.7010133118161527e-07
1.7225999755859376 8.15202994627821e-07
1.7235999755859375 5.343817364570609e-07
1.7245999755859376 1.0431918554160012e-06
1.7255999755859375 5.52054741140427e-07
1.7265999755859376 9.702547383164235e-07
1.7275999755859375 6.879067473453222e-07
1.7285999755859376 7.198289040116094e-07
1.7295999755859375 4.070414794485289e-07
1.7305999755859376 7.066695584448385e-07
1.7315999755859375 1.1650069670848507e-06
1.7325999755859376 7.486864101894156e-07
1.7335999755859375 4.77424935026241e-07
1.7345999755859376 4.6181618471319503e-07
1.7355999755859375 9.763215624520883e-07
1.7365999755859376 3.1462445603262947e-07
1.7375999755859375 7.118251012791087e-07
1.7385999755859376 1.15534653984703e-06
1.7395999755859375 6.96606146577206e-07
1.7405999755859376 1.1980136905072068e-06
1.7415999755859375 3.507179384967893e-07
1.7425999755859376 9.240319895243729e-07
1.7435999755859375 9.535102731984581e-07
1.7445999755859376 4.854689037603914e-07
1.7455999755859375 2.4889148327154307e-07
1.7465999755859376 6.912655078581263e-07
1.7475999755859375 6.263584526040381e-07
1.7485999755859376 1.1560483906692859e-06
1.7495999755859375 1.5373537160322273e-07
1.7505999755859376 1.3618096538992078e-06
1.7515999755859375 1.2351050661098885e-06
1.7525999755859376 3.740449661576512e-07
1.7535999755859375 3.5599888837772106e-07
1.7545999755859376 7.724571081131873e-07
1.7555999755859375 9.611297457633162e-07
1.7565999755859374 8.187769496255208e-07
1.7575999755859375 1.2623058573583173e-06
1.7585999755859374 1.107646903351119e-06
1.7595999755859375 7.553109576734539e-07
1.7605999755859374 7.967994832610952e-07
1.7615999755859375 8.516233832645081e-07
1.7625999755859374 1.0419396062980336e-06
1.7635999755859375 7.180188480432546e-07
1.7645999755859374 1.1739646335718777e-06
1.7655999755859375 7.42721424914701e-07
1.7665999755859374 1.180216549297417e-06
1.7675999755859375 8.757864780180626e-07
1.7685999755859374 3.280361018876614e-07
1.7695999755859375 9.818667281218773e-07
1.7705999755859374 3.9407607065143946e-07
1.7715999755859375 7.108075136957274e-07
1.7725999755859374 8.458234384500794e-07
1.7735999755859375 4.757029114265012e-07
1.7745999755859374 8.642261436296163e-07
1.7755999755859375 9.720961219573683e-07
1.7765999755859374 8.64927558208683e-07
1.7775999755859375 1.1610452700907834e-06
1.7785999755859374 7.254538495592048e-07
1.7795999755859375 7.184440328642105e-07
1.7805999755859374 1.054517417419284e-06
1.7815999755859375 1.0994183963384147e-06
1.7825999755859374 6.741179230133771e-07
1.7835999755859375 9.970998063875793e-07
1.7845999755859374 9.517571332717686e-07
1.7855999755859375 2.965223666985114e-07
1.7865999755859374 7.861981754521622e-07
1.7875999755859375 8.507776573806785e-07
1.7885999755859374 6.975714742804541e-07
1.7895999755859375 1.1215133370932206e-06
1.7905999755859374 9.263385428713738e-07
1.7915999755859375 4.4628165539637263e-07
1.7925999755859374 1.2317215716519329e-06
1.7935999755859375 3.657923325775461e-07
1.7945999755859374 5.251421327585975e-07
1.7955999755859375 1.076354064575492e-06
1.7965999755859374 1.4517049528218576e-06
1.7975999755859375 4.415710982517129e-07
1.7985999755859374 1.2730399768334017e-06
1.7995999755859375 1.0055168480004064e-06
1.8005999755859374 9.597035208554713e-07
1.8015999755859375 1.175252029435263e-06
1.8025999755859374 2.6490807315240133e-08
1.8035999755859375 1.1040500559931547e-06
1.8045999755859374 1.1567374766337088e-06
1.8055999755859375 8.280870333680437e-07
1.8065999755859374 9.267589420251643e-07
1.8075999755859375 9.569890569016973e-07
1.8085999755859374 1.2447685779396153e-06
1.8095999755859375 1.9901842000081526e-06
1.8105999755859374 1.6617962927629664e-07
1.8115999755859375 7.338442771966386e-07
1.8125999755859374 1.4700521382662014e-06
1.8135999755859376 8.364823166811565e-07
1.8145999755859374 1.1627009516875634e-06
1.8155999755859376 1.1755183319434286e-06
1.8165999755859374 1.0113313459698947e-06
1.8175999755859376 1.0180608043099702e-06
1.8185999755859374 9.403813115525911e-07
1.8195999755859376 1.6442029712285758e-06
1.8205999755859374 1.3357838008090222e-06
1.8215999755859376 1.5089211081814207e-06
1.8225999755859374 6.968666545975351e-07
1.8235999755859376 9.400165773027215e-07
1.8245999755859375 8.576192128768135e-07
1.8255999755859376 1.5960668841174248e-06
1.8265999755859375 1.182658787684496e-06
1.8275999755859376 1.1790744189644519e-06
1.8285999755859375 1.0314961999494368e-06
1.8295999755859376 8.755876672424206e-07
1.8305999755859375 9.785066408620479e-07
1.8315999755859376 1.2013188907466063e-06
1.8325999755859375 8.71854211136568e-07
1.8335999755859376 7.226897576213907e-07
1.8345999755859375 1.000168622016588e-06
1.8355999755859376 9.455784786565006e-07
1.8365999755859375 1.1575539098113664e-06
1.8375999755859376 7.288715358990065e-07
1.8385999755859375 1.0531644780114883e-06
1.8395999755859376 1.294981861595208e-06
1.8405999755859375 8.827515843905705e-07
1.8415999755859376 9.842684600583597e-07
1.8425999755859375 1.4438473992129756e-06
1.8435999755859376 1.330618989945672e-06
1.8445999755859375 1.3561096015380019e-06
1.8455999755859376 1.0161391818978793e-06
1.8465999755859375 9.572192874859488e-07
1.8475999755859376 1.7469683551322717e-06
1.8485999755859375 1.2922494300832697e-06
1.8495999755859376 1.3278226351295387e-06
1.8505999755859375 1.9695495268593795e-06
1.8515999755859376 9.126838181010145e-07
1.8525999755859375 1.895404035407503e-06
1.8535999755859376 1.3861056472692656e-06
1.8545999755859375 2.0658886914422225e-06
1.8555999755859376 1.3874903236828907e-06
1.8565999755859375 1.8215906318786002e-06
1.8575999755859376 1.2711562741781384e-06
1.8585999755859375 1.9508214869912893e-06
1.8595999755859376 1.559955977659015e-06
1.8605999755859375 1.2270081828848037e-06
1.8615999755859376 7.437817459056724e-07
1.8625999755859375 1.830686812756744e-06
1.8635999755859376 2.046116563203761e-06
1.8645999755859375 8.303927665571126e-07
1.8655999755859376 1.9915911932669033e-06
1.8665999755859375 1.581505337598111e-06
1.8675999755859376 2.1269320946228298e-06
1.8685999755859375 2.709350135681844e-06
1.8695999755859376 2.235933688513507e-06
1.8705999755859375 1.940495694269879e-06
1.8715999755859376 1.4308825486000487e-06
1.8725999755859375 1.8015349172057843e-06
1.8735999755859376 1.9884598714660705e-06
1.8745999755859375 1.6148138420256422e-06
1.8755999755859376 1.4573145817901793e-06
1.8765999755859375 2.8799830582229333e-06
1.8775999755859376 2.7378151647162598e-06
1.8785999755859375 2.5255486046958345e-06
1.8795999755859376 1.1202295184199537e-06
1.8805999755859375 2.885823757567532e-06
1.8815999755859374 2.7878644022500728e-06
1.8825999755859375 3.556942162274902e-06
1.8835999755859374 2.1619232490711617e-06
1.8845999755859375 2.5506878757773244e-06
1.8855999755859374 2.627219700481526e-06
1.8865999755859375 3.6823533255222438e-06
1.8875999755859374 3.0056830952752637e-06
1.8885999755859375 3.282088177996368e-06
1.8895999755859374 2.6381310845322644e-06
1.8905999755859375 3.118964221020979e-06
1.8915999755859374 4.768433297560195e-06
1.8925999755859375 2.8111635509973224e-06
1.8935999755859374 3.7831401801506252e-06
1.8945999755859375 3.7817387660632005e-06
1.8955999755859374 5.334801154066416e-06
1.8965999755859375 4.122136553944479e-06
1.8975999755859374 5.697070974134803e-06
1.8985999755859375 6.1402633020243695e-06
1.8995999755859374 4.914013984971072e-06
1.9005999755859375 6.750308729468594e-06
1.9015999755859374 7.074899702307887e-06
1.9025999755859375 7.55406305966889e-06
1.9035999755859374 9.202184929309858e-06
1.9045999755859375 8.472461849620591e-06
1.9055999755859374 9.535043321972502e-06
1.9065999755859375 9.223773748736653e-06
1.9075999755859374 1.0885975988532502e-05
1.9085999755859375 1.2223344200990675e-05
1.9095999755859374 1.2956409190218275e-05
1.9105999755859375 1.5091828706404265e-05
1.9115999755859374 1.5208461399281824e-05
1.9125999755859375 1.5053902618600142e-05
1.9135999755859374 1.8913485853355533e-05
1.9145999755859375 1.989668446086039e-05
1.9155999755859374 2.1623365658708166e-05
1.9165999755859375 2.527002175683679e-05
1.9175999755859374 2.8047830145129295e-05
1.9185999755859375 3.126322244718235e-05
1.9195999755859374 3.455062805427884e-05
1.9205999755859375 3.74485815758727e-05
1.9215999755859374 4.02732886689699e-05
1.9225999755859375 4.685145467723234e-05
1.9235999755859374 5.0656064743044914e-05
1.9245999755859375 5.724459827397595e-05
1.9255999755859374 6.398900618524662e-05
1.9265999755859375 7.178813290817821e-05
1.9275999755859374 7.83287625526523e-05
1.9285999755859375 8.71127056095055e-05
1.9295999755859374 0.00010445467925300699
1.9305999755859375 0.00011177710927389566
1.9315999755859374 0.00012428761280319558
1.9325999755859375 0.00013910597976423363
1.9335999755859374 0.00015821986483436083
1.9345999755859375 0.00018365395965417848
1.9355999755859374 0.0002011418441993121
1.9365999755859375 0.00022584712235425685
1.9375999755859374 0.0002554233125643927
1.9385999755859376 0.00028698609131295127
1.9395999755859374 0.00032199078744824585
1.9405999755859376 0.0003670003141413837
1.9415999755859374 0.0004272040905524293
1.9425999755859376 0.00046816611216970273
1.9435999755859374 0.0005402573722245339
1.9445999755859376 0.0006078447287525086
1.9455999755859374 0.000692695467581124
1.9465999755859376 0.0007743853647860415
1.9475999755859374 0.0009184178451625295
1.9485999755859376 0.0010283481919251569
1.9495999755859375 0.0011417006749560742
1.9505999755859376 0.001313422055749009
1.9515999755859375 0.001505032277741896
1.9525999755859376 0.0017168199049175444
1.9535999755859375 0.001962345024098916
1.9545999755859376 0.002226857927697736
1.9555999755859375 0.002610966160406627
1.9565999755859376 0.00296015960078188
1.9575999755859375 0.003372572899920294
1.9585999755859376 0.003969087090695482
1.9595999755859375 0.004471917614050367
1.9605999755859376 0.005257237337033447
1.9615999755859375 0.005973523848231526
1.9625999755859376 0.0067840746384079135
1.9635999755859375 0.008068617959543615
1.9645999755859376 0.009269986399607263
1.9655999755859375 0.010803383518328455
1.9665999755859376 0.012482626539747063
1.9675999755859375 0.014606522803618278
1.9685999755859376 0.01629938517402062
1.9695999755859375 0.019075225862004955
1.9705999755859376 0.02349988966191471
1.9715999755859375 0.026547451990072662
1.9725999755859376 0.030147606813108713
1.9735999755859375 0.03368931754131491
1.9745999755859376 0.038873069441061885
1.9755999755859375 0.0422102138565809
1.9765999755859376 0.04706526415669054
1.9775999755859375 0.05333825614933312
1.9785999755859376 0.05846472094953478
1.9795999755859375 0.06742196739965352
1.9805999755859376 0.0741788610958724
1.9815999755859375 0.08317143178097568
1.9825999755859376 0.09208703720714914
1.9835999755859375 0.10327647193905584
1.9845999755859376 0.11621588784442266
1.9855999755859375 0.12802338863843618
1.9865999755859376 0.1500113613972854
1.9875999755859375 0.17040258503263134
1.9885999755859376 0.1926942385740496
1.9895999755859375 0.22424859092433053
1.9905999755859376 0.24259623441741698
1.9915999755859375 0.27386888145206645
1.9925999755859376 0.29889330514938567
1.9935999755859375 0.32510419825556064
1.9945999755859376 0.34954863318243495
1.9955999755859375 0.37415134133619027
1.9965999755859376 0.39382695961623976
1.9975999755859375 0.408332678605282
1.9985999755859376 0.4165429607637876
1.9995999755859375 0.4344247509535303
2.0005999755859376 0.44624940634114085
2.0015999755859375 0.459480265203374
2.0025999755859374 0.4629695131700013
2.0035999755859377 0.4618172724081468
2.0045999755859376 0.46485365421665414
2.0055999755859375 0.48406975220017523
2.0065999755859374 0.479447871323291
2.0075999755859373 0.4770313983513347
2.0085999755859376 0.4800229983693287
2.0095999755859375 0.48459479067593514
2.0105999755859374 0.4766576780405391
2.0115999755859373 0.48236073292280035
2.0125999755859376 0.47943221092899363
2.0135999755859375 0.4886335195386446
2.0145999755859374 0.4845565339157157
2.0155999755859373 0.4781754377890705
2.0165999755859376 0.48736775568567275
2.0175999755859375 0.47845777027987224
2.0185999755859374 0.4783050316261786
2.0195999755859373 0.4803978078290094
2.0205999755859376 0.480221791306565
2.0215999755859375 0.48029013588476926
2.0225999755859374 0.4782220588874104
2.0235999755859373 0.48210608870539695
2.0245999755859376 0.47823098158753263
2.0255999755859375 0.4852199553015849
2.0265999755859374 0.47895562289561266
2.0275999755859373 0.4840302482044726
2.0285999755859376 0.4785513650058058
2.0295999755859375 0.4830784735306662
2.0305999755859374 0.48027366109124364
2.0315999755859373 0.47440368379776343
2.0325999755859376 0.4840210904219
2.0335999755859375 0.48281844219031483
2.0345999755859374 0.47890915770882275
2.0355999755859373 0.47370385660947584
2.0365999755859376 0.48953901636164493
2.0375999755859375 0.4781444692126796
2.0385999755859374 0.4846807322323929
2.0395999755859373 0.4805961939009479
2.0405999755859376 0.47106029451415893
2.0415999755859375 0.47843502154883877
2.0425999755859374 0.47560751590889516
2.0435999755859373 0.47634291202694035
2.0445999755859376 0.476533038120913
2.0455999755859375 0.47736723966440814
2.0465999755859374 0.4743888898840633
2.0475999755859373 0.47905433273767223
2.04860009765625 0.46442475128218075
2.04960009765625 0.4632964273584343
2.05060009765625 0.4858566246511132
2.05160009765625 0.4713125557543808
2.05260009765625 0.47643914309914376
2.05360009765625 0.47442934241400125
2.05460009765625 0.4724078598806442
2.05560009765625 0.4757014905551696
2.05660009765625 0.470684201156277
2.05760009765625 0.4759699789353523
2.05860009765625 0.4753343855875526
2.05960009765625 0.4701640573910658
2.06060009765625 0.4846939622607795
2.06160009765625 0.48006332765189613
2.06260009765625 0.48618780089356906
2.06360009765625 0.4708934199359818
2.06460009765625 0.47499901464266703
2.06560009765625 0.48597368795330076
2.06660009765625 0.47634652516562453
2.06760009765625 0.4805641644327376
2.06860009765625 0.49272636008174836
2.06960009765625 0.49161433357102685
2.07060009765625 0.4843354466692452
2.07160009765625 0.48631686222226295
2.07260009765625 0.4875924838895951
2.07360009765625 0.48442500135955796
2.07460009765625 0.4839468480509816
2.07560009765625 0.4921307784163246
2.07660009765625 0.4883346146059633
2.07760009765625 0.48989063554531115
2.07860009765625 0.48861512292850645
2.07960009765625 0.48934633141457834
2.08060009765625 0.48215936641553714
2.08160009765625 0.49225462923923924
2.08260009765625 0.491776265406486
2.08360009765625 0.49123538690908575
2.08460009765625 0.48842536525014424
2.08560009765625 0.4880373991423015
2.08660009765625 0.491068044684204
2.08760009765625 0.48491242218103314
2.08860009765625 0.49755291986753203
2.08960009765625 0.4902427589109923
2.09060009765625 0.4893068881671567
2.09160009765625 0.4845986732191666
2.09260009765625 0.4911421816137657
2.09360009765625 0.48184827269471586
2.09460009765625 0.5017580687460683
2.09560009765625 0.4837026866818825
2.09660009765625 0.49072870374646665
2.09760009765625 0.48137119678256945
2.09860009765625 0.4866540391622027
2.09960009765625 0.48999295789345354
2.10060009765625 0.49241162496417645
2.10160009765625 0.4772651833048244
2.10260009765625 0.48914156840441275
2.10360009765625 0.4882592549063544
2.10460009765625 0.48306495868290245
2.10560009765625 0.47719184424407296
2.10660009765625 0.4857088878034935
2.10760009765625 0.469059671838383
2.10860009765625 0.5065264072234279
2.10960009765625 0.4837330727729536
2.11060009765625 0.4771785415460177
2.11160009765625 0.48141044376104514
2.11260009765625 0.4853365483358793
2.11360009765625 0.48062729332815524
2.11460009765625 0.4805173960594423
2.11560009765625 0.48408325997718715
2.11660009765625 0.47910964985196197
2.11760009765625 0.4796181677934803
2.11860009765625 0.48415959182619095
2.11960009765625 0.4841132027337325
2.12060009765625 0.48295816177591333
2.12160009765625 0.4849865597398622
2.12260009765625 0.47776680399890914
2.12360009765625 0.4786603737259528
2.12460009765625 0.47676858292131796
2.12560009765625 0.48700574672629093
2.12660009765625 0.48504626225523045
2.12760009765625 0.4783500230786061
2.12860009765625 0.49352567822805266
2.12960009765625 0.48029978727443384
2.13060009765625 0.48462114755006497
2.13160009765625 0.4849967572114859
2.13260009765625 0.4791188153708334
2.13360009765625 0.4893846841300277
2.13460009765625 0.4812975840933448
2.13560009765625 0.4881110830385459
2.13660009765625 0.4802382520007688
2.13760009765625 0.48785549126598887
2.13860009765625 0.4809046104643396
2.13960009765625 0.4854042087887982
2.14060009765625 0.4829410657458575
2.14160009765625 0.4823355097758081
2.14260009765625 0.48080428783092716
2.14360009765625 0.4824084713811265
2.14460009765625 0.47634240806364925
2.14560009765625 0.4858355098277416
2.14660009765625 0.4829897060182041
2.14760009765625 0.48112778713427035
2.14860009765625 0.47869645357883694
2.14960009765625 0.4814450896892888
2.15060009765625 0.4773712410137992
2.15160009765625 0.47649520801843864
2.15260009765625 0.47915468508027115
2.15360009765625 0.47909135911538225
2.15460009765625 0.47733725767490226
2.15560009765625 0.4776767735901085
2.15660009765625 0.4834775171117982
2.15760009765625 0.4676248332816623
2.15860009765625 0.47688952256820927
2.15960009765625 0.4719548651316769
2.16060009765625 0.47535656199644516
2.16160009765625 0.4761253237456849
2.16260009765625 0.4769180449905147
2.16360009765625 0.47281070711112655
2.16460009765625 0.45947922723208723
2.16560009765625 0.47580354272463515
2.16660009765625 0.46438577397845265
2.16760009765625 0.47991021006223
2.16860009765625 0.46248692752931675
2.16960009765625 0.4718609176176039
2.17060009765625 0.4643692349254045
2.17160009765625 0.46255214633871217
2.17260009765625 0.4731407098918934
2.17360009765625 0.4556860012301001
2.17460009765625 0.4596362217583724
2.17560009765625 0.4731945239893349
2.17660009765625 0.4639091240309453
2.17760009765625 0.467580227588743
2.17860009765625 0.456493608798143
2.17960009765625 0.464624827317122
2.18060009765625 0.4617619131090513
2.18160009765625 0.4629384694311327
2.18260009765625 0.46273530461023893
2.18360009765625 0.4658790598921263
2.18460009765625 0.45017064449090716
2.18560009765625 0.462199685834053
2.18660009765625 0.45013184054171895
2.18760009765625 0.44977041618707375
2.18860009765625 0.44941064353558896
2.18960009765625 0.44593173008168063
2.19060009765625 0.43617556524952167
2.19160009765625 0.4261124208399898
2.19260009765625 0.41938946770380536
2.19360009765625 0.40278348864780394
2.19460009765625 0.38934383528996264
2.19560009765625 0.3701721390465156
2.19660009765625 0.35247333877797876
2.19760009765625 0.331643399166739
2.19860009765625 0.30802384357377705
2.19960009765625 0.28746367426221486
2.20060009765625 0.2618421789126797
2.20160009765625 0.25125264380406626
2.20260009765625 0.2304613737847141
2.20360009765625 0.21321047155515213
2.20460009765625 0.19940263370633615
2.20560009765625 0.18509094898319794
2.20660009765625 0.17428059687048464
2.20760009765625 0.15989341324352305
2.20860009765625 0.14692705412370982
2.20960009765625 0.13334219536086445
2.21060009765625 0.12209271751533486
2.21160009765625 0.10924150979132433
2.21260009765625 0.0969836670934559
2.21360009765625 0.08864009722318132
2.21460009765625 0.07932641923869804
2.21560009765625 0.07024182297673025
2.21660009765625 0.061344179490786195
2.21760009765625 0.05268311620787601
2.21860009765625 0.047078199348074334
2.21960009765625 0.0402706440472433
2.22060009765625 0.03588371655880067
2.22160009765625 0.030635894457065802
2.22260009765625 0.026233578006037005
2.22360009765625 0.022742708378070464
2.22460009765625 0.019854861136710956
2.22560009765625 0.017049741753925915
2.22660009765625 0.014806046879403168
2.22760009765625 0.0126262452271423
2.22860009765625 0.011342572683312352
2.22960009765625 0.00968315512578687
2.23060009765625 0.008447580300650443
2.23160009765625 0.007352535959938832
2.23260009765625 0.006364192506268032
2.23360009765625 0.005569061103034859
2.23460009765625 0.004874191065298136
2.23560009765625 0.00421787479373027
2.23660009765625 0.003691116370790279
2.23760009765625 0.0032586739947588314
2.23860009765625 0.0028486372155453465
2.23960009765625 0.0024886663101928467
2.24060009765625 0.002211387985706998
2.24160009765625 0.0018854818197384133
2.24260009765625 0.0017190282564870142
2.24360009765625 0.0014942372169007294
2.24460009765625 0.0013357420867664194
2.24560009765625 0.0011623273410380863
2.24660009765625 0.001027000487535158
2.24760009765625 0.0009078312819186576
2.24860009765625 0.0008006190662479477
2.24960009765625 0.0007165645914707062
2.25060009765625 0.0006327630560051752
2.25160009765625 0.0005568680812740016
2.25260009765625 0.0005042872230764636
2.25360009765625 0.0004437082790445913
2.25460009765625 0.0003977940557431265
2.25560009765625 0.00034500078649853073
2.25660009765625 0.00031121917249558856
2.25760009765625 0.0002866505586373142
2.25860009765625 0.00025771488587620717
2.25960009765625 0.00022583946897786677
2.26060009765625 0.0001985917243354858
2.26160009765625 0.00018026001475007953
2.26260009765625 0.00016015574084497726
2.26360009765625 0.0001466505588756556
2.26460009765625 0.0001333284677880899
2.26560009765625 0.00012799257928079635
2.26660009765625 9.64824932941559e-05
2.26760009765625 9.158059073450573e-05
2.26860009765625 9.147657090975171e-05
2.26960009765625 8.030931885575409e-05
2.27060009765625 7.362803792406746e-05
2.27160009765625 7.291842825061738e-05
2.27260009765625 6.19159595978345e-05
2.27360009765625 5.3390036333945207e-05
2.27460009765625 5.168660676677115e-05
2.27560009765625 4.889262512529524e-05
2.27660009765625 4.607159551653789e-05
2.27760009765625 4.2453255626618683e-05
2.27860009765625 4.001491594436761e-05
2.27960009765625 3.589500429104226e-05
2.28060009765625 3.67069297872366e-05
2.28160009765625 3.095708540419179e-05
2.28260009765625 3.026075682084148e-05
2.28360009765625 2.7322263233316875e-05
2.28460009765625 2.4281115843580486e-05
2.28560009765625 2.307632298287207e-05
2.28660009765625 2.3435845426876023e-05
2.28760009765625 2.180457939540114e-05
2.28860009765625 2.187206874979229e-05
2.28960009765625 1.859035975345755e-05
2.29060009765625 1.8081711594444863e-05
2.29160009765625 1.839071865134945e-05
2.29260009765625 1.8782386044771034e-05
2.29360009765625 1.6642647474621638e-05
2.29460009765625 1.590238467403237e-05
2.29560009765625 1.3821558710098779e-05
2.29660009765625 1.4704258659362414e-05
2.29760009765625 1.3246460018977268e-05
2.29860009765625 1.3111701338316278e-05
2.29960009765625 1.386987035922668e-05
2.30060009765625 1.0496378671168497e-05
2.30160009765625 1.1811479983484484e-05
2.30260009765625 1.1183751102332055e-05
2.30360009765625 1.2908031790738892e-05
2.30460009765625 9.637135255338248e-06
2.30560009765625 9.694064194266231e-06
2.30660009765625 8.673723249422842e-06
2.30760009765625 6.8676302004084905e-06
2.30860009765625 9.330103480352554e-06
2.30960009765625 7.925809636883118e-06
2.31060009765625 7.451403457851205e-06
2.31160009765625 6.0748345516257315e-06
2.31260009765625 7.974352596937225e-06
2.31360009765625 7.233930049795593e-06
2.31460009765625 6.637679391249273e-06
2.31560009765625 6.478058019430816e-06
2.31660009765625 6.132713238303528e-06
2.31760009765625 4.6361613522091885e-06
2.31860009765625 4.620918838295749e-06
2.31960009765625 4.902116163975595e-06
2.32060009765625 4.764353651098486e-06
2.32160009765625 3.648155893318947e-06
2.32260009765625 5.215856563543469e-06
2.32360009765625 3.8324389018586385e-06
2.32460009765625 3.187860684060222e-06
2.32560009765625 3.2936893729295114e-06
2.32660009765625 2.6948731803097904e-06
2.32760009765625 2.438771338261824e-06
2.32860009765625 2.458269482678346e-06
2.32960009765625 2.4888069113630133e-06
2.33060009765625 1.8374212571983219e-06
2.33160009765625 2.5904621856997745e-06
2.33260009765625 1.9841544881138426e-06
2.33360009765625 2.0025024647362312e-06
2.33460009765625 1.3657370058067156e-06
2.33560009765625 1.628383572074705e-06
2.33660009765625 8.642208857402167e-07
2.33760009765625 1.4954134653682899e-06
2.33860009765625 1.409590104138942e-06
2.33960009765625 1.2480790332735637e-06
2.34060009765625 1.2751925880061091e-06
2.34160009765625 1.023945823143152e-06
2.34260009765625 8.185908308165461e-07
2.34360009765625 1.0567114480692047e-06
2.34460009765625 1.2053287650476672e-06
2.34560009765625 9.213117050957886e-07
2.34660009765625 9.424438022169094e-07
2.34760009765625 8.861388970378062e-07
2.34860009765625 8.733021186114388e-07
2.34960009765625 5.774439941206758e-07
2.35060009765625 1.2027247849074821e-06
2.35160009765625 8.91182630388053e-07
2.35260009765625 6.269487948090954e-07
2.35360009765625 7.679801583916486e-07
2.35460009765625 7.079658072584017e-07
2.35560009765625 8.216123212977731e-07
2.35660009765625 7.247326203946793e-07
2.35760009765625 4.5376258779874643e-07
2.35860009765625 4.191184900780499e-07
2.35960009765625 5.227423208220739e-07
2.36060009765625 5.39125296541331e-07
2.36160009765625 4.6023975999360885e-07
2.36260009765625 5.815989719728918e-07
2.36360009765625 5.481696149577562e-07
2.36460009765625 3.9242955839328064e-07
2.36560009765625 2.8489480863573987e-07
2.36660009765625 3.2039193515815466e-07
2.36760009765625 5.507527478699456e-07
2.36860009765625 8.553874318309275e-08
2.36960009765625 1.9075511938040308e-07
2.37060009765625 2.351252287593057e-07
2.37160009765625 1.6045130525513192e-07
2.37260009765625 2.9168369002869363e-07
2.37360009765625 7.28370891670644e-08
2.37460009765625 1.0782852920634537e-07
2.37560009765625 1.387670650847977e-07
2.37660009765625 6.394018883963398e-08
2.37760009765625 8.269211855801903e-08
2.37860009765625 1.2092717064953686e-07
2.37960009765625 1.0998712731622719e-07
2.38060009765625 1.1266978414254778e-07
2.38160009765625 8.98025250858981e-08
2.38260009765625 7.235031800078215e-08
2.38360009765625 5.3870399086781725e-08
2.38460009765625 3.246222536492813e-08
2.38560009765625 6.614790982882544e-08
2.38660009765625 2.970511793850462e-08
2.38760009765625 5.3800036703469006e-08
2.38860009765625 4.7494982253046325e-08
2.38960009765625 5.131844943677425e-08
2.39060009765625 4.197827937160111e-08
2.39160009765625 2.2426068079720865e-08
2.39260009765625 3.1030278768387556e-08
2.39360009765625 1.3969459688326233e-08
2.39460009765625 1.605595379098223e-08
2.39560009765625 2.3237129045290504e-08
2.39660009765625 1.796075373185854e-08
2.39760009765625 8.528286372342009e-09
2.39860009765625 2.0436086920960242e-08
2.39960009765625 3.0691274756956094e-09
2.40060009765625 1.2121051231306996e-08
2.40160009765625 7.996011909901605e-09
2.40260009765625 6.750307462196911e-09
2.40360009765625 4.791002027639823e-09
2.40460009765625 4.668776441147555e-09
2.40560009765625 1.9993954769674406e-09
2.40660009765625 6.957373873621983e-09
2.40760009765625 9.726313212131243e-10
2.40860009765625 4.520127125829298e-09
2.40960009765625 5.087893415327751e-09
2.41060009765625 1.5818535242147409e-09
2.41160009765625 3.478051158117413e-09
2.41260009765625 1.6474291038291734e-09
2.41360009765625 2.956643162902003e-09
2.41460009765625 1.1296965336755177e-09
2.41560009765625 2.1763590638292e-09
2.41660009765625 4.140085724930436e-10
2.41760009765625 2.5532833998754915e-09
2.41860009765625 2.46451041060971e-09
2.41960009765625 2.074086390508961e-14
2.42060009765625 1.349797182536094e-09
2.42160009765625 9.039218524266718e-10
2.42260009765625 1.318715988376307e-09
2.42360009765625 6.662744441363923e-11
2.42460009765625 6.914756441766044e-10
2.42560009765625 4.287772418146023e-10
2.42660009765625 2.69105221334682e-10
2.42760009765625 1.8213722081804084e-10
2.42860009765625 1.5180633741647134e-10
2.42960009765625 2.909908606222076e-10
2.43060009765625 4.4708777458298244e-10
2.43160009765625 2.750318954515459e-10
2.43260009765625 6.477377432958864e-11
2.43360009765625 1.8954586911626667e-10
2.43460009765625 2.2612214708075934e-10
2.43560009765625 7.788913735975384e-11
2.43660009765625 5.863266340105096e-11
2.43760009765625 4.178841784715508e-11
2.43860009765625 8.775001944959268e-11
2.43960009765625 6.930618082987013e-11
2.44060009765625 8.352440732474058e-11
2.44160009765625 9.75321503048977e-11
2.44260009765625 3.205693572123099e-11
2.44360009765625 1.893957723370653e-11
2.44460009765625 2.5121816429066084e-11
2.44560009765625 1.6139796347432447e-11
2.44660009765625 1.5331122213274632e-11
2.44760009765625 1.6394818712753988e-11
2.44860009765625 3.1339207004181856e-11
2.44960009765625 9.158915736618174e-12
2.45060009765625 1.0046605779476502e-11
2.45160009765625 3.783005059767657e-11
2.45260009765625 1.0373356170298691e-11
2.45360009765625 1.5994672817253676e-11
2.45460009765625 2.0108334347857013e-11
2.45560009765625 1.4266658466257155e-11
2.45660009765625 1.8305893620116238e-11
2.45760009765625 4.770683787107441e-12
2.45860009765625 1.9546999788586736e-11
2.45960009765625 1.2706634652849178e-11
2.46060009765625 1.9341610347897897e-11
2.46160009765625 4.204631403341025e-12
2.46260009765625 4.621902469891211e-12
2.46360009765625 1.0436425069433561e-11
2.46460009765625 5.548145547895713e-12
2.46560009765625 4.8523195235827e-12
2.46660009765625 8.985356365169672e-12
2.46760009765625 9.018251647274095e-12
2.46860009765625 1.24368579995884e-11
2.46960009765625 3.758450058580887e-12
2.47060009765625 4.06525930877743e-12
2.47160009765625 6.191778158554149e-12
2.47260009765625 3.42238708513934e-12
2.47360009765625 7.451230607291762e-12
2.47460009765625 2.5722842940231803e-12
2.47560009765625 7.38511124972844e-12
2.47660009765625 1.0668596364070439e-11
2.47760009765625 3.7895537425955234e-17
2.47860009765625 3.6702836554830144e-12
2.47960009765625 5.06956239310571e-12
2.48060009765625 5.367421285153824e-14
2.48160009765625 3.702310366527416e-12
2.48260009765625 3.2220534347349973e-12
2.48360009765625 2.52064210008757e-12
2.48460009765625 2.339704308637501e-12
2.48560009765625 1.1319081518446165e-12
2.48660009765625 1.1058085966296967e-12
2.48760009765625 2.4057838919262056e-12
2.48860009765625 2.0410452238108396e-12
2.48960009765625 2.2223558056685357e-12
2.49060009765625 1.0052428670369306e-17
2.49160009765625 1.4325320723783954e-12
2.49260009765625 5.71186165934792e-13
2.49360009765625 5.156026403040428e-13
2.49460009765625 5.059024881527887e-13
2.49560009765625 8.862831542449744e-13
2.49660009765625 8.965224274007145e-13
2.49760009765625 5.892609064216322e-13
2.49860009765625 1.3770523709352775e-13
2.49960009765625 6.211843096999371e-13
2.50060009765625 4.012575217043747e-13
2.50160009765625 1.209223074561405e-13
2.50260009765625 4.717923249798039e-13
2.50360009765625 2.2373205777359065e-13
2.50460009765625 1.721648948278825e-13
2.50560009765625 1.5083698001970295e-13
2.50660009765625 1.6778368810884658e-14
2.50760009765625 2.768576415658952e-13
2.50860009765625 4.633541160707384e-14
2.50960009765625 1.416716650546453e-13
2.51060009765625 1.817484944583106e-13
2.51160009765625 6.94669373817726e-14
2.51260009765625 5.1550303263013024e-14
2.51360009765625 6.241705932555798e-14
2.51460009765625 1.85559581762718e-13
2.51560009765625 1.0858150585720075e-13
2.51660009765625 1.25401127984137e-13
2.51760009765625 1.5276419614149915e-13
2.51860009765625 4.154163135585422e-14
2.51960009765625 6.800977276404226e-14
2.52060009765625 5.4051416239184045e-14
2.52160009765625 5.964131322746501e-14
2.52260009765625 2.7395625280273186e-14
2.52360009765625 7.335377634936096e-14
2.52460009765625 2.45819311249833e-19
2.52560009765625 3.9801398143014006e-14
2.52660009765625 7.977204852311646e-15
2.52760009765625 4.1767216890864076e-14
2.52860009765625 3.908188563031667e-14
2.52960009765625 3.0917926961221513e-14
2.53060009765625 2.66637672495358e-14
2.53160009765625 1.004205553671486e-14
2.53260009765625 2.0474836363691797e-14
2.53360009765625 1.323225198730662e-14
2.53460009765625 2.2069263086006546e-14
2.53560009765625 1.9553053635381553e-14
2.53660009765625 7.324528343266022e-15
2.53760009765625 4.6524683709439714e-15
2.53860009765625 1.8100562317784477e-14
2.53960009765625 6.363087127059017e-15
2.54060009765625 4.307794802664428e-15
2.54160009765625 1.160144162051882e-14
2.54260009765625 7.339355851498319e-15
2.54360009765625 4.774615474609537e-16
2.54460009765625 5.204040775277528e-15
2.54560009765625 2.433603337342478e-15
2.54660009765625 4.415144375341124e-15
2.54760009765625 6.2279569299474075e-15
2.54860009765625 4.987056275782575e-15
2.54960009765625 7.841817547845852e-15
2.55060009765625 3.513878786951725e-15
2.55160009765625 4.374496160934553e-16
2.55260009765625 3.3092696346894064e-15
2.55360009765625 2.8670213713986977e-15
2.55460009765625 3.436561340626093e-15
2.55560009765625 1.2901246942736333e-15
2.55660009765625 3.3859039523302246e-15
2.55760009765625 2.95831758773242e-15
2.55860009765625 1.3171167110232336e-15
2.55960009765625 2.6710803586238435e-15
2.56060009765625 1.2666694557495402e-15
2.56160009765625 3.798378275657444e-15
2.56260009765625 1.9627878735859736e-15
2.56360009765625 3.591152553126093e-16
2.56460009765625 1.5446071422790233e-15
2.56560009765625 1.504137391056408e-15
2.56660009765625 5.342194419729288e-16
2.56760009765625 1.1988946334001595e-15
2.56860009765625 8.757591667779485e-16
2.56960009765625 7.99777938889794e-16
2.57060009765625 7.273881252090314e-16
2.57160009765625 5.403180074839308e-16
2.57260009765625 4.4047703856253534e-16
2.57360009765625 4.876411949301289e-16
2.57460009765625 1.5385271996992781e-16
2.57560009765625 3.447347690855563e-16
2.57660009765625 2.4258095594949913e-16
2.57760009765625 4.26919780266257e-16
2.57860009765625 1.0790287086242622e-16
2.57960009765625 3.395401008226395e-16
2.58060009765625 2.703116990427693e-16
2.58160009765625 3.876393424255891e-17
2.58260009765625 2.123139594885e-16
2.58360009765625 1.1965768687704436e-16
2.58460009765625 1.690878262241302e-16
2.58560009765625 7.321499185551468e-17
2.58660009765625 1.1942229355417231e-16
2.58760009765625 7.344435779682736e-17
2.58860009765625 1.8229807799345823e-16
2.58960009765625 5.60807628100379e-17
2.59060009765625 4.562765709425021e-17
2.59160009765625 7.536581875896534e-17
2.59260009765625 3.6197279662072115e-17
2.59360009765625 1.9303870998700784e-17
2.59460009765625 1.431349148696728e-17
2.59560009765625 3.258165935502664e-17
2.59660009765625 3.2454733743616994e-17
2.59760009765625 2.32206353571971e-17
2.59860009765625 1.5382213353316307e-17
2.59960009765625 1.9435998974083265e-17
2.60060009765625 7.384730090099756e-18
