Wavelength_microns Throughput
0.5505999755859375 4.573108280087151e-11
0.5515999755859375 5.013652930581861e-13
0.5525999755859375 9.750219273321274e-12
0.5535999755859375 5.104260511816737e-13
0.5545999755859375 5.8883466045445e-12
0.5555999755859375 3.02463852831167e-11
0.5565999755859375 5.955975847373329e-13
0.5575999755859375 2.3716714351598153e-11
0.5585999755859375 4.3005917806194693e-13
0.5595999755859375 6.064391489515819e-11
0.5605999755859375 4.865157529706021e-13
0.5615999755859375 7.311637264098095e-13
0.5625999755859376 5.44455266429899e-13
0.5635999755859376 2.910831946451256e-11
0.5645999755859376 6.87228465782694e-11
0.5655999755859376 6.38976524140994e-11
0.5665999755859376 1.092128220277116e-12
0.5675999755859376 8.958703431083672e-11
0.5685999755859374 1.3286754703921399e-12
0.5695999755859374 1.4855871515116546e-10
0.5705999755859374 2.1330145812552495e-10
0.5715999755859374 1.526800474073887e-12
0.5725999755859374 1.1167366905933814e-10
0.5735999755859374 3.2328860047825406e-11
0.5745999755859375 3.2934620305469966e-10
0.5755999755859375 1.461741003536163e-12
0.5765999755859375 1.6392637534962086e-11
0.5775999755859375 1.1835808293104039e-10
0.5785999755859375 9.869637238897594e-11
0.5795999755859375 4.662038360147233e-11
0.5805999755859375 1.259445212829753e-12
0.5815999755859375 1.2175357078221257e-10
0.5825999755859375 2.270682303411496e-10
0.5835999755859375 4.676922988453358e-11
0.5845999755859375 1.620948470894399e-10
0.5855999755859375 1.6591355553857237e-10
0.5865999755859375 2.9761319160866984e-12
0.5875999755859375 1.1029182669196302e-10
0.5885999755859375 1.1926110159593262e-10
0.5895999755859375 5.557043779960339e-10
0.5905999755859375 2.526865925940903e-10
0.5915999755859375 5.466409940647144e-10
0.5925999755859375 6.637186826521503e-12
0.5935999755859375 1.869758716073674e-10
0.5945999755859375 8.092567504534362e-10
0.5955999755859375 2.0364522880710522e-10
0.5965999755859375 2.1839236723155627e-10
0.5975999755859375 3.0284814841719866e-10
0.5985999755859375 4.3476320956960245e-11
0.5995999755859375 8.017647272458772e-11
0.6005999755859375 5.192486512041906e-12
0.6015999755859375 5.290624757026942e-12
0.6025999755859375 5.387203454022901e-12
0.6035999755859375 5.475140135201694e-12
0.6045999755859375 3.097599108439068e-10
0.6055999755859375 1.8572611835331648e-10
0.6065999755859375 3.1353783281472387e-10
0.6075999755859375 8.902690247455389e-11
0.6085999755859375 5.922533508648098e-12
0.6095999755859375 1.397622786727077e-10
0.6105999755859375 1.4266246221351813e-10
0.6115999755859375 6.178260762523246e-12
0.6125999755859375 4.427991511196562e-10
0.6135999755859375 3.009474743903293e-10
0.6145999755859375 6.4336413005822245e-12
0.6155999755859375 1.6803092160573676e-10
0.6165999755859375 6.932705839098117e-11
0.6175999755859375 6.695276785198715e-12
0.6185999755859375 1.7165451290463136e-10
0.6195999755859375 6.886255509890855e-12
0.6205999755859375 6.980289221541998e-12
0.6215999755859375 3.391359527377503e-10
0.6225999755859375 7.12979872092849e-12
0.6235999755859375 5.3039383168969745e-11
0.6245999755859375 9.674426024057522e-12
0.6255999755859375 7.484175336671045e-12
0.6265999755859375 6.592420669425494e-10
0.6275999755859375 7.72056850086452e-12
0.6285999755859375 8.881629507517283e-10
0.6295999755859375 7.947995902109896e-12
0.6305999755859375 9.011684052833987e-11
0.6315999755859375 2.450041022713933e-10
0.6325999755859375 8.295168298374193e-12
0.6335999755859375 2.371638258439768e-10
0.6345999755859375 8.53570410519418e-12
0.6355999755859375 8.658308365255816e-12
0.6365999755859375 8.780557465924873e-12
0.6375999755859375 8.899163676665933e-12
0.6385999755859375 9.209620816298281e-11
0.6395999755859375 4.588406923444839e-10
0.6405999755859375 9.29294313127935e-12
0.6415999755859375 9.433845212938446e-12
0.6425999755859375 8.617870732868132e-10
0.6435999755859375 1.0124740158933939e-11
0.6445999755859375 2.110591943313715e-10
0.6455999755859375 3.78147674520766e-10
0.6465999755859375 2.919732970706064e-10
0.6475999755859375 1.0261298497174479e-11
0.6485999755859375 1.0394858602073752e-11
0.6495999755859375 3.363118207986924e-10
0.6505999755859375 1.2213433314022502e-11
0.6515999755859375 1.0821933450023742e-11
0.6525999755859375 1.0954595777963854e-11
0.6535999755859375 1.1096938782134612e-11
0.6545999755859375 6.192304026827658e-10
0.6555999755859375 1.1375947444054932e-11
0.6565999755859375 7.910275076815126e-11
0.6575999755859375 1.1647641399803246e-11
0.6585999755859375 1.1775405876879048e-11
0.6595999755859375 1.191549027009303e-11
0.6605999755859375 1.2048944459599337e-11
0.6615999755859375 1.2177630411544856e-11
0.6625999755859375 1.2310893888045623e-11
0.6635999755859375 1.2454838546301528e-11
0.6645999755859375 1.2596107613090208e-11
0.6655999755859375 4.6444511214081706e-10
0.6665999755859375 4.983193385181764e-11
0.6675999755859375 1.3533590739340061e-11
0.6685999755859375 1.558928104860535e-11
0.6695999755859375 1.3245471258064416e-11
0.6705999755859375 1.3365167871595717e-11
0.6715999755859375 1.348649465940285e-11
0.6725999755859375 4.4104458081445665e-10
0.6735999755859375 6.639380979466441e-10
0.6745999755859375 1.4055012195620706e-11
0.6755999755859375 3.003595375191586e-11
0.6765999755859375 6.490938016557169e-10
0.6775999755859375 9.199801251586614e-11
0.6785999755859375 1.4290748327090967e-11
0.6795999755859375 3.659990667273682e-10
0.6805999755859375 1.9265747340709502e-10
0.6815999755859375 1.4620409120118222e-11
0.6825999755859375 1.470223464117836e-11
0.6835999755859375 1.4795195358392678e-11
0.6845999755859375 9.014596845380035e-11
0.6855999755859375 9.194698256183476e-10
0.6865999755859375 1.5063480714826027e-11
0.6875999755859376 3.25800247642676e-10
0.6885999755859376 1.522946966250336e-11
0.6895999755859376 6.310058802890966e-11
0.6905999755859376 1.5399494593313982e-11
0.6915999755859376 1.5458249294427418e-11
0.6925999755859376 5.156257734422565e-11
0.6935999755859374 4.771004821061406e-10
0.6945999755859374 1.5631553036070658e-11
0.6955999755859374 1.5960038610263342e-09
0.6965999755859374 1.5742878966541992e-11
0.6975999755859374 1.5802713506030214e-11
0.6985999755859374 1.5865426352698936e-11
0.6995999755859375 1.5918796815803355e-11
0.7005999755859375 1.598323965255828e-11
0.7015999755859375 1.02203685518551e-09
0.7025999755859375 1.6045988230983245e-11
0.7035999755859375 1.6112095161912576e-11
0.7045999755859375 1.6152330472221952e-11
0.7055999755859375 1.5871161308399534e-10
0.7065999755859375 1.622824332464077e-11
0.7075999755859375 1.6257668943279394e-11
0.7085999755859375 2.455478897408259e-10
0.7095999755859375 2.803792203193256e-10
0.7105999755859375 1.636912296641516e-11
0.7115999755859375 1.640573989585016e-11
0.7125999755859375 1.643817077245315e-11
0.7135999755859375 4.366693670626939e-10
0.7145999755859375 3.104269066943982e-09
0.7155999755859375 1.0758460502378005e-10
0.7165999755859375 5.2748685686776335e-11
0.7175999755859375 1.6561844970317397e-11
0.7185999755859375 1.659696567425512e-11
0.7195999755859375 1.6636990033745855e-11
0.7205999755859375 5.885037324499911e-10
0.7215999755859375 1.1467787824920049e-10
0.7225999755859375 1.666881076428487e-11
0.7235999755859375 1.667669729391862e-11
0.7245999755859375 1.6701570847108375e-11
0.7255999755859375 1.046711720244286e-09
0.7265999755859375 1.6753359065820517e-11
0.7275999755859375 5.89666750316518e-10
0.7285999755859375 9.236976507580563e-10
0.7295999755859375 2.02727370784216e-09
0.7305999755859375 1.6809194047651275e-11
0.7315999755859375 2.7581124888447083e-10
0.7325999755859375 1.0802505778973633e-09
0.7335999755859375 5.020431359990165e-10
0.7345999755859375 7.454731497983659e-10
0.7355999755859375 5.755386615993991e-10
0.7365999755859375 8.728703626510741e-10
0.7375999755859375 1.9173109124726273e-09
0.7385999755859375 1.8600669932968514e-10
0.7395999755859375 1.6922861356169866e-11
0.7405999755859375 1.6942280332907784e-11
0.7415999755859375 5.503147995154379e-10
0.7425999755859375 3.615152979911452e-10
0.7435999755859375 4.303432379824472e-09
0.7445999755859375 1.6999290073835e-11
0.7455999755859375 1.700387435590958e-11
0.7465999755859375 4.967806947154202e-09
0.7475999755859375 2.512713179503589e-09
0.7485999755859375 1.7055481622863036e-11
0.7495999755859375 1.192587371785503e-10
0.7505999755859375 1.069634595974264e-09
0.7515999755859375 1.7090337003161785e-11
0.7525999755859375 2.6636130348296583e-09
0.7535999755859375 5.856465138550746e-09
0.7545999755859375 8.185010636850351e-10
0.7555999755859375 1.804891834906489e-09
0.7565999755859375 8.994964801983076e-10
0.7575999755859375 1.7134715616973256e-11
0.7585999755859375 2.177809013182692e-10
0.7595999755859375 1.7121753891145797e-11
0.7605999755859375 7.165619897594424e-11
0.7615999755859375 2.350026320673091e-09
0.7625999755859375 1.715559380004461e-11
0.7635999755859375 1.8083655820871806e-09
0.7645999755859375 1.719510390152019e-11
0.7655999755859375 6.114908812558468e-09
0.7665999755859375 9.376379027051133e-10
0.7675999755859375 1.3004770499655553e-09
0.7685999755859375 1.7255093467399576e-11
0.7695999755859375 1.728086656137658e-11
0.7705999755859375 1.7309506266256487e-11
0.7715999755859375 1.2456714122005864e-09
0.7725999755859375 7.484157370683593e-10
0.7735999755859375 1.742084055843457e-11
0.7745999755859375 6.1370526382746e-10
0.7755999755859375 2.4035694672261463e-09
0.7765999755859375 1.4416966297981861e-09
0.7775999755859375 1.7542298505053008e-11
0.7785999755859375 9.529619747398918e-10
0.7795999755859375 1.169354068062419e-09
0.7805999755859375 6.258348845025614e-10
0.7815999755859375 1.768806214936479e-11
0.7825999755859375 3.65775915800663e-09
0.7835999755859375 4.150911748787277e-09
0.7845999755859375 1.7797241930554837e-11
0.7855999755859375 3.3420847195505413e-10
0.7865999755859375 3.611094566284238e-09
0.7875999755859375 1.4169385858438285e-09
0.7885999755859375 1.795244522344322e-11
0.7895999755859375 1.7989689658080993e-11
0.7905999755859375 1.5932731461464925e-09
0.7915999755859375 4.925165255744956e-09
0.7925999755859375 1.8110329263897546e-11
0.7935999755859375 2.5308190953779574e-09
0.7945999755859375 1.3071844321136354e-09
0.7955999755859375 4.870171881680234e-09
0.7965999755859375 3.610918516058689e-09
0.7975999755859375 4.750125021119734e-09
0.7985999755859375 9.041352548118192e-10
0.7995999755859375 1.83145500425371e-11
0.8005999755859375 1.8365106194045792e-11
0.8015999755859375 2.7197677645993558e-09
0.8025999755859375 3.809016100453846e-09
0.8035999755859375 5.267878240703711e-10
0.8045999755859375 8.302911093088312e-09
0.8055999755859375 2.182172958386821e-09
0.8065999755859375 2.707687853656251e-09
0.8075999755859375 5.219296750280894e-10
0.8085999755859375 2.2311456584214757e-08
0.8095999755859375 8.777831152840124e-09
0.8105999755859375 6.2549030719674505e-09
0.8115999755859375 8.621771184401792e-09
0.8125999755859376 1.3215221391828924e-08
0.8135999755859376 1.145409177682482e-08
0.8145999755859376 1.044112305890429e-08
0.8155999755859376 1.1766935357817464e-08
0.8165999755859376 1.9789893712677273e-11
0.8175999755859376 4.389511828634588e-09
0.8185999755859374 1.0362464106421477e-08
0.8195999755859374 6.042111390041253e-09
0.8205999755859374 4.764237189017081e-09
0.8215999755859374 2.0230619914346065e-11
0.8225999755859374 2.0329332159363907e-11
0.8235999755859374 3.1024556989930585e-09
0.8245999755859375 1.891750738939454e-09
0.8255999755859375 2.0757074349695055e-09
0.8265999755859375 2.068068592867215e-11
0.8275999755859375 6.881641401766197e-09
0.8285999755859375 2.0867727248759578e-11
0.8295999755859375 7.09111785210281e-10
0.8305999755859375 4.947608866323267e-09
0.8315999755859375 6.5759407135754506e-09
0.8325999755859375 3.007235384093843e-10
0.8335999755859375 2.295397379983452e-08
0.8345999755859375 1.937711281780401e-08
0.8355999755859375 2.0932688317174243e-09
0.8365999755859375 1.0855266242733308e-08
0.8375999755859375 6.706289927092744e-09
0.8385999755859375 1.425000913454649e-08
0.8395999755859375 1.1823645524271153e-08
0.8405999755859375 2.2080695706061448e-11
0.8415999755859375 1.210927798788906e-09
0.8425999755859375 1.962309763854364e-08
0.8435999755859375 4.134940023777497e-09
0.8445999755859375 2.501198848131815e-08
0.8455999755859375 2.265177556600569e-11
0.8465999755859375 6.669931970020803e-09
0.8475999755859375 2.2882279054657862e-11
0.8485999755859375 4.078286660542172e-09
0.8495999755859375 4.375324948110751e-08
0.8505999755859375 1.2863124271862501e-08
0.8515999755859375 5.561035485571546e-08
0.8525999755859375 1.1243738170251447e-07
0.8535999755859375 5.492644605791707e-08
0.8545999755859375 6.692841145542922e-08
0.8555999755859375 2.5590320542788168e-08
0.8565999755859375 8.953768440302365e-08
0.8575999755859375 2.401431919882275e-11
0.8585999755859375 9.935669640760847e-08
0.8595999755859375 1.5563209410180362e-07
0.8605999755859375 6.99545817492961e-08
0.8615999755859375 1.775124065130167e-08
0.8625999755859375 1.254475101288277e-07
0.8635999755859375 6.155831067672264e-09
0.8645999755859375 2.4750130161461613e-11
0.8655999755859375 6.447349604164883e-07
0.8665999755859375 7.594861428808752e-08
0.8675999755859375 2.5053786129397092e-11
0.8685999755859375 2.5164400643605722e-11
0.8695999755859375 2.2396678747544558e-07
0.8705999755859375 3.38252549574595e-08
0.8715999755859375 2.5465676295536274e-11
0.8725999755859375 1.9326127292106705e-08
0.8735999755859375 6.164757156604488e-07
0.8745999755859375 1.686459323918945e-07
0.8755999755859375 2.682613705061289e-08
0.8765999755859375 4.7153667918078597e-07
0.8775999755859375 2.5973664573146406e-11
0.8785999755859375 1.3485361377552897e-06
0.8795999755859375 6.981125323870237e-07
0.8805999755859375 2.4387668944797274e-07
0.8815999755859375 4.3928700489428457e-07
0.8825999755859375 2.622950734515695e-11
0.8835999755859375 9.451952441777755e-07
0.8845999755859375 2.641547911125729e-11
0.8855999755859375 2.6511015617077307e-11
0.8865999755859375 5.629485580860805e-07
0.8875999755859375 2.6713452846132616e-11
0.8885999755859375 1.3429587756298073e-06
0.8895999755859375 2.6851646006345926e-11
0.8905999755859375 7.36390362708699e-07
0.8915999755859375 5.132401051445329e-07
0.8925999755859375 4.857601405253777e-06
0.8935999755859375 9.997501670003374e-07
0.8945999755859375 4.588526484700436e-07
0.8955999755859375 1.1678508607123245e-06
0.8965999755859375 2.61686820228265e-06
0.8975999755859375 2.707333477420689e-11
0.8985999755859375 3.9142631860240723e-07
0.8995999755859375 1.108739938389026e-06
0.9005999755859375 2.1075477474750506e-06
0.9015999755859375 1.1301817411952753e-06
0.9025999755859375 1.5087293501820032e-06
0.9035999755859375 8.178810344353969e-07
0.9045999755859375 8.155652069078892e-07
0.9055999755859375 1.2975572208549285e-06
0.9065999755859375 7.681157832782393e-07
0.9075999755859375 1.4781633830286155e-06
0.9085999755859375 8.908325147397701e-07
0.9095999755859375 1.6482804964932111e-06
0.9105999755859375 1.280834823566985e-06
0.9115999755859375 1.1147843324393727e-06
0.9125999755859375 5.19541736839667e-07
0.9135999755859375 1.0200308363100274e-06
0.9145999755859375 7.002366118647677e-07
0.9155999755859375 1.141629199017079e-06
0.9165999755859375 1.3389801820078532e-06
0.9175999755859375 1.343997450533365e-06
0.9185999755859375 8.210442809172988e-07
0.9195999755859375 8.933430804913831e-07
0.9205999755859375 8.652770548428177e-07
0.9215999755859375 7.898120873185768e-07
0.9225999755859375 2.7780735116234614e-07
0.9235999755859375 8.535927034760974e-07
0.9245999755859375 7.730225176859462e-07
0.9255999755859375 1.1136752818623797e-06
0.9265999755859375 7.519956138794171e-07
0.9275999755859375 5.958614546080981e-07
0.9285999755859375 7.339430292565153e-07
0.9295999755859375 1.3627718208664818e-06
0.9305999755859375 1.3687691905687498e-06
0.9315999755859375 8.125271594963587e-07
0.9325999755859375 1.9417032050501605e-07
0.9335999755859375 6.087221829410444e-07
0.9345999755859375 5.02313487312241e-07
0.9355999755859375 7.291830680658278e-07
0.9365999755859375 5.708257606182034e-07
0.9375999755859376 1.2048701126271177e-06
0.9385999755859376 6.924576647620625e-07
0.9395999755859376 6.457470053989582e-07
0.9405999755859376 5.000933346532463e-07
0.9415999755859376 3.450947526834966e-07
0.9425999755859376 3.746452613961789e-07
0.9435999755859374 4.7581602592396484e-07
0.9445999755859374 1.3119218959075772e-06
0.9455999755859374 4.046501406257635e-07
0.9465999755859374 8.891186369356922e-07
0.9475999755859374 2.481283210719192e-07
0.9485999755859374 3.118233527428337e-07
0.9495999755859375 6.376203902270792e-07
0.9505999755859375 7.234462148735672e-07
0.9515999755859375 1.9415523568203811e-07
0.9525999755859375 7.523526129780843e-07
0.9535999755859375 9.988484754738305e-08
0.9545999755859375 6.620271662083819e-07
0.9555999755859375 6.599196437966554e-07
0.9565999755859375 1.6916864588572875e-08
0.9575999755859375 3.380474794390631e-07
0.9585999755859375 5.004119376182222e-07
0.9595999755859375 1.4769478297368653e-07
0.9605999755859375 3.789261151433313e-07
0.9615999755859375 2.244929348860635e-07
0.9625999755859375 5.110890963000414e-07
0.9635999755859375 5.323785856432983e-07
0.9645999755859375 5.623319904077221e-07
0.9655999755859375 1.7851480926038272e-07
0.9665999755859375 1.6024800631968526e-07
0.9675999755859375 3.603544666901951e-07
0.9685999755859375 2.435305576934524e-07
0.9695999755859375 6.523164781674478e-08
0.9705999755859375 3.188346254277453e-07
0.9715999755859375 2.4288062205884098e-11
0.9725999755859375 1.7654442766754803e-07
0.9735999755859375 3.851016014904575e-07
0.9745999755859375 2.152613322370995e-07
0.9755999755859375 1.6721005426741996e-07
0.9765999755859375 2.872689939539034e-07
0.9775999755859375 4.345288936310488e-07
0.9785999755859375 2.440648136306572e-07
0.9795999755859375 3.560151991364859e-07
0.9805999755859375 4.4522502388632307e-07
0.9815999755859375 2.0886041127228926e-07
0.9825999755859375 2.6497199598406526e-07
0.9835999755859375 1.9483305641416107e-07
0.9845999755859375 2.3820708206424416e-07
0.9855999755859375 1.4552849652139127e-07
0.9865999755859375 4.834991739648556e-07
0.9875999755859375 1.4891815993964023e-07
0.9885999755859375 1.5108943249032817e-07
0.9895999755859375 1.2809844330789317e-07
0.9905999755859375 2.687359610401467e-07
0.9915999755859375 2.9305638216238607e-07
0.9925999755859375 1.4089305115394624e-07
0.9935999755859375 6.927976991196758e-08
0.9945999755859375 2.3415263089814805e-07
0.9955999755859375 6.834713335480373e-08
0.9965999755859375 2.140914121440263e-07
0.9975999755859375 1.31852504924736e-07
0.9985999755859375 2.519716230134566e-07
0.9995999755859375 1.1934144751113453e-07
1.0005999755859376 3.1686281583211393e-07
1.0015999755859375 1.8321152896356466e-07
1.0025999755859376 2.6194558948432965e-07
1.0035999755859375 3.360563706409046e-07
1.0045999755859376 2.9300856296649194e-07
1.0055999755859375 2.688636402318284e-07
1.0065999755859374 2.522930680555781e-07
1.0075999755859375 2.367247048620763e-07
1.0085999755859374 3.866759847778491e-07
1.0095999755859375 2.483348872516936e-07
1.0105999755859374 3.4818096283471976e-08
1.0115999755859375 1.8819036540585776e-07
1.0125999755859374 3.393200210785856e-07
1.0135999755859375 1.9094073851567574e-07
1.0145999755859374 1.6491268830646877e-07
1.0155999755859375 4.190213440507533e-08
1.0165999755859374 1.6641531407480293e-07
1.0175999755859375 8.171138699831852e-08
1.0185999755859374 1.3569572103345795e-07
1.0195999755859375 1.4192502216250504e-07
1.0205999755859374 1.6477426108102938e-07
1.0215999755859375 1.767925719288885e-07
1.0225999755859374 2.355646134313694e-07
1.0235999755859375 2.3432304213807023e-07
1.0245999755859374 1.6295606184060958e-07
1.0255999755859375 2.1832017052333525e-07
1.0265999755859374 1.4486361060206798e-07
1.0275999755859375 1.3430995679464215e-07
1.0285999755859374 1.244262156383544e-07
1.0295999755859375 1.5332232773324558e-07
1.0305999755859374 1.879479285065431e-07
1.0315999755859375 8.534822066768774e-08
1.0325999755859374 2.5350126951688183e-07
1.0335999755859375 1.6012640468448743e-07
1.0345999755859374 2.8936175567882216e-07
1.0355999755859375 2.0222424109307696e-07
1.0365999755859374 1.7267987622690965e-07
1.0375999755859375 1.1796677779610881e-07
1.0385999755859374 1.188943878629634e-07
1.0395999755859375 3.467105504386262e-08
1.0405999755859374 6.095284675962168e-08
1.0415999755859375 1.3023600262883655e-07
1.0425999755859374 7.077167491125055e-08
1.0435999755859375 1.7914684932790444e-07
1.0445999755859374 1.5412827557006065e-07
1.0455999755859375 1.2174283148837405e-07
1.0465999755859374 9.406316524692685e-08
1.0475999755859375 1.4012839828690034e-07
1.0485999755859374 1.758215830930989e-07
1.0495999755859375 1.6053402751833003e-07
1.0505999755859374 2.0064541623255897e-07
1.0515999755859375 1.0492743879480414e-07
1.0525999755859374 7.533765768485477e-08
1.0535999755859375 1.4924748811872912e-07
1.0545999755859374 2.3528255880927792e-07
1.0555999755859375 1.535959760672974e-07
1.0565999755859374 8.334997640457091e-08
1.0575999755859375 1.0423829597703007e-07
1.0585999755859374 6.033736550054672e-08
1.0595999755859375 1.199429709783532e-07
1.0605999755859374 1.3583165068120856e-07
1.0615999755859375 1.162813802954668e-07
1.0625999755859374 9.93040408456922e-08
1.0635999755859376 4.512487831974216e-08
1.0645999755859374 1.5102336042581826e-07
1.0655999755859376 2.8369656314012387e-07
1.0665999755859374 1.256654937486692e-07
1.0675999755859376 1.3262938317356656e-07
1.0685999755859374 2.495334747762954e-08
1.0695999755859376 1.3338651060510652e-07
1.0705999755859374 1.0519679477307255e-07
1.0715999755859376 1.3050154633972925e-07
1.0725999755859374 1.1820287174042005e-07
1.0735999755859376 5.487506886507338e-08
1.0745999755859375 1.0360913692030389e-07
1.0755999755859376 1.6404873099202518e-07
1.0765999755859375 1.1873550518844952e-07
1.0775999755859376 1.1217260641127048e-07
1.0785999755859375 4.639919160537722e-08
1.0795999755859376 9.369937921037455e-08
1.0805999755859375 1.835472886829403e-07
1.0815999755859376 1.2683337350141506e-07
1.0825999755859375 1.4626755569799138e-07
1.0835999755859376 1.0628907967643018e-07
1.0845999755859375 1.4103559699273806e-07
1.0855999755859376 1.1244961063270085e-07
1.0865999755859375 1.3253912481645608e-07
1.0875999755859376 1.3040474817696124e-07
1.0885999755859375 4.0049684859421734e-08
1.0895999755859376 6.262731763877654e-08
1.0905999755859375 1.8221699047286195e-07
1.0915999755859376 2.1051409232647955e-07
1.0925999755859375 1.4648223286130937e-07
1.0935999755859376 1.3961854127811509e-08
1.0945999755859375 1.2993714369252466e-07
1.0955999755859376 2.952673809840601e-08
1.0965999755859375 3.0381753832025645e-08
1.0975999755859376 1.1762380934351827e-07
1.0985999755859375 1.4345184652348444e-07
1.0995999755859376 6.529823324106587e-08
1.1005999755859375 9.811361237470441e-08
1.1015999755859376 9.051255216293188e-08
1.1025999755859375 9.753133908684336e-08
1.1035999755859376 1.0428544707616018e-07
1.1045999755859375 1.2681629156066094e-07
1.1055999755859376 1.4253913119946215e-07
1.1065999755859375 1.0569745914558345e-07
1.1075999755859376 1.9000624475167848e-07
1.1085999755859375 1.7702821755520409e-07
1.1095999755859376 1.7004246890274827e-09
1.1105999755859375 1.4628470939020012e-07
1.1115999755859376 9.797991065085284e-08
1.1125999755859375 8.998833299031717e-08
1.1135999755859376 4.7371000172600964e-08
1.1145999755859375 4.746693448382649e-08
1.1155999755859376 1.6696705621274996e-07
1.1165999755859375 1.0512767729632468e-07
1.1175999755859376 7.210510585342371e-08
1.1185999755859375 1.8534682122875537e-07
1.1195999755859376 1.520509635579458e-07
1.1205999755859375 1.0257111468980181e-07
1.1215999755859376 1.2439692484076164e-07
1.1225999755859375 7.787638701237594e-08
1.1235999755859376 1.4125631140322643e-07
1.1245999755859375 8.600527903597812e-08
1.1255999755859376 1.4044147194668674e-07
1.1265999755859375 5.977587595501959e-08
1.1275999755859376 1.5011428531454883e-07
1.1285999755859375 7.634382959858483e-08
1.1295999755859376 6.868638610925809e-08
1.1305999755859375 1.0371414063722297e-07
1.1315999755859374 1.058583828098201e-07
1.1325999755859375 6.170362662238704e-08
1.1335999755859374 1.1720574512840088e-07
1.1345999755859375 6.855731358279383e-08
1.1355999755859374 6.052624332863302e-08
1.1365999755859375 1.9721939710291614e-07
1.1375999755859374 7.012030784835156e-08
1.1385999755859375 4.390248069032985e-08
1.1395999755859374 8.460576021684009e-08
1.1405999755859375 1.1347673659120905e-07
1.1415999755859374 1.3176128424168964e-07
1.1425999755859375 9.160598297935483e-08
1.1435999755859374 9.948108402241791e-08
1.1445999755859375 1.080420592230987e-07
1.1455999755859374 9.595632173031536e-08
1.1465999755859375 9.05745002115288e-08
1.1475999755859374 1.0463183330313288e-07
1.1485999755859375 6.4576748707295e-08
1.1495999755859374 1.0724109415504332e-07
1.1505999755859375 2.433430688170337e-08
1.1515999755859374 9.07408148756068e-08
1.1525999755859375 8.450050779971105e-08
1.1535999755859374 8.55475348672225e-08
1.1545999755859375 8.738708342081718e-08
1.1555999755859374 1.3630209434323355e-07
1.1565999755859375 1.5869662880362673e-07
1.1575999755859374 1.0809445563844731e-07
1.1585999755859375 1.0524626337954836e-07
1.1595999755859374 7.858385034968434e-08
1.1605999755859375 1.1251010663838919e-07
1.1615999755859374 1.6501646815478368e-07
1.1625999755859375 5.510348228444709e-08
1.1635999755859374 3.27687495685136e-08
1.1645999755859375 9.130342939000102e-08
1.1655999755859374 1.1191303722578249e-07
1.1665999755859375 7.399917685965905e-08
1.1675999755859374 8.754324093607263e-08
1.1685999755859375 9.322806098308687e-08
1.1695999755859374 1.1411511140571541e-07
1.1705999755859375 6.794175380277375e-08
1.1715999755859374 1.094917261351454e-07
1.1725999755859375 1.2853722356072633e-07
1.1735999755859374 1.645120312381119e-07
1.1745999755859375 1.6409614496658713e-07
1.1755999755859374 1.9798771896612503e-07
1.1765999755859375 2.5488936492924805e-08
1.1775999755859374 9.241575511567017e-08
1.1785999755859375 2.3711021816206793e-07
1.1795999755859374 1.271604275388659e-07
1.1805999755859375 1.2250477990559357e-07
1.1815999755859374 1.1837304260157015e-07
1.1825999755859375 1.321251780889867e-07
1.1835999755859374 1.1814074614412893e-07
1.1845999755859375 1.0374824959275576e-07
1.1855999755859374 9.280311980420923e-08
1.1865999755859375 1.5014186049492174e-07
1.1875999755859374 1.418578211977585e-07
1.1885999755859376 3.212559072992723e-08
1.1895999755859374 1.6297833772508582e-07
1.1905999755859376 1.272584348394315e-07
1.1915999755859374 1.242308380569771e-07
1.1925999755859376 1.168091261058617e-07
1.1935999755859374 6.02481166034344e-08
1.1945999755859376 1.533390952847808e-07
1.1955999755859374 1.066263463072162e-07
1.1965999755859376 1.1853871582309406e-07
1.1975999755859374 1.3392148421215823e-07
1.1985999755859376 9.457350307316761e-08
1.1995999755859375 1.888242477362679e-07
1.2005999755859376 1.6311886699048275e-07
1.2015999755859375 3.80863995695915e-08
1.2025999755859376 1.7590246940864519e-07
1.2035999755859375 2.36314414686362e-07
1.2045999755859376 2.4213653014664694e-08
1.2055999755859375 1.1034634067870401e-07
1.2065999755859376 2.1432478767156396e-07
1.2075999755859375 1.2440682945469954e-07
1.2085999755859376 3.748811593850407e-08
1.2095999755859375 1.9522923895086833e-07
1.2105999755859376 1.716914397691302e-07
1.2115999755859375 9.251444239737814e-08
1.2125999755859376 1.0931899096538754e-07
1.2135999755859375 7.866904455862976e-08
1.2145999755859376 4.4165556319856705e-08
1.2155999755859375 1.9646242241156452e-07
1.2165999755859376 9.764396557650967e-08
1.2175999755859375 1.131002081457703e-07
1.2185999755859376 1.3446815344495947e-07
1.2195999755859375 1.7354846105770236e-07
1.2205999755859376 9.208324187182563e-08
1.2215999755859375 1.299885027276781e-07
1.2225999755859376 2.0826966918947816e-07
1.2235999755859375 4.092571734456342e-08
1.2245999755859376 1.3133233041127312e-07
1.2255999755859375 1.06470083958464e-07
1.2265999755859376 1.3578830869308757e-07
1.2275999755859375 2.784884226277155e-08
1.2285999755859376 6.524931402837024e-08
1.2295999755859375 1.2076376369814202e-07
1.2305999755859376 2.0158717109618046e-07
1.2315999755859375 9.033896554254389e-08
1.2325999755859376 1.2971160909788263e-07
1.2335999755859375 1.4536516515662475e-07
1.2345999755859376 1.1801649651937805e-07
1.2355999755859375 1.6874978687355243e-07
1.2365999755859376 1.4074807910250259e-07
1.2375999755859375 2.446986981812117e-07
1.2385999755859376 3.767813556051175e-08
1.2395999755859375 2.29676943303773e-08
1.2405999755859376 1.4055403964649688e-07
1.2415999755859375 5.909361868649493e-08
1.2425999755859376 2.102354563378693e-07
1.2435999755859375 1.2193273533306082e-07
1.2445999755859376 1.9784349770258745e-07
1.2455999755859375 7.538343354784655e-08
1.2465999755859376 1.5159520236874808e-07
1.2475999755859375 8.325950445032444e-08
1.2485999755859376 1.3156797366394266e-07
1.2495999755859375 1.4329302665473423e-07
1.2505999755859376 9.993549176470056e-08
1.2515999755859375 1.372864955857184e-07
1.2525999755859376 2.327864561426199e-07
1.2535999755859375 5.450324141371071e-08
1.2545999755859376 9.262930209855772e-08
1.2555999755859375 1.6956707685893313e-07
1.2565999755859374 1.0672485295841625e-07
1.2575999755859375 1.2632593186762684e-07
1.2585999755859374 1.2639048610978029e-07
1.2595999755859375 1.0465603022157368e-07
1.2605999755859374 1.8504578805056972e-07
1.2615999755859375 1.5430691575217525e-07
1.2625999755859374 1.627071022049531e-07
1.2635999755859375 1.0553919653349188e-07
1.2645999755859374 7.433510303301442e-08
1.2655999755859375 2.580888438438157e-07
1.2665999755859374 9.270333905174456e-08
1.2675999755859375 2.3634325090180463e-07
1.2685999755859374 1.6796742572239326e-07
1.2695999755859375 1.7416696846965043e-07
1.2705999755859374 1.6773528233523007e-07
1.2715999755859375 1.4444547632112332e-07
1.2725999755859374 8.666410991351094e-08
1.2735999755859375 1.1443478854818833e-07
1.2745999755859374 8.801659889259512e-08
1.2755999755859375 1.0572579151790425e-07
1.2765999755859374 1.1235517598818759e-07
1.2775999755859375 1.6956709133432095e-07
1.2785999755859374 1.2584211043944503e-07
1.2795999755859375 1.2476783635293347e-07
1.2805999755859374 8.854480235165797e-08
1.2815999755859375 8.567239958505777e-08
1.2825999755859374 2.191042540186837e-07
1.2835999755859375 1.6414922932561956e-07
1.2845999755859374 8.84335342680444e-08
1.2855999755859375 7.309924894463834e-08
1.2865999755859374 2.103782024407422e-07
1.2875999755859375 1.031685835387648e-07
1.2885999755859374 1.1045300896073635e-07
1.2895999755859375 8.990339818677977e-08
1.2905999755859374 2.3355485072296235e-07
1.2915999755859375 1.2657139812565238e-07
1.2925999755859374 1.5056748153452954e-07
1.2935999755859375 1.3214269248186388e-07
1.2945999755859374 2.2075917479967496e-07
1.2955999755859375 1.6357779822409606e-07
1.2965999755859374 1.7778424116627384e-07
1.2975999755859375 1.739056940556705e-07
1.2985999755859374 1.6411294108010743e-07
1.2995999755859375 1.0920810929835357e-07
1.3005999755859374 1.6537959536247386e-07
1.3015999755859375 1.720762150405152e-07
1.3025999755859374 2.0076680863664932e-07
1.3035999755859375 1.3440721411186576e-07
1.3045999755859374 1.588960716924416e-07
1.3055999755859375 2.239584837895714e-07
1.3065999755859374 7.466874498560022e-08
1.3075999755859375 1.547152872605641e-07
1.3085999755859374 1.155426684863352e-07
1.3095999755859375 2.0373868075745204e-07
1.3105999755859374 2.020957155375598e-07
1.3115999755859375 1.058084028971649e-07
1.3125999755859374 5.304238415924797e-08
1.3135999755859376 1.570451602962889e-07
1.3145999755859374 1.63539532754267e-07
1.3155999755859376 1.3061338979378667e-07
1.3165999755859374 1.1411924216683201e-07
1.3175999755859376 1.7938239694541192e-07
1.3185999755859374 1.951774686649562e-07
1.3195999755859376 9.478817443845693e-08
1.3205999755859374 8.7381700267296e-08
1.3215999755859376 1.2941224861352954e-07
1.3225999755859374 1.1424498106769383e-07
1.3235999755859376 2.0866306161378848e-07
1.3245999755859375 8.065056932434403e-08
1.3255999755859376 2.1958762248137248e-07
1.3265999755859375 1.3295594741498644e-07
1.3275999755859376 2.016851047301001e-07
1.3285999755859375 2.215517518900963e-07
1.3295999755859376 1.0062567782508029e-07
1.3305999755859375 2.6019021294747277e-07
1.3315999755859376 1.7447717814764726e-07
1.3325999755859375 1.8048563915017053e-07
1.3335999755859376 1.3507370399383995e-07
1.3345999755859375 2.2024723131596562e-07
1.3355999755859376 2.4801983074418037e-07
1.3365999755859375 1.5183152138273556e-07
1.3375999755859376 6.175969606263819e-08
1.3385999755859375 1.979461542415921e-07
1.3395999755859376 2.0175133964989614e-07
1.3405999755859375 2.1575138013702676e-07
1.3415999755859376 1.8339091383252127e-07
1.3425999755859375 2.786008203839683e-07
1.3435999755859376 1.0322021096280546e-07
1.3445999755859375 8.955601256306417e-08
1.3455999755859376 1.5488893561120887e-07
1.3465999755859375 1.5284155843970004e-07
1.3475999755859376 2.1415287170748682e-07
1.3485999755859375 2.1333080352300983e-07
1.3495999755859376 2.389092731176498e-07
1.3505999755859375 3.257160011449431e-08
1.3515999755859376 2.3445104499858108e-07
1.3525999755859375 2.08022128666599e-07
1.3535999755859376 1.0398226282554088e-07
1.3545999755859375 2.3549085391266328e-07
1.3555999755859376 1.9926357239790629e-07
1.3565999755859375 2.627707282434593e-07
1.3575999755859376 1.1412690972027252e-07
1.3585999755859375 2.9256104489820644e-07
1.3595999755859376 1.6665026915735574e-07
1.3605999755859375 1.5324566274111665e-07
1.3615999755859376 1.1827953339518473e-07
1.3625999755859375 2.7150940792360943e-07
1.3635999755859376 2.568029119968326e-07
1.3645999755859375 5.340895740916703e-08
1.3655999755859376 2.1003846754428322e-07
1.3665999755859375 2.0118851880308696e-07
1.3675999755859376 1.6707866106143e-07
1.3685999755859375 2.962186479453709e-07
1.3695999755859376 2.0063436536104615e-07
1.3705999755859375 1.4247392226576288e-07
1.3715999755859376 3.1635450926536483e-07
1.3725999755859375 2.8827722992594306e-07
1.3735999755859376 1.439752272308889e-07
1.3745999755859375 2.8313036221561574e-07
1.3755999755859376 2.7537287122530414e-07
1.3765999755859375 3.3513452997037167e-07
1.3775999755859376 1.6815203185974057e-07
1.3785999755859375 2.371118736509606e-07
1.3795999755859376 1.0445518986483374e-07
1.3805999755859375 2.416408712332633e-07
1.3815999755859374 1.6929403697297362e-07
1.3825999755859375 3.7254813358185985e-07
1.3835999755859374 8.724318873922968e-08
1.3845999755859375 1.2717135953458812e-07
1.3855999755859374 1.0658080363623953e-07
1.3865999755859375 3.1124549997611194e-07
1.3875999755859374 1.1571732667796401e-07
1.3885999755859375 1.9130486160698352e-07
1.3895999755859374 2.460827198872507e-07
1.3905999755859375 3.1202246111216674e-07
1.3915999755859374 1.7925882082036288e-07
1.3925999755859375 2.3069233816392443e-07
1.3935999755859374 2.1657631982678707e-07
1.3945999755859375 1.7412236815682692e-07
1.3955999755859374 2.9077027288819656e-07
1.3965999755859375 1.9586677639542566e-07
1.3975999755859374 1.7660373571828707e-07
1.3985999755859375 2.668668304431527e-07
1.3995999755859374 1.3074260323411497e-07
1.4005999755859375 2.618288611703679e-07
1.4015999755859374 1.503344975765313e-07
1.4025999755859375 3.27858039828113e-07
1.4035999755859374 1.9292722671693294e-07
1.4045999755859375 4.684904703845596e-07
1.4055999755859374 3.1302427486808825e-08
1.4065999755859375 2.711646128695868e-07
1.4075999755859374 2.695442138308326e-07
1.4085999755859375 1.3471756245241224e-07
1.4095999755859374 1.023070349683194e-07
1.4105999755859375 1.0529974517206668e-07
1.4115999755859374 1.3641082532553916e-07
1.4125999755859375 1.5638750094551257e-07
1.4135999755859374 2.8515250456082344e-07
1.4145999755859375 2.3900910570950757e-07
1.4155999755859374 1.9989730999625264e-07
1.4165999755859375 2.1863863461155067e-07
1.4175999755859374 1.397350159483307e-07
1.4185999755859375 5.400712645831566e-08
1.4195999755859374 1.9627804954920928e-07
1.4205999755859375 2.620696993764436e-07
1.4215999755859374 3.214322828272933e-07
1.4225999755859375 3.5994513844045706e-07
1.4235999755859374 3.1618825416664737e-07
1.4245999755859375 2.1498479835703106e-07
1.4255999755859374 2.6642448331635774e-07
1.4265999755859375 1.3569876031805434e-07
1.4275999755859374 2.637322216632494e-08
1.4285999755859375 2.9602260156401985e-07
1.4295999755859374 2.4127862265386267e-07
1.4305999755859375 8.146123236701137e-08
1.4315999755859374 1.3094676157420329e-07
1.4325999755859375 2.9139374255910086e-07
1.4335999755859374 2.1580026402616434e-07
1.4345999755859375 2.8114072354872146e-07
1.4355999755859374 2.3122660509691336e-07
1.4365999755859375 3.651380803108826e-07
1.4375999755859374 2.3330869756703554e-07
1.4385999755859376 1.0005041995887351e-07
1.4395999755859374 1.9091288250736247e-07
1.4405999755859376 1.9018407390935478e-07
1.4415999755859374 1.2721921597062687e-07
1.4425999755859376 1.4178432798007688e-07
1.4435999755859374 2.4174331987655026e-07
1.4445999755859376 3.6599513854381867e-07
1.4455999755859374 1.3045023911231895e-07
1.4465999755859376 7.208200601885578e-08
1.4475999755859374 3.224012234102494e-07
1.4485999755859376 1.9397375248305623e-07
1.4495999755859375 1.7566997417901803e-07
1.4505999755859376 2.6554706392771377e-07
1.4515999755859375 1.7258158901239876e-07
1.4525999755859376 2.803840058124256e-07
1.4535999755859375 2.4261879643647874e-07
1.4545999755859376 3.117358684057315e-07
1.4555999755859375 2.0190017324859998e-07
1.4565999755859376 2.681630113304908e-07
1.4575999755859375 2.0187434166121143e-07
1.4585999755859376 3.163133896580676e-07
1.4595999755859375 2.3722120440473728e-07
1.4605999755859376 1.7207097275851608e-07
1.4615999755859375 2.79029281908281e-07
1.4625999755859376 4.5212328684417544e-07
1.4635999755859375 4.4050094798584974e-07
1.4645999755859376 7.430635447693849e-08
1.4655999755859375 1.9039696763362455e-07
1.4665999755859376 1.7141934036430649e-07
1.4675999755859375 3.36424355486024e-07
1.4685999755859376 4.3438414166167317e-07
1.4695999755859375 1.8820560025906563e-07
1.4705999755859376 1.8770214992271183e-07
1.4715999755859375 1.2048948574392408e-07
1.4725999755859376 1.9030461910500234e-07
1.4735999755859375 1.268223323227432e-07
1.4745999755859376 2.074093418050191e-07
1.4755999755859375 1.3038297876474302e-07
1.4765999755859376 6.486056513927722e-07
1.4775999755859375 2.071653163634848e-07
1.4785999755859376 2.015091580149771e-07
1.4795999755859375 3.405981672648e-07
1.4805999755859376 5.044048838328627e-07
1.4815999755859375 2.522812329851652e-07
1.4825999755859376 3.22230942439632e-07
1.4835999755859375 4.340275206238812e-07
1.4845999755859376 3.59349413435103e-07
1.4855999755859375 1.5094373884774912e-07
1.4865999755859376 2.45153065759482e-07
1.4875999755859375 9.66759773734299e-09
1.4885999755859376 2.0526399864564702e-07
1.4895999755859375 2.7964505492521107e-07
1.4905999755859376 4.881394597740969e-07
1.4915999755859375 3.5164229004907284e-07
1.4925999755859376 2.398465922404537e-07
1.4935999755859375 1.675657871662297e-07
1.4945999755859376 1.8259584196536756e-07
1.4955999755859375 4.42952564161567e-07
1.4965999755859376 9.206346652260921e-08
1.4975999755859375 2.7637625914864134e-07
1.4985999755859376 3.5749199516541737e-07
1.4995999755859375 2.75214540261331e-07
1.5005999755859376 4.356136864331412e-07
1.5015999755859375 2.1686261096990197e-07
1.5025999755859376 3.818651599373382e-07
1.5035999755859375 9.674324421757154e-08
1.5045999755859376 3.0533926321624633e-07
1.5055999755859375 1.8463865107213226e-07
1.5065999755859374 3.476549754177391e-07
1.5075999755859375 4.1336530088677335e-07
1.5085999755859374 3.115781166961553e-07
1.5095999755859375 3.211487330108567e-07
1.5105999755859374 3.5600466867051695e-07
1.5115999755859375 4.05370634998628e-07
1.5125999755859374 3.044928869463853e-07
1.5135999755859375 3.064974007257721e-07
1.5145999755859374 3.846346737165543e-07
1.5155999755859375 3.136245425120358e-07
1.5165999755859374 3.876610896729011e-07
1.5175999755859375 1.9644161892811406e-07
1.5185999755859374 2.9872705302930896e-07
1.5195999755859375 2.523979586401484e-07
1.5205999755859374 2.2059853286095973e-07
1.5215999755859375 2.8337180388696865e-07
1.5225999755859374 2.5836204713418644e-07
1.5235999755859375 4.026535448796535e-07
1.5245999755859374 2.4791882837771285e-07
1.5255999755859375 3.9381114717996314e-07
1.5265999755859374 3.3043228574346994e-07
1.5275999755859375 4.3238141654501595e-07
1.5285999755859374 2.8570811044164537e-07
1.5295999755859375 2.2121911355644046e-07
1.5305999755859374 2.912088234813936e-07
1.5315999755859375 2.6500270575422754e-07
1.5325999755859374 2.509355991955439e-07
1.5335999755859375 4.2649375782959193e-07
1.5345999755859374 2.329531160335488e-07
1.5355999755859375 1.407543934026882e-07
1.5365999755859374 1.9600000672359563e-07
1.5375999755859375 3.811195228514389e-07
1.5385999755859374 7.701252159875197e-08
1.5395999755859375 2.149638523260802e-07
1.5405999755859374 4.872699309264826e-07
1.5415999755859375 4.5605674386041783e-07
1.5425999755859374 3.122868716744616e-07
1.5435999755859375 1.3680811025206916e-07
1.5445999755859374 5.34823578930274e-07
1.5455999755859375 1.3008978109792195e-07
1.5465999755859374 3.370957780248726e-07
1.5475999755859375 3.1948945355651027e-07
1.5485999755859374 5.111902078720303e-07
1.5495999755859375 4.218422116206766e-07
1.5505999755859374 3.1677356947328387e-07
1.5515999755859375 7.209383175048975e-08
1.5525999755859374 6.156296635202434e-07
1.5535999755859375 3.4486812201593804e-07
1.5545999755859374 3.987330260850186e-07
1.5555999755859375 2.480008622847889e-07
1.5565999755859374 7.230611768264798e-08
1.5575999755859375 3.980264169320211e-07
1.5585999755859374 3.0024674243676533e-07
1.5595999755859375 1.883236785823018e-07
1.5605999755859374 2.793088360066988e-07
1.5615999755859375 3.9867988089471546e-07
1.5625999755859374 3.4366436476994167e-07
1.5635999755859376 4.352212625609678e-07
1.5645999755859374 2.930648496053617e-07
1.5655999755859376 3.2776389475103755e-07
1.5665999755859374 1.195315812474267e-07
1.5675999755859376 3.4010866845813527e-07
1.5685999755859374 3.0641409334709036e-07
1.5695999755859376 5.262478526640014e-07
1.5705999755859374 6.291253955089093e-07
1.5715999755859376 2.446922544664417e-07
1.5725999755859374 6.724817581653165e-07
1.5735999755859376 3.618255036422539e-07
1.5745999755859375 2.508228364907363e-07
1.5755999755859376 3.7222394128285896e-07
1.5765999755859375 4.6636612214260247e-07
1.5775999755859376 1.538533808018384e-07
1.5785999755859375 1.213151504330357e-07
1.5795999755859376 1.1897628809269847e-07
1.5805999755859375 1.842560395675145e-07
1.5815999755859376 4.2958141631285613e-07
1.5825999755859375 3.983251817907274e-07
1.5835999755859376 4.109035020245781e-07
1.5845999755859375 6.874977643667306e-07
1.5855999755859376 4.1596101548811004e-07
1.5865999755859375 4.487363371549428e-07
1.5875999755859376 3.589222099374812e-07
1.5885999755859375 4.4128120190536944e-07
1.5895999755859376 1.3977158815786251e-07
1.5905999755859375 2.1301549673674675e-07
1.5915999755859376 2.8479510445286557e-07
1.5925999755859375 3.874703713278989e-07
1.5935999755859376 7.921276959599953e-07
1.5945999755859375 6.908019365879535e-08
1.5955999755859376 4.610964982310801e-07
1.5965999755859375 4.987589898751036e-07
1.5975999755859376 7.495374186104735e-07
1.5985999755859375 3.2017235140784593e-07
1.5995999755859376 2.6095037615494044e-07
1.6005999755859375 3.714906608270316e-07
1.6015999755859376 2.900867936649786e-07
1.6025999755859375 3.437730542900369e-07
1.6035999755859376 1.7004026200255534e-07
1.6045999755859375 2.8698881680283625e-07
1.6055999755859376 2.1813735406489252e-07
1.6065999755859375 2.959030653272706e-07
1.6075999755859376 8.919011212856777e-07
1.6085999755859375 2.0212662554107603e-07
1.6095999755859376 7.136479738880434e-07
1.6105999755859375 3.7184307425750543e-07
1.6115999755859376 5.786081104690257e-07
1.6125999755859375 2.810763907305101e-07
1.6135999755859376 5.235724913014178e-07
1.6145999755859375 5.830189634099468e-07
1.6155999755859376 6.109818521189342e-07
1.6165999755859375 6.808904546853813e-07
1.6175999755859376 5.300411843613141e-07
1.6185999755859375 5.573731202656927e-07
1.6195999755859376 6.634555651557665e-07
1.6205999755859375 4.394419185877531e-07
1.6215999755859376 3.278453057674813e-07
1.6225999755859375 4.4053502895213424e-07
1.6235999755859376 5.452254767450922e-07
1.6245999755859375 2.913517215069431e-07
1.6255999755859376 7.451268292027518e-07
1.6265999755859375 1.842130558795584e-07
1.6275999755859376 6.016784625850702e-07
1.6285999755859375 5.27500648850013e-07
1.6295999755859376 3.3770460165290456e-07
1.6305999755859375 6.888193092158768e-07
1.6315999755859374 5.870380952402948e-07
1.6325999755859375 6.096392344692457e-07
1.6335999755859374 6.836066075775284e-07
1.6345999755859375 1.8304829833473803e-07
1.6355999755859374 8.439343752726738e-07
1.6365999755859375 9.346565541401463e-07
1.6375999755859374 1.0609193146280693e-06
1.6385999755859375 5.547278477891629e-07
1.6395999755859374 4.970241143118424e-07
1.6405999755859375 5.740798811185621e-07
1.6415999755859374 5.930184170484471e-07
1.6425999755859375 6.415234331640083e-07
1.6435999755859374 5.325555499143689e-07
1.6445999755859375 2.7793911132248515e-07
1.6455999755859374 7.996293583313948e-07
1.6465999755859375 4.13687810244328e-07
1.6475999755859374 7.72314353179079e-07
1.6485999755859375 4.478018833231033e-07
1.6495999755859374 8.281944399303721e-07
1.6505999755859375 6.993035192627879e-07
1.6515999755859374 4.75454324253192e-07
1.6525999755859375 3.409843013158902e-07
1.6535999755859374 4.3973947466036916e-07
1.6545999755859375 5.754641483163869e-07
1.6555999755859374 6.280239162702627e-07
1.6565999755859375 5.948582472914164e-07
1.6575999755859374 8.303536589781382e-07
1.6585999755859375 4.348578224174102e-07
1.6595999755859374 8.014630740546862e-07
1.6605999755859375 1.5504983332861034e-06
1.6615999755859374 4.4362580632857875e-11
1.6625999755859375 5.803095347029851e-07
1.6635999755859374 5.002318030619537e-07
1.6645999755859375 5.903861379986443e-07
1.6655999755859374 7.229798411484162e-07
1.6665999755859375 6.301055355907345e-07
1.6675999755859374 7.380928420933658e-07
1.6685999755859375 4.6384028117294763e-07
1.6695999755859374 5.509040175856163e-07
1.6705999755859375 5.891146462871213e-07
1.6715999755859374 4.965416006833163e-07
1.6725999755859375 3.506966430373382e-07
1.6735999755859374 1.5539962980566491e-06
1.6745999755859375 1.0364463078544657e-07
1.6755999755859374 6.355863160134485e-07
1.6765999755859375 4.992562911507804e-07
1.6775999755859374 7.34963317902993e-07
1.6785999755859375 9.468466935951387e-07
1.6795999755859374 3.956176556985484e-07
1.6805999755859375 5.180067857281907e-07
1.6815999755859374 7.366485555219992e-07
1.6825999755859375 7.453847873924723e-07
1.6835999755859374 8.694061975530402e-07
1.6845999755859375 5.393649689754123e-07
1.6855999755859374 8.471925538173063e-07
1.6865999755859375 9.946520719231584e-07
1.6875999755859374 8.178868813584324e-07
1.6885999755859376 4.705760152952571e-07
1.6895999755859374 7.650040255601614e-07
1.6905999755859376 8.54546147698489e-07
1.6915999755859374 5.610557335709695e-07
1.6925999755859376 9.948468838775085e-07
1.6935999755859374 4.6382332717586927e-07
1.6945999755859376 6.234851164470766e-07
1.6955999755859374 1.2797907571449162e-06
1.6965999755859376 1.0410007817246359e-06
1.6975999755859374 2.7996703355012415e-07
1.6985999755859376 1.368323716727541e-06
1.6995999755859375 4.80031879161599e-07
1.7005999755859376 4.985167524204354e-07
1.7015999755859375 8.910931424857549e-07
1.7025999755859376 1.0776664128097965e-06
1.7035999755859375 8.808283584406968e-07
1.7045999755859376 1.2719148378874398e-06
1.7055999755859375 6.479500527359473e-07
1.7065999755859376 9.535024394825428e-07
1.7075999755859375 7.660029764856828e-07
1.7085999755859376 7.005999652022573e-07
1.7095999755859375 5.612147796356064e-07
1.7105999755859376 6.138540548343961e-07
1.7115999755859375 5.701448783430167e-07
1.7125999755859376 6.075448925743571e-07
1.7135999755859375 8.515511606011564e-07
1.7145999755859376 1.2021825250272318e-06
1.7155999755859375 5.958120052862806e-07
1.7165999755859376 8.820149426734425e-07
1.7175999755859375 1.0858582614938985e-06
1.7185999755859376 8.228258759851348e-07
1.7195999755859375 6.699463914232271e-07
1.7205999755859376 7.536347352607705e-07
1.7215999755859375 3.541746860525413e-07
1.7225999755859376 7.801750299354996e-07
1.7235999755859375 5.114502406624254e-07
1.7245999755859376 9.985077668218048e-07
1.7255999755859375 5.285503437847121e-07
1.7265999755859376 9.291353413221804e-07
1.7275999755859375 6.587816004454449e-07
1.7285999755859376 6.893738070181546e-07
1.7295999755859375 3.898722241894971e-07
1.7305999755859376 6.769819439809773e-07
1.7315999755859375 1.1163210915637387e-06
1.7325999755859376 7.174855033960264e-07
1.7335999755859375 4.5749378068546644e-07
1.7345999755859376 4.4259290010290464e-07
1.7355999755859375 9.358167074232052e-07
1.7365999755859376 3.0164896485648256e-07
1.7375999755859375 6.825505802522644e-07
1.7385999755859376 1.1078308354080377e-06
1.7395999755859375 6.679211556446975e-07
1.7405999755859376 1.148949517146064e-06
1.7415999755859375 3.3640478579756396e-07
1.7425999755859376 8.865477094164834e-07
1.7435999755859375 9.147798275062099e-07
1.7445999755859376 4.6574604981754663e-07
1.7455999755859375 2.3879823513669836e-07
1.7465999755859376 6.633931259910414e-07
1.7475999755859375 6.012251919585726e-07
1.7485999755859376 1.109661951533826e-06
1.7495999755859375 1.4756046744450844e-07
1.7505999755859376 1.3072430235997502e-06
1.7515999755859375 1.185794973888133e-06
1.7525999755859376 3.5918109040139896e-07
1.7535999755859375 3.4189157832392865e-07
1.7545999755859376 7.417836103158261e-07
1.7555999755859375 9.230211421149149e-07
1.7565999755859374 7.863761398619047e-07
1.7575999755859375 1.212637400291607e-06
1.7585999755859374 1.0641533758886666e-06
1.7595999755859375 7.256231578782703e-07
1.7605999755859374 7.654862198839389e-07
1.7615999755859375 8.182276515509215e-07
1.7625999755859374 1.0013135413407975e-06
1.7635999755859375 6.900828885471382e-07
1.7645999755859374 1.1282751031380565e-06
1.7655999755859375 7.137980694443203e-07
1.7665999755859374 1.134348610732273e-06
1.7675999755859375 8.418821522458783e-07
1.7685999755859374 3.154031022864747e-07
1.7695999755859375 9.440617186018791e-07
1.7705999755859374 3.788709611302921e-07
1.7715999755859375 6.833753186255203e-07
1.7725999755859374 8.133257131251167e-07
1.7735999755859375 4.575099377696744e-07
1.7745999755859374 8.312533242046937e-07
1.7755999755859375 9.349107269358141e-07
1.7765999755859374 8.317807611730738e-07
1.7775999755859375 1.1166924028097415e-06
1.7785999755859374 6.97923164308e-07
1.7795999755859375 6.912114125000981e-07
1.7805999755859374 1.014537921563906e-06
1.7815999755859375 1.0576640306289508e-06
1.7825999755859374 6.485316391631443e-07
1.7835999755859375 9.59442333131088e-07
1.7845999755859374 9.159341347462434e-07
1.7855999755859375 2.8537294849220165e-07
1.7865999755859374 7.565379054999216e-07
1.7875999755859375 8.186929569281986e-07
1.7885999755859374 6.713805941655207e-07
1.7895999755859375 1.0795599868676528e-06
1.7905999755859374 8.917570291871157e-07
1.7915999755859375 4.295704626290406e-07
1.7925999755859374 1.1854775664716752e-06
1.7935999755859375 3.5214557067320724e-07
1.7945999755859374 5.055617834556298e-07
1.7955999755859375 1.036498827849081e-06
1.7965999755859374 1.3977680213420697e-06
1.7975999755859375 4.250997882207684e-07
1.7985999755859374 1.225627634600912e-06
1.7995999755859375 9.68334040796009e-07
1.8005999755859374 9.242768308497425e-07
1.8015999755859375 1.1319266055363217e-06
1.8025999755859374 2.5509296452208066e-08
1.8035999755859375 1.0631127570113823e-06
1.8045999755859374 1.1140450645207546e-06
1.8055999755859375 7.97681002118551e-07
1.8065999755859374 8.927489315236729e-07
1.8075999755859375 9.21730332217099e-07
1.8085999755859374 1.1987571959513155e-06
1.8095999755859375 1.916806090090229e-06
1.8105999755859374 1.6009193764863526e-07
1.8115999755859375 7.070137563789827e-07
1.8125999755859374 1.4161026934083724e-06
1.8135999755859376 8.057725469027627e-07
1.8145999755859374 1.1199063349186563e-06
1.8155999755859376 1.132560653512613e-06
1.8165999755859374 9.744875344455868e-07
1.8175999755859376 9.809600312368537e-07
1.8185999755859374 9.058629220910196e-07
1.8195999755859376 1.5839452336552247e-06
1.8205999755859374 1.2870386372884583e-06
1.8215999755859376 1.4541593422181337e-06
1.8225999755859374 6.71519527853062e-07
1.8235999755859376 9.057005253675379e-07
1.8245999755859375 8.262409809393146e-07
1.8255999755859376 1.5380527215917682e-06
1.8265999755859375 1.1397604390654763e-06
1.8275999755859376 1.1363945160254888e-06
1.8285999755859375 9.940147308422684e-07
1.8295999755859376 8.436530564165431e-07
1.8305999755859375 9.429602296880384e-07
1.8315999755859376 1.1579789094184317e-06
1.8325999755859375 8.403971928967576e-07
1.8335999755859376 6.965445843387607e-07
1.8345999755859375 9.638487106264737e-07
1.8355999755859376 9.112781830889988e-07
1.8365999755859375 1.115801628712528e-06
1.8375999755859376 7.026451334878878e-07
1.8385999755859375 1.015229076207375e-06
1.8395999755859376 1.248159719975634e-06
1.8405999755859375 8.508048028273515e-07
1.8415999755859376 9.487314441840536e-07
1.8425999755859375 1.3918963206543666e-06
1.8435999755859376 1.2828151818586283e-06
1.8445999755859375 1.3071708665085725e-06
1.8455999755859376 9.793563652645558e-07
1.8465999755859375 9.226364832353705e-07
1.8475999755859376 1.6840914662557975e-06
1.8485999755859375 1.2458165851032115e-06
1.8495999755859376 1.2800252692324727e-06
1.8505999755859375 1.8984428923123517e-06
1.8515999755859376 8.796640087273194e-07
1.8525999755859375 1.8271372636367797e-06
1.8535999755859376 1.3362995421374517e-06
1.8545999755859375 1.9916381845066817e-06
1.8555999755859376 1.337454653388865e-06
1.8565999755859375 1.755751789872516e-06
1.8575999755859376 1.2252840552291449e-06
1.8585999755859375 1.8805880046725073e-06
1.8595999755859376 1.5039176813586621e-06
1.8605999755859375 1.1828486547579162e-06
1.8615999755859376 7.169096584764186e-07
1.8625999755859375 1.764525054778318e-06
1.8635999755859376 1.972521434534124e-06
1.8645999755859375 8.005738592076715e-07
1.8655999755859376 1.919940516752324e-06
1.8665999755859375 1.5243652400907105e-06
1.8675999755859376 2.050317884547102e-06
1.8685999755859375 2.6116899894582253e-06
1.8695999755859376 2.1556301279070155e-06
1.8705999755859375 1.8707635958606718e-06
1.8715999755859376 1.3793613405712958e-06
1.8725999755859375 1.7364955363685573e-06
1.8735999755859376 1.916958454687957e-06
1.8745999755859375 1.5566336991301172e-06
1.8755999755859376 1.404994369335983e-06
1.8765999755859375 2.776337068477302e-06
1.8775999755859376 2.639276261384612e-06
1.8785999755859375 2.4342975073892892e-06
1.8795999755859376 1.0798132036928354e-06
1.8805999755859375 2.7818255964490917e-06
1.8815999755859374 2.687286073705331e-06
1.8825999755859375 3.428308909391969e-06
1.8835999755859374 2.0835881278702637e-06
1.8845999755859375 2.458205031041031e-06
1.8855999755859374 2.5322840704631876e-06
1.8865999755859375 3.549406393530668e-06
1.8875999755859374 2.8964565826001012e-06
1.8885999755859375 3.1626050623782544e-06
1.8895999755859374 2.5421347712723793e-06
1.8905999755859375 3.0055268572399074e-06
1.8915999755859374 4.595454578681747e-06
1.8925999755859375 2.7085808163308363e-06
1.8935999755859374 3.644696176341432e-06
1.8945999755859375 3.643672031772134e-06
1.8955999755859374 5.13964023470518e-06
1.8965999755859375 3.971812121515396e-06
1.8975999755859374 5.48896839201845e-06
1.8985999755859375 5.914882501506019e-06
1.8995999755859374 4.732932600817359e-06
1.9005999755859375 6.502554849283215e-06
1.9015999755859374 6.815988077073091e-06
1.9025999755859375 7.2777717094160225e-06
1.9035999755859374 8.864289930096683e-06
1.9045999755859375 8.160495643982454e-06
1.9055999755859374 9.184296734750612e-06
1.9065999755859375 8.885528723581549e-06
1.9075999755859374 1.048783012074884e-05
1.9085999755859375 1.1775449132340992e-05
1.9095999755859374 1.2480051278260625e-05
1.9105999755859375 1.4538480697935713e-05
1.9115999755859374 1.4648805183693613e-05
1.9125999755859375 1.450298398930472e-05
1.9135999755859374 1.8219898119099205e-05
1.9145999755859375 1.9167017208552906e-05
1.9155999755859374 2.0835691866889175e-05
1.9165999755859375 2.4333392762212943e-05
1.9175999755859374 2.7024061891503205e-05
1.9185999755859375 3.012005800396893e-05
1.9195999755859374 3.327957185650475e-05
1.9205999755859375 3.6083027231443e-05
1.9215999755859374 3.879629793914172e-05
1.9225999755859375 4.514147943509746e-05
1.9235999755859374 4.8810350239327824e-05
1.9245999755859375 5.5153957161753664e-05
1.9255999755859374 6.164163356045861e-05
1.9265999755859375 6.915627937175689e-05
1.9275999755859374 7.546905741639933e-05
1.9285999755859375 8.393955561326123e-05
1.9295999755859374 0.00010064296097138384
1.9305999755859375 0.00010767797436809671
1.9315999755859374 0.00011972844418953703
1.9325999755859375 0.0001340314209953396
1.9335999755859374 0.00015246414235964908
1.9345999755859375 0.00017697145390711353
1.9355999755859374 0.00019379027125729982
1.9365999755859375 0.0002175784067386844
1.9375999755859374 0.00024609438402691154
1.9385999755859376 0.00027655500666089503
1.9395999755859374 0.00031029846561322964
1.9405999755859376 0.0003536285860158935
1.9415999755859374 0.00041157824705378244
1.9425999755859376 0.00045108235595228414
1.9435999755859374 0.0005206192305520824
1.9445999755859376 0.0005858065884307926
1.9455999755859374 0.0006675083714049391
1.9465999755859376 0.0007461111619424704
1.9475999755859374 0.0008848605100730336
1.9485999755859376 0.0009909483966291024
1.9495999755859375 0.001100391889697937
1.9505999755859376 0.0012658331034365279
1.9515999755859375 0.001450102211902247
1.9525999755859376 0.0016541250718574562
1.9535999755859375 0.0018910306487709117
1.9545999755859376 0.0021461877702342916
1.9555999755859375 0.0025165160378625632
1.9565999755859376 0.0028525222882186774
1.9575999755859375 0.0032494841018516104
1.9585999755859376 0.0038244860821125405
1.9595999755859375 0.004310055638917334
1.9605999755859376 0.005067233418770683
1.9615999755859375 0.005756716039782832
1.9625999755859376 0.006536616037148948
1.9635999755859375 0.007774752400741021
1.9645999755859376 0.008934105101687486
1.9655999755859375 0.01041334678719178
1.9665999755859376 0.012030980219426326
1.9675999755859375 0.014074734394661257
1.9685999755859376 0.015705279058817138
1.9695999755859375 0.01838361912355629
1.9705999755859376 0.022651637621729125
1.9715999755859375 0.02558759713087038
1.9725999755859376 0.029052489166300124
1.9735999755859375 0.03246227835000772
1.9745999755859376 0.037460460771342734
1.9755999755859375 0.0406832170055268
1.9765999755859376 0.045367959084049045
1.9775999755859375 0.051403176589014804
1.9785999755859376 0.05633547093991558
1.9795999755859375 0.064971138145084
1.9805999755859376 0.07149604882333724
1.9815999755859375 0.0801715880304963
1.9825999755859376 0.08875621296497453
1.9835999755859375 0.09951774556958337
1.9845999755859376 0.1119830723233848
1.9855999755859375 0.12338930009765131
1.9865999755859376 0.14459790136191772
1.9875999755859375 0.16424270277672842
1.9885999755859376 0.18569689495902766
1.9895999755859375 0.21607603005467835
1.9905999755859376 0.23379294923036162
1.9915999755859375 0.26398183231117056
1.9925999755859376 0.28809136152210146
1.9935999755859375 0.31330337279854914
1.9945999755859376 0.33677248752607747
1.9955999755859375 0.36054375502095204
1.9965999755859376 0.37957247136679373
1.9975999755859375 0.3935787226091303
1.9985999755859376 0.4014264534971004
1.9995999755859375 0.41859465454433487
2.0005999755859376 0.43007366895883825
2.0015999755859375 0.44281795005738045
2.0025999755859374 0.4461289072698578
2.0035999755859377 0.4449815369184794
2.0045999755859376 0.44796793726734974
2.0055999755859375 0.46649375953058564
2.0065999755859374 0.4620237777200816
2.0075999755859373 0.4596323464761561
2.0085999755859376 0.4624985110587628
2.0095999755859375 0.4669018453942232
2.0105999755859374 0.4592844594568035
2.0115999755859373 0.46476276724568866
2.0125999755859376 0.4618960196521371
2.0135999755859375 0.4707258824317214
2.0145999755859374 0.4668018981931098
2.0155999755859373 0.46066006342678745
2.0165999755859376 0.46949139947030155
2.0175999755859375 0.4609121501849911
2.0185999755859374 0.4606837014861239
2.0195999755859373 0.46266805316550114
2.0205999755859376 0.4625114038022404
2.0215999755859375 0.46256368487395133
2.0225999755859374 0.4605566314196637
2.0235999755859373 0.4642669113128062
2.0245999755859376 0.46049310796218235
2.0255999755859375 0.4671978189383986
2.0265999755859374 0.46115724911172445
2.0275999755859373 0.4660237429858028
2.0285999755859376 0.4607149913051279
2.0295999755859375 0.4650075716463896
2.0305999755859374 0.46229884337172433
2.0315999755859373 0.4566354614608776
2.0325999755859376 0.46591231341254563
2.0335999755859375 0.4646896736312002
2.0345999755859374 0.46086223263582893
2.0355999755859373 0.45586454835577833
2.0365999755859376 0.4710817315380273
2.0375999755859375 0.46010302567765843
2.0385999755859374 0.46637647577214
2.0395999755859373 0.4623944797962279
2.0405999755859376 0.45317545446829677
2.0415999755859375 0.4602606150720361
2.0425999755859374 0.4575340492145458
2.0435999755859373 0.4582378803685627
2.0445999755859376 0.4583692206186531
2.0455999755859375 0.4591177765589995
2.0465999755859374 0.4562434190648426
2.0475999755859373 0.460749284118648
2.04860009765625 0.4466573460944968
2.04960009765625 0.44553753148984937
2.05060009765625 0.46718485612454347
2.05160009765625 0.4531811635755745
2.05260009765625 0.45813655056485814
2.05360009765625 0.4562197977100166
2.05460009765625 0.45424518289708227
2.05560009765625 0.4573670050998489
2.05660009765625 0.4524322335142785
2.05760009765625 0.45769309383467777
2.05860009765625 0.4570128124787058
2.05960009765625 0.4520329298417458
2.06060009765625 0.46594211562215915
2.06160009765625 0.46146001718614726
2.06260009765625 0.46741609322461775
2.06360009765625 0.45274583455024464
2.06460009765625 0.45664619475552093
2.06560009765625 0.46717253676432524
2.06660009765625 0.4579208666070765
2.06760009765625 0.4619678747999883
2.06860009765625 0.47369530532997844
2.06960009765625 0.47266682294199014
2.07060009765625 0.46561878624920744
2.07160009765625 0.4674950366372745
2.07260009765625 0.4687319285435524
2.07360009765625 0.4657348274927722
2.07460009765625 0.4653074333962432
2.07560009765625 0.47313600868417555
2.07660009765625 0.4694741513055376
2.07760009765625 0.47094069220046214
2.07860009765625 0.4697715862344538
2.07960009765625 0.4704794875535566
2.08060009765625 0.46361011360810866
2.08160009765625 0.4732619573420838
2.08260009765625 0.47276282195038033
2.08360009765625 0.4723042578302934
2.08460009765625 0.4696171847892951
2.08560009765625 0.4692485378665363
2.08660009765625 0.4721090876727535
2.08760009765625 0.46618656106785733
2.08860009765625 0.47832031737582076
2.08960009765625 0.47133007896469054
2.09060009765625 0.47044293357848443
2.09160009765625 0.4658997505263982
2.09260009765625 0.47215962598539746
2.09360009765625 0.4631756931367998
2.09460009765625 0.482342844564768
2.09560009765625 0.46501348241543977
2.09660009765625 0.47174711573088113
2.09760009765625 0.462719402190975
2.09860009765625 0.46776698782310017
2.09960009765625 0.4709445864487613
2.10060009765625 0.47330773119266395
2.10160009765625 0.45874852976877
2.10260009765625 0.47014036691766053
2.10360009765625 0.46920209995353046
2.10460009765625 0.46421431338499014
2.10560009765625 0.4585611352560547
2.10660009765625 0.4667735244408489
2.10760009765625 0.45076136774866404
2.10860009765625 0.48665263241846207
2.10960009765625 0.46473552537099083
2.11060009765625 0.45846387967537394
2.11160009765625 0.4625121958508889
2.11260009765625 0.46629028520986987
2.11360009765625 0.46168941489052506
2.11460009765625 0.46152445983173357
2.11560009765625 0.4649138573975895
2.11660009765625 0.46015923965492134
2.11760009765625 0.4606550167128507
2.11860009765625 0.4649529704165797
2.11960009765625 0.4648445200559553
2.12060009765625 0.4636722897160371
2.12160009765625 0.4656246416564954
2.12260009765625 0.45872836514077064
2.12360009765625 0.4595016024211344
2.12460009765625 0.4576021944258371
2.12560009765625 0.4673657751675807
2.12660009765625 0.4654677549795044
2.12760009765625 0.4590453450921003
2.12860009765625 0.4735587050186974
2.12960009765625 0.46076128010814893
2.13060009765625 0.4648238847921317
2.13160009765625 0.4651444801481069
2.13260009765625 0.45949324684084375
2.13360009765625 0.4692967093205262
2.13460009765625 0.4614310496142086
2.13560009765625 0.46779559802975157
2.13660009765625 0.46021721494732104
2.13760009765625 0.4674701484651285
2.13860009765625 0.46068920187877754
2.13960009765625 0.4649231460839569
2.14060009765625 0.46238881729499337
2.14160009765625 0.4617004156985802
2.14260009765625 0.46018911752936675
2.14360009765625 0.4616003501171412
2.14460009765625 0.4556610306604464
2.14560009765625 0.4645572524427335
2.14660009765625 0.4616546904081533
2.14760009765625 0.45978206327294696
2.14860009765625 0.4573560604959661
2.14960009765625 0.45986024664940994
2.15060009765625 0.4557562301814908
2.15160009765625 0.4547388062902339
2.15260009765625 0.45714901250761525
2.15360009765625 0.45697620862873123
2.15460009765625 0.4552005316505797
2.15560009765625 0.455313545681775
2.15660009765625 0.4606438305464299
2.15760009765625 0.44541891046625287
2.15860009765625 0.4541371150636564
2.15960009765625 0.4493113099895823
2.16060009765625 0.4523702818251923
2.16160009765625 0.4529041021295468
2.16260009765625 0.45349401354526503
2.16360009765625 0.44947796367650306
2.16460009765625 0.4366838987404036
2.16560009765625 0.45201439246909614
2.16660009765625 0.44094160465447396
2.16760009765625 0.4554566585386384
2.16860009765625 0.4387718787576119
2.16960009765625 0.4475158954698602
2.17060009765625 0.44019256449531774
2.17160009765625 0.43819533153699086
2.17260009765625 0.4479109241822207
2.17360009765625 0.43113624988820043
2.17460009765625 0.43461746138443536
2.17560009765625 0.4472120411385577
2.17660009765625 0.43806499137075844
2.17760009765625 0.4410937227656401
2.17860009765625 0.4302377948972706
2.17960009765625 0.4374673754847036
2.18060009765625 0.43441401149620107
2.18160009765625 0.4350160128563127
2.18260009765625 0.43422258002655334
2.18360009765625 0.436488926077305
2.18460009765625 0.4211692342386645
2.18560009765625 0.43176099922966854
2.18660009765625 0.41983766524093086
2.18760009765625 0.4184152882999985
2.18860009765625 0.4170175557662064
2.18960009765625 0.41271996200841476
2.19060009765625 0.40258051560768343
2.19160009765625 0.3920757957235113
2.19260009765625 0.38456137748219005
2.19360009765625 0.36789964186039165
2.19460009765625 0.35426793966071407
2.19560009765625 0.33545764238716197
2.19660009765625 0.31805884191626843
2.19760009765625 0.297964749322375
2.19860009765625 0.2754662728779138
2.19960009765625 0.2559099374353274
2.20060009765625 0.23210152619218152
2.20160009765625 0.22178308037340266
2.20260009765625 0.20260473490459768
2.20360009765625 0.1867103873430424
2.20460009765625 0.17400832858202206
2.20560009765625 0.16102793047734038
2.20660009765625 0.15124084271621205
2.20760009765625 0.1384710236505541
2.20860009765625 0.12700213627414508
2.20960009765625 0.11508675813176648
2.21060009765625 0.1053001284291902
2.21160009765625 0.09418169394787426
2.21260009765625 0.08362414990342212
2.21360009765625 0.07645465632219045
2.21460009765625 0.06845280206964731
2.21560009765625 0.06066677423691448
2.21660009765625 0.05304558220161811
2.21760009765625 0.045623573594081784
2.21860009765625 0.04082570194753451
2.21960009765625 0.03497016182572027
2.22060009765625 0.031207778628297267
2.22160009765625 0.02668581064811698
2.22260009765625 0.022889545210183587
2.22360009765625 0.0198757379738194
2.22460009765625 0.017377857891832934
2.22560009765625 0.014940090492791719
2.22660009765625 0.012991431350892832
2.22760009765625 0.01109412772924123
2.22860009765625 0.009978218933237984
2.22960009765625 0.00852782762786947
2.23060009765625 0.00744565214348566
2.23160009765625 0.006485590144578645
2.23260009765625 0.005619117813388841
2.23360009765625 0.004920845080214767
2.23460009765625 0.004309543638106178
2.23560009765625 0.00373106139725002
2.23660009765625 0.003266517835823237
2.23760009765625 0.002885289419395276
2.23860009765625 0.002523682488760403
2.23960009765625 0.0022059838028675714
2.24060009765625 0.0019608271645253812
2.24160009765625 0.0016724348378056658
2.24260009765625 0.001525356407394285
2.24360009765625 0.001326654986100163
2.24460009765625 0.0011866292438762844
2.24560009765625 0.001032995207312996
2.24660009765625 0.0009131328796091121
2.24760009765625 0.0008076071215289954
2.24860009765625 0.0007126943399763326
2.24960009765625 0.0006383860012989655
2.25060009765625 0.0005641496856914751
2.25160009765625 0.0004968160103606858
2.25260009765625 0.0004502067984118274
2.25360009765625 0.00039648230969096274
2.25460009765625 0.00035582212121313593
2.25560009765625 0.0003088937201276095
2.25660009765625 0.00027894209021784395
2.25760009765625 0.0002571498251372623
2.25860009765625 0.000231421447632231
2.25960009765625 0.00020301678991219843
2.26060009765625 0.00017874468286966074
2.26160009765625 0.00016243905798563876
2.26260009765625 0.00014447196269128522
2.26360009765625 0.00013244664925081043
2.26460009765625 0.00012057577653041963
2.26560009765625 0.00011589453269807466
2.26660009765625 8.747721413548883e-05
2.26760009765625 8.313884758549009e-05
2.26860009765625 8.313699051042112e-05
2.26960009765625 7.308756021727556e-05
2.27060009765625 6.709299957699586e-05
2.27160009765625 6.65304028636664e-05
2.27260009765625 5.656533794533109e-05
2.27360009765625 4.88340238612965e-05
2.27460009765625 4.7329751078533515e-05
2.27560009765625 4.4821644197354155e-05
2.27660009765625 4.228694833533849e-05
2.27760009765625 3.90087725068396e-05
2.27860009765625 3.680926049768854e-05
2.27960009765625 3.305073000127946e-05
2.28060009765625 3.38304383010602e-05
2.28160009765625 2.855845318551914e-05
2.28260009765625 2.7947046187100404e-05
2.28360009765625 2.5257915519999742e-05
2.28460009765625 2.2464739632934093e-05
2.28560009765625 2.1367758474365116e-05
2.28660009765625 2.1719658537785853e-05
2.28760009765625 2.022656203251407e-05
2.28860009765625 2.0307981179350808e-05
2.28960009765625 1.727390336132017e-05
2.29060009765625 1.6812770766060904e-05
2.29160009765625 1.711201333049759e-05
2.29260009765625 1.7491609356135787e-05
2.29360009765625 1.5512496382748656e-05
2.29460009765625 1.4832492281970714e-05
2.29560009765625 1.2899592459696213e-05
2.29660009765625 1.3731599433372811e-05
2.29760009765625 1.2379739780504895e-05
2.29860009765625 1.2263299676121459e-05
2.29960009765625 1.2979704246738756e-05
2.30060009765625 9.820842236270763e-06
2.30160009765625 1.1051304943227406e-05
2.30260009765625 1.0463976065137065e-05
2.30360009765625 1.2077283772718727e-05
2.30460009765625 9.016898867439934e-06
2.30560009765625 9.070163916787451e-06
2.30660009765625 8.115491094813237e-06
2.30760009765625 6.4256363883404e-06
2.30860009765625 8.729627350460543e-06
2.30960009765625 7.415712454462957e-06
2.31060009765625 6.971838582707359e-06
2.31160009765625 5.683864274717651e-06
2.31260009765625 7.461131238150942e-06
2.31360009765625 6.768361545720798e-06
2.31460009765625 6.21048498330786e-06
2.31560009765625 6.061136683358268e-06
2.31660009765625 5.738017946999551e-06
2.31760009765625 4.3377826437423575e-06
2.31860009765625 4.323521122781873e-06
2.31960009765625 4.586620869778289e-06
2.32060009765625 4.457724614467439e-06
2.32160009765625 3.4133642281808327e-06
2.32260009765625 4.880169250970374e-06
2.32360009765625 3.585786966573918e-06
2.32460009765625 2.98269315829479e-06
2.32560009765625 3.081710818577141e-06
2.32660009765625 2.5214338372982326e-06
2.32760009765625 2.2818144537026313e-06
2.32860009765625 2.3000577170426503e-06
2.32960009765625 2.328629787354601e-06
2.33060009765625 1.719166662506295e-06
2.33160009765625 2.4237426298903224e-06
2.33260009765625 1.8564562894133236e-06
2.33360009765625 1.873623408608272e-06
2.33460009765625 1.2778395378500012e-06
2.33560009765625 1.5235824337595489e-06
2.33660009765625 8.08600493754862e-07
2.33760009765625 1.399170150150652e-06
2.33860009765625 1.3188702946266636e-06
2.33960009765625 1.1677539147711104e-06
2.34060009765625 1.193122468234624e-06
2.34160009765625 9.580456939114818e-07
2.34260009765625 7.65907143536024e-07
2.34360009765625 9.887025559829186e-07
2.34460009765625 1.1277550110579644e-06
2.34560009765625 8.620170050675287e-07
2.34660009765625 8.817890615500313e-07
2.34760009765625 8.291078837633499e-07
2.34860009765625 8.170972675597252e-07
2.34960009765625 5.402802761030632e-07
2.35060009765625 1.1253186204756215e-06
2.35160009765625 8.338270074789083e-07
2.35260009765625 5.865989973239767e-07
2.35360009765625 7.185537233777204e-07
2.35460009765625 6.624018358690581e-07
2.35560009765625 7.687341739113697e-07
2.35660009765625 6.780895536786981e-07
2.35760009765625 4.245588814106069e-07
2.35860009765625 3.9214444317511664e-07
2.35960009765625 4.89099147796286e-07
2.36060009765625 5.044277315812274e-07
2.36160009765625 4.306191892801801e-07
2.36260009765625 5.441678437356884e-07
2.36360009765625 5.128899667086899e-07
2.36460009765625 3.671731844446475e-07
2.36560009765625 2.6655926364675227e-07
2.36660009765625 2.99771830603311e-07
2.36760009765625 5.153068517697838e-07
2.36860009765625 8.003355521057209e-08
2.36960009765625 1.784783106521997e-07
2.37060009765625 2.1999280416158554e-07
2.37160009765625 1.5012481970021687e-07
2.37260009765625 2.729112194221369e-07
2.37360009765625 6.81493669453613e-08
2.37460009765625 1.0088879289515418e-07
2.37560009765625 1.298361555430052e-07
2.37660009765625 5.982506222610397e-08
2.37760009765625 7.737013649974348e-08
2.37860009765625 1.131444188737033e-07
2.37960009765625 1.0290846578928213e-07
2.38060009765625 1.0541846950491755e-07
2.38160009765625 8.402292437389478e-08
2.38260009765625 6.769392388456982e-08
2.38360009765625 5.040335407195554e-08
2.38460009765625 3.037298900266672e-08
2.38560009765625 6.189069650015206e-08
2.38660009765625 2.7793326253100397e-08
2.38760009765625 5.033752014127044e-08
2.38860009765625 4.443825269022252e-08
2.38960009765625 4.801564534947289e-08
2.39060009765625 3.927659928952423e-08
2.39160009765625 2.098274876417811e-08
2.39260009765625 2.90332010571329e-08
2.39360009765625 1.3070399232245244e-08
2.39460009765625 1.5022608660948404e-08
2.39560009765625 2.174161065706465e-08
2.39660009765625 1.6804817582429855e-08
2.39760009765625 7.97941438970445e-09
2.39860009765625 1.912084080281416e-08
2.39960009765625 2.8716015004873156e-09
2.40060009765625 1.1340952495111308e-08
2.40160009765625 7.481396579392248e-09
2.40260009765625 6.3158644242373795e-09
2.40360009765625 4.482657928142951e-09
2.40460009765625 4.368298658171739e-09
2.40560009765625 1.8707163834652928e-09
2.40660009765625 6.5096042484895455e-09
2.40760009765625 9.100337420111688e-10
2.40860009765625 4.22921626413805e-09
2.40960009765625 4.760441683010672e-09
2.41060009765625 1.4800470132498042e-09
2.41160009765625 3.2542072636321342e-09
2.41260009765625 1.5414022141358315e-09
2.41360009765625 2.7663565655807927e-09
2.41460009765625 1.056990394464695e-09
2.41560009765625 2.0362907708402163e-09
2.41660009765625 3.873633947759638e-10
2.41760009765625 2.3889566335429044e-09
2.41860009765625 2.3058969850932797e-09
2.41960009765625 1.9406002645021948e-14
2.42060009765625 1.2629255856652536e-09
2.42160009765625 8.457463459263436e-10
2.42260009765625 1.2338447460803962e-09
2.42360009765625 6.233936871862182e-11
2.42460009765625 6.469729631930422e-10
2.42560009765625 4.011815673086563e-10
2.42660009765625 2.517858783948032e-10
2.42760009765625 1.7041505142341254e-10
2.42860009765625 1.4203623334668465e-10
2.42960009765625 2.7226297982342293e-10
2.43060009765625 4.1831365249859624e-10
2.43160009765625 2.5733111769217985e-10
2.43260009765625 6.060499898751063e-11
2.43360009765625 1.7734688652581285e-10
2.43460009765625 2.1156915181678875e-10
2.43560009765625 7.287627036841743e-11
2.43660009765625 5.485912381722272e-11
2.43760009765625 3.9098957062930025e-11
2.43860009765625 8.210251594783635e-11
2.43960009765625 6.484570433784052e-11
2.44060009765625 7.814885999372759e-11
2.44160009765625 9.125507864342478e-11
2.44260009765625 2.999378339514828e-11
2.44360009765625 1.772064498252241e-11
2.44460009765625 2.3505001445507818e-11
2.44560009765625 1.510105519430804e-11
2.44660009765625 1.4344426518750488e-11
2.44760009765625 1.5339664575219852e-11
2.44860009765625 2.932224698059971e-11
2.44960009765625 8.569457078725164e-12
2.45060009765625 9.400016278115174e-12
2.45160009765625 3.53953463712607e-11
2.45260009765625 9.705737340534438e-12
2.45360009765625 1.4965271669408045e-11
2.45460009765625 1.8814182057563284e-11
2.45560009765625 1.334847059402731e-11
2.45660009765625 1.7127744612619177e-11
2.45760009765625 4.4636473492529924e-12
2.45860009765625 1.8288974429193083e-11
2.45960009765625 1.1888848353226458e-11
2.46060009765625 1.8096803647517536e-11
2.46160009765625 3.9340255308534e-12
2.46260009765625 4.324441448831482e-12
2.46360009765625 9.764747188389886e-12
2.46460009765625 5.191072448578693e-12
2.46560009765625 4.540029091364441e-12
2.46660009765625 8.407067814863717e-12
2.46760009765625 8.437845989507181e-12
2.46860009765625 1.1636434255592889e-11
2.46960009765625 3.5165599712606792e-12
2.47060009765625 3.803623284923823e-12
2.47160009765625 5.793281508047762e-12
2.47260009765625 3.202125674726857e-12
2.47360009765625 6.971676856637071e-12
2.47460009765625 2.4067346491441424e-12
2.47560009765625 6.9098128748071664e-12
2.47660009765625 9.981976170675228e-12
2.47760009765625 3.545661853275818e-17
2.47860009765625 3.434067869699783e-12
2.47960009765625 4.74329042704782e-12
2.48060009765625 5.0219794186626086e-14
2.48160009765625 3.464033373648078e-12
2.48260009765625 3.0146852977288872e-12
2.48360009765625 2.358416095168034e-12
2.48460009765625 2.1891232790379e-12
2.48560009765625 1.0590596751000488e-12
2.48660009765625 1.0346398611592061e-12
2.48760009765625 2.250950046425727e-12
2.48860009765625 1.9096855942515976e-12
2.48960009765625 2.0793272083715143e-12
2.49060009765625 9.405464413573007e-18
2.49160009765625 1.3403357407321942e-12
2.49260009765625 5.344251954813947e-13
2.49360009765625 4.824189699767149e-13
2.49460009765625 4.733431099177633e-13
2.49560009765625 8.292428567209221e-13
2.49660009765625 8.388231404956319e-13
2.49760009765625 5.513366637452423e-13
2.49860009765625 1.2884266573942538e-13
2.49960009765625 5.812055087119588e-13
2.50060009765625 3.754329888650028e-13
2.50160009765625 1.1313986867057075e-13
2.50260009765625 4.414282427364287e-13
2.50360009765625 2.0933288626734011e-13
2.50460009765625 1.610845343616548e-13
2.50560009765625 1.4112926282261488e-13
2.50660009765625 1.569852977258493e-14
2.50760009765625 2.590393606123558e-13
2.50860009765625 4.3353310851454175e-14
2.50960009765625 1.325538183633934e-13
2.51060009765625 1.700513431034682e-13
2.51160009765625 6.49961147588191e-14
2.51260009765625 4.8232577295308764e-14
2.51360009765625 5.83999598044244e-14
2.51460009765625 1.7361715264005122e-13
2.51560009765625 1.0159330872173716e-13
2.51660009765625 1.1733043678820592e-13
2.51760009765625 1.429324452420284e-13
2.51860009765625 3.88680535034228e-14
2.51960009765625 6.363273179872126e-14
2.52060009765625 5.05727211414464e-14
2.52160009765625 5.5802857949458587e-14
2.52260009765625 2.5632470232860084e-14
2.52360009765625 6.863280065729243e-14
2.52460009765625 2.29998626197105e-19
2.52560009765625 3.723981995992777e-14
2.52660009765625 7.46379992522172e-15
2.52760009765625 3.907912057898495e-14
2.52860009765625 3.656661455303512e-14
2.52960009765625 2.8928080099924255e-14
2.53060009765625 2.4947713853122924e-14
2.53160009765625 9.395758884427428e-15
2.53260009765625 1.9157096370160954e-14
2.53360009765625 1.2380637481655553e-14
2.53460009765625 2.064890738305425e-14
2.53560009765625 1.829463865646203e-14
2.53660009765625 6.853129023621764e-15
2.53760009765625 4.353040159058388e-15
2.53860009765625 1.6935628227574185e-14
2.53960009765625 5.953565202648625e-15
2.54060009765625 4.0305494369597475e-15
2.54160009765625 1.0854784439263848e-14
2.54260009765625 6.8670022482517384e-15
2.54360009765625 4.467325997279142e-16
2.54460009765625 4.869113915021441e-15
2.54560009765625 2.2769790601544534e-15
2.54660009765625 4.1309900984885446e-15
2.54760009765625 5.827131849892922e-15
2.54860009765625 4.666094320929484e-15
2.54960009765625 7.33712601228404e-15
2.55060009765625 3.287729062102299e-15
2.55160009765625 4.0929579625129657e-16
2.55260009765625 3.0962883502704306e-15
2.55360009765625 2.6825027429568487e-15
2.55460009765625 3.2153876893047382e-15
2.55560009765625 1.2070935590748766e-15
2.55660009765625 3.1679905598622037e-15
2.55760009765625 2.767923226103549e-15
2.55860009765625 1.2323483966184892e-15
2.55960009765625 2.4991722978231714e-15
2.56060009765625 1.1851478762469555e-15
2.56160009765625 3.5539184482144065e-15
2.56260009765625 1.836464808829854e-15
2.56360009765625 3.3600295659594504e-16
2.56460009765625 1.4451977712090876e-15
2.56560009765625 1.4073326127054084e-15
2.56660009765625 4.998376129069931e-16
2.56760009765625 1.1217349736891586e-15
2.56860009765625 8.193961825632865e-16
2.56960009765625 7.483050305207857e-16
2.57060009765625 6.805741528587033e-16
2.57160009765625 5.055436808402725e-16
2.57260009765625 4.121283768376891e-16
2.57360009765625 4.562570952656207e-16
2.57460009765625 1.4395091276538322e-16
2.57560009765625 3.2254798408197895e-16
2.57660009765625 2.269686882055453e-16
2.57760009765625 3.9944365012810093e-16
2.57860009765625 1.0095834999659133e-16
2.57960009765625 3.1768763947379524e-16
2.58060009765625 2.529147084040757e-16
2.58160009765625 3.6269126198642054e-17
2.58260009765625 1.986496453697796e-16
2.58360009765625 1.1195663780732467e-16
2.58460009765625 1.582055028161714e-16
2.58560009765625 6.850294819468561e-17
2.58660009765625 1.1173639416331933e-16
2.58760009765625 6.871755237338135e-17
2.58860009765625 1.7056555599187723e-16
2.58960009765625 5.247146099634667e-17
2.59060009765625 4.269110671132136e-17
2.59160009765625 7.051535002945709e-17
2.59260009765625 3.3867658940300816e-17
2.59360009765625 1.80614931650954e-17
2.59460009765625 1.339228948835755e-17
2.59560009765625 3.048473634059648e-17
2.59660009765625 3.0365979534611543e-17
2.59760009765625 2.1726178486243252e-17
2.59860009765625 1.439222948411022e-17
2.59960009765625 1.818511751611024e-17
2.60060009765625 6.9094562462310255e-18
