Wavelength_microns Throughput
2.0483000488281253 0.0
2.049300048828125 0.0
2.050300048828125 5.863341050088004e-06
2.051300048828125 4.426148650049428e-06
2.052300048828125 6.611858511359746e-06
2.053300048828125 6.79300196286429e-06
2.054300048828125 5.003636469180175e-06
2.055300048828125 5.304525773302249e-06
2.056300048828125 6.3225619901606455e-06
2.057300048828125 6.489512333630035e-06
2.058300048828125 7.020275838772186e-06
2.059300048828125 7.500906943983256e-06
2.060300048828125 8.256489011237489e-06
2.061300048828125 7.350011838863314e-06
2.062300048828125 9.059255144485135e-06
2.063300048828125 1.1057421620800577e-05
2.064300048828125 1.1293180816616415e-05
2.065300048828125 1.1281653943486375e-05
2.066300048828125 1.2627029244183568e-05
2.067300048828125 1.3384289940473517e-05
2.068300048828125 1.5240198920538212e-05
2.069300048828125 1.790978070320257e-05
2.070300048828125 1.6715872038507284e-05
2.071300048828125 2.1090376511123097e-05
2.072300048828125 2.4926749314736244e-05
2.073300048828125 3.287909851612919e-05
2.074300048828125 3.7390544372390616e-05
2.075300048828125 4.250415809824966e-05
2.076300048828125 5.5854990044310806e-05
2.077300048828125 6.68884896923044e-05
2.078300048828125 8.436794076193451e-05
2.079300048828125 0.00011112839480384196
2.080300048828125 0.00014509591069243488
2.081300048828125 0.0001904339155551878
2.082300048828125 0.000257742475411651
2.083300048828125 0.00035525596666567655
2.084300048828125 0.000492106506459574
2.085300048828125 0.0007050278609824049
2.086300048828125 0.0010237705952230512
2.087300048828125 0.0015439721234017528
2.088300048828125 0.0023269225010187776
2.089300048828125 0.003577538682285212
2.090300048828125 0.005544118831531797
2.091300048828125 0.008337151251722009
2.092300048828125 0.012447643082781505
2.093300048828125 0.017812277914144633
2.094300048828125 0.024620102992997613
2.095300048828125 0.03296309218280406
2.096300048828125 0.04284352099269573
2.097300048828125 0.05400384965921937
2.098300048828125 0.06547643218871294
2.099300048828125 0.07644213921065879
2.100300048828125 0.08575538567382864
2.101300048828125 0.09472227986517612
2.102300048828125 0.10533155371230399
2.103300048828125 0.11740529006222748
2.104300048828125 0.13080750371307057
2.105300048828125 0.14830599037725814
2.106300048828125 0.16754969640394735
2.107300048828125 0.19141763979249457
2.108300048828125 0.21644495619470322
2.109300048828125 0.24874259165552368
2.110300048828125 0.28204896572096083
2.111300048828125 0.3188897386486997
2.112300048828125 0.3566188360124019
2.113300048828125 0.39010325885298125
2.114300048828125 0.42316242224911166
2.115300048828125 0.4468217257663316
2.116300048828125 0.4653032290202201
2.117300048828125 0.4800477942403657
2.118300048828125 0.48853720026986036
2.119300048828125 0.4908001327806672
2.120300048828125 0.49475791632877325
2.121300048828125 0.493642451692498
2.122300048828125 0.4952110757269211
2.123300048828125 0.4946927064794193
2.124300048828125 0.49038578939020266
2.125300048828125 0.486471447872725
2.126300048828125 0.4784273526854698
2.127300048828125 0.4638799583789327
2.128300048828125 0.4427268051496634
2.129300048828125 0.41483702478720647
2.130300048828125 0.3793193396679672
2.131300048828125 0.3439466223893902
2.132300048828125 0.3039453420082661
2.133300048828125 0.2674599451414564
2.134300048828125 0.23218664464798688
2.135300048828125 0.19999110893222946
2.136300048828125 0.17220505756011878
2.137300048828125 0.14840506379784132
2.138300048828125 0.12977463116545154
2.139300048828125 0.11277772860974938
2.140300048828125 0.09852739269531809
2.141300048828125 0.08517065350948184
2.142300048828125 0.07226287650603426
2.143300048828125 0.060678313470876974
2.144300048828125 0.05001709884222512
2.145300048828125 0.04102022936572168
2.146300048828125 0.03267839205479893
2.147300048828125 0.02563750955188157
2.148300048828125 0.01971103165876368
2.149300048828125 0.01468398483741784
2.150300048828125 0.010642162808682586
2.151300048828125 0.007438116876074158
2.152300048828125 0.005058256043791966
2.153300048828125 0.003330374363619647
2.154300048828125 0.0021913109445496847
2.155300048828125 0.0014368042397464942
2.156300048828125 0.0009535824991228709
2.157300048828125 0.0006508861353536359
2.158300048828125 0.0004561253411353925
2.159300048828125 0.000322098404622552
2.160300048828125 0.0002372000880744977
2.161300048828125 0.00017503593498174712
2.162300048828125 0.000131089898525736
2.163300048828125 0.0001024455115058095
2.164300048828125 7.766622968447596e-05
2.165300048828125 6.225094865033181e-05
2.166300048828125 4.965892898727387e-05
2.167300048828125 4.0865548535368335e-05
2.168300048828125 3.233504682889895e-05
2.169300048828125 2.72231031588583e-05
2.170300048828125 2.446782823707507e-05
2.171300048828125 2.142525760317024e-05
2.172300048828125 1.7154173533124386e-05
2.173300048828125 1.6351083793648777e-05
2.174300048828125 1.3709205387199971e-05
2.175300048828125 1.2821601187383555e-05
2.176300048828125 1.0512150402888322e-05
2.177300048828125 1.0623307336081802e-05
2.178300048828125 9.717148406947193e-06
2.179300048828125 8.452277528351201e-06
2.180300048828125 1.0338980004046682e-05
2.181300048828125 9.409932029041592e-06
2.182300048828125 8.602980359762654e-06
2.183300048828125 7.139916006960218e-06
2.184300048828125 8.212374171457587e-06
2.185300048828125 6.623241225872529e-06
2.186300048828125 9.575957700647936e-06
2.187300048828125 5.985067629324141e-06
2.188300048828125 5.907394353166265e-06
2.189300048828125 6.745697875772627e-06
2.190300048828125 7.846248742872558e-06
2.191300048828125 8.989014517274537e-06
2.192300048828125 7.092233071784434e-06
2.193300048828125 6.263083413283463e-06
2.194300048828125 8.037103836027178e-06
2.195300048828125 4.08594331524495e-06
2.196300048828125 5.200310675608811e-06
2.197300048828125 8.265563923956793e-06
2.198300048828125 8.714776782692143e-06
2.199300048828125 6.422445705360152e-06
2.200300048828125 4.865654915179859e-06
2.201300048828125 8.472786619514346e-06
2.202300048828125 8.317089344435941e-06
2.203300048828125 8.093428990179128e-06
2.204300048828125 8.287680397666628e-06
2.205300048828125 6.255019417514112e-06
2.206300048828125 6.619143369511003e-06
2.207300048828125 5.966105351320523e-06
2.208300048828125 7.820766261716186e-06
2.209300048828125 5.199774892219672e-06
2.210300048828125 3.513311432130704e-06
2.211300048828125 6.42514244771612e-06
2.212300048828125 9.141473398107923e-06
2.213300048828125 5.302267670467596e-06
2.214300048828125 7.95195254020708e-06
2.215300048828125 6.103305645655989e-06
2.216300048828125 9.088201853421176e-06
2.217300048828125 6.279550091219097e-06
2.218300048828125 1.0198382983669034e-05
2.219300048828125 9.429398342257885e-06
2.220300048828125 7.257333367111583e-06
2.221300048828125 7.894255119381557e-06
2.222300048828125 6.639343847905475e-06
2.223300048828125 7.951358795903098e-06
2.224300048828125 5.288596971793397e-06
2.225300048828125 6.930533697348767e-06
2.226300048828125 6.602330363923504e-06
2.227300048828125 6.5323940987699215e-06
2.228300048828125 4.662441537253656e-06
2.229300048828125 1.2598304802200083e-05
2.230300048828125 7.642061678410474e-06
2.231300048828125 1.0610965960701338e-05
2.232300048828125 9.215049911015007e-06
2.233300048828125 7.30567357853636e-06
2.234300048828125 4.521679540281031e-06
2.235300048828125 8.922641356098039e-06
2.236300048828125 6.506613199342622e-06
2.237300048828125 9.42945348852441e-06
2.238300048828125 6.487895630382551e-06
2.239300048828125 9.365799364323587e-06
2.240300048828125 6.175897896099166e-06
2.241300048828125 8.696803027518844e-06
2.242300048828125 1.0741907842358784e-05
2.243300048828125 7.737129775172791e-06
2.244300048828125 8.591689193128351e-06
2.245300048828125 1.326227860050281e-05
2.246300048828125 1.0161624580928931e-05
2.247300048828125 9.80900213707973e-06
2.248300048828125 4.486039028931133e-06
2.249300048828125 1.140215016087517e-05
2.250300048828125 9.070210260096478e-06
2.2513000488281247 0.0
2.2523000488281246 0.0
