Wavelength_microns Throughput
0.5504000244140625 1.0022127573436742e-10
0.5514000244140626 3.255062972386061e-10
0.5524000244140626 4.71834422972266e-11
0.5534000244140626 2.4420385167770626e-10
0.5544000244140626 4.104451311723842e-10
0.5554000244140626 3.028054250823673e-10
0.5564000244140626 8.65310682904544e-10
0.5574000244140624 5.553961980524851e-10
0.5584000244140624 1.0608901443866488e-12
0.5594000244140624 1.2716541479405086e-12
0.5604000244140624 1.4646865274520094e-12
0.5614000244140624 9.38832602891428e-10
0.5624000244140624 1.797980182935092e-12
0.5634000244140625 4.6279747396105925e-10
0.5644000244140625 5.055165019784396e-10
0.5654000244140625 1.305497939861895e-09
0.5664000244140625 2.610602699599988e-10
0.5674000244140625 1.7844933583903013e-10
0.5684000244140625 1.4418893657398802e-09
0.5694000244140625 6.510683704778339e-11
0.5704000244140625 2.0259197845291826e-09
0.5714000244140625 6.643980984375195e-11
0.5724000244140625 2.4876258220182695e-12
0.5734000244140625 9.682665219701426e-10
0.5744000244140625 7.693045871571004e-10
0.5754000244140625 1.037941387576969e-09
0.5764000244140625 1.8387316065126804e-09
0.5774000244140625 3.4248392662135415e-12
0.5784000244140625 3.796544318765117e-12
0.5794000244140625 4.220385777665079e-12
0.5804000244140625 1.1597103840397706e-10
0.5814000244140625 1.4721039413161771e-08
0.5824000244140625 2.0253187628427664e-10
0.5834000244140625 5.846310718187782e-09
0.5844000244140625 1.0811761768346418e-08
0.5854000244140625 1.2001410754210892e-09
0.5864000244140625 4.9510403456580665e-09
0.5874000244140625 7.961923474584505e-12
0.5884000244140625 8.31975040916669e-12
0.5894000244140625 5.057820040133019e-10
0.5904000244140625 1.3465781328887788e-09
0.5914000244140625 5.877139919134951e-09
0.5924000244140625 1.449966689173179e-08
0.5934000244140625 9.39927584741137e-12
0.5944000244140625 4.373720963758458e-09
0.5954000244140625 4.87411048680908e-09
0.5964000244140625 8.642014368604608e-09
0.5974000244140625 9.93505769694701e-12
0.5984000244140625 6.428162669296025e-09
0.5994000244140625 1.0161298623774118e-11
0.6004000244140625 1.0304037673885967e-11
0.6014000244140625 6.262336651833219e-09
0.6024000244140625 1.0498723000833541e-08
0.6034000244140625 3.4542311981259267e-09
0.6044000244140625 1.1159892265282323e-11
0.6054000244140625 1.2344444866946595e-08
0.6064000244140625 1.1551448724290992e-11
0.6074000244140625 1.175173927907633e-11
0.6084000244140625 1.1942576450514067e-11
0.6094000244140625 1.2116216965518961e-11
0.6104000244140625 2.5677035110466616e-08
0.6114000244140625 2.9805180728301175e-08
0.6124000244140625 1.031568488116874e-08
0.6134000244140625 6.304060542803374e-09
0.6144000244140625 7.989359538788261e-09
0.6154000244140625 6.8461822950674425e-09
0.6164000244140625 1.642686380422879e-08
0.6174000244140625 1.3395787278831222e-11
0.6184000244140625 2.659343517048063e-08
0.6194000244140625 4.300429509625674e-08
0.6204000244140625 5.029364688579594e-08
0.6214000244140625 4.370317982858164e-08
0.6224000244140625 3.978264216073477e-08
0.6234000244140625 6.338469669367124e-09
0.6244000244140625 1.8772323385061798e-08
0.6254000244140625 4.5776251307245984e-08
0.6264000244140625 1.150275756120843e-08
0.6274000244140625 2.939789646245003e-08
0.6284000244140625 5.22398683867125e-08
0.6294000244140625 6.7906311208719e-08
0.6304000244140625 8.119903794668878e-08
0.6314000244140625 8.616533671426181e-08
0.6324000244140625 1.2868931776374158e-07
0.6334000244140625 1.0417210635083042e-07
0.6344000244140625 1.1736925051572566e-07
0.6354000244140625 1.2389166602970705e-07
0.6364000244140625 1.2695355367305347e-07
0.6374000244140625 1.4319292263456517e-07
0.6384000244140625 1.8264060495878226e-07
0.6394000244140625 2.6234428215376854e-07
0.6404000244140625 2.879146082249324e-07
0.6414000244140625 3.416700398891824e-07
0.6424000244140625 3.5453464231170287e-07
0.6434000244140625 3.39422166005765e-07
0.6444000244140625 2.8566618389643674e-07
0.6454000244140625 2.345745209454069e-07
0.6464000244140625 2.0059454765822393e-07
0.6474000244140625 1.7418827224760023e-07
0.6484000244140625 2.0566329535032864e-07
0.6494000244140625 1.8901592167344086e-07
0.6504000244140625 1.8149547665238065e-07
0.6514000244140625 1.808126865395497e-07
0.6524000244140625 1.493408420321646e-07
0.6534000244140625 1.297566521750372e-07
0.6544000244140625 7.680576814212022e-08
0.6554000244140625 7.51394008259586e-08
0.6564000244140625 9.125871217887552e-08
0.6574000244140625 7.002437480787742e-08
0.6584000244140625 8.872682395974764e-08
0.6594000244140625 9.942509251219715e-08
0.6604000244140625 5.990372117110489e-08
0.6614000244140625 8.689543029767128e-08
0.6624000244140625 3.402106283014998e-08
0.6634000244140625 5.889658954014153e-08
0.6644000244140625 3.1893296622508e-08
0.6654000244140625 4.2468739207093865e-08
0.6664000244140625 5.33140008347928e-08
0.6674000244140625 4.497329000346337e-08
0.6684000244140625 5.117943369228569e-10
0.6694000244140625 1.6657504608939804e-08
0.6704000244140625 4.3358954150026174e-08
0.6714000244140625 3.174449830448864e-08
0.6724000244140625 6.762760432727232e-08
0.6734000244140625 5.9408295250081915e-08
0.6744000244140625 3.7139076836088564e-08
0.6754000244140625 1.3399185115755336e-08
0.6764000244140626 7.88507677364163e-09
0.6774000244140626 8.408680239748953e-09
0.6784000244140626 2.2854843066160984e-08
0.6794000244140626 4.922638693636425e-08
0.6804000244140626 5.130106831125022e-08
0.6814000244140626 2.491547446570619e-08
0.6824000244140624 3.3944215558460265e-08
0.6834000244140624 3.501209431527623e-08
0.6844000244140624 4.220403060021011e-09
0.6854000244140624 4.074422663766549e-08
0.6864000244140624 1.2252614666590098e-08
0.6874000244140624 4.344986650893509e-08
0.6884000244140625 1.0194872932530296e-08
0.6894000244140625 7.810441951016103e-08
0.6904000244140625 1.1589917850943655e-08
0.6914000244140625 1.77844080547427e-08
0.6924000244140625 1.8623998809328604e-08
0.6934000244140625 8.488137120992158e-08
0.6944000244140625 1.94780135204785e-08
0.6954000244140625 6.533896035464208e-08
0.6964000244140625 6.333417665097255e-09
0.6974000244140625 2.2430416282566054e-09
0.6984000244140625 4.8047821087815076e-08
0.6994000244140625 8.018641553834673e-09
0.7004000244140625 1.5210061523932234e-08
0.7014000244140625 1.2625942705214861e-08
0.7024000244140625 7.406464284141778e-10
0.7034000244140625 3.8177934098760996e-08
0.7044000244140625 1.3151406402219806e-08
0.7054000244140625 2.1841151111634908e-08
0.7064000244140625 2.2301125425149722e-11
0.7074000244140625 1.932705466560285e-08
0.7084000244140625 5.9862350703445695e-09
0.7094000244140625 2.2546837652995015e-11
0.7104000244140625 1.7531661221028866e-08
0.7114000244140625 9.30316487489027e-09
0.7124000244140625 1.4217094457305779e-08
0.7134000244140625 2.2891878322514884e-11
0.7144000244140625 2.2979236165338734e-11
0.7154000244140625 1.7795772525387035e-08
0.7164000244140625 3.5578863054589086e-08
0.7174000244140625 1.4677028848756769e-08
0.7184000244140625 2.5413649827869656e-08
0.7194000244140625 1.2047513842673173e-08
0.7204000244140625 6.258141584664251e-08
0.7214000244140625 1.1587742910315215e-08
0.7224000244140625 3.7312733692342485e-08
0.7234000244140625 4.700179083461148e-09
0.7244000244140625 6.169199414159704e-08
0.7254000244140625 2.6499265580522265e-08
0.7264000244140625 1.5631928804457095e-08
0.7274000244140625 9.95191339466484e-09
0.7284000244140625 7.976701957072288e-09
0.7294000244140625 1.0898569323860037e-09
0.7304000244140625 1.9259325216820908e-08
0.7314000244140625 2.7376845985612986e-09
0.7324000244140625 2.823337427490261e-08
0.7334000244140625 1.6773968915776005e-08
0.7344000244140625 8.337479744601638e-10
0.7354000244140625 3.4754183166589236e-08
0.7364000244140625 2.4943993463703048e-11
0.7374000244140625 3.435932444819821e-08
0.7384000244140625 4.1801378238896127e-08
0.7394000244140625 3.373188578114035e-08
0.7404000244140625 3.4093651878741346e-08
0.7414000244140625 9.695929584404893e-08
0.7424000244140625 3.1822831465371127e-08
0.7434000244140625 1.8387858562997995e-08
0.7444000244140625 3.190570611238672e-08
0.7454000244140625 9.579236504772096e-09
0.7464000244140625 6.498983306422159e-08
0.7474000244140625 2.587004391853393e-11
0.7484000244140625 4.3388175070369304e-08
0.7494000244140625 2.7122402613620224e-09
0.7504000244140625 3.508390581575621e-08
0.7514000244140625 7.035810519619706e-08
0.7524000244140625 4.834116364048918e-08
0.7534000244140625 2.3211058012320917e-09
0.7544000244140625 3.430547638589821e-08
0.7554000244140625 2.2899395554562363e-08
0.7564000244140625 9.270792912859789e-09
0.7574000244140625 2.4620836680514346e-08
0.7584000244140625 6.768424699957625e-08
0.7594000244140625 1.4043028380087095e-08
0.7604000244140625 2.615977225424795e-08
0.7614000244140625 8.858729806300125e-08
0.7624000244140625 3.59158061694265e-08
0.7634000244140625 5.4302017820644073e-08
0.7644000244140625 1.0596873844880445e-07
0.7654000244140625 3.813610761464491e-08
0.7664000244140625 9.44318725845924e-08
0.7674000244140625 4.248811884274621e-08
0.7684000244140625 3.7203230319312124e-08
0.7694000244140625 6.041896027736731e-08
0.7704000244140625 9.10413780851928e-08
0.7714000244140625 2.4496287725191184e-08
0.7724000244140625 3.4681445964502564e-08
0.7734000244140625 2.1619340216006162e-08
0.7744000244140625 4.328572370418852e-08
0.7754000244140625 8.346549930535113e-08
0.7764000244140625 7.360938661133298e-08
0.7774000244140625 6.084038307092032e-08
0.7784000244140625 1.3629326284707714e-07
0.7794000244140625 1.47514437974885e-07
0.7804000244140625 1.3767346076594438e-07
0.7814000244140625 9.922457522496325e-08
0.7824000244140625 4.907782342141054e-09
0.7834000244140625 9.874256378593578e-09
0.7844000244140625 5.951317356729863e-08
0.7854000244140625 2.0238892207708564e-08
0.7864000244140625 1.799865540104145e-08
0.7874000244140625 2.190884819019961e-08
0.7884000244140625 4.018123196595309e-08
0.7894000244140625 6.378515804976249e-08
0.7904000244140625 1.956779811271659e-08
0.7914000244140625 5.2657268314051645e-08
0.7924000244140625 3.6820219787952944e-08
0.7934000244140625 6.61370404004687e-09
0.7944000244140625 1.197873438339147e-07
0.7954000244140625 8.64255458188027e-08
0.7964000244140625 8.186975251679973e-08
0.7974000244140625 1.0487606815430018e-07
0.7984000244140625 8.94570724789306e-08
0.7994000244140625 5.342250209328746e-08
0.8004000244140625 6.640501245081937e-08
0.8014000244140626 4.9843582236282764e-08
0.8024000244140626 1.1938620891061902e-07
0.8034000244140626 8.307024052796363e-08
0.8044000244140626 8.282338649282317e-08
0.8054000244140626 7.223091116013629e-08
0.8064000244140626 1.0096476412568727e-07
0.8074000244140624 1.8661113474874934e-08
0.8084000244140624 3.9660922165881545e-08
0.8094000244140624 2.9791087993126063e-08
0.8104000244140624 2.839747883143655e-08
0.8114000244140624 4.862088507800672e-08
0.8124000244140624 2.91134302725659e-11
0.8134000244140625 7.417097591148277e-08
0.8144000244140625 1.1090597380477258e-07
0.8154000244140625 1.1818195786639569e-07
0.8164000244140625 8.855608126063415e-08
0.8174000244140625 4.6233944044270704e-08
0.8184000244140625 7.789726104442055e-09
0.8194000244140625 1.0898544841947974e-07
0.8204000244140625 6.47688583547929e-08
0.8214000244140625 1.2560148028810903e-07
0.8224000244140625 2.6072952151114892e-08
0.8234000244140625 6.072080433760811e-08
0.8244000244140625 7.116571316102449e-08
0.8254000244140625 6.122669809450873e-08
0.8264000244140625 1.376589813657061e-07
0.8274000244140625 4.7861303361349935e-08
0.8284000244140625 3.148816193992911e-08
0.8294000244140625 1.8482474820245473e-08
0.8304000244140625 6.982954535081102e-08
0.8314000244140625 6.320060094279807e-08
0.8324000244140625 8.712366636556526e-08
0.8334000244140625 5.0193709102509346e-08
0.8344000244140625 1.0286197806696113e-07
0.8354000244140625 4.1741471236438114e-08
0.8364000244140625 1.0972534128078313e-07
0.8374000244140625 1.7596275763228268e-08
0.8384000244140625 5.624427954065683e-08
0.8394000244140625 3.466046958121231e-08
0.8404000244140625 3.0456460523349473e-09
0.8414000244140625 1.0838596784441263e-07
0.8424000244140625 2.212995092294498e-08
0.8434000244140625 7.112444955754163e-08
0.8444000244140625 1.5015593483144628e-07
0.8454000244140625 4.3595318356182684e-08
0.8464000244140625 5.854157335878787e-08
0.8474000244140625 1.2757703445307728e-07
0.8484000244140625 4.3446108360252376e-08
0.8494000244140625 9.693941065814453e-08
0.8504000244140625 5.992554941129053e-08
0.8514000244140625 1.015299348520513e-07
0.8524000244140625 8.845317250004371e-08
0.8534000244140625 7.24367084160539e-08
0.8544000244140625 9.58398357052322e-08
0.8554000244140625 1.2157249104803024e-07
0.8564000244140625 7.189487395934483e-08
0.8574000244140625 1.650184875167656e-08
0.8584000244140625 2.2792301789131983e-07
0.8594000244140625 1.1555077300205391e-07
0.8604000244140625 2.8736001925469086e-07
0.8614000244140625 4.262096856226317e-07
0.8624000244140625 1.8420782211215044e-07
0.8634000244140625 4.6998410084056185e-07
0.8644000244140625 3.3587134367837784e-07
0.8654000244140625 4.0488229324600787e-07
0.8664000244140625 3.105792995171256e-11
0.8674000244140625 8.22517917214151e-08
0.8684000244140625 9.603249680283486e-08
0.8694000244140625 3.105351566913292e-11
0.8704000244140625 7.057829157082209e-08
0.8714000244140625 6.470467810503848e-08
0.8724000244140625 1.2593134616819367e-07
0.8734000244140625 3.1303878508290596e-11
0.8744000244140625 5.835429088558492e-08
0.8754000244140625 3.71809062514386e-07
0.8764000244140625 2.621190753078707e-07
0.8774000244140625 1.5336127850866143e-06
0.8784000244140625 7.091371977187951e-08
0.8794000244140625 3.162898765174163e-11
0.8804000244140625 1.2197778898782606e-06
0.8814000244140625 2.5108403120800483e-07
0.8824000244140625 3.1698690032505953e-11
0.8834000244140625 3.1725976691739e-11
0.8844000244140625 3.17691160678765e-11
0.8854000244140625 1.879730046024372e-07
0.8864000244140625 1.9084837879885915e-07
0.8874000244140625 1.423588057114365e-06
0.8884000244140625 8.603782430888587e-07
0.8894000244140625 3.9966510912927885e-07
0.8904000244140625 3.18849549489755e-11
0.8914000244140625 3.198345763691515e-11
0.8924000244140625 9.519087448736586e-08
0.8934000244140625 1.981385451424084e-06
0.8944000244140625 9.854548388463898e-07
0.8954000244140625 3.204416313607226e-06
0.8964000244140625 3.310297142872736e-06
0.8974000244140625 3.474162875423593e-06
0.8984000244140625 4.667967170181054e-06
0.8994000244140625 3.890032940869791e-06
0.9004000244140625 1.6445255738880802e-06
0.9014000244140625 2.6998134013949344e-06
0.9024000244140625 3.320512580166935e-06
0.9034000244140625 2.7098644605210137e-06
0.9044000244140625 2.26588163346741e-06
0.9054000244140625 1.2471675820004966e-06
0.9064000244140625 3.0271373234621625e-06
0.9074000244140625 1.916905887185718e-06
0.9084000244140625 2.48787028709524e-06
0.9094000244140625 1.6257608575693482e-06
0.9104000244140625 1.6712529986672307e-06
0.9114000244140625 3.2317284538178176e-06
0.9124000244140625 1.7551683780470637e-06
0.9134000244140625 1.4844122589320436e-06
0.9144000244140625 3.012444453411608e-06
0.9154000244140625 2.7813322769640837e-06
0.9164000244140625 2.7053483756429014e-06
0.9174000244140625 3.505563197917284e-06
0.9184000244140625 2.4995711770779305e-06
0.9194000244140625 2.4497356797258615e-06
0.9204000244140625 1.0346783471623257e-06
0.9214000244140625 2.1961246390239894e-06
0.9224000244140625 1.2650063819691223e-06
0.9234000244140625 2.630076041879704e-06
0.9244000244140625 1.6613526320247651e-06
0.9254000244140625 2.6204409702662264e-06
0.9264000244140626 1.1092378215205142e-06
0.9274000244140626 2.4841712823038863e-06
0.9284000244140626 1.5166894853219059e-06
0.9294000244140626 1.4245676435852567e-06
0.9304000244140626 2.1886677771858448e-06
0.9314000244140626 1.692444865301378e-06
0.9324000244140624 1.6438589345118833e-06
0.9334000244140624 1.8140157182656109e-06
0.9344000244140624 1.4218472179214039e-06
0.9354000244140624 1.5610861440224346e-06
0.9364000244140624 2.3699920830169503e-06
0.9374000244140624 2.0277419562779575e-06
0.9384000244140625 9.297620162232168e-07
0.9394000244140625 1.715640399448843e-06
0.9404000244140625 2.579443447768979e-06
0.9414000244140625 1.4378500883222448e-06
0.9424000244140625 1.246744343495886e-06
0.9434000244140625 2.0811572682510183e-06
0.9444000244140625 1.2563563231870956e-06
0.9454000244140625 1.5300219541215647e-06
0.9464000244140625 1.7044374116422551e-06
0.9474000244140625 7.996922864619415e-07
0.9484000244140625 1.985934406157384e-06
0.9494000244140625 2.556011571899907e-06
0.9504000244140625 1.8610153047408162e-06
0.9514000244140625 1.5610136838989564e-06
0.9524000244140625 1.7670090936939758e-06
0.9534000244140625 1.5421051278900862e-06
0.9544000244140625 1.2456743909297716e-06
0.9554000244140625 1.6663855965330386e-06
0.9564000244140625 7.994049112017049e-07
0.9574000244140625 1.1041056961713343e-06
0.9584000244140625 1.1737744725656696e-06
0.9594000244140625 1.1994529496083418e-06
0.9604000244140625 1.7305443975502246e-06
0.9614000244140625 8.725826429248565e-07
0.9624000244140625 1.175117824187376e-06
0.9634000244140625 2.117830233730536e-06
0.9644000244140625 1.2977009966283232e-06
0.9654000244140625 1.2418840936908247e-06
0.9664000244140625 1.372050048261967e-06
0.9674000244140625 9.223455410810973e-07
0.9684000244140625 1.6906812111049858e-06
0.9694000244140625 7.008687233258794e-07
0.9704000244140625 1.0456642299649926e-06
0.9714000244140625 1.025116774192478e-06
0.9724000244140625 1.0631797331487133e-06
0.9734000244140625 3.676580800005208e-07
0.9744000244140625 1.3080678721937107e-06
0.9754000244140625 1.3542091065792036e-06
0.9764000244140625 8.915024591893198e-07
0.9774000244140625 1.213588215643428e-06
0.9784000244140625 1.4005905334222744e-06
0.9794000244140625 1.2235300249776944e-06
0.9804000244140625 9.356277389459329e-07
0.9814000244140625 9.70350811938205e-07
0.9824000244140625 1.1297309090007077e-06
0.9834000244140625 1.441665732574505e-06
0.9844000244140625 1.235130098044631e-06
0.9854000244140625 9.886138350933132e-07
0.9864000244140625 1.4594935068454495e-06
0.9874000244140625 1.6081720329336608e-06
0.9884000244140625 9.299486172565989e-07
0.9894000244140625 5.437975372796615e-07
0.9904000244140625 1.5126523754412953e-06
0.9914000244140625 6.74489134033212e-07
0.9924000244140625 1.3772157145732973e-06
0.9934000244140625 7.135170989253354e-07
0.9944000244140625 9.325973900593486e-07
0.9954000244140625 3.6529886788491606e-07
0.9964000244140625 1.2250302734898488e-06
0.9974000244140625 1.0731558732449728e-06
0.9984000244140625 6.595346753574069e-07
0.9994000244140625 6.055731035911008e-07
1.0004000244140625 6.305504690925838e-07
1.0014000244140624 1.2256617454010297e-06
1.0024000244140625 1.156794007983951e-06
1.0034000244140624 1.2539807427892331e-06
1.0044000244140625 6.201142067570327e-07
1.0054000244140624 1.658568309179238e-06
1.0064000244140625 7.454695624468251e-07
1.0074000244140624 9.341185530025013e-07
1.0084000244140625 6.572500634694982e-07
1.0094000244140624 7.017202502508454e-07
1.0104000244140625 8.289869799607735e-07
1.0114000244140624 1.121151955602363e-06
1.0124000244140625 6.174663558034958e-07
1.0134000244140624 9.74372679512605e-07
1.0144000244140625 5.548935072339126e-07
1.0154000244140624 5.013432985692203e-07
1.0164000244140625 7.457610181782016e-07
1.0174000244140624 6.001625535219081e-07
1.0184000244140625 7.904162972906911e-07
1.0194000244140624 3.354237894086084e-07
1.0204000244140625 9.348793678338962e-07
1.0214000244140624 6.875055891589885e-07
1.0224000244140625 1.0257614546905651e-06
1.0234000244140624 8.288605954184304e-07
1.0244000244140625 8.616712657932354e-07
1.0254000244140624 1.1386645194914177e-06
1.0264000244140625 1.384051286001362e-06
1.0274000244140624 3.640442361632772e-07
1.0284000244140625 5.352654795478391e-07
1.0294000244140624 1.4790251087976403e-06
1.0304000244140625 9.855175930741193e-07
1.0314000244140624 3.702279576372083e-07
1.0324000244140625 8.121403324470909e-07
1.0334000244140624 5.036974148027684e-07
1.0344000244140625 7.868714480645415e-07
1.0354000244140624 6.441094424147617e-07
1.0364000244140625 8.822630841943435e-07
1.0374000244140624 4.856184422054861e-07
1.0384000244140625 9.12129293454667e-07
1.0394000244140624 7.732425173968368e-07
1.0404000244140625 9.523266542175278e-07
1.0414000244140624 1.297537466877787e-06
1.0424000244140625 9.241324632744687e-07
1.0434000244140624 8.409836353959216e-07
1.0444000244140625 9.32713838894874e-07
1.0454000244140624 8.057741303531639e-07
1.0464000244140625 3.085380014892891e-07
1.0474000244140624 8.572553749868906e-07
1.0484000244140625 1.2501447364825277e-06
1.0494000244140624 8.570400260246004e-07
1.0504000244140625 1.161138436270914e-06
1.0514000244140624 1.2094465895787034e-06
1.0524000244140626 1.08667284730451e-06
1.0534000244140624 1.086117536851141e-06
1.0544000244140626 1.5534938666834717e-06
1.0554000244140624 1.2010997294940248e-06
1.0564000244140626 1.8021163842715552e-06
1.0574000244140624 1.6460423520683758e-06
1.0584000244140626 2.0910449363650864e-06
1.0594000244140624 1.5801519267603199e-06
1.0604000244140626 2.097114150154397e-06
1.0614000244140624 2.1663126245818515e-06
1.0624000244140626 2.0039023622125285e-06
1.0634000244140625 1.8009077974366952e-06
1.0644000244140626 2.7175388055220695e-06
1.0654000244140625 1.7495218289535125e-06
1.0664000244140626 2.6757171935714093e-06
1.0674000244140625 1.95494457102656e-06
1.0684000244140626 1.3709593526155249e-06
1.0694000244140625 2.0846463159610346e-06
1.0704000244140626 1.96932280219363e-06
1.0714000244140625 2.0004731139880783e-06
1.0724000244140626 1.977280635891554e-06
1.0734000244140625 1.8454776507473761e-06
1.0744000244140626 1.8233455724349746e-06
1.0754000244140625 2.039229577203793e-06
1.0764000244140626 1.9685412247414756e-06
1.0774000244140625 1.4959434813901974e-06
1.0784000244140626 1.8478783186776776e-06
1.0794000244140625 1.733944522477845e-06
1.0804000244140626 1.6941532211951876e-06
1.0814000244140625 1.4720280183618568e-06
1.0824000244140626 1.3180200309985086e-06
1.0834000244140625 1.5151637363657188e-06
1.0844000244140626 1.3531432308403856e-06
1.0854000244140625 1.1398594731286284e-06
1.0864000244140626 9.027722350431511e-07
1.0874000244140625 1.201868597180657e-06
1.0884000244140626 1.092556422193623e-06
1.0894000244140625 8.184332969514407e-07
1.0904000244140626 1.1373614334076635e-06
1.0914000244140625 1.2145403880900036e-06
1.0924000244140626 1.0089690369153355e-06
1.0934000244140625 9.037408271911884e-07
1.0944000244140626 8.338902121440436e-07
1.0954000244140625 1.4500873686754849e-06
1.0964000244140626 7.67418242148341e-07
1.0974000244140625 1.295282962277438e-06
1.0984000244140626 1.208720776957312e-06
1.0994000244140625 1.1625807312703875e-06
1.1004000244140626 1.467500009200116e-06
1.1014000244140625 1.162544417757628e-06
1.1024000244140626 1.2137130990078275e-06
1.1034000244140625 1.0930649466387927e-06
1.1044000244140626 1.295393003436963e-06
1.1054000244140625 1.051385945740122e-06
1.1064000244140626 1.4104394225898292e-06
1.1074000244140625 1.3413354198812849e-06
1.1084000244140626 1.2395571191612826e-06
1.1094000244140625 1.3864576152604627e-06
1.1104000244140626 9.272016038863917e-07
1.1114000244140625 1.3551776602868956e-06
1.1124000244140626 1.2476285175886808e-06
1.1134000244140625 1.3747558648916251e-06
1.1144000244140626 9.823331455416796e-07
1.1154000244140625 1.5207919711917222e-06
1.1164000244140626 1.7343595946636423e-06
1.1174000244140625 1.4266833228088715e-06
1.1184000244140626 1.3978978609891003e-06
1.1194000244140625 1.364984846410321e-06
1.1204000244140624 1.374279464008764e-06
1.1214000244140625 1.2648134473462973e-06
1.1224000244140624 1.4264882643815784e-06
1.1234000244140625 1.0272074296712305e-06
1.1244000244140624 1.6651801032937647e-06
1.1254000244140625 1.0870319283669634e-06
1.1264000244140624 1.2141642342109868e-06
1.1274000244140625 1.1110698379581611e-06
1.1284000244140624 1.4722501043312552e-06
1.1294000244140625 1.5152454044878023e-06
1.1304000244140624 8.835382232917639e-07
1.1314000244140625 1.2149667667830967e-06
1.1324000244140624 1.2188498223955135e-06
1.1334000244140625 7.25799427046706e-07
1.1344000244140624 1.2134840960784427e-06
1.1354000244140625 1.3870132167906213e-06
1.1364000244140624 1.4782264968508273e-06
1.1374000244140625 1.6242803919941805e-06
1.1384000244140624 1.4916284879408774e-06
1.1394000244140625 1.3876452378021552e-06
1.1404000244140624 1.5320797444561983e-06
1.1414000244140625 1.3168173319961115e-06
1.1424000244140624 1.5735292298460973e-06
1.1434000244140625 1.6039598064184894e-06
1.1444000244140624 9.197985466359411e-07
1.1454000244140625 1.6852192159816937e-06
1.1464000244140624 1.5933156736720087e-06
1.1474000244140625 1.3285716902053029e-06
1.1484000244140624 1.4615185511772077e-06
1.1494000244140625 1.511318400803276e-06
1.1504000244140624 2.0230411270828463e-06
1.1514000244140625 1.649588401149099e-06
1.1524000244140624 1.5351027982395675e-06
1.1534000244140625 1.7403385149204498e-06
1.1544000244140624 1.6472403061816417e-06
1.1554000244140625 1.7859162702561752e-06
1.1564000244140624 1.9667015554125237e-06
1.1574000244140625 1.9131008515133995e-06
1.1584000244140624 2.106912138932013e-06
1.1594000244140625 1.8953266297106539e-06
1.1604000244140624 2.0165175289722453e-06
1.1614000244140625 1.5934949362357307e-06
1.1624000244140624 1.5971012162796686e-06
1.1634000244140625 1.8633271199758294e-06
1.1644000244140624 1.4816977172758933e-06
1.1654000244140625 1.8439052396553776e-06
1.1664000244140624 1.350596719961481e-06
1.1674000244140625 1.7132020983904292e-06
1.1684000244140624 1.6534406189266327e-06
1.1694000244140625 1.7666120332822334e-06
1.1704000244140624 1.6451466888598552e-06
1.1714000244140625 1.987305040202348e-06
1.1724000244140624 1.8848086865333566e-06
1.1734000244140625 1.4403290085855248e-06
1.1744000244140624 1.4111865906241097e-06
1.1754000244140625 1.3223675327493304e-06
1.1764000244140624 1.3796895735012007e-06
1.1774000244140626 1.3142188641181265e-06
1.1784000244140624 1.300613400266279e-06
1.1794000244140626 1.7137648949627128e-06
1.1804000244140624 1.2870302737140572e-06
1.1814000244140626 1.1973237874682916e-06
1.1824000244140624 7.252223412476676e-07
1.1834000244140626 1.5104188109031512e-06
1.1844000244140624 1.2140569638072048e-06
1.1854000244140626 1.5270196701453243e-06
1.1864000244140624 7.955553411394525e-07
1.1874000244140626 8.993991249503835e-07
1.1884000244140625 1.5210786528134502e-06
1.1894000244140626 1.3296992654058458e-06
1.1904000244140625 1.0535436649025735e-06
1.1914000244140626 1.5462097283277895e-06
1.1924000244140625 1.6321356225459719e-06
1.1934000244140626 1.6502741152985062e-06
1.1944000244140625 1.7774878051722256e-06
1.1954000244140626 1.4062295749091938e-06
1.1964000244140625 1.283500721432863e-06
1.1974000244140626 1.5596704889595686e-06
1.1984000244140625 1.4664019731508042e-06
1.1994000244140626 1.5944807769300802e-06
1.2004000244140625 1.472182172051028e-06
1.2014000244140626 1.5586959267695168e-06
1.2024000244140625 1.644031017779562e-06
1.2034000244140626 1.934388961628642e-06
1.2044000244140625 2.0162162442428074e-06
1.2054000244140626 1.8270737970312949e-06
1.2064000244140625 1.9682669992235143e-06
1.2074000244140626 1.9621033180886774e-06
1.2084000244140625 1.5022076678468339e-06
1.2094000244140626 2.015992145606386e-06
1.2104000244140625 1.663881369360161e-06
1.2114000244140626 1.5606066941603656e-06
1.2124000244140625 1.791964741739169e-06
1.2134000244140626 1.7212355104637086e-06
1.2144000244140625 1.7303271930010853e-06
1.2154000244140626 1.7067435419867135e-06
1.2164000244140625 2.0435834599933596e-06
1.2174000244140626 1.6227983854567089e-06
1.2184000244140625 1.926274148475268e-06
1.2194000244140626 1.927501280967337e-06
1.2204000244140625 1.7994410218057711e-06
1.2214000244140626 1.736678895314304e-06
1.2224000244140625 1.5867481323445178e-06
1.2234000244140626 1.710119474476116e-06
1.2244000244140625 1.4094410381269323e-06
1.2254000244140626 1.414525270164113e-06
1.2264000244140625 2.1264384194046312e-06
1.2274000244140626 2.005604045562216e-06
1.2284000244140625 1.6891925210756425e-06
1.2294000244140626 1.5900532919806377e-06
1.2304000244140625 1.6905095074375802e-06
1.2314000244140626 1.703652452344391e-06
1.2324000244140625 1.5604336527447897e-06
1.2334000244140626 1.8652868372131408e-06
1.2344000244140625 1.532199819318289e-06
1.2354000244140626 1.3552797535403582e-06
1.2364000244140625 1.7485526508838796e-06
1.2374000244140626 1.4924556345102885e-06
1.2384000244140625 1.526840771433615e-06
1.2394000244140626 1.59131599413912e-06
1.2404000244140625 1.8853394965492313e-06
1.2414000244140626 1.9578977521816808e-06
1.2424000244140625 1.9505783264118087e-06
1.2434000244140626 1.810969632654452e-06
1.2444000244140625 1.754617041149805e-06
1.2454000244140624 1.5227942421963212e-06
1.2464000244140625 1.346983228122185e-06
1.2474000244140624 1.3703673548190461e-06
1.2484000244140625 1.9092190427482775e-06
1.2494000244140624 1.5001012937812392e-06
1.2504000244140625 1.585879248301843e-06
1.2514000244140624 1.3473293082426815e-06
1.2524000244140625 1.486633123651865e-06
1.2534000244140624 1.0010130793447874e-06
1.2544000244140625 1.5621727070683291e-06
1.2554000244140624 1.301191099778748e-06
1.2564000244140625 1.5537799405664295e-06
1.2574000244140624 1.509347608182211e-06
1.2584000244140625 1.4453075327157259e-06
1.2594000244140624 1.935935027022882e-06
1.2604000244140625 1.9616478927537895e-06
1.2614000244140624 1.685684562967923e-06
1.2624000244140625 1.4794098228292434e-06
1.2634000244140624 1.8568429073024963e-06
1.2644000244140625 1.723722126865595e-06
1.2654000244140624 1.748836111780856e-06
1.2664000244140625 1.932885756717146e-06
1.2674000244140624 2.0513368503155543e-06
1.2684000244140625 1.517027175001665e-06
1.2694000244140624 1.426304423425801e-06
1.2704000244140625 1.6616398420643809e-06
1.2714000244140624 1.5561486922100576e-06
1.2724000244140625 1.9067229736921929e-06
1.2734000244140624 1.9344694170799783e-06
1.2744000244140625 1.658665987614518e-06
1.2754000244140624 1.938553845096816e-06
1.2764000244140625 1.9107673267146047e-06
1.2774000244140624 1.7122411271821067e-06
1.2784000244140625 1.591445933129611e-06
1.2794000244140624 1.5920672068365437e-06
1.2804000244140625 1.4473901579878321e-06
1.2814000244140624 1.8846810152475083e-06
1.2824000244140625 1.4847243581773217e-06
1.2834000244140624 1.5119130946306806e-06
1.2844000244140625 6.27694743413634e-07
1.2854000244140624 1.1225449803357295e-06
1.2864000244140625 1.2561922472471662e-06
1.2874000244140624 1.5060901003042252e-06
1.2884000244140625 1.4817268904183926e-06
1.2894000244140624 1.3204744694974238e-06
1.2904000244140625 1.5086728022241644e-06
1.2914000244140624 8.580763713961272e-07
1.2924000244140625 1.4051277610339371e-06
1.2934000244140624 1.1781889162744408e-06
1.2944000244140625 1.4335854808426303e-06
1.2954000244140624 1.6408193062609708e-06
1.2964000244140625 1.2995299848471212e-06
1.2974000244140624 1.577591372382238e-06
1.2984000244140625 1.5445625419182364e-06
1.2994000244140624 1.538406667628209e-06
1.3004000244140625 1.6864323499468958e-06
1.3014000244140624 1.4448164162678072e-06
1.3024000244140626 1.4444405068193253e-06
1.3034000244140624 1.6510286125719685e-06
1.3044000244140626 1.5824824787511972e-06
1.3054000244140624 8.063916006682402e-07
1.3064000244140626 1.4219560557844093e-06
1.3074000244140624 1.0825457333169009e-06
1.3084000244140626 1.008678544818844e-06
1.3094000244140624 1.5451339843495676e-06
1.3104000244140626 8.769719919390043e-07
1.3114000244140624 1.6194669078404778e-06
1.3124000244140626 1.4879036269872504e-06
1.3134000244140625 1.5703423163788213e-06
1.3144000244140626 1.6384259609451905e-06
1.3154000244140625 1.1452005087627513e-06
1.3164000244140626 1.373755792193355e-06
1.3174000244140625 1.4520405580644848e-06
1.3184000244140626 1.7822881666865843e-06
1.3194000244140625 1.4784474435643947e-06
1.3204000244140626 1.8264402442314605e-06
1.3214000244140625 1.210519992467769e-06
1.3224000244140626 1.784443715352991e-06
1.3234000244140625 1.4476125879606662e-06
1.3244000244140626 1.1156787213196477e-06
1.3254000244140625 1.3496021855275217e-06
1.3264000244140626 1.001261868317188e-06
1.3274000244140625 1.1485296367827512e-06
1.3284000244140626 1.1504113924512666e-06
1.3294000244140625 1.1518933690151597e-06
1.3304000244140626 1.2479914895373678e-06
1.3314000244140625 1.2525619469811207e-06
1.3324000244140626 1.200541020982096e-06
1.3334000244140625 1.3545954112598959e-06
1.3344000244140626 1.2366039596855667e-06
1.3354000244140625 1.0429478986892113e-06
1.3364000244140626 1.7550146210646702e-06
1.3374000244140625 1.31111378904301e-06
1.3384000244140626 1.332317427180748e-06
1.3394000244140625 1.4338856097437664e-06
1.3404000244140626 1.707530952041315e-06
1.3414000244140625 1.2373630287344048e-06
1.3424000244140626 1.287157309491135e-06
1.3434000244140625 1.5777141585236655e-06
1.3444000244140626 1.6562429392202306e-06
1.3454000244140625 1.6600338496647115e-06
1.3464000244140626 1.3720438622702239e-06
1.3474000244140625 1.3862539000858494e-06
1.3484000244140626 1.4963374459503345e-06
1.3494000244140625 1.197341252848274e-06
1.3504000244140626 1.4333752223575578e-06
1.3514000244140625 1.05615040060223e-06
1.3524000244140626 1.4094007925259538e-06
1.3534000244140625 1.2736975809605365e-06
1.3544000244140626 1.2850113264596003e-06
1.3554000244140625 1.561520257238055e-06
1.3564000244140626 1.7502820115915567e-06
1.3574000244140625 1.4937459223778086e-06
1.3584000244140626 1.2756998914454634e-06
1.3594000244140625 1.648910599000618e-06
1.3604000244140626 1.6738001527815587e-06
1.3614000244140625 1.3847947047802128e-06
1.3624000244140626 1.5856026964162258e-06
1.3634000244140625 1.5797516613113157e-06
1.3644000244140626 1.6400020869332676e-06
1.3654000244140625 1.7773574543144107e-06
1.3664000244140626 8.776459176368041e-07
1.3674000244140625 1.3098408902315596e-06
1.3684000244140626 1.236893745760538e-06
1.3694000244140625 1.850695265077267e-06
1.3704000244140624 1.8365783311868927e-06
1.3714000244140625 1.6458945317655178e-06
1.3724000244140624 1.805117233993735e-06
1.3734000244140625 1.965068652655213e-06
1.3744000244140624 1.9007050716856346e-06
1.3754000244140625 2.188343146184832e-06
1.3764000244140624 1.951007875501788e-06
1.3774000244140625 1.7825594606206316e-06
1.3784000244140624 1.0291030960078275e-06
1.3794000244140625 2.0943417390366353e-06
1.3804000244140624 1.4568574677309803e-06
1.3814000244140625 1.4275844366072347e-06
1.3824000244140624 1.0135262649532412e-06
1.3834000244140625 1.231643869606991e-06
1.3844000244140624 1.9958592817833587e-06
1.3854000244140625 1.4964571115999043e-06
1.3864000244140624 1.1865647112647336e-06
1.3874000244140625 1.4815859780856205e-06
1.3884000244140624 1.2277371635957269e-06
1.3894000244140625 2.1124801070547844e-06
1.3904000244140624 2.0240379559650278e-06
1.3914000244140625 9.103134093813119e-07
1.3924000244140624 1.5860719996708157e-06
1.3934000244140625 1.2726652745284284e-06
1.3944000244140624 1.679736658661079e-06
1.3954000244140625 1.24589015828941e-06
1.3964000244140624 1.969730630313803e-06
1.3974000244140625 1.5231615439359481e-06
1.3984000244140624 2.0739633309424895e-06
1.3994000244140625 1.5908681579575698e-06
1.4004000244140624 1.163408839281284e-06
1.4014000244140625 1.687187447300815e-06
1.4024000244140624 1.6289479108730533e-06
1.4034000244140625 1.8599928520718075e-06
1.4044000244140624 1.713868646840218e-06
1.4054000244140625 1.2224541769123165e-06
1.4064000244140624 2.0416879391741142e-06
1.4074000244140625 1.5616174524349383e-06
1.4084000244140624 8.550078261672578e-07
1.4094000244140625 2.294855965043325e-06
1.4104000244140624 1.623453899030101e-06
1.4114000244140625 1.865871819190029e-06
1.4124000244140624 1.4216869037275485e-06
1.4134000244140625 1.6813383546581894e-06
1.4144000244140624 1.8767585592064225e-06
1.4154000244140625 1.680886527313886e-06
1.4164000244140624 2.015665022255606e-06
1.4174000244140625 1.7117742548372557e-06
1.4184000244140624 1.614073747354186e-06
1.4194000244140625 1.6054347967606046e-06
1.4204000244140624 1.0052983895695125e-06
1.4214000244140625 1.723056869387762e-06
1.4224000244140624 1.6314140785725741e-06
1.4234000244140625 1.7014224211448789e-06
1.4244000244140624 1.65851586871468e-06
1.4254000244140625 1.2366065803809949e-06
1.4264000244140624 1.6184496940372206e-06
1.4274000244140626 1.736602885584793e-06
1.4284000244140624 1.6077944357017866e-06
1.4294000244140626 1.7925706217508933e-06
1.4304000244140624 1.6255614330035477e-06
1.4314000244140626 1.5457965445863027e-06
1.4324000244140624 2.1316790535640587e-06
1.4334000244140626 1.970875499491695e-06
1.4344000244140624 1.877689769624213e-06
1.4354000244140626 1.003321461426116e-06
1.4364000244140624 1.7307369057553803e-06
1.4374000244140626 1.0528212569941233e-06
1.4384000244140625 1.0378311155700372e-06
1.4394000244140626 1.3841861568576774e-06
1.4404000244140625 1.2633158481510543e-06
1.4414000244140626 1.4560545799970395e-06
1.4424000244140625 1.715474703352326e-06
1.4434000244140626 2.1206798308584973e-06
1.4444000244140625 2.310067724010364e-06
1.4454000244140626 1.8650828672754777e-06
1.4464000244140625 2.433845148030774e-06
1.4474000244140626 1.5252876581681904e-06
1.4484000244140625 2.2086151782908153e-06
1.4494000244140626 2.3779458749107454e-06
1.4504000244140625 1.8451951471610201e-06
1.4514000244140626 1.9257895211468355e-06
1.4524000244140625 2.5072192673951832e-06
1.4534000244140626 2.215074075998133e-06
1.4544000244140625 2.001062942873372e-06
1.4554000244140626 2.6392637781296324e-06
1.4564000244140625 2.2303528755743e-06
1.4574000244140626 1.8790810694456871e-06
1.4584000244140625 2.4736840589905577e-06
1.4594000244140626 2.4501959341358727e-06
1.4604000244140625 2.4790337634176276e-06
1.4614000244140626 2.292714502031743e-06
1.4624000244140625 2.167318401297649e-06
1.4634000244140626 2.4186990513011213e-06
1.4644000244140625 2.5761608347278974e-06
1.4654000244140626 2.4109577519680994e-06
1.4664000244140625 2.851273080301554e-06
1.4674000244140626 2.458716915180236e-06
1.4684000244140625 2.6377660418927612e-06
1.4694000244140626 2.1114937328718033e-06
1.4704000244140625 2.2403964834192807e-06
1.4714000244140626 2.028281930223996e-06
1.4724000244140625 1.9461497226016907e-06
1.4734000244140626 2.030652506702916e-06
1.4744000244140625 2.5243077748756467e-06
1.4754000244140626 1.7451940416930848e-06
1.4764000244140625 2.324856420773496e-06
1.4774000244140626 2.2059306314286404e-06
1.4784000244140625 1.7490002970250504e-06
1.4794000244140626 1.9900009013480884e-06
1.4804000244140625 1.464533820780315e-06
1.4814000244140626 1.830056086441435e-06
1.4824000244140625 1.957824918272601e-06
1.4834000244140626 2.2469748368276393e-06
1.4844000244140625 2.0803478515690946e-06
1.4854000244140626 2.4166760797831267e-06
1.4864000244140625 2.1601769511499346e-06
1.4874000244140626 2.5692921108408844e-06
1.4884000244140625 2.0719430192401795e-06
1.4894000244140626 2.8744942923608917e-06
1.4904000244140625 2.209322086968948e-06
1.4914000244140626 2.3010165481271942e-06
1.4924000244140625 2.7347986208744384e-06
1.4934000244140626 1.7415615220056696e-06
1.4944000244140625 1.6006721868147981e-06
1.4954000244140624 1.857054031706311e-06
1.4964000244140625 2.006989873076859e-06
1.4974000244140624 1.8556713959769858e-06
1.4984000244140625 2.1100083815328383e-06
1.4994000244140624 2.2733287373348273e-06
1.5004000244140625 2.011545544831947e-06
1.5014000244140624 1.92886017713411e-06
1.5024000244140625 1.8060888173187096e-06
1.5034000244140624 2.6418711631509923e-06
1.5044000244140625 1.5571269244520917e-06
1.5054000244140624 2.5196566708750333e-06
1.5064000244140625 1.519993180203224e-06
1.5074000244140624 1.7548013215142866e-06
1.5084000244140625 2.583326041599421e-06
1.5094000244140624 2.076396489560191e-06
1.5104000244140625 2.25657819022495e-06
1.5114000244140624 2.311376600183695e-06
1.5124000244140625 1.7945529539202994e-06
1.5134000244140624 1.757294091859839e-06
1.5144000244140625 1.7998564708990448e-06
1.5154000244140624 2.4638732467369356e-06
1.5164000244140625 1.855573672033481e-06
1.5174000244140624 1.661623051412468e-06
1.5184000244140625 2.321977891098378e-06
1.5194000244140624 1.6262556150273408e-06
1.5204000244140625 1.88330512135696e-06
1.5214000244140624 2.1938591290051277e-06
1.5224000244140625 1.8231013950734154e-06
1.5234000244140624 2.4536131161070407e-06
1.5244000244140625 1.7183720256430356e-06
1.5254000244140624 2.368473331038121e-06
1.5264000244140625 1.6542123619053603e-06
1.5274000244140624 1.697985972523557e-06
1.5284000244140625 2.0645239391179248e-06
1.5294000244140624 2.49637529984107e-06
1.5304000244140625 2.0055321910715642e-06
1.5314000244140624 1.5358985129389041e-06
1.5324000244140625 2.654456681925807e-06
1.5334000244140624 2.2517093172043266e-06
1.5344000244140625 1.5335983111573998e-06
1.5354000244140624 2.570367266685552e-06
1.5364000244140625 1.9230709016889415e-06
1.5374000244140624 2.5761467810228012e-06
1.5384000244140625 1.8009868557437047e-06
1.5394000244140624 1.9138561827836385e-06
1.5404000244140625 2.5144964222078968e-06
1.5414000244140624 2.306906360226479e-06
1.5424000244140625 2.7879858480253065e-06
1.5434000244140624 2.0329129529980145e-06
1.5444000244140625 1.762322030221131e-06
1.5454000244140624 1.7382239512066596e-06
1.5464000244140625 2.49462031469372e-06
1.5474000244140624 2.3817604354156505e-06
1.5484000244140625 1.971961103866422e-06
1.5494000244140624 1.4125941092542867e-06
1.5504000244140625 2.6656624183830994e-06
1.5514000244140624 2.0714229971258154e-06
1.5524000244140626 1.8062196846549536e-06
1.5534000244140624 1.960302905638569e-06
1.5544000244140626 2.2552090246173267e-06
1.5554000244140624 1.8749820714067305e-06
1.5564000244140626 2.5326066841922166e-06
1.5574000244140624 2.5537366750251623e-06
1.5584000244140626 2.46543078762301e-06
1.5594000244140624 2.2861910176632007e-06
1.5604000244140626 2.554631882184091e-06
1.5614000244140624 2.183198464658163e-06
1.5624000244140626 2.8983898535991636e-06
1.5634000244140625 2.5309193246832837e-06
1.5644000244140626 2.6417782364637146e-06
1.5654000244140625 2.0201465029258026e-06
1.5664000244140626 2.3537602637528854e-06
1.5674000244140625 2.3530084402970183e-06
1.5684000244140626 1.4755815667757784e-06
1.5694000244140625 2.4907516169961325e-06
1.5704000244140626 1.968175524112274e-06
1.5714000244140625 1.6205542838267578e-06
1.5724000244140626 2.3369666528932085e-06
1.5734000244140625 1.8232329587952948e-06
1.5744000244140626 2.08897164063019e-06
1.5754000244140625 2.137456610524674e-06
1.5764000244140626 2.937942964871004e-06
1.5774000244140625 2.0992818993654062e-06
1.5784000244140626 2.3825283520754867e-06
1.5794000244140625 2.2001823297403325e-06
1.5804000244140626 1.64878825649713e-06
1.5814000244140625 2.5957199782377522e-06
1.5824000244140626 2.71105064274631e-06
1.5834000244140625 1.994570202807649e-06
1.5844000244140626 2.3264655363566614e-06
1.5854000244140625 2.556484433316377e-06
1.5864000244140626 1.934636371104945e-06
1.5874000244140625 2.6207800954170776e-06
1.5884000244140626 2.568893128915452e-06
1.5894000244140625 2.261134455821421e-06
1.5904000244140626 2.093954958958827e-06
1.5914000244140625 2.876828503434473e-06
1.5924000244140626 1.9986507535571444e-06
1.5934000244140625 2.246501976059895e-06
1.5944000244140626 1.9785726101592803e-06
1.5954000244140625 3.383026996609907e-06
1.5964000244140626 2.1923586744443312e-06
1.5974000244140625 2.1418047816587594e-06
1.5984000244140626 2.572572981449463e-06
1.5994000244140625 2.8122564808743776e-06
1.6004000244140626 2.96415128318949e-06
1.6014000244140625 2.381967682915432e-06
1.6024000244140626 2.560167448500218e-06
1.6034000244140625 2.2067394799554677e-06
1.6044000244140626 2.543330701412108e-06
1.6054000244140625 3.6801927131156213e-06
1.6064000244140626 2.61869697626306e-06
1.6074000244140625 2.9936563157891296e-06
1.6084000244140626 2.4343944355634736e-06
1.6094000244140625 2.7707219414375724e-06
1.6104000244140626 1.8234802761203304e-06
1.6114000244140625 3.7963230970747377e-06
1.6124000244140626 3.006613992994403e-06
1.6134000244140625 2.351263773820189e-06
1.6144000244140626 2.6606032775522366e-06
1.6154000244140625 2.2492052375690243e-06
1.6164000244140626 2.4219928666340317e-06
1.6174000244140625 2.329204025972295e-06
1.6184000244140626 2.2934343293137476e-06
1.6194000244140625 2.683272825850099e-06
1.6204000244140624 2.28487302150567e-06
1.6214000244140625 2.005337322079766e-06
1.6224000244140624 2.236425622904455e-06
1.6234000244140625 2.6000266413765808e-06
1.6244000244140624 2.3483971331238166e-06
1.6254000244140625 2.5394432925561132e-06
1.6264000244140624 2.828281748493715e-06
1.6274000244140625 2.0483175583242953e-06
1.6284000244140624 2.0802787156634625e-06
1.6294000244140625 1.5115917292561203e-06
1.6304000244140624 2.02014066599315e-06
1.6314000244140625 1.6931160880285665e-06
1.6324000244140624 2.0579107926988958e-06
1.6334000244140625 2.0949811812027184e-06
1.6344000244140624 1.0743754175456922e-06
1.6354000244140625 2.294603129283039e-06
1.6364000244140624 2.7237443362118948e-06
1.6374000244140625 2.5721043496155637e-06
1.6384000244140624 2.2392287802397623e-06
1.6394000244140625 2.2449328727445146e-06
1.6404000244140624 2.5669937999806962e-06
1.6414000244140625 2.5489794404460285e-06
1.6424000244140624 3.210135511217695e-06
1.6434000244140625 2.5317414493035315e-06
1.6444000244140624 2.820784006871645e-06
1.6454000244140625 2.6325330860160493e-06
1.6464000244140624 1.6764557013546723e-06
1.6474000244140625 3.364373753589679e-06
1.6484000244140624 2.9168409425617423e-06
1.6494000244140625 1.6443874443811621e-06
1.6504000244140624 2.4238452861840375e-06
1.6514000244140625 3.196874924116763e-06
1.6524000244140624 1.8432225367815895e-06
1.6534000244140625 2.4808089919274152e-06
1.6544000244140624 3.1073605968082315e-06
1.6554000244140625 2.454548627702047e-06
1.6564000244140624 2.959049704310495e-06
1.6574000244140625 2.1335246918350024e-06
1.6584000244140624 2.9259645028783463e-06
1.6594000244140625 2.4904336091407436e-06
1.6604000244140624 2.9672949125474794e-06
1.6614000244140625 3.228246423214553e-06
1.6624000244140624 2.6749976241798675e-06
1.6634000244140625 3.375943902996564e-06
1.6644000244140624 3.35102017478517e-06
1.6654000244140625 2.6345008362933034e-06
1.6664000244140624 2.1176991781422463e-06
1.6674000244140625 2.79835971006549e-06
1.6684000244140624 3.306917677321274e-06
1.6694000244140625 3.2421618964926093e-06
1.6704000244140624 2.7686524393088572e-06
1.6714000244140625 2.794798247069524e-06
1.6724000244140624 2.2505729970391603e-06
1.6734000244140625 2.697322496087669e-06
1.6744000244140624 3.4111274385488672e-06
1.6754000244140625 2.5900475297561642e-06
1.6764000244140624 3.3924978203235533e-06
1.6774000244140626 2.7494148506523367e-06
1.6784000244140624 3.5221628770584654e-06
1.6794000244140626 4.154817401388897e-06
1.6804000244140624 2.5400079580650162e-06
1.6814000244140626 2.4750745544425832e-06
1.6824000244140624 3.3096196576253336e-06
1.6834000244140626 3.99247645053193e-06
1.6844000244140624 2.3840346743604013e-06
1.6854000244140626 3.4842952883319748e-06
1.6864000244140624 3.756324424965293e-06
1.6874000244140626 3.111445010916863e-06
1.6884000244140625 3.227941360708823e-06
1.6894000244140626 4.34347134259297e-06
1.6904000244140625 3.442177473789555e-06
1.6914000244140626 4.805873591643684e-06
1.6924000244140625 4.024003620429751e-06
1.6934000244140626 3.482936942986623e-06
1.6944000244140625 4.081223631129922e-06
1.6954000244140626 3.968382218255121e-06
1.6964000244140625 3.24392207628549e-06
1.6974000244140626 4.060413682571534e-06
1.6984000244140625 3.4420329548280833e-06
1.6994000244140626 4.09447177980401e-06
1.7004000244140625 4.901524121468588e-06
1.7014000244140626 4.0797985394844565e-06
1.7024000244140625 4.425216670598794e-06
1.7034000244140626 3.1357038320981214e-06
1.7044000244140625 3.84514569639464e-06
1.7054000244140626 3.7483418071547727e-06
1.7064000244140625 4.583775561267829e-06
1.7074000244140626 3.445781399833486e-06
1.7084000244140625 4.331711396198673e-06
1.7094000244140626 3.4568178415372005e-06
1.7104000244140625 4.06925885913955e-06
1.7114000244140626 3.991611795096131e-06
1.7124000244140625 4.571635404339437e-06
1.7134000244140626 4.23289931491308e-06
1.7144000244140625 4.913893877321487e-06
1.7154000244140626 4.155500059194936e-06
1.7164000244140625 4.938846221370019e-06
1.7174000244140626 3.5254881205015134e-06
1.7184000244140625 3.700257942758925e-06
1.7194000244140626 4.213617732402697e-06
1.7204000244140625 4.02097941647594e-06
1.7214000244140626 4.110503616031509e-06
1.7224000244140625 3.854755632880926e-06
1.7234000244140626 3.807227823568003e-06
1.7244000244140625 5.039077598105071e-06
1.7254000244140626 4.5314941079654935e-06
1.7264000244140625 4.686657788929057e-06
1.7274000244140626 3.6192447801652195e-06
1.7284000244140625 4.195770772647021e-06
1.7294000244140626 4.135140579630135e-06
1.7304000244140625 4.440192218291322e-06
1.7314000244140626 4.455606138050163e-06
1.7324000244140625 4.312979920447392e-06
1.7334000244140626 3.175006939657968e-06
1.7344000244140625 3.3394076068002687e-06
1.7354000244140626 3.993894221914107e-06
1.7364000244140625 3.0639791587683802e-06
1.7374000244140626 4.478605182019467e-06
1.7384000244140625 3.5467831667470515e-06
1.7394000244140626 4.088759080551461e-06
1.7404000244140625 3.366341113113072e-06
1.7414000244140626 3.0927344962059013e-06
1.7424000244140625 4.251787623898822e-06
1.7434000244140626 3.824498491233783e-06
1.7444000244140625 4.71108558027909e-06
1.7454000244140624 2.328478944648783e-06
1.7464000244140625 3.3116993633536836e-06
1.7474000244140624 3.6132917712340675e-06
1.7484000244140625 2.997932057580694e-06
1.7494000244140624 3.192999751846935e-06
1.7504000244140625 3.6847535249713006e-06
1.7514000244140624 3.916445307521953e-06
1.7524000244140625 3.623773244096335e-06
1.7534000244140624 3.6780856665543287e-06
1.7544000244140625 4.018255033820837e-06
1.7554000244140624 4.254585404551194e-06
1.7564000244140625 3.8827056656584426e-06
1.7574000244140624 4.041140760114739e-06
1.7584000244140625 3.977825975119458e-06
1.7594000244140624 4.504044008840978e-06
1.7604000244140625 4.577617486050647e-06
1.7614000244140624 3.5678639430835555e-06
1.7624000244140625 3.965700091592768e-06
1.7634000244140624 5.147686890230708e-06
1.7644000244140625 3.957191890649339e-06
1.7654000244140624 3.906394585231087e-06
1.7664000244140625 4.065095923547829e-06
1.7674000244140624 4.862899860515251e-06
1.7684000244140625 5.320743183819797e-06
1.7694000244140624 5.2904393966322495e-06
1.7704000244140625 4.7926388312339425e-06
1.7714000244140624 4.472879816920324e-06
1.7724000244140625 4.374684726756327e-06
1.7734000244140624 5.474570390668152e-06
1.7744000244140625 3.90582338753908e-06
1.7754000244140624 4.051904489022854e-06
1.7764000244140625 4.772074893837235e-06
1.7774000244140624 5.4729911765114005e-06
1.7784000244140625 4.612274871770524e-06
1.7794000244140624 5.167494817405338e-06
1.7804000244140625 4.119908512373502e-06
1.7814000244140624 5.427929504511698e-06
1.7824000244140625 4.238397635544447e-06
1.7834000244140624 6.357290083651675e-06
1.7844000244140625 2.8828835391581547e-06
1.7854000244140624 4.5871472044995125e-06
1.7864000244140625 5.341681868234897e-06
1.7874000244140624 4.250643620426412e-06
1.7884000244140625 6.50543172220263e-06
1.7894000244140624 4.4741437387474195e-06
1.7904000244140625 5.500502139057033e-06
1.7914000244140624 5.514369513401198e-06
1.7924000244140625 4.190237368653298e-06
1.7934000244140624 5.695847277585089e-06
1.7944000244140625 3.054162301852326e-06
1.7954000244140624 4.238257907357821e-06
1.7964000244140625 5.072590813504623e-06
1.7974000244140624 5.527226965423327e-06
1.7984000244140625 4.443080763360914e-06
1.7994000244140624 3.0042295461015586e-06
1.8004000244140625 4.7444839838042375e-06
1.8014000244140624 3.745708147929949e-06
1.8024000244140626 4.126297984652626e-06
1.8034000244140624 2.9187467224658524e-06
1.8044000244140626 3.1473240634679278e-06
1.8054000244140624 4.574406237794607e-06
1.8064000244140626 3.8688764053753374e-06
1.8074000244140624 4.087772937160625e-06
1.8084000244140626 4.196036083183772e-06
1.8094000244140624 4.158914515917041e-06
1.8104000244140626 3.939280081627407e-06
1.8114000244140624 4.912576975140652e-06
1.8124000244140626 4.005022473265393e-06
1.8134000244140625 3.09384219249361e-06
1.8144000244140626 5.4474162380613425e-06
1.8154000244140625 3.623829762317769e-06
1.8164000244140626 3.6650350147811446e-06
1.8174000244140625 3.5498162957722664e-06
1.8184000244140626 3.2625687078460173e-06
1.8194000244140625 3.2999739524220775e-06
1.8204000244140626 3.944127700479778e-06
1.8214000244140625 3.6064413307571857e-06
1.8224000244140626 3.459504674332111e-06
1.8234000244140625 4.197108616510634e-06
1.8244000244140626 3.4458218144884088e-06
1.8254000244140625 3.0465458590086948e-06
1.8264000244140626 4.493945761737169e-06
1.8274000244140625 3.955881250480594e-06
1.8284000244140626 3.804777856109959e-06
1.8294000244140625 3.892031093248669e-06
1.8304000244140626 3.25252611630084e-06
1.8314000244140625 3.033586703557153e-06
1.8324000244140626 5.33832555639578e-06
1.8334000244140625 4.270454773156255e-06
1.8344000244140626 5.273861756595376e-06
1.8354000244140625 5.507619570957895e-06
1.8364000244140626 4.717832789850329e-06
1.8374000244140625 6.329154105810918e-06
1.8384000244140626 5.090627245990843e-06
1.8394000244140625 4.494644726046588e-06
1.8404000244140626 5.221580027487729e-06
1.8414000244140625 4.130273315513535e-06
1.8424000244140626 5.119757441458722e-06
1.8434000244140625 4.543018088922425e-06
1.8444000244140626 4.993362009371118e-06
1.8454000244140625 5.581361266606119e-06
1.8464000244140626 3.2672635234588305e-06
1.8474000244140625 5.213742503524761e-06
1.8484000244140626 4.7044857093353295e-06
1.8494000244140625 4.5041518755681355e-06
1.8504000244140626 4.983461312424325e-06
1.8514000244140625 4.905646377590973e-06
1.8524000244140626 4.736216400842493e-06
1.8534000244140625 5.475038646125872e-06
1.8544000244140626 5.873870174295601e-06
1.8554000244140625 4.909744387333733e-06
1.8564000244140626 4.975768575371177e-06
1.8574000244140625 4.0328533813086615e-06
1.8584000244140626 2.7706650574051797e-06
1.8594000244140625 5.178111353621228e-06
1.8604000244140626 2.4478982943420046e-06
1.8614000244140625 4.9457600377425005e-06
1.8624000244140626 5.64089284173468e-06
1.8634000244140625 4.192764790999065e-06
1.8644000244140626 6.460572496190253e-06
1.8654000244140625 6.233261669455111e-06
1.8664000244140626 5.669171397282118e-06
1.8674000244140625 4.038277243696459e-06
1.8684000244140626 4.781455960324825e-06
1.8694000244140625 6.124655256725868e-06
1.8704000244140624 4.375584059809016e-06
1.8714000244140625 3.1101013256309702e-06
1.8724000244140624 4.391804693278682e-06
1.8734000244140625 2.597802668571246e-06
1.8744000244140624 5.715330927390966e-06
1.8754000244140625 3.414644557416832e-06
1.8764000244140624 3.5681313728581702e-06
1.8774000244140625 3.467574067782749e-06
1.8784000244140624 6.77814106415458e-06
1.8794000244140625 7.201748150759417e-06
1.8804000244140624 4.023805913342388e-06
1.8814000244140625 6.099643023474009e-06
1.8824000244140624 5.773298975121894e-06
1.8834000244140625 6.6781866584390565e-06
1.8844000244140624 8.149176192777173e-06
1.8854000244140625 5.648456688757948e-06
1.8864000244140624 7.71476431852034e-06
1.8874000244140625 5.578153376998266e-06
1.8884000244140624 6.2311070121033736e-06
1.8894000244140625 6.810846678571582e-06
1.8904000244140624 6.712810299027442e-06
1.8914000244140625 6.7265162451506154e-06
1.8924000244140624 6.597512384010366e-06
1.8934000244140625 5.870789907086066e-06
1.8944000244140624 8.26126248673172e-06
1.8954000244140625 7.021322036329299e-06
1.8964000244140624 5.394988279565686e-06
1.8974000244140625 5.6906823340932084e-06
1.8984000244140624 4.889345750829909e-06
1.8994000244140625 6.505559533030597e-06
1.9004000244140624 5.2227646556252835e-06
1.9014000244140625 5.473802111421806e-06
1.9024000244140624 3.657316955973062e-06
1.9034000244140625 3.3384797710909005e-06
1.9044000244140624 5.765224364318651e-06
1.9054000244140625 6.07128887543424e-06
1.9064000244140624 4.2174856809032645e-06
1.9074000244140625 5.796652325816082e-06
1.9084000244140624 2.7004580301164355e-06
1.9094000244140625 4.116193702045221e-06
1.9104000244140624 5.1767190230250984e-06
1.9114000244140625 2.9572197730957442e-06
1.9124000244140624 2.945464388887653e-06
1.9134000244140625 3.4088805347341916e-06
1.9144000244140624 3.6851094555289384e-06
1.9154000244140625 1.9045824589320747e-06
1.9164000244140624 3.60602441546571e-06
1.9174000244140625 1.924243524530494e-06
1.9184000244140624 3.885619731966501e-06
1.9194000244140625 5.85307635152633e-06
1.9204000244140624 3.258601319517418e-06
1.9214000244140625 1.0805510399216545e-06
1.9224000244140624 3.8077878423518176e-06
1.9234000244140625 5.327515985818833e-06
1.9244000244140624 4.735715458875645e-06
1.9254000244140625 2.2259466661915974e-06
1.9264000244140624 1.3891728370625606e-06
1.9274000244140626 3.650874986723676e-06
1.9284000244140624 2.551004646720387e-06
1.9294000244140626 4.05245523909225e-06
1.9304000244140624 2.133706645419258e-06
1.9314000244140626 3.6480561063946425e-06
1.9324000244140624 3.883412149807389e-06
1.9334000244140626 2.7044467932978525e-06
1.9344000244140624 4.665793035715167e-06
1.9354000244140626 4.474499950585005e-06
1.9364000244140624 3.5406803200662223e-06
1.9374000244140626 4.3588850751435705e-06
1.9384000244140625 6.7396046810186036e-06
1.9394000244140626 3.4223608020187948e-06
1.9404000244140625 3.87185642963264e-06
1.9414000244140626 2.557615155038905e-06
1.9424000244140625 4.584941619659617e-06
1.9434000244140626 4.669701400446881e-06
1.9444000244140625 2.9643590544911388e-06
1.9454000244140626 6.049343099968245e-06
1.9464000244140625 4.626207765099643e-06
1.9474000244140626 6.1504870765774655e-06
1.9484000244140625 4.044600533817802e-06
1.9494000244140626 3.5139173689533617e-06
1.9504000244140625 2.8671738981690866e-06
1.9514000244140626 4.20408236852249e-06
1.9524000244140625 3.2683807466642582e-06
1.9534000244140626 3.747347023140986e-06
1.9544000244140625 3.4305940147729395e-06
1.9554000244140626 3.6425191853399655e-06
1.9564000244140625 5.3722635921020966e-06
1.9574000244140626 3.0961327803363002e-06
1.9584000244140625 5.075060853323347e-06
1.9594000244140626 5.49685960968557e-06
1.9604000244140625 5.951658996644247e-06
1.9614000244140626 4.434144346752603e-06
1.9624000244140625 1.4930835834275947e-06
1.9634000244140626 2.2785638663404027e-06
1.9644000244140625 4.53447018861698e-06
1.9654000244140626 4.758947786638385e-06
1.9664000244140625 3.98757364549989e-06
1.9674000244140626 3.695822184877269e-06
1.9684000244140625 4.247987382368278e-06
1.9694000244140626 3.973911529535851e-06
1.9704000244140625 4.516849973363821e-06
1.9714000244140626 3.1991562026450134e-06
1.9724000244140625 2.3745672359389665e-06
1.9734000244140626 5.125059138824865e-06
1.9744000244140625 8.010905597538996e-06
1.9754000244140626 4.558636125118118e-06
1.9764000244140625 4.687849462594292e-06
1.9774000244140626 2.823803192718921e-06
1.9784000244140625 5.1814068269328866e-06
1.9794000244140626 5.93777789711126e-06
1.9804000244140625 3.625530183091481e-06
1.9814000244140626 5.610658136810797e-06
1.9824000244140625 5.385890956563494e-06
1.9834000244140626 6.795323907393623e-06
1.9844000244140625 5.229807379137348e-06
1.9854000244140626 3.02617670414611e-06
1.9864000244140625 7.0971461625468484e-06
1.9874000244140626 3.765589801800846e-06
1.9884000244140625 3.829249140184279e-06
1.9894000244140626 4.99365745816027e-06
1.9904000244140625 4.077176891741508e-06
1.9914000244140626 2.4496371921837795e-06
1.9924000244140625 4.467042835531966e-06
1.9934000244140626 4.158968565090681e-06
1.9944000244140625 3.0058846203922216e-06
1.9954000244140624 5.826251369732088e-06
1.9964000244140625 3.83047575856575e-06
1.9974000244140624 4.388643977930067e-06
1.9984000244140625 6.484161576434774e-06
1.9994000244140624 7.083386164628545e-06
2.0004000244140623 3.711286902204566e-06
2.0014000244140626 4.878248684206035e-06
2.0024000244140625 7.715510760369806e-06
2.0034000244140624 4.38573976540603e-06
2.0044000244140623 4.2532577509820354e-06
2.0054000244140626 3.41722847653009e-06
2.0064000244140625 5.208268480253873e-06
2.0074000244140624 3.885053650760303e-06
2.0084000244140623 3.7856810221779625e-06
2.0094000244140626 4.208302531299084e-06
2.0104000244140625 4.241538607578985e-06
2.0114000244140624 5.8178156865112445e-06
2.0124000244140623 4.676210060244432e-06
2.0134000244140626 2.051076373547954e-06
2.0144000244140625 4.5373245372845685e-06
2.0154000244140624 4.841289677711248e-06
2.0164000244140623 5.24709336188119e-06
2.0174000244140626 6.407358888424518e-06
2.0184000244140625 6.798400205051354e-06
2.0194000244140624 4.7623274676318365e-06
2.0204000244140623 3.757264709691108e-06
2.0214000244140626 2.623856357648292e-06
2.0224000244140625 3.7012456845189626e-06
2.0234000244140624 4.720644597231948e-06
2.0244000244140623 3.758507876885156e-06
2.0254000244140626 6.0152426162054555e-06
2.0264000244140625 5.331693371972069e-06
2.0274000244140624 3.81884158875855e-06
2.0284000244140623 4.714999862931537e-06
2.0294000244140626 5.1595170761245875e-06
2.0304000244140625 7.063199291614244e-06
2.0314000244140624 2.1195750561522353e-06
2.0324000244140623 7.871392973986217e-06
2.0334000244140626 9.299274748284985e-06
2.0344000244140625 5.039483082604603e-06
2.0354000244140624 5.408095564258457e-06
2.0364000244140623 5.011160478139578e-06
2.0374000244140626 6.896928890415533e-06
2.0384000244140625 5.418126089707508e-06
2.0394000244140624 3.752656138781724e-06
2.0404000244140623 5.774545336430215e-06
2.0414000244140627 5.019060738552494e-06
2.0424000244140625 3.531067225617433e-06
2.0434000244140624 4.405114811581672e-06
2.0444000244140623 7.807177564331407e-06
2.0454000244140627 5.145925231322073e-06
2.0464000244140625 3.449452466690698e-06
2.0474000244140624 5.6348143785810825e-06
2.04839990234375 7.399345872575846e-06
2.04939990234375 6.17528685863872e-06
2.05039990234375 7.745523100296751e-06
2.05139990234375 4.437615517375586e-06
2.05239990234375 6.7408678856833485e-06
2.05339990234375 4.077487851844042e-06
2.05439990234375 6.365713948663128e-06
2.05539990234375 5.369773464502807e-06
2.05639990234375 5.647591636688931e-06
2.05739990234375 5.937297014529379e-06
2.05839990234375 7.625719687924844e-06
2.05939990234375 7.362703054018255e-06
2.06039990234375 1.015463053289575e-05
2.06139990234375 8.562803746064182e-06
2.06239990234375 7.897561664722746e-06
2.06339990234375 1.3873617389760927e-05
2.06439990234375 1.1546651353167646e-05
2.06539990234375 1.1319626688764386e-05
2.06639990234375 1.3392824962100866e-05
2.06739990234375 1.5276042785800596e-05
2.06839990234375 1.6391663647308656e-05
2.06939990234375 1.9242190782304037e-05
2.07039990234375 1.7541288623026805e-05
2.07139990234375 2.408533878376857e-05
2.07239990234375 2.780085174614249e-05
2.07339990234375 3.8155090826265945e-05
2.07439990234375 4.163721002583721e-05
2.07539990234375 4.807138668806195e-05
2.07639990234375 6.0522976114027884e-05
2.07739990234375 7.352818148074634e-05
2.07839990234375 9.744776145327487e-05
2.07939990234375 0.000126162832888453
2.08039990234375 0.0001700424980144245
2.08139990234375 0.00022231245296259672
2.08239990234375 0.0003005525677056129
2.08339990234375 0.00042195371903565445
2.08439990234375 0.0005916917643762232
2.08539990234375 0.0008585997349190613
2.08639990234375 0.0012583798051279402
2.08739990234375 0.0019313455593964423
2.08839990234375 0.0029410947301960473
2.08939990234375 0.004534606204764338
2.09039990234375 0.007108350849419649
2.09139990234375 0.010631637197283246
2.09239990234375 0.015616452784625545
2.09339990234375 0.022168008607947313
2.09439990234375 0.03008823603559172
2.09539990234375 0.03955861526430011
2.09639990234375 0.050641216855109306
2.09739990234375 0.06274441042433919
2.09839990234375 0.07386072829471192
2.09939990234375 0.08346804014373177
2.10039990234375 0.09168882967464749
2.10139990234375 0.1007483880936052
2.10239990234375 0.11228465841576693
2.10339990234375 0.12620247932677603
2.10439990234375 0.14087322452991907
2.10539990234375 0.16013775203575092
2.10639990234375 0.18160874269407018
2.10739990234375 0.20772538572077434
2.10839990234375 0.23412921824670982
2.10939990234375 0.2706340808574078
2.11039990234375 0.3061817330858387
2.11139990234375 0.34329918576060053
2.11239990234375 0.3807334736027001
2.11339990234375 0.4108259780839459
2.11439990234375 0.43798878415424575
2.11539990234375 0.4552936413514971
2.11639990234375 0.4669641033979286
2.11739990234375 0.4792674890562426
2.11839990234375 0.48006853350179496
2.11939990234375 0.4820838584171281
2.12039990234375 0.48370129851597055
2.12139990234375 0.4799572900498359
2.12239990234375 0.4826687484125443
2.12339990234375 0.48110473340412685
2.12439990234375 0.47656110802713597
2.12539990234375 0.4695078418848257
2.12639990234375 0.4587747893089432
2.12739990234375 0.4412714596815715
2.12839990234375 0.4147662645244944
2.12939990234375 0.38290508063008527
2.13039990234375 0.34739114465539994
2.13139990234375 0.310472811782597
2.13239990234375 0.2717839492428537
2.13339990234375 0.23819700069341582
2.13439990234375 0.20517081405928117
2.13539990234375 0.1761419258392927
2.13639990234375 0.15329028778778547
2.13739990234375 0.13270221952474584
2.13839990234375 0.11618950064756993
2.13939990234375 0.10159569702164985
2.14039990234375 0.08839116479401508
2.14139990234375 0.07553379686151591
2.14239990234375 0.0633458930973659
2.14339990234375 0.05299034302750063
2.14439990234375 0.043032148419833015
2.14539990234375 0.03480182536017516
2.14639990234375 0.027543727375409156
2.14739990234375 0.021082592904994424
2.14839990234375 0.0159386765766309
2.14939990234375 0.011721473306535122
2.15039990234375 0.008261491208468653
2.15139990234375 0.005637602523966167
2.15239990234375 0.0037980696585188317
2.15339990234375 0.002480467967376399
2.15439990234375 0.001634338243345016
2.15539990234375 0.0010988500435410258
2.15639990234375 0.0007456142196108582
2.15739990234375 0.0005168489115036732
2.15839990234375 0.0003746850987628654
2.15939990234375 0.00027005476820393296
2.16039990234375 0.00020450303348159323
2.16139990234375 0.00015301845667814093
2.16239990234375 0.00011797000637791737
2.16339990234375 9.189850985378414e-05
2.16439990234375 7.08585498972874e-05
2.16539990234375 5.56853125749747e-05
2.16639990234375 4.522915897272418e-05
2.16739990234375 3.720922464299496e-05
2.16839990234375 3.1960359990564755e-05
2.16939990234375 2.7971842924090527e-05
2.17039990234375 2.568206061197361e-05
2.17139990234375 1.7903835286407276e-05
2.17239990234375 1.8520620221431368e-05
2.17339990234375 1.798182342514008e-05
2.17439990234375 1.3822758413645088e-05
2.17539990234375 1.1883005325486201e-05
2.17639990234375 1.0436827668859689e-05
2.17739990234375 1.0203753958903657e-05
2.17839990234375 9.814599773711471e-06
2.17939990234375 8.273114957414128e-06
2.18039990234375 1.0205465830181237e-05
2.18139990234375 9.944418895395815e-06
2.18239990234375 6.528233146349149e-06
2.18339990234375 1.1904939167239435e-05
2.18439990234375 1.00628031564448e-05
2.18539990234375 7.5719345892919065e-06
2.18639990234375 1.256066031055205e-05
2.18739990234375 7.048002775891025e-06
2.18839990234375 7.438861444457882e-06
2.18939990234375 1.0643733366727375e-05
2.19039990234375 7.477357502255344e-06
2.19139990234375 1.0635634903716541e-05
2.19239990234375 8.17618643981479e-06
2.19339990234375 1.0021918608769746e-05
2.19439990234375 8.930979881637095e-06
2.19539990234375 3.7019471657608672e-06
2.19639990234375 5.532827829865817e-06
2.19739990234375 1.1082732990234e-05
2.19839990234375 1.0724883121717586e-05
2.19939990234375 9.08134574677926e-06
2.20039990234375 3.6392019821084965e-06
2.20139990234375 1.4362370508920694e-05
2.20239990234375 9.131995975135576e-06
2.20339990234375 9.373323439744502e-06
2.20439990234375 1.1415851164468067e-05
2.20539990234375 6.920823841674546e-06
2.20639990234375 7.570872273695591e-06
2.20739990234375 8.975903809418792e-06
2.20839990234375 1.0353905534947947e-05
2.20939990234375 5.32641303482723e-06
2.21039990234375 4.802483705388512e-06
2.21139990234375 7.789573405788696e-06
2.21239990234375 1.0687804491063996e-05
2.21339990234375 8.85030060804183e-06
2.21439990234375 7.432031047426427e-06
2.21539990234375 8.382644169619485e-06
2.21639990234375 1.2936822678441224e-05
2.21739990234375 8.030996722904164e-06
2.21839990234375 6.9375502815385264e-06
2.21939990234375 7.488373900570324e-06
2.22039990234375 1.2631419010507357e-05
2.22139990234375 8.286342259156551e-06
2.22239990234375 7.604397872468051e-06
2.22339990234375 6.806188732687748e-06
2.22439990234375 6.250387817719246e-06
2.22539990234375 6.521860640912337e-06
2.22639990234375 7.2307843835047e-06
2.22739990234375 6.2173935587143805e-06
2.22839990234375 8.408488440311556e-06
2.22939990234375 1.4078240027149545e-05
2.23039990234375 8.322210225404573e-06
2.23139990234375 9.935142632838294e-06
2.23239990234375 1.311779825412379e-05
2.23339990234375 8.16125284338878e-06
2.23439990234375 7.5591380176661155e-06
2.23539990234375 1.0830633927939928e-05
2.23639990234375 8.014012262738305e-06
2.23739990234375 1.1305048905011167e-05
2.23839990234375 8.82544474772685e-06
2.23939990234375 8.213791841782467e-06
2.24039990234375 3.3097177110075384e-06
2.24139990234375 6.297132856780843e-06
2.24239990234375 9.526848922085003e-06
2.24339990234375 1.1102440292115158e-05
2.24439990234375 1.1904829367866483e-05
2.24539990234375 1.2022337559933555e-05
2.24639990234375 9.296819445264144e-06
2.24739990234375 1.1705969762539245e-05
2.24839990234375 3.2600470252891727e-06
2.24939990234375 1.1674979854580651e-05
2.25039990234375 5.298929661822048e-06
2.25139990234375 1.7452995570428917e-05
2.25239990234375 8.305236461830735e-06
2.25339990234375 6.9932841339522755e-06
2.25439990234375 1.539709267872905e-05
2.25539990234375 1.2365210499130833e-05
2.25639990234375 5.399868493163591e-06
2.25739990234375 1.2164308601276643e-05
2.25839990234375 1.3383464971333185e-05
2.25939990234375 1.322634119014617e-05
2.26039990234375 1.4022375956553972e-05
2.26139990234375 1.1031975048622607e-05
2.26239990234375 3.525989606949513e-06
2.26339990234375 9.378479477352391e-06
2.26439990234375 1.5783940051995022e-05
2.26539990234375 1.254895460081841e-05
2.26639990234375 9.832681419150337e-06
2.26739990234375 9.382866775919473e-06
2.26839990234375 8.19656120996163e-06
2.26939990234375 1.0993928656117748e-05
2.27039990234375 1.3036766923995557e-05
2.27139990234375 1.5133766580203884e-05
2.27239990234375 1.0686319930631643e-05
2.27339990234375 1.0104680503679454e-05
2.27439990234375 9.079741595641635e-06
2.27539990234375 9.837018043286697e-06
2.27639990234375 5.909250221551025e-06
2.27739990234375 7.9481924304163e-06
2.27839990234375 4.612749017930147e-06
2.27939990234375 1.0577719090171862e-05
2.28039990234375 6.732586474503972e-06
2.28139990234375 1.0233477163545448e-05
2.28239990234375 7.80077313308614e-06
2.28339990234375 9.786029242061884e-06
2.28439990234375 1.114842966232492e-05
2.28539990234375 7.88404199422128e-06
2.28639990234375 6.509688944734496e-06
2.28739990234375 5.060537815404759e-06
2.28839990234375 6.528713556833345e-06
2.28939990234375 5.380607107214118e-06
2.29039990234375 3.803254217398992e-06
2.29139990234375 5.586186199634568e-06
2.29239990234375 2.627140274562985e-06
2.29339990234375 6.051559202875509e-06
2.29439990234375 6.558010997325554e-06
2.29539990234375 5.929579328153012e-06
2.29639990234375 5.124987632700328e-06
2.29739990234375 6.81223581143161e-06
2.29839990234375 6.7719633970678726e-06
2.29939990234375 5.212660193598993e-06
2.30039990234375 5.765230690989017e-06
2.30139990234375 1.529352695915185e-06
2.30239990234375 4.583637056643622e-06
2.30339990234375 3.7800219334357316e-06
2.30439990234375 4.4219290263817e-06
2.30539990234375 7.613211566656443e-06
2.30639990234375 5.993336133088848e-06
2.30739990234375 3.6649406429906377e-06
2.30839990234375 5.867179305632223e-06
2.30939990234375 3.2649149704364153e-06
2.31039990234375 3.4862958747953813e-06
2.31139990234375 4.915222497071717e-06
2.31239990234375 2.9938730093713325e-06
2.31339990234375 5.004860697109555e-06
2.31439990234375 4.301789558853933e-06
2.31539990234375 5.161323903119817e-06
2.31639990234375 3.2847429940707336e-06
2.31739990234375 2.7322943335789264e-06
2.31839990234375 3.7116276048968185e-06
2.31939990234375 3.619654907503204e-06
2.32039990234375 4.10965203057334e-06
2.32139990234375 1.9023560989213723e-06
2.32239990234375 2.445618321864708e-06
2.32339990234375 3.5068062928962002e-06
2.32439990234375 1.7664093825713943e-06
2.32539990234375 3.3914880599225528e-06
2.32639990234375 2.7284898985075237e-06
2.32739990234375 2.1513400658901914e-06
2.32839990234375 2.625429883784136e-06
2.32939990234375 2.21008150058355e-06
2.33039990234375 2.1608070868783217e-06
2.33139990234375 2.0786705154814743e-06
2.33239990234375 3.046191016019125e-06
2.33339990234375 2.079133108361237e-06
2.33439990234375 1.1465676128623484e-06
2.33539990234375 1.7058807362455136e-06
2.33639990234375 2.080583856253898e-06
2.33739990234375 1.5393885360003998e-06
2.33839990234375 7.412967801636929e-07
2.33939990234375 1.5444979088264562e-06
2.34039990234375 8.393755436551523e-07
2.34139990234375 1.237631561182058e-06
2.34239990234375 1.4722563974405782e-06
2.34339990234375 7.284909851635659e-07
2.34439990234375 1.196211773815746e-06
2.34539990234375 1.549881191005048e-06
2.34639990234375 1.2945937913184447e-06
2.34739990234375 7.908754876059533e-07
2.34839990234375 1.4764595395663326e-06
2.34939990234375 4.769186363554282e-07
2.35039990234375 1.547950771068417e-06
2.35139990234375 1.0447612461440362e-06
2.35239990234375 1.192154220754989e-06
2.35339990234375 1.3220608932885017e-06
2.35439990234375 1.0410090388666714e-06
2.35539990234375 9.122225115782366e-07
2.35639990234375 6.011169713115343e-07
2.35739990234375 7.879545262516549e-07
2.35839990234375 8.335359059068872e-07
2.35939990234375 9.808043155134854e-07
2.36039990234375 8.486021202357933e-07
2.36139990234375 7.898853418786058e-07
2.36239990234375 8.776458225444167e-07
2.36339990234375 2.2576063995588536e-07
2.36439990234375 7.152532266069042e-07
2.36539990234375 5.439093535315988e-07
2.36639990234375 4.2044982997333175e-07
2.36739990234375 2.795863697409584e-07
2.36839990234375 4.783075634005626e-07
2.36939990234375 4.849918367254886e-07
2.37039990234375 3.7643701307117906e-07
2.37139990234375 4.527324768203891e-07
2.37239990234375 2.468383800535454e-07
2.37339990234375 1.711698499566263e-07
2.37439990234375 1.6876480911866515e-07
2.37539990234375 9.749400806203452e-08
2.37639990234375 1.0069202692683326e-07
2.37739990234375 9.218296384269007e-08
2.37839990234375 1.5585861742754674e-07
2.37939990234375 1.617560753450892e-07
2.38039990234375 1.5523804248103583e-07
2.38139990234375 1.0995469799913703e-07
2.38239990234375 7.638032820079338e-08
2.38339990234375 1.1166591965826697e-07
2.38439990234375 1.1085727778823929e-07
2.38539990234375 4.600361440997986e-08
2.38639990234375 7.17184230934243e-08
2.38739990234375 7.914902156326726e-08
2.38839990234375 1.0115247262364733e-07
2.38939990234375 8.247036318271778e-08
2.39039990234375 7.672323441340023e-08
2.39139990234375 7.708213874697698e-08
2.39239990234375 3.1279055222812876e-08
2.39339990234375 8.884099202875542e-08
2.39439990234375 5.536407468748318e-08
2.39539990234375 4.8494099015313984e-08
2.39639990234375 5.083641704545388e-08
2.39739990234375 5.5816666109681994e-08
2.39839990234375 4.680981827640139e-08
2.39939990234375 5.452951736683044e-08
2.40039990234375 3.231135890367807e-08
2.40139990234375 3.475143055718356e-08
2.40239990234375 3.611270118630254e-08
2.40339990234375 2.9564426832678187e-08
2.40439990234375 3.2534832658702986e-08
2.40539990234375 2.60233254167393e-08
2.40639990234375 1.7421425841686883e-08
2.40739990234375 1.4249517188799958e-08
2.40839990234375 1.3766062679304243e-08
2.40939990234375 1.628170153974886e-08
2.41039990234375 8.042403269984155e-09
2.41139990234375 8.217357755998538e-09
2.41239990234375 8.434917429413501e-09
2.41339990234375 6.491285583783866e-09
2.41439990234375 6.33344159116297e-09
2.41539990234375 7.437908869075927e-09
2.41639990234375 4.012767078716088e-09
2.41739990234375 3.7718909215552355e-09
2.41839990234375 1.3578572925042641e-09
2.41939990234375 3.3137497365857725e-09
2.42039990234375 1.7781120871242158e-09
2.42139990234375 1.6446457446434122e-09
2.42239990234375 1.8758736663599785e-09
2.42339990234375 1.3229675155989863e-09
2.42439990234375 1.5697370229930256e-09
2.42539990234375 1.6200070169450082e-09
2.42639990234375 1.5674479087024479e-09
2.42739990234375 1.2145475054499088e-09
2.42839990234375 1.0343797886754655e-09
2.42939990234375 7.532671472252555e-10
2.43039990234375 1.0282165839142493e-09
2.43139990234375 9.732093210680977e-10
2.43239990234375 6.413816038571034e-10
2.43339990234375 7.253287184944679e-10
2.43439990234375 7.732609160575263e-10
2.43539990234375 6.341791317581635e-10
2.43639990234375 3.4432716279576925e-10
2.43739990234375 3.192856867340078e-10
2.43839990234375 5.654280537272451e-10
2.43939990234375 5.831414120087125e-10
2.44039990234375 2.774656104810249e-10
2.44139990234375 4.330141525623682e-10
2.44239990234375 3.524767903692991e-10
2.44339990234375 2.560532806611316e-10
2.44439990234375 4.08955436843465e-10
2.44539990234375 3.0671314447045026e-10
2.44639990234375 3.1834819063703655e-10
2.44739990234375 1.8354601492524224e-10
2.44839990234375 2.0971850882402344e-10
2.44939990234375 1.898312084798015e-10
2.45039990234375 2.504895806237647e-10
2.45139990234375 9.694189589577524e-11
2.45239990234375 1.3775473615652367e-10
2.45339990234375 1.0954741363040322e-10
2.45439990234375 8.731730857202885e-11
2.45539990234375 1.1018575702786969e-10
2.45639990234375 6.325608478358284e-11
2.45739990234375 9.87072972814579e-11
2.45839990234375 6.34435097821295e-11
2.45939990234375 6.672884648332851e-11
2.46039990234375 5.369096020245874e-11
2.46139990234375 4.049401498568502e-11
2.46239990234375 4.2136965444589936e-11
2.46339990234375 3.2800690344780877e-11
2.46439990234375 2.5721662346263988e-11
2.46539990234375 1.7971058293509037e-11
2.46639990234375 1.797583348345289e-11
2.46739990234375 1.8738327468846467e-11
2.46839990234375 1.5941084302700894e-11
2.46939990234375 1.0833110943502379e-11
2.47039990234375 1.1346706027778912e-11
2.47139990234375 1.376454812737896e-11
2.47239990234375 5.9965138427692104e-12
2.47339990234375 8.119463714874293e-12
2.47439990234375 3.746582852366893e-12
2.47539990234375 3.286078738761706e-12
2.47639990234375 2.1318698106157134e-12
2.47739990234375 7.188542108674069e-12
2.47839990234375 6.7164494728666425e-12
2.47939990234375 2.520563274948053e-12
2.48039990234375 4.3214035320126015e-12
2.48139990234375 3.490241269272599e-12
2.48239990234375 2.688057418136321e-12
2.48339990234375 9.080495247372824e-13
2.48439990234375 2.353908452423326e-12
2.48539990234375 1.5075095078219592e-12
2.48639990234375 2.0027772471850294e-12
2.48739990234375 1.7236916177794522e-12
2.48839990234375 1.8892859525316303e-12
2.48939990234375 1.0075455198029368e-12
2.49039990234375 8.740356449916947e-13
2.49139990234375 1.3303958742231602e-12
2.49239990234375 1.5656502309218848e-12
2.49339990234375 1.0516559333828869e-12
2.49439990234375 3.0890357152203684e-13
2.49539990234375 1.3475710499756112e-12
2.49639990234375 7.632156007875843e-13
2.49739990234375 7.741060469790295e-13
2.49839990234375 6.934474192551337e-13
2.49939990234375 7.358662659071226e-13
2.50039990234375 7.147820641204023e-13
2.50139990234375 5.013004401634587e-13
2.50239990234375 6.078947147437965e-13
2.50339990234375 6.75157750944338e-13
2.50439990234375 3.606895665773117e-13
2.50539990234375 4.991254556662738e-13
2.50639990234375 4.3743062477971014e-13
2.50739990234375 4.0290857623981094e-13
2.50839990234375 4.241609364507322e-13
2.50939990234375 2.4954431713073865e-13
2.51039990234375 2.5665795847136357e-13
2.51139990234375 2.0550429410421224e-13
2.51239990234375 4.1192252589533306e-13
2.51339990234375 2.4371914053646053e-13
2.51439990234375 2.0416631554797284e-13
2.51539990234375 1.6667998530337543e-13
2.51639990234375 2.4645508546879993e-13
2.51739990234375 1.5093062128267204e-13
2.51839990234375 1.874484062287141e-13
2.51939990234375 1.0072569756072303e-13
2.52039990234375 1.4827479121029485e-13
2.52139990234375 1.8566956257785629e-13
2.52239990234375 1.0576578748464878e-13
2.52339990234375 1.0798563775017424e-13
2.52439990234375 5.662141986449094e-14
2.52539990234375 7.602452763509571e-14
2.52639990234375 1.5711478618392728e-13
2.52739990234375 1.2189117644009635e-13
2.52839990234375 9.384595656900402e-14
2.52939990234375 6.700740098499958e-14
2.53039990234375 8.44901157091837e-14
2.53139990234375 4.5115867660338734e-14
2.53239990234375 3.4990587654583595e-14
2.53339990234375 6.189036953713187e-14
2.53439990234375 5.099427059450257e-14
2.53539990234375 5.888533270605459e-14
2.53639990234375 4.9599560770519525e-14
2.53739990234375 2.188495535097795e-14
2.53839990234375 3.570523331151117e-14
2.53939990234375 5.042420049443157e-14
2.54039990234375 6.583782084897906e-14
2.54139990234375 4.8320266796686505e-14
2.54239990234375 2.5636645375109876e-14
2.54339990234375 4.405950029084484e-14
2.54439990234375 5.504663706547991e-14
2.54539990234375 1.4213645970635615e-14
2.54639990234375 2.062246507868411e-14
2.54739990234375 2.58613313492506e-14
2.54839990234375 2.840052600328216e-14
2.54939990234375 3.207928395648131e-14
2.55039990234375 1.8442019384061906e-14
2.55139990234375 9.441976240111795e-15
2.55239990234375 1.4820012748745502e-14
2.55339990234375 1.0451431980563796e-14
2.55439990234375 1.2028902761411017e-14
2.55539990234375 1.3537967857294647e-14
2.55639990234375 1.6710777178361073e-14
2.55739990234375 1.2884189616348364e-14
2.55839990234375 8.082257307003144e-15
2.55939990234375 8.419334437569682e-15
2.56039990234375 1.617003608313498e-14
2.56139990234375 3.225721916007609e-15
2.56239990234375 1.2796253158796757e-14
2.56339990234375 7.145558639226821e-15
2.56439990234375 1.0672032444028738e-14
2.56539990234375 1.7582876003827228e-15
2.56639990234375 5.4788752891869554e-15
2.56739990234375 2.802673766810792e-15
2.56839990234375 4.134595044733553e-15
2.56939990234375 4.801785101620569e-15
2.57039990234375 6.68261835270544e-15
2.57139990234375 5.558456193394855e-15
2.57239990234375 1.6518803871734714e-15
2.57339990234375 2.8767449660389497e-15
2.57439990234375 2.645473587236609e-15
2.57539990234375 2.835331407064105e-15
2.57639990234375 2.234006889070397e-15
2.57739990234375 2.2720581115953758e-15
2.57839990234375 1.7561637382131995e-15
2.57939990234375 1.2389844097648523e-15
2.58039990234375 5.434646559185496e-16
2.58139990234375 1.518008949349667e-15
2.58239990234375 1.1424813625653713e-15
2.58339990234375 7.418428922669398e-16
2.58439990234375 1.8952828670522183e-15
2.58539990234375 8.543387429711915e-16
2.58639990234375 4.0190975837352215e-16
2.58739990234375 1.117421627522285e-15
2.58839990234375 3.987226407681256e-16
2.58939990234375 8.237571836595055e-16
2.59039990234375 7.505949669173441e-16
2.59139990234375 6.405633450854551e-16
2.59239990234375 4.694769119114442e-16
2.59339990234375 4.977155474183899e-16
2.59439990234375 2.1122110051200618e-16
2.59539990234375 2.6523646623652955e-16
2.59639990234375 3.610653577132919e-16
