Wavelength_microns Throughput
0.5502999877929687 7.106724832466853e-13
0.5512999877929687 3.3307830166246985e-10
0.5522999877929687 8.946805918959338e-13
0.5532999877929687 9.874386078054052e-13
0.5542999877929687 1.194993509814677e-09
0.5552999877929687 1.2743667898300322e-09
0.5562999877929687 1.184397668634363e-12
0.5572999877929687 1.1328194773731516e-12
0.5582999877929687 3.500558361256916e-10
0.5592999877929687 7.713653401494468e-13
0.5602999877929687 9.124010542662781e-13
0.5612999877929687 1.378662281934303e-09
0.5622999877929687 1.0675368028195843e-12
0.5632999877929687 5.52306052911656e-10
0.5642999877929687 4.739601651912973e-10
0.5652999877929688 1.7648166440813862e-12
0.5662999877929688 2.9127258030103556e-10
0.5672999877929688 2.355207602015228e-12
0.5682999877929688 1.6281034488549162e-09
0.5692999877929688 2.761751709790786e-12
0.5702999877929688 7.14984232664662e-10
0.5712999877929688 3.0014194427417444e-10
0.5722999877929688 2.28313352694645e-09
0.5732999877929688 2.118976820417545e-09
0.5742999877929688 5.295721295430352e-09
0.5752999877929688 1.5690505286778386e-09
0.5762999877929688 1.353770334911476e-10
0.5772999877929688 6.577979829643942e-10
0.5782999877929688 9.556274219083557e-10
0.5792999877929688 3.7082699119721966e-09
0.5802999877929688 2.43801629809342e-12
0.5812999877929688 1.0715814932262616e-09
0.5822999877929688 3.1489516150639497e-12
0.5832999877929688 3.500081317391376e-10
0.5842999877929688 1.2698387188796071e-09
0.5852999877929688 7.036573030666982e-10
0.5862999877929688 5.7179299117296654e-12
0.5872999877929688 2.9112844395913817e-10
0.5882999877929688 4.978146620394034e-09
0.5892999877929688 7.290546216695263e-12
0.5902999877929688 3.0607337474161616e-09
0.5912999877929688 8.116257722260131e-12
0.5922999877929688 1.2477003780039486e-09
0.5932999877929688 5.336821387527148e-09
0.5942999877929688 9.256308394820596e-12
0.5952999877929688 2.2426994375952616e-09
0.5962999877929688 3.282047305820226e-09
0.5972999877929688 1.973364873788822e-09
0.5982999877929688 3.97833964811827e-09
0.5992999877929688 4.6108087233654584e-10
0.6002999877929688 4.949847456435113e-09
0.6012999877929688 1.0624426126051708e-08
0.6022999877929688 5.0822584019118585e-09
0.6032999877929688 1.093257518855166e-11
0.6042999877929688 9.82789093390935e-09
0.6052999877929688 1.1344944142181305e-11
0.6062999877929688 1.153481079748225e-11
0.6072999877929688 1.2225319605084527e-08
0.6082999877929688 8.248279764332879e-09
0.6092999877929688 1.2126903949714588e-11
0.6102999877929688 2.95570522517731e-09
0.6112999877929688 1.4453493548518465e-09
0.6122999877929688 4.52582797435838e-09
0.6132999877929688 3.820461206600326e-09
0.6142999877929688 1.6689076755075526e-08
0.6152999877929688 1.919575954425439e-09
0.6162999877929688 1.3309348147333556e-11
0.6172999877929688 7.872985228760303e-09
0.6182999877929688 1.360544820405536e-11
0.6192999877929688 1.3770556728199318e-11
0.6202999877929688 1.3936373146287774e-11
0.6212999877929688 4.773459986645458e-09
0.6222999877929688 8.842691553467616e-09
0.6232999877929688 3.146129278340803e-08
0.6242999877929688 6.822206631738282e-09
0.6252999877929688 2.697225914748737e-09
0.6262999877929688 3.900416103282866e-08
0.6272999877929688 7.031181590719656e-09
0.6282999877929687 2.7507523858133722e-08
0.6292999877929687 1.7695637143465423e-08
0.6302999877929687 6.634556305324116e-10
0.6312999877929687 5.287323452283282e-08
0.6322999877929687 1.825294148905049e-08
0.6332999877929687 3.907894340427487e-08
0.6342999877929687 5.220186279027323e-08
0.6352999877929687 4.217036601915178e-08
0.6362999877929687 6.793886265375422e-08
0.6372999877929687 1.462829783706006e-08
0.6382999877929687 4.178621959502779e-08
0.6392999877929687 3.5610278268242505e-08
0.6402999877929687 3.833558185900146e-08
0.6412999877929687 4.786054780061905e-08
0.6422999877929687 4.9963669119690626e-08
0.6432999877929687 7.896242764969687e-08
0.6442999877929687 7.157006763511977e-08
0.6452999877929687 7.099842228382935e-08
0.6462999877929687 5.912098831340962e-08
0.6472999877929687 4.2890037218386724e-08
0.6482999877929687 3.9364601210491265e-08
0.6492999877929687 3.811432472554119e-08
0.6502999877929687 3.6980048824258924e-08
0.6512999877929687 5.075508900049048e-08
0.6522999877929687 5.857341460641574e-08
0.6532999877929687 5.375018419357346e-08
0.6542999877929687 1.2256250614973494e-08
0.6552999877929687 3.595147059152066e-08
0.6562999877929687 1.5896169604666526e-08
0.6572999877929687 2.8234200919239615e-08
0.6582999877929687 2.7759311886737733e-08
0.6592999877929687 4.101123628410108e-08
0.6602999877929687 4.951881592258645e-09
0.6612999877929687 2.4390473935768523e-08
0.6622999877929687 1.9732168186172046e-08
0.6632999877929687 3.4505040650347935e-09
0.6642999877929687 1.588089440525375e-08
0.6652999877929687 5.975356758223944e-09
0.6662999877929687 9.162147165339897e-09
0.6672999877929687 4.4814338880156954e-08
0.6682999877929687 6.899856273385523e-09
0.6692999877929687 5.313477118631477e-09
0.6702999877929687 1.555258907943462e-08
0.6712999877929687 5.8606806819534063e-08
0.6722999877929687 1.998906852698806e-11
0.6732999877929687 5.369471370005941e-09
0.6742999877929687 3.6774239093719645e-08
0.6752999877929687 6.3232125813543975e-09
0.6762999877929687 2.2089973313885627e-08
0.6772999877929687 6.743099092079466e-08
0.6782999877929687 6.512087277732761e-09
0.6792999877929687 2.401922350143235e-08
0.6802999877929687 2.5293137502855225e-08
0.6812999877929687 2.387911648650066e-08
0.6822999877929687 1.4376395827078637e-08
0.6832999877929687 3.3494395060367475e-08
0.6842999877929687 5.568329275317871e-08
0.6852999877929687 4.675557439262892e-08
0.6862999877929687 2.135538024195898e-08
0.6872999877929687 7.314887735585146e-09
0.6882999877929687 6.262461227907373e-08
0.6892999877929687 4.249923832999148e-08
0.6902999877929688 5.190742882850376e-08
0.6912999877929688 5.1457265149266486e-08
0.6922999877929688 6.541816509007419e-08
0.6932999877929688 5.9455996768584036e-08
0.6942999877929688 2.2660877398692857e-08
0.6952999877929688 2.048875278215332e-08
0.6962999877929688 1.241876430053466e-08
0.6972999877929688 1.7268608362970097e-08
0.6982999877929688 2.451605280668051e-08
0.6992999877929688 2.1377240835305042e-08
0.7002999877929688 2.770387146205908e-08
0.7012999877929688 3.848555216889826e-09
0.7022999877929688 2.195561529661864e-11
0.7032999877929688 2.105513150324274e-08
0.7042999877929688 1.4817624830966752e-08
0.7052999877929688 4.7539999911412855e-08
0.7062999877929688 3.658000429459974e-08
0.7072999877929688 7.79903359178692e-09
0.7082999877929688 1.6103119812334752e-08
0.7092999877929688 8.221513142602631e-08
0.7102999877929688 5.079605573863118e-09
0.7112999877929688 4.9603627206560236e-08
0.7122999877929688 4.149856949452106e-08
0.7132999877929688 2.0156563510484085e-08
0.7142999877929688 5.3957765703852166e-08
0.7152999877929688 2.4565989493054503e-08
0.7162999877929688 2.310709853199069e-11
0.7172999877929688 2.390475067517879e-08
0.7182999877929688 1.4239226197765632e-08
0.7192999877929688 1.2425029825935158e-08
0.7202999877929688 5.33247875061209e-09
0.7212999877929688 3.729936352578328e-08
0.7222999877929688 2.365430587730703e-11
0.7232999877929688 2.139493274187147e-08
0.7242999877929688 6.135830628093759e-08
0.7252999877929688 9.756655947723777e-09
0.7262999877929688 3.506409692634528e-08
0.7272999877929688 3.2328623480892085e-09
0.7282999877929688 1.5432156237884716e-08
0.7292999877929688 6.622623615431754e-08
0.7302999877929688 2.1565675134685503e-08
0.7312999877929688 1.6372589945064476e-08
0.7322999877929688 5.0554134575085674e-08
0.7332999877929688 1.2735910566037584e-08
0.7342999877929688 3.714688250778339e-08
0.7352999877929688 1.1017253811937649e-08
0.7362999877929688 9.126113006838272e-09
0.7372999877929688 1.6317227687939142e-08
0.7382999877929688 3.07069081462676e-08
0.7392999877929688 1.5620561648823072e-08
0.7402999877929688 3.802247305017763e-08
0.7412999877929688 6.391956147718254e-08
0.7422999877929688 3.5675450642174546e-08
0.7432999877929688 2.268654561446894e-08
0.7442999877929688 2.5645261962335444e-11
0.7452999877929688 2.5734457392270074e-11
0.7462999877929688 5.985527012487115e-08
0.7472999877929688 3.490415201593092e-08
0.7482999877929688 3.502440635234708e-08
0.7492999877929688 3.5214784043595103e-09
0.7502999877929688 6.827682615363857e-08
0.7512999877929688 1.4770008254779424e-08
0.7522999877929688 5.628961480667423e-08
0.7532999877929687 7.085013910026787e-08
0.7542999877929687 3.528004165371453e-08
0.7552999877929687 4.518165205794253e-08
0.7562999877929687 5.8475559607514644e-08
0.7572999877929687 1.3207410253246204e-08
0.7582999877929687 3.419215296912557e-08
0.7592999877929687 3.146854943317287e-08
0.7602999877929687 3.806912855930643e-08
0.7612999877929687 1.1989443424870498e-08
0.7622999877929687 5.904089258634269e-08
0.7632999877929687 4.9110090972467505e-09
0.7642999877929687 1.2800193855330569e-08
0.7652999877929687 1.3838265211549794e-08
0.7662999877929687 1.7230163297148226e-08
0.7672999877929687 6.868363583907356e-08
0.7682999877929687 4.850434794456347e-08
0.7692999877929687 2.8235249264750684e-08
0.7702999877929687 8.468371188965597e-08
0.7712999877929687 6.122092689018328e-08
0.7722999877929687 3.8224162169940734e-08
0.7732999877929687 1.0714408368861944e-07
0.7742999877929687 7.202372630804513e-08
0.7752999877929687 5.993109023843474e-08
0.7762999877929687 4.6779608941724905e-08
0.7772999877929687 6.599738501767497e-08
0.7782999877929687 2.6328545084067296e-08
0.7792999877929687 2.705429171632844e-08
0.7802999877929687 4.504519129353061e-08
0.7812999877929687 5.3233894158384035e-08
0.7822999877929687 8.86099640543275e-08
0.7832999877929687 5.248810242864103e-08
0.7842999877929687 5.474194434871448e-08
0.7852999877929687 4.567903017729175e-08
0.7862999877929687 3.758048294674119e-08
0.7872999877929687 5.794697508737734e-08
0.7882999877929687 8.841596866555483e-08
0.7892999877929687 7.92816192142061e-08
0.7902999877929687 6.697109448758366e-08
0.7912999877929687 8.709907012995755e-08
0.7922999877929687 8.565228945520114e-08
0.7932999877929687 6.190904530624294e-08
0.7942999877929687 1.0863532288332635e-07
0.7952999877929687 1.3785214521416403e-07
0.7962999877929687 6.21553278980735e-08
0.7972999877929687 5.401753588099355e-08
0.7982999877929687 1.450465247062427e-08
0.7992999877929687 6.053202743962559e-08
0.8002999877929687 1.1177875383766455e-07
0.8012999877929687 4.280032315361484e-08
0.8022999877929687 1.94977487499065e-08
0.8032999877929687 8.036665001307401e-08
0.8042999877929687 3.875708661397102e-09
0.8052999877929687 4.228914033985748e-08
0.8062999877929687 1.0116096162028156e-07
0.8072999877929687 1.1230579863803047e-07
0.8082999877929687 9.657887175949539e-08
0.8092999877929687 5.487751379561217e-09
0.8102999877929687 1.2132874950747504e-07
0.8112999877929687 1.1039730545521348e-07
0.8122999877929687 9.172086639589327e-08
0.8132999877929687 1.569177389892876e-08
0.8142999877929687 1.809379245668352e-07
0.8152999877929688 9.354000398716812e-08
0.8162999877929688 8.784295471339285e-08
0.8172999877929688 5.043913023031311e-08
0.8182999877929688 6.615242268285144e-08
0.8192999877929688 1.1304715501221039e-08
0.8202999877929688 2.5393565983316458e-08
0.8212999877929688 6.099177597271198e-08
0.8222999877929688 5.456829479208254e-08
0.8232999877929688 1.3982609225011328e-09
0.8242999877929688 2.636554466113003e-08
0.8252999877929688 7.773821447543842e-08
0.8262999877929688 1.0055355386746645e-07
0.8272999877929688 5.209725494896374e-08
0.8282999877929688 8.567994489722966e-08
0.8292999877929688 8.375457480663852e-08
0.8302999877929688 9.477270514356003e-08
0.8312999877929688 3.5730493328898286e-08
0.8322999877929688 3.301385832420105e-08
0.8332999877929688 2.0952841566822667e-08
0.8342999877929688 8.246726932485683e-08
0.8352999877929688 5.370094845457794e-08
0.8362999877929688 4.4748419852257184e-08
0.8372999877929688 7.095216217360311e-09
0.8382999877929688 3.91392793433148e-08
0.8392999877929688 1.1889797988990499e-07
0.8402999877929688 9.926065546560526e-08
0.8412999877929688 4.190197687940635e-08
0.8422999877929688 7.511900240923274e-08
0.8432999877929688 8.814070985253243e-08
0.8442999877929688 7.110084718833052e-08
0.8452999877929688 1.0794485754818938e-07
0.8462999877929688 1.2447995407340332e-07
0.8472999877929688 4.3565037571616454e-08
0.8482999877929688 1.1340465185190312e-07
0.8492999877929688 1.487470960799471e-07
0.8502999877929688 1.0221585766831845e-07
0.8512999877929688 5.34584704231443e-08
0.8522999877929688 5.987556976822914e-08
0.8532999877929688 7.148924413064972e-08
0.8542999877929688 9.758098603839798e-08
0.8552999877929688 1.6031982373193868e-07
0.8562999877929688 2.3200149110349615e-07
0.8572999877929688 2.9136144841976634e-07
0.8582999877929688 5.899943275381985e-08
0.8592999877929688 1.7001709240166352e-07
0.8602999877929688 4.154339863124074e-08
0.8612999877929688 1.1921490711824326e-07
0.8622999877929688 2.3133157098873992e-07
0.8632999877929688 2.0322319202512903e-07
0.8642999877929688 2.470748180120828e-07
0.8652999877929688 2.518350797469985e-07
0.8662999877929688 2.4897641025214196e-07
0.8672999877929688 4.630118670899346e-08
0.8682999877929688 4.242086834220724e-07
0.8692999877929688 9.266437356260347e-08
0.8702999877929688 3.132496321982532e-11
0.8712999877929688 8.95198979699274e-08
0.8722999877929688 2.6459652331327083e-08
0.8732999877929688 1.2339898372151796e-07
0.8742999877929688 4.661328970092216e-08
0.8752999877929688 7.974778515325386e-08
0.8762999877929688 2.2134994364874522e-07
0.8772999877929688 1.6516047293272422e-07
0.8782999877929687 3.158108544369818e-11
0.8792999877929687 2.215634605645219e-07
0.8802999877929687 1.1304559835554625e-07
0.8812999877929687 4.958444386725908e-07
0.8822999877929687 1.2532556221381448e-06
0.8832999877929687 1.3328838038676783e-06
0.8842999877929687 3.1631448835323734e-11
0.8852999877929687 3.1703720047854156e-11
0.8862999877929687 2.944573976069749e-07
0.8872999877929687 1.2688496519662364e-06
0.8882999877929687 1.5505870412662912e-06
0.8892999877929687 1.4750204354523388e-07
0.8902999877929687 3.195528676099708e-11
0.8912999877929687 6.32214064550822e-07
0.8922999877929687 3.202076957068006e-11
0.8932999877929687 1.6579321524810666e-06
0.8942999877929687 2.6856352204884153e-06
0.8952999877929687 3.203448007223946e-11
0.8962999877929687 2.4849443097589075e-06
0.8972999877929687 4.033106313451671e-06
0.8982999877929687 3.872805401424233e-06
0.8992999877929687 1.5199708294497643e-06
0.9002999877929687 1.918886381489731e-06
0.9012999877929687 3.7131662420511794e-06
0.9022999877929687 1.9540913828966843e-06
0.9032999877929687 2.8229074649938353e-06
0.9042999877929687 3.142323778305655e-06
0.9052999877929687 1.6004713326965768e-06
0.9062999877929687 4.103922525637327e-06
0.9072999877929687 2.979844609104637e-06
0.9082999877929687 1.6211495148926523e-06
0.9092999877929687 3.072674480194867e-06
0.9102999877929687 2.6750938338897306e-06
0.9112999877929687 2.399598875918056e-06
0.9122999877929687 2.192007510614546e-06
0.9132999877929687 2.956845956101506e-06
0.9142999877929687 1.6723950309419136e-06
0.9152999877929687 2.077521855829005e-06
0.9162999877929687 1.473793177839751e-06
0.9172999877929687 1.9104623043834038e-06
0.9182999877929687 2.167792847416101e-06
0.9192999877929687 1.979751393064155e-06
0.9202999877929687 1.3537172899770048e-06
0.9212999877929687 2.174720832469816e-06
0.9222999877929687 1.8684130212387564e-06
0.9232999877929687 1.2000931314899987e-06
0.9242999877929687 1.6347795722992218e-06
0.9252999877929687 9.740107294212172e-07
0.9262999877929687 1.8939183826591786e-06
0.9272999877929687 2.272783876951503e-06
0.9282999877929687 1.4134477804667327e-06
0.9292999877929687 7.992569608275534e-07
0.9302999877929687 1.0331097541568418e-06
0.9312999877929687 3.1100380325437593e-06
0.9322999877929687 7.25552480706456e-07
0.9332999877929687 2.3733871818794442e-06
0.9342999877929687 7.497370522828791e-07
0.9352999877929687 2.550632987991606e-06
0.9362999877929687 1.7647232038721945e-06
0.9372999877929687 1.8160827582222322e-06
0.9382999877929687 2.2938663681288152e-06
0.9392999877929687 1.596847736324216e-06
0.9402999877929688 1.3217857105806674e-06
0.9412999877929688 1.8072218941889138e-06
0.9422999877929688 4.2031263354976393e-07
0.9432999877929688 1.851084424576552e-06
0.9442999877929688 2.2075592127870364e-06
0.9452999877929688 8.574653613711204e-07
0.9462999877929688 1.8944303755220783e-06
0.9472999877929688 2.0886916634150876e-06
0.9482999877929688 5.181203688663631e-07
0.9492999877929688 1.6561612843773632e-06
0.9502999877929688 2.192062688420186e-06
0.9512999877929688 9.48431365429369e-07
0.9522999877929688 1.4608332203032796e-06
0.9532999877929688 1.2979873569557202e-06
0.9542999877929688 1.6275838943328449e-06
0.9552999877929688 1.2192848220722414e-06
0.9562999877929688 9.66756727269834e-07
0.9572999877929688 6.854131688083934e-07
0.9582999877929688 1.5357482382202921e-06
0.9592999877929688 1.3301209532553945e-06
0.9602999877929688 1.4460853093354843e-06
0.9612999877929688 1.6031450272356568e-06
0.9622999877929688 1.582976132613061e-06
0.9632999877929688 8.080624985180771e-07
0.9642999877929688 1.2106590102031705e-06
0.9652999877929688 1.1643110083433036e-06
0.9662999877929688 1.8523617315845495e-06
0.9672999877929688 1.2975896139630576e-06
0.9682999877929688 1.3637585837309852e-06
0.9692999877929688 6.382759801350206e-07
0.9702999877929688 7.693344168023268e-07
0.9712999877929688 1.5245885230338148e-06
0.9722999877929688 1.1855399374765738e-06
0.9732999877929688 1.5530280768474996e-06
0.9742999877929688 1.2215571058510062e-06
0.9752999877929688 9.25115231473057e-07
0.9762999877929688 1.143032488187209e-06
0.9772999877929688 1.0676617396184484e-06
0.9782999877929688 9.33664397172727e-07
0.9792999877929688 1.2335344748297802e-06
0.9802999877929688 4.940687802796003e-07
0.9812999877929688 1.193540532116364e-06
0.9822999877929688 9.97728967661851e-07
0.9832999877929688 1.1298424571234882e-06
0.9842999877929688 1.0614803327232375e-06
0.9852999877929688 6.903162247445615e-07
0.9862999877929688 5.809930457285831e-07
0.9872999877929688 6.608263964943582e-07
0.9882999877929688 9.632421560128338e-07
0.9892999877929688 8.493457268847626e-07
0.9902999877929688 1.0469366110605377e-06
0.9912999877929688 1.1612283617652867e-06
0.9922999877929688 1.4102624289429757e-06
0.9932999877929688 1.2414710953245646e-06
0.9942999877929688 1.1478146832773216e-06
0.9952999877929688 9.937737884424192e-07
0.9962999877929688 8.987030317444988e-07
0.9972999877929688 8.579785579981211e-07
0.9982999877929688 9.642194251101942e-07
0.9992999877929688 8.800225813139492e-07
1.0002999877929688 1.0058666737028539e-06
1.0012999877929687 1.2485254056805365e-06
1.0022999877929688 1.32525823534847e-06
1.0032999877929687 1.0298138570211113e-06
1.0042999877929688 1.0987873690384536e-06
1.0052999877929687 1.3987095798602953e-06
1.0062999877929688 1.2972884740717818e-06
1.0072999877929687 9.163261316984124e-07
1.0082999877929688 1.1673558085061973e-06
1.0092999877929687 7.293763687695354e-07
1.0102999877929688 9.150071430957785e-07
1.0112999877929687 8.441187463875835e-07
1.0122999877929688 1.1830460578704905e-06
1.0132999877929687 5.332319675692581e-07
1.0142999877929688 1.037646438908616e-06
1.0152999877929687 9.320082362119447e-07
1.0162999877929688 8.077952759786222e-07
1.0172999877929687 8.856435022751259e-07
1.0182999877929688 1.2817921884347754e-06
1.0192999877929687 1.2734224849271006e-06
1.0202999877929688 8.128437521055436e-07
1.0212999877929687 1.3983215547998486e-06
1.0222999877929688 1.0080971139501407e-06
1.0232999877929687 8.354478562304273e-07
1.024300048828125 7.75180911891599e-07
1.025300048828125 5.934449518723563e-07
1.026300048828125 8.285674135288569e-07
1.027300048828125 1.0694659301555874e-06
1.028300048828125 1.4447698596639743e-06
1.029300048828125 8.117594447868505e-07
1.030300048828125 1.0449026304757805e-06
1.031300048828125 8.786155478628349e-07
1.032300048828125 6.404723253237633e-07
1.033300048828125 5.985877831766005e-07
1.034300048828125 1.2542789396995922e-06
1.035300048828125 8.919787936634611e-07
1.036300048828125 7.334318605056542e-07
1.037300048828125 1.4561008489022655e-06
1.038300048828125 1.2276477917027957e-06
1.039300048828125 1.1305471152586933e-06
1.040300048828125 1.5744269885981437e-06
1.041300048828125 1.1989408052495067e-06
1.042300048828125 1.2829898335623343e-06
1.043300048828125 1.4946492327437446e-06
1.044300048828125 1.3522320678265258e-06
1.045300048828125 1.375452804705102e-06
1.046300048828125 1.2865619198322007e-06
1.047300048828125 1.8064093480932712e-06
1.048300048828125 1.6219705285721906e-06
1.049300048828125 2.0581378767354597e-06
1.050300048828125 1.3363961568169729e-06
1.051300048828125 1.7503037615747506e-06
1.052300048828125 1.7679445593550413e-06
1.053300048828125 1.7123636014315863e-06
1.054300048828125 1.8072779541024047e-06
1.055300048828125 1.724502501786985e-06
1.056300048828125 1.6054068922617092e-06
1.057300048828125 1.3230173350882576e-06
1.058300048828125 1.5972534438750875e-06
1.059300048828125 1.3761257309859118e-06
1.060300048828125 1.0557251845028138e-06
1.061300048828125 1.4784170303805336e-06
1.062300048828125 1.3685886885067503e-06
1.063300048828125 1.2039674682227404e-06
1.064300048828125 1.7023734251182552e-06
1.065300048828125 9.63636419634101e-07
1.066300048828125 9.43950842667474e-07
1.067300048828125 9.197503066324555e-07
1.068300048828125 6.106070888489146e-07
1.069300048828125 1.0933265275853478e-06
1.070300048828125 1.1073848728746318e-06
1.071300048828125 1.0524229774049636e-06
1.072300048828125 1.2029443008093386e-06
1.073300048828125 1.1050731701252172e-06
1.074300048828125 8.953180547867489e-07
1.075300048828125 1.242858283649354e-06
1.076300048828125 1.1851077818394563e-06
1.077300048828125 8.071751222791315e-07
1.078300048828125 9.725138838798246e-07
1.079300048828125 1.3504263930300419e-06
1.080300048828125 1.3534361197810297e-06
1.081300048828125 1.2156887203798996e-06
1.082300048828125 9.220427404333364e-07
1.083300048828125 9.128851990183544e-07
1.084300048828125 1.3221164114281268e-06
1.085300048828125 1.117674917986539e-06
1.086300048828125 1.020916685175814e-06
1.087300048828125 9.032021672018569e-07
1.088300048828125 9.224713122133127e-07
1.089300048828125 1.1651769064484012e-06
1.090300048828125 8.560401873833457e-07
1.091300048828125 1.340204995883472e-06
1.092300048828125 1.2138714239199855e-06
1.093300048828125 1.029161178822582e-06
1.094300048828125 1.3432655506098253e-06
1.095300048828125 1.1536110273384574e-06
1.096300048828125 1.4093503828377692e-06
1.097300048828125 1.4436623113922104e-06
1.098300048828125 1.024329891697096e-06
1.099300048828125 1.0585233337537612e-06
1.100300048828125 1.164679845777995e-06
1.101300048828125 1.031666177156741e-06
1.102300048828125 1.3792030743123908e-06
1.103300048828125 1.3852345258331406e-06
1.104300048828125 1.1677509188122147e-06
1.105300048828125 1.6094249621012822e-06
1.106300048828125 1.4163938227656885e-06
1.107300048828125 1.1485988440328208e-06
1.108300048828125 1.1578960216603476e-06
1.109300048828125 1.1123553952358845e-06
1.110300048828125 8.880261404265831e-07
1.111300048828125 1.4706183433703663e-06
1.112300048828125 1.178096078967192e-06
1.113300048828125 1.1451607122386988e-06
1.114300048828125 1.3374659597145642e-06
1.115300048828125 1.259084571516704e-06
1.116300048828125 1.358273039303214e-06
1.117300048828125 1.053941464586623e-06
1.118300048828125 1.188907115310184e-06
1.119300048828125 1.7120160591864722e-06
1.120300048828125 1.3280157491104271e-06
1.121300048828125 1.536966057028343e-06
1.122300048828125 1.4462860917342377e-06
1.123300048828125 1.343819709672737e-06
1.124300048828125 1.103746891152879e-06
1.125300048828125 1.2112491304210354e-06
1.126300048828125 1.0665912888295265e-06
1.127300048828125 1.2463567521470893e-06
1.128300048828125 1.282364539160933e-06
1.129300048828125 1.4119711634956327e-06
1.130300048828125 1.6158701771463082e-06
1.131300048828125 1.3324449738986805e-06
1.132300048828125 1.5529423320026874e-06
1.133300048828125 1.0808220271508234e-06
1.134300048828125 1.710323886373411e-06
1.135300048828125 1.4337094189107455e-06
1.136300048828125 1.4753698387222927e-06
1.137300048828125 1.3398189994063523e-06
1.138300048828125 1.4696600686936328e-06
1.139300048828125 1.5468602563459247e-06
1.140300048828125 1.3804438003708603e-06
1.141300048828125 1.827599208771659e-06
1.142300048828125 1.2752467326368606e-06
1.143300048828125 1.6184987287412077e-06
1.144300048828125 1.4879181874997907e-06
1.145300048828125 1.3822527667558582e-06
1.146300048828125 1.5499516033007448e-06
1.147300048828125 1.2905695831394761e-06
1.148300048828125 1.2411348397059799e-06
1.149300048828125 1.2828467055591488e-06
1.150300048828125 1.5491794317180766e-06
1.151300048828125 1.0908195293757038e-06
1.152300048828125 1.2697604457523098e-06
1.153300048828125 1.1085018785427606e-06
1.154300048828125 1.7596611365382544e-06
1.155300048828125 9.62247589463543e-07
1.156300048828125 1.092387193596565e-06
1.157300048828125 1.099367802325491e-06
1.158300048828125 1.2411019141830002e-06
1.159300048828125 1.0069978778678228e-06
1.160300048828125 1.2749713347610636e-06
1.161300048828125 1.1613481045568935e-06
1.162300048828125 9.63779472789788e-07
1.163300048828125 1.3450787103714266e-06
1.164300048828125 8.770695833076944e-07
1.165300048828125 1.1183728679390316e-06
1.166300048828125 1.2076039315696418e-06
1.167300048828125 9.021882641683298e-07
1.168300048828125 1.3361960038223072e-06
1.169300048828125 1.1481599749843632e-06
1.170300048828125 1.6645511443242748e-06
1.171300048828125 1.08157084781567e-06
1.172300048828125 1.1108950988322072e-06
1.173300048828125 8.984260883249374e-07
1.174300048828125 1.490885439473231e-06
1.175300048828125 1.3229995581196656e-06
1.176300048828125 1.2005842761333005e-06
1.177300048828125 8.936527917139333e-07
1.178300048828125 1.000906999088712e-06
1.179300048828125 1.136561776226025e-06
1.180300048828125 1.1817903866117316e-06
1.181300048828125 1.2352932642044614e-06
1.182300048828125 1.164551658922882e-06
1.183300048828125 8.09391819134014e-07
1.184300048828125 1.4568469445359931e-06
1.185300048828125 1.2359413167974062e-06
1.186300048828125 1.297014181105431e-06
1.187300048828125 1.3049469130276478e-06
1.188300048828125 1.1832962248331442e-06
1.189300048828125 1.519769146343568e-06
1.190300048828125 1.4478732815106926e-06
1.191300048828125 1.676686446856021e-06
1.192300048828125 1.5227756529005926e-06
1.193300048828125 1.7158475694234502e-06
1.194300048828125 1.1804450010704022e-06
1.195300048828125 1.0647104103632164e-06
1.196300048828125 1.2127599123880016e-06
1.197300048828125 1.3440816986494577e-06
1.198300048828125 1.4402017392030773e-06
1.199300048828125 1.4433279484316052e-06
1.200300048828125 1.4611078081266954e-06
1.201300048828125 1.4864176308472996e-06
1.202300048828125 1.6483509655680346e-06
1.203300048828125 1.2629320564771578e-06
1.204300048828125 1.263316488145844e-06
1.205300048828125 1.2017915087124561e-06
1.206300048828125 1.0611372166280419e-06
1.207300048828125 7.215767086919044e-07
1.208300048828125 1.3414397617746325e-06
1.209300048828125 1.1224967636473029e-06
1.210300048828125 9.359308817410091e-07
1.211300048828125 1.1903345246002668e-06
1.212300048828125 1.0501698226485908e-06
1.213300048828125 1.0906269323285955e-06
1.214300048828125 9.718622264515136e-07
1.215300048828125 1.1431483675927997e-06
1.216300048828125 1.2383877895853806e-06
1.217300048828125 1.2369137145822326e-06
1.218300048828125 8.760754630222417e-07
1.219300048828125 1.6026647497259475e-06
1.220300048828125 1.095550826085192e-06
1.221300048828125 1.1905506011396973e-06
1.222300048828125 1.3778656584806593e-06
1.223300048828125 1.22555826207072e-06
1.224300048828125 1.0350167166496037e-06
1.225300048828125 1.0273123381036181e-06
1.226300048828125 1.0380514060454221e-06
1.227300048828125 9.224684776372272e-07
1.228300048828125 9.063891940085955e-07
1.229300048828125 1.3522288567645955e-06
1.230300048828125 1.3561581370903574e-06
1.231300048828125 1.5915582735055606e-06
1.232300048828125 1.0541205284006634e-06
1.233300048828125 1.094450185248583e-06
1.234300048828125 1.0811432226935768e-06
1.235300048828125 1.3502932828255359e-06
1.236300048828125 1.1764418240597183e-06
1.237300048828125 1.1946692116348503e-06
1.238300048828125 1.3064222244178022e-06
1.239300048828125 1.160376741855623e-06
1.240300048828125 1.2091026170734099e-06
1.241300048828125 1.6462367385723142e-06
1.242300048828125 1.3737069653276328e-06
1.243300048828125 1.4794832228287227e-06
1.244300048828125 1.1073230531213481e-06
1.245300048828125 1.1633393827756565e-06
1.246300048828125 1.2041242180581058e-06
1.247300048828125 1.0658170153309197e-06
1.248300048828125 9.789112615831563e-07
1.249300048828125 8.083446084657788e-07
1.250300048828125 8.695872657948095e-07
1.251300048828125 1.3014327091826448e-06
1.252300048828125 9.493042477443635e-07
1.253300048828125 1.4550087518692804e-06
1.254300048828125 9.999360388911367e-07
1.255300048828125 1.1878310614161562e-06
1.256300048828125 9.630006192443884e-07
1.257300048828125 1.493703981940582e-06
1.258300048828125 1.1919789179181022e-06
1.259300048828125 1.2443293268891059e-06
1.260300048828125 1.5059149441402092e-06
1.261300048828125 1.214889673813797e-06
1.262300048828125 1.252149487668714e-06
1.263300048828125 1.0832125653145527e-06
1.264300048828125 1.4629556872244505e-06
1.265300048828125 1.039727869668528e-06
1.266300048828125 1.219203584206248e-06
1.267300048828125 1.2903852207288315e-06
1.268300048828125 1.2985718226522272e-06
1.269300048828125 1.3815086440550212e-06
1.270300048828125 1.2363448371132094e-06
1.271300048828125 1.1179352597312794e-06
1.272300048828125 1.2031171497748516e-06
1.273300048828125 1.376217608098136e-06
1.274300048828125 1.4858168176516743e-06
1.275300048828125 1.5145214378584565e-06
1.276300048828125 1.3370733118998098e-06
1.277300048828125 1.2665501509270832e-06
1.278300048828125 1.1642423729377408e-06
1.279300048828125 1.5059828287138815e-06
1.280300048828125 7.432925969732411e-07
1.281300048828125 1.4856971144430526e-06
1.282300048828125 1.404706160454243e-06
1.283300048828125 1.077883513236351e-06
1.284300048828125 1.6425540372827425e-06
1.285300048828125 1.071685859265154e-06
1.286300048828125 9.684436786735119e-07
1.287300048828125 9.701822079582594e-07
1.288300048828125 1.512840762426523e-06
1.289300048828125 1.1963754480983551e-06
1.290300048828125 1.150173900327297e-06
1.291300048828125 1.4496172653617592e-06
1.292300048828125 1.9542522973446473e-06
1.293300048828125 9.936215916011244e-07
1.294300048828125 1.4822122458724543e-06
1.295300048828125 1.1356932400861913e-06
1.296300048828125 1.1863017402434724e-06
1.297300048828125 1.1376968227872748e-06
1.298300048828125 1.2467458391453953e-06
1.299300048828125 9.052280883628482e-07
1.300300048828125 1.4216915643385508e-06
1.301300048828125 1.5218052175090354e-06
1.302300048828125 1.001933423089975e-06
1.303300048828125 1.4286983763072974e-06
1.304300048828125 1.2416670247102938e-06
1.305300048828125 1.4042477310671357e-06
1.306300048828125 1.1058946115723288e-06
1.307300048828125 1.0098075607174117e-06
1.308300048828125 1.198387821987649e-06
1.309300048828125 1.074465891904481e-06
1.310300048828125 1.41756084639798e-06
1.311300048828125 1.2689133949599557e-06
1.312300048828125 1.6116644199543812e-06
1.313300048828125 1.2417136178951743e-06
1.314300048828125 1.2272294434999153e-06
1.315300048828125 1.446828509531388e-06
1.316300048828125 1.1876014200166797e-06
1.317300048828125 8.528054530669653e-07
1.318300048828125 1.0163568564741266e-06
1.319300048828125 1.391601822400459e-06
1.320300048828125 1.5177768047881028e-06
1.321300048828125 8.840822944226564e-07
1.322300048828125 1.0942183316933237e-06
1.323300048828125 1.7138887404080404e-06
1.324300048828125 1.3379986810343668e-06
1.325300048828125 1.3879104180063783e-06
1.326300048828125 1.323216116679117e-06
1.327300048828125 9.525750068475382e-07
1.328300048828125 1.2073847799194649e-06
1.329300048828125 1.1380415334790132e-06
1.330300048828125 1.3016538902836501e-06
1.331300048828125 1.5383092100281769e-06
1.332300048828125 1.6644413598667348e-06
1.333300048828125 9.469773823668103e-07
1.334300048828125 1.369498694128782e-06
1.335300048828125 1.7278918223936965e-06
1.336300048828125 1.488172113644322e-06
1.337300048828125 1.6151163584582157e-06
1.338300048828125 1.4619582955458953e-06
1.339300048828125 1.260054327146819e-06
1.340300048828125 7.895013080395424e-07
1.341300048828125 1.1156391252608179e-06
1.342300048828125 7.043333490666679e-07
1.343300048828125 1.3638290422894202e-06
1.344300048828125 1.5148342923761425e-06
1.345300048828125 1.53849676561313e-06
1.346300048828125 1.5478896143046761e-06
1.347300048828125 1.1797257585636657e-06
1.348300048828125 1.3227471757486179e-06
1.349300048828125 1.1792078928290722e-06
1.350300048828125 1.7439349918285843e-06
1.351300048828125 1.4588950917475468e-06
1.352300048828125 1.4207215112179357e-06
1.353300048828125 1.2532660534291892e-06
1.354300048828125 1.643135542335986e-06
1.355300048828125 1.7876798443759446e-06
1.356300048828125 1.2545129870732256e-06
1.357300048828125 1.3458803607375391e-06
1.358300048828125 1.8228622910943076e-06
1.359300048828125 1.677149389284628e-06
1.360300048828125 1.3232199481016184e-06
1.361300048828125 1.5373371919819481e-06
1.362300048828125 1.3389421051264992e-06
1.363300048828125 1.3858393933684038e-06
1.364300048828125 1.0581325076914226e-06
1.365300048828125 1.3910165732237967e-06
1.366300048828125 8.763277253897369e-07
1.367300048828125 1.3669125754344097e-06
1.368300048828125 1.4440817501814357e-06
1.369300048828125 1.3994869169678117e-06
1.370300048828125 1.647878446196967e-06
1.371300048828125 1.2156250211933658e-06
1.372300048828125 1.3511719269772919e-06
1.373300048828125 1.3395623389934223e-06
1.374300048828125 1.361847244915781e-06
1.375300048828125 1.5495804055167826e-06
1.376300048828125 1.169262517708026e-06
1.377300048828125 1.7699839687518634e-06
1.378300048828125 1.9364142921247726e-06
1.379300048828125 1.0982722821224316e-06
1.380300048828125 1.5123670279090597e-06
1.381300048828125 1.4881530645700263e-06
1.382300048828125 1.444108575573044e-06
1.383300048828125 1.0304715506233216e-06
1.384300048828125 1.1523678748807393e-06
1.385300048828125 1.126767515187904e-06
1.386300048828125 1.27648438978569e-06
1.387300048828125 1.8306783818075254e-06
1.388300048828125 1.3988041546216727e-06
1.389300048828125 2.008404547854481e-06
1.390300048828125 1.0552664055433463e-06
1.391300048828125 1.5671348135053983e-06
1.392300048828125 1.587016830706307e-06
1.393300048828125 1.5055572800264715e-06
1.394300048828125 1.9432158591927075e-06
1.395300048828125 1.4636026889384442e-06
1.396300048828125 1.3540919435089757e-06
1.397300048828125 1.09741336768504e-06
1.398300048828125 1.7117311489393614e-06
1.399300048828125 1.826318776119525e-06
1.400300048828125 1.321657170625882e-06
1.401300048828125 1.4526236121129586e-06
1.402300048828125 1.5621405579416284e-06
1.403300048828125 1.5452542138236672e-06
1.404300048828125 1.4379664209121187e-06
1.405300048828125 1.7928706717184635e-06
1.406300048828125 1.4096390652297096e-06
1.407300048828125 1.4329344211683106e-06
1.408300048828125 1.57163477203059e-06
1.409300048828125 1.8295685004142829e-06
1.410300048828125 1.499542737039796e-06
1.411300048828125 1.5664720487084425e-06
1.412300048828125 1.5346132438529547e-06
1.413300048828125 1.8413562332374348e-06
1.414300048828125 1.5532239898505739e-06
1.415300048828125 1.81931916570735e-06
1.416300048828125 1.4227545057874319e-06
1.417300048828125 1.0528653510814582e-06
1.418300048828125 1.4444872879372257e-06
1.419300048828125 1.4794483075497479e-06
1.420300048828125 1.3246976795998655e-06
1.421300048828125 1.0983570945265188e-06
1.422300048828125 1.652722762400243e-06
1.423300048828125 1.6179610956661887e-06
1.424300048828125 1.6237514668034122e-06
1.425300048828125 1.5778042120107173e-06
1.426300048828125 1.57030549892026e-06
1.427300048828125 1.5433968303710507e-06
1.428300048828125 1.6830540504282205e-06
1.429300048828125 1.2879949763668133e-06
1.430300048828125 1.5809909562465018e-06
1.431300048828125 1.5793399155244529e-06
1.432300048828125 1.1392322336094063e-06
1.433300048828125 1.2322267832637494e-06
1.434300048828125 1.2302211676270688e-06
1.435300048828125 1.2839603482968197e-06
1.436300048828125 1.3876665960844738e-06
1.437300048828125 1.6531680978118886e-06
1.438300048828125 1.5354090727597564e-06
1.439300048828125 1.5558641270235122e-06
1.440300048828125 1.495001688985665e-06
1.441300048828125 1.3120291941279038e-06
1.442300048828125 1.6702668458058216e-06
1.443300048828125 1.668081025150231e-06
1.444300048828125 1.3449139694698845e-06
1.445300048828125 1.5936706333558504e-06
1.446300048828125 8.890655251478004e-07
1.447300048828125 1.4531372342280442e-06
1.448300048828125 1.200761903929132e-06
1.449300048828125 1.2413975911215786e-06
1.450300048828125 1.2955725723436459e-06
1.451300048828125 1.5028228083561032e-06
1.452300048828125 1.4031186748261423e-06
1.453300048828125 1.4123502651686658e-06
1.454300048828125 1.9964431303857443e-06
1.455300048828125 1.553868909509664e-06
1.456300048828125 1.4771706605100092e-06
1.457300048828125 1.3902822594443634e-06
1.458300048828125 1.1515095089012897e-06
1.459300048828125 1.4325867672014624e-06
1.460300048828125 1.5373456347803603e-06
1.461300048828125 1.5260870368168422e-06
1.462300048828125 1.3118291692330712e-06
1.463300048828125 1.3703905062441402e-06
1.464300048828125 1.1807745152933927e-06
1.465300048828125 1.8267853785345116e-06
1.466300048828125 1.0957058483937394e-06
1.467300048828125 1.5335559385449927e-06
1.468300048828125 1.9319232878232067e-06
1.469300048828125 1.5299565758319762e-06
1.470300048828125 1.4367164737389387e-06
1.471300048828125 1.5916427892347897e-06
1.472300048828125 1.3552279044057823e-06
1.473300048828125 1.4988342611632345e-06
1.474300048828125 1.1703939834126161e-06
1.475300048828125 1.4484526310161902e-06
1.476300048828125 1.1415257170215358e-06
1.477300048828125 1.0167270082180916e-06
1.478300048828125 1.7903946321002987e-06
1.479300048828125 1.4603914043254387e-06
1.480300048828125 1.4825940644865913e-06
1.481300048828125 1.4802292974548445e-06
1.482300048828125 1.637999918609149e-06
1.483300048828125 8.611975641062258e-07
1.484300048828125 1.7659555044632945e-06
1.485300048828125 1.6692667069542402e-06
1.486300048828125 1.4853706607698798e-06
1.487300048828125 1.769556391383915e-06
1.488300048828125 1.595826147748487e-06
1.489300048828125 1.524984538955231e-06
1.490300048828125 1.0271328944740915e-06
1.491300048828125 1.1567090492789262e-06
1.492300048828125 1.082497615601615e-06
1.493300048828125 1.785225653986494e-06
1.494300048828125 1.639674655246223e-06
1.495300048828125 1.4498283849040666e-06
1.496300048828125 1.7388719371660669e-06
1.497300048828125 1.427477908590819e-06
1.498300048828125 1.0940174559114216e-06
1.499300048828125 1.2356047152597415e-06
1.500300048828125 1.8584203087749958e-06
1.501300048828125 1.1560191388424854e-06
1.502300048828125 1.7560330805878152e-06
1.503300048828125 1.2277790546311689e-06
1.504300048828125 1.3701679990979154e-06
1.505300048828125 1.8899720416127066e-06
1.506300048828125 1.8755277222291593e-06
1.507300048828125 1.22181207662541e-06
1.508300048828125 2.222674476125594e-06
1.509300048828125 1.8845796612343462e-06
1.510300048828125 2.001131867007429e-06
1.511300048828125 1.235472112052309e-06
1.512300048828125 1.2086516519503915e-06
1.513300048828125 1.8889134604995959e-06
1.514300048828125 1.8439855250660886e-06
1.515300048828125 1.29468239005459e-06
1.516300048828125 2.0824772822733027e-06
1.517300048828125 2.1118717158159033e-06
1.518300048828125 1.3248760875080103e-06
1.519300048828125 1.2740689990715627e-06
1.520300048828125 1.946855184657124e-06
1.521300048828125 1.780677849350256e-06
1.522300048828125 1.564218139532819e-06
1.523300048828125 1.9408388429107296e-06
1.524300048828125 1.2621932879832495e-06
1.525300048828125 1.5782208326863186e-06
1.526300048828125 1.197632557851823e-06
1.527300048828125 1.5239003317680306e-06
1.528300048828125 1.8328356972410989e-06
1.529300048828125 1.2185205726484731e-06
1.530300048828125 1.618819381246785e-06
1.531300048828125 2.162629631655434e-06
1.532300048828125 1.190700345965559e-06
1.533300048828125 1.2682541419603795e-06
1.534300048828125 2.0369442822573738e-06
1.535300048828125 2.2696721890466345e-06
1.536300048828125 1.5086067699796734e-06
1.537300048828125 1.8828426144908789e-06
1.538300048828125 1.6028374811101287e-06
1.539300048828125 2.2182504344129247e-06
1.540300048828125 1.8968273417114623e-06
1.541300048828125 2.009158661821059e-06
1.542300048828125 1.702349365492908e-06
1.543300048828125 9.962382267574555e-07
1.544300048828125 1.5199109259572726e-06
1.545300048828125 1.4387031394887966e-06
1.546300048828125 1.563343624942041e-06
1.547300048828125 1.7302519553501482e-06
1.548300048828125 2.020898524769267e-06
1.549300048828125 1.731341806738044e-06
1.550300048828125 1.968690020031001e-06
1.551300048828125 2.442829388420135e-06
1.552300048828125 2.013161351116263e-06
1.553300048828125 1.6441063963347065e-06
1.554300048828125 1.3464520695152298e-06
1.555300048828125 1.9085757605017793e-06
1.556300048828125 2.346297240961562e-06
1.557300048828125 2.1091585354741285e-06
1.558300048828125 1.4130938448825389e-06
1.559300048828125 2.1073711999857386e-06
1.560300048828125 1.9043097043586864e-06
1.561300048828125 1.5124408216258833e-06
1.562300048828125 1.9322769417864347e-06
1.563300048828125 1.6101485081635145e-06
1.564300048828125 2.0125200295494562e-06
1.565300048828125 1.9043827275852518e-06
1.566300048828125 2.418914797187411e-06
1.567300048828125 1.8926067907572533e-06
1.568300048828125 1.4677874851259792e-06
1.569300048828125 1.5827131101823283e-06
1.570300048828125 2.1123437720344133e-06
1.571300048828125 2.0057852710081315e-06
1.572300048828125 1.4121159526079059e-06
1.573300048828125 2.2115505951884417e-06
1.574300048828125 2.069709787541604e-06
1.575300048828125 1.6336180882287521e-06
1.576300048828125 1.7737629297487377e-06
1.577300048828125 2.2027151089988973e-06
1.578300048828125 2.244862087066442e-06
1.579300048828125 1.7568029924329883e-06
1.580300048828125 1.690611700238567e-06
1.581300048828125 1.9155933664111284e-06
1.582300048828125 1.9221638974848393e-06
1.583300048828125 2.0858343520827095e-06
1.584300048828125 1.6532859469349462e-06
1.585300048828125 1.3580687095100736e-06
1.586300048828125 1.6959847776795477e-06
1.587300048828125 2.1272159905750396e-06
1.588300048828125 2.1521172980290663e-06
1.589300048828125 2.0878833784802033e-06
1.590300048828125 1.9999120500953763e-06
1.591300048828125 1.0724661655152841e-06
1.592300048828125 1.923922601856691e-06
1.593300048828125 1.3598590070904182e-06
1.594300048828125 2.157129660672786e-06
1.595300048828125 1.5513533199133186e-06
1.596300048828125 1.7904565589239476e-06
1.597300048828125 1.851118877501655e-06
1.598300048828125 1.6503813756554754e-06
1.599300048828125 2.179825947286698e-06
1.600300048828125 1.6275892893403693e-06
1.601300048828125 1.463190779405763e-06
1.602300048828125 1.5733162904107956e-06
1.603300048828125 1.708345982396682e-06
1.604300048828125 1.3709957885978306e-06
1.605300048828125 1.6873984776842758e-06
1.606300048828125 1.7089296938321598e-06
1.607300048828125 1.4002253988724289e-06
1.608300048828125 2.033091746861404e-06
1.609300048828125 1.7755458950204234e-06
1.610300048828125 1.9953809269988653e-06
1.611300048828125 2.6930473245240153e-06
1.612300048828125 1.8034327058530536e-06
1.613300048828125 1.324771013576141e-06
1.614300048828125 2.2952752515054254e-06
1.615300048828125 1.649294009595705e-06
1.616300048828125 2.1978952592511004e-06
1.617300048828125 2.1957490756227706e-06
1.618300048828125 2.7520539604167543e-06
1.619300048828125 2.0119604730324075e-06
1.620300048828125 1.3977019588861691e-06
1.621300048828125 1.475396920682869e-06
1.622300048828125 1.7375540023325448e-06
1.623300048828125 2.4209749868827463e-06
1.624300048828125 1.4933754003284204e-06
1.625300048828125 2.6084042906791874e-06
1.626300048828125 1.5734008903529198e-06
1.627300048828125 1.8047190042594633e-06
1.628300048828125 1.9626227326747722e-06
1.629300048828125 2.0495400140586677e-06
1.630300048828125 2.2782814151401487e-06
1.631300048828125 1.8417006763648495e-06
1.632300048828125 1.6382775536181433e-06
1.633300048828125 1.6736158284984604e-06
1.634300048828125 1.8685155146656526e-06
1.635300048828125 1.7930282299586114e-06
1.636300048828125 1.9801752231520108e-06
1.637300048828125 2.664961178297867e-06
1.638300048828125 2.057950719439064e-06
1.639300048828125 1.4822522563941522e-06
1.640300048828125 1.6905491130914142e-06
1.641300048828125 1.7974819646415052e-06
1.642300048828125 2.0732521872533404e-06
1.643300048828125 1.5676027122262102e-06
1.644300048828125 1.819263588642566e-06
1.645300048828125 2.2888960390080662e-06
1.646300048828125 1.0058478723513154e-06
1.647300048828125 2.287356969413945e-06
1.648300048828125 1.2792736144540026e-06
1.649300048828125 1.0492569227622414e-06
1.650300048828125 1.3472308596106572e-06
1.651300048828125 2.543301963534881e-06
1.652300048828125 2.060180801544518e-06
1.653300048828125 1.7080049203372854e-06
1.654300048828125 2.1055966992652164e-06
1.655300048828125 2.5302040399200958e-06
1.656300048828125 1.7430546181049842e-06
1.657300048828125 1.218247472922914e-06
1.658300048828125 2.311388527553835e-06
1.659300048828125 1.8159824323867536e-06
1.660300048828125 1.6730701503077494e-06
1.661300048828125 1.0493192274180762e-06
1.662300048828125 1.8659177797473543e-06
1.663300048828125 1.5197264910142495e-06
1.664300048828125 1.2843491276429073e-06
1.665300048828125 1.3185941891366926e-06
1.666300048828125 2.279731636510124e-06
1.667300048828125 2.3233891079348085e-06
1.668300048828125 2.1248460163015065e-06
1.669300048828125 2.2353649636204684e-06
1.670300048828125 1.376210818684776e-06
1.671300048828125 2.613277304463845e-06
1.672300048828125 1.1314929821852807e-06
1.673300048828125 2.245354075081102e-06
1.674300048828125 2.150633533789375e-06
1.675300048828125 1.6340239317876852e-06
1.676300048828125 1.523730700150425e-06
1.677300048828125 1.6650539362199346e-06
1.678300048828125 1.728074400382174e-06
1.679300048828125 2.8151271013981215e-06
1.680300048828125 1.5552605892195156e-06
1.681300048828125 1.4885155659545365e-06
1.682300048828125 2.30074555111256e-06
1.683300048828125 1.898478759191756e-06
1.684300048828125 2.516668761874823e-06
1.685300048828125 2.084908322105869e-06
1.686300048828125 1.9283551038965034e-06
1.687300048828125 2.3690894673907277e-06
1.688300048828125 2.6646205880684216e-06
1.689300048828125 1.9534710283092237e-06
1.690300048828125 3.081715551755285e-06
1.691300048828125 2.431842366941384e-06
1.692300048828125 3.3207046216048636e-06
1.693300048828125 2.9916456072710897e-06
1.694300048828125 1.5353064576609715e-06
1.695300048828125 3.3083426723574563e-06
1.696300048828125 1.4723331360991933e-06
1.697300048828125 3.8181445081759245e-06
1.698300048828125 2.400247412779296e-06
1.699300048828125 2.8870707556110514e-06
1.700300048828125 2.8100374297453847e-06
1.701300048828125 3.587641473551155e-06
1.702300048828125 4.30398986373356e-06
1.703300048828125 2.64184747746657e-06
1.704300048828125 2.9624085874490555e-06
1.705300048828125 4.1989171957824394e-06
1.706300048828125 3.149043180911835e-06
1.707300048828125 2.8443454246327832e-06
1.708300048828125 3.3449131454519354e-06
1.709300048828125 2.711702222177534e-06
1.710300048828125 2.711437663304937e-06
1.711300048828125 3.6047795780558233e-06
1.712300048828125 3.81647573760101e-06
1.713300048828125 2.488556158419939e-06
1.714300048828125 2.9154696585123534e-06
1.715300048828125 2.844214025626499e-06
1.716300048828125 3.233178298578446e-06
1.717300048828125 3.1456013882527398e-06
1.718300048828125 3.0756900092152558e-06
1.719300048828125 3.3806499573835417e-06
1.720300048828125 2.109416037101532e-06
1.721300048828125 2.5810116313328356e-06
1.722300048828125 4.435002019747282e-06
1.723300048828125 3.6427612521483736e-06
1.724300048828125 3.8146774372724493e-06
1.725300048828125 3.1761978375930267e-06
1.726300048828125 3.83664561388534e-06
1.727300048828125 4.487498065596766e-06
1.728300048828125 3.939335942880934e-06
1.729300048828125 4.023195044322341e-06
1.730300048828125 3.3615078697950188e-06
1.731300048828125 3.728012795459494e-06
1.732300048828125 4.424208510305939e-06
1.733300048828125 2.99869585906649e-06
1.734300048828125 4.396587134305246e-06
1.735300048828125 2.8645416884331158e-06
1.736300048828125 4.711602183922796e-06
1.737300048828125 2.8838576360462693e-06
1.738300048828125 3.6153996621406316e-06
1.739300048828125 2.875362633221262e-06
1.740300048828125 3.384076939481712e-06
1.741300048828125 2.8689086960525414e-06
1.742300048828125 2.4442853588981383e-06
1.743300048828125 4.637345196610969e-06
1.744300048828125 3.982491991700337e-06
1.745300048828125 2.233337142774907e-06
1.746300048828125 2.704115472889049e-06
1.747300048828125 3.97699751793014e-06
1.748300048828125 3.327491681277397e-06
1.749300048828125 2.3469467433559344e-06
1.750300048828125 2.4233257745927666e-06
1.751300048828125 1.6284856784432124e-06
1.752300048828125 3.173034034434662e-06
1.753300048828125 2.223865736456667e-06
1.754300048828125 2.127355384294612e-06
1.755300048828125 2.663518648710764e-06
1.756300048828125 3.224803100404398e-06
1.757300048828125 3.345639436431747e-06
1.758300048828125 2.3290273251336347e-06
1.759300048828125 2.5180724489901926e-06
1.760300048828125 3.336404571183353e-06
1.761300048828125 4.137320154695992e-06
1.762300048828125 3.2347344526020534e-06
1.763300048828125 2.3863087550817726e-06
1.764300048828125 2.7166542807408594e-06
1.765300048828125 2.5614343883056853e-06
1.766300048828125 2.7514299457059407e-06
1.767300048828125 3.1766929204397555e-06
1.768300048828125 3.7914866585478305e-06
1.769300048828125 1.763731752346814e-06
1.770300048828125 4.4355178998854035e-06
1.771300048828125 3.0518141274105944e-06
1.772300048828125 2.386094022552883e-06
1.773300048828125 3.2089129182605494e-06
1.774300048828125 3.5212086762537075e-06
1.775300048828125 3.7604798786691174e-06
1.776300048828125 4.045746623501885e-06
1.777300048828125 5.087597976760192e-06
1.778300048828125 3.8516292244274575e-06
1.779300048828125 3.5984991477788247e-06
1.780300048828125 3.2299793375000187e-06
1.781300048828125 4.4765716836631e-06
1.782300048828125 3.6588129309471634e-06
1.783300048828125 3.4205295915005384e-06
1.784300048828125 2.2077262381301815e-06
1.785300048828125 4.606976833371988e-06
1.786300048828125 5.028000456053991e-06
1.787300048828125 4.357038622830381e-06
1.788300048828125 3.210761294124887e-06
1.789300048828125 3.798054042959943e-06
1.790300048828125 2.8135324685481174e-06
1.791300048828125 5.567302931092741e-06
1.792300048828125 5.028486169798783e-06
1.793300048828125 3.058071757832842e-06
1.794300048828125 4.034214562890672e-06
1.795300048828125 4.750926185235153e-06
1.796300048828125 4.837508626210605e-06
1.797300048828125 3.2765429596463094e-06
1.798300048828125 3.873266025807261e-06
1.799300048828125 3.906120976020464e-06
1.800300048828125 4.539467237235814e-06
1.801300048828125 4.6135680965510064e-06
1.802300048828125 3.6997583017863417e-06
1.803300048828125 4.23554847241881e-06
1.804300048828125 3.20872976248339e-06
1.805300048828125 2.8221209019557123e-06
1.806300048828125 3.1744200592084e-06
1.807300048828125 4.932155960201481e-06
1.808300048828125 3.412045015566593e-06
1.809300048828125 2.904691844613663e-06
1.810300048828125 3.284297555936645e-06
1.811300048828125 3.4993868634540747e-06
1.812300048828125 3.349526332638404e-06
1.813300048828125 5.242079071338105e-06
1.814300048828125 4.116247126484151e-06
1.815300048828125 5.430362858916937e-06
1.816300048828125 4.509216709062228e-06
1.817300048828125 4.588668788644808e-06
1.818300048828125 3.485004380968682e-06
1.819300048828125 4.372598392538521e-06
1.820300048828125 3.108062541249233e-06
1.821300048828125 3.4386890997562045e-06
1.822300048828125 3.0237825443705133e-06
1.823300048828125 3.4746451989769017e-06
1.824300048828125 2.432615219450995e-06
1.825300048828125 5.053364168694697e-06
1.826300048828125 3.5245009064267458e-06
1.827300048828125 3.3771577940998152e-06
1.828300048828125 3.737306575988711e-06
1.829300048828125 5.738968620166375e-06
1.830300048828125 4.083053918944266e-06
1.831300048828125 4.968974849839169e-06
1.832300048828125 4.824299675404802e-06
1.833300048828125 4.629883060071863e-06
1.834300048828125 6.669604096079451e-06
1.835300048828125 4.435525095346594e-06
1.836300048828125 4.3533044326996275e-06
1.837300048828125 5.193921112530295e-06
1.838300048828125 3.5867780301647236e-06
1.839300048828125 6.7941466512323875e-06
1.840300048828125 3.98023685826591e-06
1.841300048828125 5.11395284656368e-06
1.842300048828125 3.393338060714108e-06
1.843300048828125 4.53798355697794e-06
1.844300048828125 3.7448774789351982e-06
1.845300048828125 3.509043666986239e-06
1.846300048828125 5.35082078980876e-06
1.847300048828125 3.075703958492645e-06
1.848300048828125 4.575811351051158e-06
1.849300048828125 2.841823819134908e-06
1.850300048828125 4.333840761604239e-06
1.851300048828125 4.269793879385936e-06
1.852300048828125 3.6486649210459837e-06
1.853300048828125 4.428599015050197e-06
1.854300048828125 3.260870470568272e-06
1.855300048828125 2.25979526132572e-06
1.856300048828125 5.199938752875279e-06
1.857300048828125 2.255385165711122e-06
1.858300048828125 4.666187699461317e-06
1.859300048828125 3.4185910589067976e-06
1.860300048828125 2.312790762316605e-06
1.861300048828125 5.935137810531052e-06
1.862300048828125 1.6892273707627805e-06
1.863300048828125 5.4377939997508886e-06
1.864300048828125 3.0140848918542916e-06
1.865300048828125 2.7161811181486063e-06
1.866300048828125 3.7443774524155946e-06
1.867300048828125 3.227357521880633e-06
1.868300048828125 3.969047420857337e-06
1.869300048828125 4.742225026326301e-06
1.870300048828125 2.741426012399676e-06
1.871300048828125 3.829789887249101e-06
1.872300048828125 3.936454878137845e-06
1.873300048828125 4.593482742497038e-06
1.874300048828125 2.202380126868255e-06
1.875300048828125 3.91053449452717e-06
1.876300048828125 3.0550806432908584e-06
1.877300048828125 3.5950567746668527e-06
1.878300048828125 4.287388913136883e-06
1.879300048828125 3.81588329866618e-06
1.880300048828125 5.371147111805084e-06
1.881300048828125 3.141534315235994e-06
1.882300048828125 5.086849691327184e-06
1.883300048828125 3.1993611298656035e-06
1.884300048828125 3.950291536570759e-06
1.885300048828125 6.153060379546071e-06
1.886300048828125 5.331676259791833e-06
1.887300048828125 5.159627112615291e-06
1.888300048828125 6.822209941415383e-06
1.889300048828125 3.6807387069064377e-06
1.890300048828125 6.710831832645536e-06
1.891300048828125 4.629719142686448e-06
1.892300048828125 4.482128426561897e-06
1.893300048828125 6.629830450530392e-06
1.894300048828125 5.180735941858836e-06
1.895300048828125 5.0393109449186446e-06
1.896300048828125 5.579545546474217e-06
1.897300048828125 4.6131759447601106e-06
1.898300048828125 5.205774704203363e-06
1.899300048828125 4.846293054474373e-06
1.900300048828125 4.566152923192985e-06
1.901300048828125 4.952127126932435e-06
1.902300048828125 4.967885417941879e-06
1.903300048828125 6.067243504340549e-06
1.904300048828125 4.6265039376064035e-06
1.905300048828125 5.047900650743802e-06
1.906300048828125 3.7744569520478406e-06
1.907300048828125 3.277353981429123e-06
1.908300048828125 4.574139164320122e-06
1.909300048828125 4.790637608997296e-06
1.910300048828125 3.6392474270898266e-06
1.911300048828125 3.5379142315928008e-06
1.912300048828125 6.065219625849423e-06
1.913300048828125 2.950294593099079e-06
1.914300048828125 3.4720221241499136e-06
1.915300048828125 4.070131372488534e-06
1.916300048828125 3.5013912510464396e-06
1.917300048828125 2.357633940865037e-06
1.918300048828125 4.659589549356198e-06
1.919300048828125 1.973537826307642e-06
1.920300048828125 4.079282292285745e-06
1.921300048828125 9.829750479173839e-07
1.922300048828125 3.466455752053115e-06
1.923300048828125 4.306732046749736e-06
1.924300048828125 4.964974618291282e-06
1.925300048828125 2.4250108408646254e-06
1.926300048828125 4.989094476059168e-06
1.927300048828125 2.0779533093458454e-06
1.928300048828125 2.9448651168368e-06
1.929300048828125 4.350581373513093e-06
1.930300048828125 2.4785353479377833e-06
1.931300048828125 3.4127024823864256e-06
1.932300048828125 1.5095438870284393e-06
1.933300048828125 4.578524512678253e-06
1.934300048828125 2.049919185596963e-06
1.935300048828125 4.414591086826593e-06
1.936300048828125 4.631769009155541e-07
1.937300048828125 4.993306644375917e-06
1.938300048828125 3.589797202141825e-06
1.939300048828125 2.824227052231095e-06
1.940300048828125 1.3004710749592201e-06
1.941300048828125 2.8412172848383348e-06
1.942300048828125 2.2308396690365936e-06
1.943300048828125 2.568899582772192e-06
1.944300048828125 3.5826921221507164e-06
1.945300048828125 2.3592800098213626e-06
1.946300048828125 2.891293401749168e-06
1.947300048828125 5.146407336266474e-06
1.948300048828125 2.0884382951611403e-06
1.949300048828125 5.438686536988431e-06
1.950300048828125 2.5516424061346458e-06
1.951300048828125 4.99829858730452e-06
1.952300048828125 1.620432597860685e-06
1.953300048828125 4.234549362811856e-06
1.954300048828125 1.346481445501505e-06
1.955300048828125 1.6574392898127306e-06
1.956300048828125 3.852035037605198e-06
1.957300048828125 4.887712372540292e-06
1.958300048828125 2.592616769357482e-06
1.959300048828125 4.492528367770183e-06
1.960300048828125 4.569809197791208e-06
1.961300048828125 3.701106974438619e-06
1.962300048828125 3.7626561187514405e-06
1.963300048828125 3.5034955362694775e-06
1.964300048828125 3.5626804501428727e-06
1.965300048828125 4.435582404402221e-06
1.966300048828125 4.2729916552609864e-06
1.967300048828125 2.6036115843859735e-06
1.968300048828125 3.6067224631435077e-06
1.969300048828125 3.59218370898375e-06
1.970300048828125 2.257508250206961e-06
1.971300048828125 3.3416871328655686e-06
1.972300048828125 3.483918095313908e-06
1.973300048828125 3.602837343052164e-06
1.974300048828125 3.67256424122662e-06
1.975300048828125 2.5766238249072685e-06
1.976300048828125 3.4078028234732415e-06
1.977300048828125 3.3001439227341966e-06
1.978300048828125 3.8874596525048564e-06
1.979300048828125 1.506808141405384e-06
1.980300048828125 4.780094571817145e-06
1.981300048828125 1.5248155865445094e-06
1.982300048828125 3.8103983803268527e-06
1.983300048828125 4.7723625444362236e-06
1.984300048828125 5.363056829209082e-06
1.985300048828125 2.6687000463892916e-06
1.986300048828125 1.976251927098355e-06
1.987300048828125 5.546943600626314e-06
1.988300048828125 4.521197335667347e-06
1.989300048828125 3.99601218181901e-06
1.990300048828125 4.3314839368164755e-06
1.991300048828125 1.1735207591199006e-06
1.992300048828125 3.979679847500634e-06
1.993300048828125 4.052701797830222e-06
1.994300048828125 3.7815317417844313e-06
1.995300048828125 3.7005758421315294e-06
1.996300048828125 3.871772780894861e-06
1.997300048828125 4.444437537157504e-06
1.998300048828125 3.6745145254333092e-06
1.999300048828125 2.930156336927295e-06
2.000300048828125 4.628628007701756e-06
2.001300048828125 4.234095490305616e-06
2.002300048828125 4.6910249473154e-06
2.003300048828125 5.325321774048131e-06
2.004300048828125 3.480732004163395e-06
2.005300048828125 4.902332223843313e-06
2.006300048828125 5.644343114401052e-06
2.007300048828125 7.164127046263043e-06
2.008300048828125 2.682377608472145e-06
2.009300048828125 3.804233002317862e-06
2.010300048828125 4.8137462427294995e-06
2.011300048828125 3.5279548871630063e-06
2.012300048828125 4.1049156641366005e-06
2.013300048828125 1.846907107822767e-06
2.014300048828125 2.5613473863474352e-06
2.015300048828125 4.246462632040502e-06
2.016300048828125 5.23354706122678e-06
2.017300048828125 3.112433758181749e-06
2.018300048828125 4.064001402485541e-06
2.019300048828125 4.781826288907811e-06
2.020300048828125 5.740066213543286e-06
2.021300048828125 5.127277222973981e-06
2.022300048828125 4.055234266006019e-06
2.023300048828125 3.1776134529835357e-06
2.024300048828125 5.22006011167009e-06
2.025300048828125 3.869228127490762e-06
2.026300048828125 5.477305705759881e-06
2.027300048828125 2.771719752375499e-06
2.028300048828125 6.945910461152124e-06
2.029300048828125 3.657147827443729e-06
2.030300048828125 6.275241149341353e-06
2.031300048828125 5.913090959166348e-06
2.032300048828125 4.469700652397749e-06
2.033300048828125 7.12609532449307e-06
2.034300048828125 6.379164441120867e-06
2.035300048828125 4.731693944635804e-06
2.036300048828125 3.723196154321621e-06
2.037300048828125 3.6086793860129027e-06
2.038300048828125 5.967973945963399e-06
2.039300048828125 3.87161030761774e-06
2.040300048828125 3.4531997950136453e-06
2.041300048828125 4.705294983126092e-06
2.042300048828125 1.888884037375318e-06
2.043300048828125 7.709246311244135e-06
2.044300048828125 2.614616680983577e-06
2.045300048828125 3.429780326508098e-06
2.046300048828125 3.429102830628428e-06
2.047300048828125 4.0263113159554e-06
2.048300048828125 5.560603564899344e-06
2.049300048828125 3.4958841163815475e-06
2.050300048828125 4.077848075881495e-06
2.051300048828125 4.469037270026161e-06
2.052300048828125 6.569278916932396e-06
2.053300048828125 9.565997351961512e-06
2.054300048828125 3.727759249285523e-06
2.055300048828125 5.311029957160136e-06
2.056300048828125 7.071874242306402e-06
2.057300048828125 7.111244546679944e-06
2.058300048828125 6.501638398160491e-06
2.059300048828125 7.716380976097934e-06
2.060300048828125 6.467033524563494e-06
2.061300048828125 6.233583338754774e-06
2.062300048828125 1.030142699969978e-05
2.063300048828125 8.365034417214803e-06
2.064300048828125 1.1132611562517361e-05
2.065300048828125 1.1323405213641792e-05
2.066300048828125 1.1953348932058915e-05
2.067300048828125 1.1605435921341687e-05
2.068300048828125 1.4192404934263266e-05
2.069300048828125 1.6676825268338667e-05
2.070300048828125 1.596755284460921e-05
2.071300048828125 1.820407154186916e-05
2.072300048828125 2.2194684678407213e-05
2.073300048828125 2.7759926167385633e-05
2.074300048828125 3.327500880574589e-05
2.075300048828125 3.705976470977818e-05
2.076300048828125 5.129393164781509e-05
2.077300048828125 6.0334434292775084e-05
2.078300048828125 7.13203257676184e-05
2.079300048828125 9.602800759252083e-05
2.080300048828125 0.00012006167807605123
2.081300048828125 0.00015861121746421218
2.082300048828125 0.00021511776455486868
2.083300048828125 0.0002890283551306955
2.084300048828125 0.0003927483246676398
2.085300048828125 0.0005511712731430825
2.086300048828125 0.0007881834004334478
2.087300048828125 0.0011538948812404978
2.088300048828125 0.0017068214339392878
2.089300048828125 0.002607826617856261
2.090300048828125 0.00395476175362636
2.091300048828125 0.005998047339335875
2.092300048828125 0.009203559157574322
2.093300048828125 0.013367892549397672
2.094300048828125 0.019080645916733984
2.095300048828125 0.02623901926751343
2.096300048828125 0.034837234237117015
2.097300048828125 0.04495733473311269
2.098300048828125 0.056673281146535394
2.099300048828125 0.0688729462022979
2.100300048828125 0.07911348899388124
2.101300048828125 0.08779663005090363
2.102300048828125 0.09725063582499296
2.103300048828125 0.10721254437876648
2.104300048828125 0.11912536219541389
2.105300048828125 0.13464639817115193
2.106300048828125 0.151142576835159
2.107300048828125 0.17230573713876438
2.108300048828125 0.19568786316698053
2.109300048828125 0.22301430572943814
2.110300048828125 0.253173767704666
2.111300048828125 0.2888538968788416
2.112300048828125 0.3259346273093928
2.113300048828125 0.36213769719461253
2.114300048828125 0.4005915714996812
2.115300048828125 0.4306940420044261
2.116300048828125 0.4565182881455807
2.117300048828125 0.4735759711217067
2.118300048828125 0.4900941570782365
2.119300048828125 0.49296938185560935
2.120300048828125 0.4997249207517107
2.121300048828125 0.5021304548016391
2.122300048828125 0.5036079824068838
2.123300048828125 0.5046987586197479
2.124300048828125 0.5012739277690539
2.125300048828125 0.5011278012359393
2.126300048828125 0.4967050198240367
2.127300048828125 0.4862869273225377
2.128300048828125 0.47093619435762346
2.129300048828125 0.4475234069167416
2.130300048828125 0.4123412554925752
2.131300048828125 0.3787088473325842
2.132300048828125 0.3374348324650151
2.133300048828125 0.2980340310377105
2.134300048828125 0.2607193225518108
2.135300048828125 0.2256701329158584
2.136300048828125 0.1927964554631497
2.137300048828125 0.1657259700834634
2.138300048828125 0.14506901885435766
2.139300048828125 0.12550986804212727
2.140300048828125 0.11010134504462303
2.141300048828125 0.09611407671741429
2.142300048828125 0.08231502168190638
2.143300048828125 0.06935021643463649
2.144300048828125 0.057844143136291534
2.145300048828125 0.04796368906974251
2.146300048828125 0.03841971556202794
2.147300048828125 0.030681581355027056
2.148300048828125 0.023900616645399535
2.149300048828125 0.018010753456170023
2.150300048828125 0.013295444665676594
2.151300048828125 0.009434077365195413
2.152300048828125 0.006452999047145522
2.153300048828125 0.004269934508393669
2.154300048828125 0.002807556164355553
2.155300048828125 0.00181451535882146
2.156300048828125 0.0011886969829447299
2.157300048828125 0.0008037125466988493
2.158300048828125 0.0005509162209313329
2.159300048828125 0.0003837056053247835
2.160300048828125 0.0002772909314261518
2.161300048828125 0.00020298036122700657
2.162300048828125 0.00014876172768836374
2.163300048828125 0.00011669396240595944
2.164300048828125 8.745442802434422e-05
2.165300048828125 7.124917955353508e-05
2.166300048828125 5.608985960672193e-05
2.167300048828125 4.621849790263696e-05
2.168300048828125 3.410491942814112e-05
2.169300048828125 2.7684267772933968e-05
2.170300048828125 2.4374824373035687e-05
2.171300048828125 2.592411459303697e-05
2.172300048828125 1.667481996401959e-05
2.173300048828125 1.559724836975463e-05
2.174300048828125 1.433421858982372e-05
2.175300048828125 1.4451170841626617e-05
2.176300048828125 1.1182494351920589e-05
2.177300048828125 1.1669043714866006e-05
2.178300048828125 1.0237575158839557e-05
2.179300048828125 9.180883995627616e-06
2.180300048828125 1.116464827073527e-05
2.181300048828125 9.537944691324396e-06
2.182300048828125 1.125355879893293e-05
2.183300048828125 3.009623283370212e-06
2.184300048828125 7.053103298144252e-06
2.185300048828125 6.238869861282417e-06
2.186300048828125 7.462096407581575e-06
2.187300048828125 5.476053615645574e-06
2.188300048828125 4.957411106760571e-06
2.189300048828125 3.582692103393019e-06
2.190300048828125 9.011401468095571e-06
2.191300048828125 8.338803604226965e-06
2.192300048828125 6.83816171890651e-06
2.193300048828125 3.337490156963585e-06
2.194300048828125 8.19880739747049e-06
2.195300048828125 5.022462683746789e-06
2.196300048828125 5.626819262465411e-06
2.197300048828125 6.766413231189483e-06
2.198300048828125 8.151726200472968e-06
2.199300048828125 4.899078338740742e-06
2.200300048828125 6.9505848107606014e-06
2.201300048828125 4.233714893687955e-06
2.202300048828125 9.127209331810408e-06
2.203300048828125 8.4560634053481e-06
2.204300048828125 6.908512004550564e-06
2.205300048828125 6.927778027654851e-06
2.206300048828125 7.112909150991755e-06
2.207300048828125 4.294308939478365e-06
2.208300048828125 7.063411629783477e-06
2.209300048828125 6.2598670746463215e-06
2.210300048828125 3.0349487645299367e-06
2.211300048828125 6.5311395303624954e-06
2.212300048828125 9.66202414757863e-06
2.213300048828125 2.9299787448963966e-06
2.214300048828125 1.0217108030899638e-05
2.215300048828125 5.121731477670692e-06
2.216300048828125 7.108243184877998e-06
2.217300048828125 5.780959216781785e-06
2.218300048828125 1.5493662512026737e-05
2.219300048828125 1.3176518622115204e-05
2.220300048828125 3.0944200235653423e-06
2.221300048828125 8.860862667623486e-06
2.222300048828125 6.7588422976930966e-06
2.223300048828125 1.042427181880101e-05
2.224300048828125 5.119897652861512e-06
2.225300048828125 8.394388686876203e-06
2.226300048828125 6.913188312933104e-06
2.227300048828125 7.786127421718025e-06
2.228300048828125 1.4422694405629307e-06
2.229300048828125 1.2819799203136533e-05
2.230300048828125 8.004276879942022e-06
2.231300048828125 1.278635638695092e-05
2.232300048828125 6.519098808468237e-06
2.233300048828125 7.462626010546756e-06
2.234300048828125 2.075326097475126e-06
2.235300048828125 8.26474037187458e-06
2.236300048828125 5.9269834243684045e-06
2.237300048828125 8.90724018154411e-06
2.238300048828125 5.074650435986836e-06
2.239300048828125 1.1886260718978161e-05
2.240300048828125 9.960338539183467e-06
2.241300048828125 1.2376134804410654e-05
2.242300048828125 1.3524159050373342e-05
2.243300048828125 5.48418898488943e-06
2.244300048828125 6.504826909782151e-06
2.245300048828125 1.638233626014455e-05
2.246300048828125 1.2454933985668587e-05
2.247300048828125 9.278960346776462e-06
2.248300048828125 6.326843658960197e-06
2.249300048828125 1.2673693539498828e-05
2.250300048828125 1.404999267728243e-05
2.251300048828125 1.316175667001717e-05
2.252300048828125 5.082260831704582e-06
2.253300048828125 1.003938777692289e-05
2.254300048828125 4.197176269007037e-06
2.255300048828125 8.18744275207377e-06
2.256300048828125 1.1352356051309701e-05
2.257300048828125 5.011359924787539e-11
2.258300048828125 8.167081947029332e-06
2.259300048828125 8.609618571276432e-06
2.260300048828125 7.093445400433894e-06
2.261300048828125 6.570875133192749e-06
2.262300048828125 8.41111638284481e-06
2.263300048828125 9.472817191739818e-06
2.264300048828125 1.9389294115062234e-05
2.265300048828125 4.3071489315638465e-06
2.266300048828125 9.54643826174376e-06
2.267300048828125 7.855932829212146e-06
2.268300048828125 4.1171863231828725e-06
2.269300048828125 8.578009071987503e-06
2.270300048828125 9.64549717334692e-06
2.271300048828125 5.107995148516394e-06
2.272300048828125 1.3890047742257846e-05
2.273300048828125 1.0319927480806756e-05
2.274300048828125 1.2588223658886425e-05
2.275300048828125 1.4872800332919174e-05
2.276300048828125 5.625643789167485e-06
2.277300048828125 4.354278398846739e-06
2.278300048828125 1.095802910391166e-05
2.279300048828125 8.118895093063011e-06
2.280300048828125 7.841077394695997e-06
2.281300048828125 7.1020442771930375e-06
2.282300048828125 8.160370736872535e-06
2.283300048828125 7.143350157472053e-06
2.284300048828125 5.618230056591164e-06
2.285300048828125 6.438839599121834e-06
2.286300048828125 8.959785417946098e-06
2.287300048828125 1.7647100588859616e-06
2.288300048828125 7.732195415423638e-06
2.289300048828125 8.011769643307312e-06
2.290300048828125 9.362707976902275e-06
2.291300048828125 7.867229158648635e-06
2.292300048828125 3.1674281166925116e-06
2.293300048828125 3.094109267618414e-06
2.294300048828125 8.485041157659293e-06
2.295300048828125 6.046929440969793e-06
2.296300048828125 4.233757396697355e-06
2.297300048828125 3.964167536937099e-06
2.298300048828125 1.0688367792244889e-06
2.299300048828125 6.428990646750372e-06
2.300300048828125 5.676997890485178e-06
2.301300048828125 3.8799333649124165e-06
2.302300048828125 1.1344199172662136e-06
2.303300048828125 5.662937665705102e-06
2.304300048828125 3.7227668738556343e-06
2.305300048828125 2.4240592577023425e-06
2.306300048828125 4.2507389083042e-06
2.307300048828125 4.039155007747798e-06
2.308300048828125 3.918050960788012e-06
2.309300048828125 2.226192399303719e-06
2.310300048828125 1.9919055355417134e-06
2.311300048828125 3.899128336384743e-06
2.312300048828125 3.2839998478749162e-06
2.313300048828125 4.6162295352872865e-06
2.314300048828125 2.2051275021788683e-06
2.315300048828125 2.72213855303995e-06
2.316300048828125 2.1202970861760194e-06
2.317300048828125 3.763403230479441e-07
2.318300048828125 2.9131656456964747e-06
2.319300048828125 1.7055092217692585e-06
2.320300048828125 2.450249232970486e-06
2.321300048828125 6.13628074997946e-07
2.322300048828125 1.2753537973663457e-06
2.323300048828125 1.6076052307141493e-06
2.324300048828125 8.397970181518172e-07
2.325300048828125 6.815132775598696e-07
2.326300048828125 1.4407750016526206e-06
2.327300048828125 1.538719629243932e-06
2.328300048828125 1.4701138016886491e-06
2.329300048828125 1.1224152010074842e-06
2.330300048828125 3.6980739991603637e-07
2.331300048828125 3.3916212549349292e-06
2.332300048828125 2.2380079796002557e-06
2.333300048828125 1.5605907108259186e-06
2.334300048828125 1.9833061926570373e-06
2.335300048828125 1.700908677345049e-06
2.336300048828125 1.2617816689987155e-06
2.337300048828125 1.5686106929856335e-06
2.338300048828125 1.0128176359956783e-06
2.339300048828125 9.655684026856768e-07
2.340300048828125 7.114438340147187e-07
2.341300048828125 3.643474563379036e-07
2.342300048828125 1.0848967535710878e-06
2.343300048828125 1.4248458265323353e-06
2.344300048828125 1.3599088759563478e-06
2.345300048828125 8.672655252048111e-07
2.346300048828125 3.9613298031685904e-07
2.347300048828125 1.343813260567675e-06
2.348300048828125 7.60134081533073e-07
2.349300048828125 1.291252182224227e-06
2.350300048828125 1.0889081330348396e-06
2.351300048828125 5.862602785702305e-07
2.352300048828125 8.078597892908732e-07
2.353300048828125 8.777828715477775e-07
2.354300048828125 1.1141145716494488e-06
2.355300048828125 7.6289113480457e-07
2.356300048828125 9.338547290842733e-07
2.357300048828125 8.531062398196891e-07
2.358300048828125 5.243117177870946e-07
2.359300048828125 1.0320884871394696e-06
2.360300048828125 8.288723374487802e-07
2.361300048828125 4.3962532749910396e-07
2.362300048828125 7.402859993952212e-07
2.363300048828125 8.748794138550909e-07
2.364300048828125 5.008160342609136e-07
2.365300048828125 4.6594193922150906e-07
2.366300048828125 6.061343157619616e-07
2.367300048828125 5.990622152043861e-07
2.368300048828125 4.243437607216847e-07
2.369300048828125 3.1319267915612505e-07
2.370300048828125 2.2180266581976901e-07
2.371300048828125 7.222166598990431e-08
2.372300048828125 1.5348613548928926e-07
2.373300048828125 1.7173660143111992e-07
2.374300048828125 1.923556944159677e-07
2.375300048828125 1.0244358837402713e-07
2.376300048828125 9.714826835680738e-08
2.377300048828125 1.1359918338559196e-07
2.378300048828125 1.442729467516381e-07
2.379300048828125 1.370053247896175e-07
2.380300048828125 1.0218130755355686e-07
2.381300048828125 1.5612213526262803e-07
2.382300048828125 1.4779996943458924e-07
2.383300048828125 4.9760997040782665e-08
2.384300048828125 7.449503474379558e-08
2.385300048828125 5.4149204380009e-08
2.386300048828125 1.1495200255464354e-07
2.387300048828125 5.520670811180215e-08
2.388300048828125 5.33826765755618e-08
2.389300048828125 6.988727478935285e-08
2.390300048828125 6.012543971774714e-08
2.391300048828125 5.892828767847378e-08
2.392300048828125 2.014027718679798e-08
2.393300048828125 3.05757696334469e-08
2.394300048828125 3.447390020387024e-08
2.395300048828125 4.3611725566793806e-08
2.396300048828125 3.186993269937389e-08
2.397300048828125 3.781102506220018e-08
2.398300048828125 1.9984422820495032e-08
2.399300048828125 2.5744608527724053e-08
2.400300048828125 1.8989032493486824e-08
2.401300048828125 2.8955833660118244e-08
2.402300048828125 2.1182780891087152e-08
2.403300048828125 1.3899775244955896e-08
2.404300048828125 1.8699272538325703e-08
2.405300048828125 1.3190391338488755e-08
2.406300048828125 1.3611978360892291e-08
2.407300048828125 9.64180807961809e-09
2.408300048828125 9.834241851609891e-09
2.409300048828125 1.0218293733325569e-08
2.410300048828125 8.521618506635991e-09
2.411300048828125 6.607287054034952e-09
2.412300048828125 3.741378156013749e-09
2.413300048828125 6.063409114588754e-09
2.414300048828125 2.974114734842673e-09
2.415300048828125 4.549827185882787e-09
2.416300048828125 4.807602993586066e-09
2.417300048828125 2.504709149334955e-09
2.418300048828125 3.663327000969706e-09
2.419300048828125 2.3410731576729284e-09
2.420300048828125 1.6141579706234483e-09
2.421300048828125 2.382190006890087e-09
2.422300048828125 1.9248485910177996e-09
2.423300048828125 1.617115773685508e-09
2.424300048828125 1.2053545018415474e-09
2.425300048828125 6.948950246517069e-10
2.426300048828125 1.047795919349023e-09
2.427300048828125 4.014475283021841e-10
2.428300048828125 1.0563642870505208e-09
2.429300048828125 7.612875393754943e-10
2.430300048828125 4.944608322186326e-10
2.431300048828125 7.311093403132515e-10
2.432300048828125 1.9533024731061206e-10
2.433300048828125 2.638421908015095e-10
2.434300048828125 4.611932003494094e-10
2.435300048828125 4.842702254774544e-10
2.436300048828125 2.5837965968228595e-10
2.437300048828125 3.1582488942423356e-10
2.438300048828125 2.1828173591717114e-10
2.439300048828125 9.88291057992391e-11
2.440300048828125 1.3318240717204077e-10
2.441300048828125 2.1579190174726604e-10
2.442300048828125 1.7663754528931192e-10
2.443300048828125 8.930569256379141e-11
2.444300048828125 3.367986465580364e-11
2.445300048828125 9.057421353174733e-11
2.446300048828125 4.360744418889028e-11
2.447300048828125 2.0424891677331592e-11
2.448300048828125 2.721223568374272e-11
2.449300048828125 3.0101452026664654e-11
2.450300048828125 3.1170737614472934e-11
2.451300048828125 3.440475326180691e-11
2.452300048828125 3.882770703161984e-11
2.453300048828125 2.590762748206571e-11
2.454300048828125 2.3763906337359768e-11
2.455300048828125 3.9855179422633013e-11
2.456300048828125 3.752270637634847e-11
2.457300048828125 9.518819221468127e-12
2.458300048828125 5.31963879999847e-11
2.459300048828125 2.5844565401927803e-11
2.460300048828125 2.24763558417524e-11
2.461300048828125 2.7609371994844934e-11
2.462300048828125 2.320753148615505e-11
2.463300048828125 2.294322280427561e-11
2.464300048828125 1.490196877562551e-11
2.465300048828125 2.766245433781111e-12
2.466300048828125 9.980388094896438e-12
2.467300048828125 1.4123109132179908e-11
2.468300048828125 1.3582366255604172e-11
2.469300048828125 1.1360868915282862e-11
2.470300048828125 1.1699166242559437e-11
2.471300048828125 1.2834955887099977e-11
2.472300048828125 1.1027063041445585e-11
2.473300048828125 1.3817499425843114e-11
2.474300048828125 6.091634019207165e-12
2.475300048828125 1.1601720903113804e-11
2.476300048828125 9.463037106980568e-12
2.477300048828125 9.47668266543383e-12
2.478300048828125 9.365280010402864e-12
2.479300048828125 4.920437849138675e-12
2.480300048828125 2.6457010439912907e-12
2.481300048828125 5.803327918537428e-12
2.482300048828125 3.826468955695806e-12
2.483300048828125 1.4973051078796876e-12
2.484300048828125 2.438551903541908e-12
2.485300048828125 2.751051704458471e-12
2.486300048828125 3.2474519186906142e-12
2.487300048828125 3.880973711274524e-12
2.488300048828125 2.8706035226046194e-12
2.489300048828125 2.6876173592195817e-12
2.490300048828125 2.0089720335547795e-12
2.491300048828125 2.269000953365524e-12
2.492300048828125 1.134091991215399e-12
2.493300048828125 1.3896786180743374e-12
2.494300048828125 1.4918147177140675e-12
2.495300048828125 5.959912612171476e-13
2.496300048828125 1.0660633169128915e-12
2.497300048828125 1.03521485175871e-12
2.498300048828125 6.695725323272543e-13
2.499300048828125 8.280487080689238e-13
2.500300048828125 9.460521918057558e-13
2.501300048828125 5.820714610203885e-13
2.502300048828125 7.551541992788911e-13
2.503300048828125 7.678455153378383e-13
2.504300048828125 5.007705932326319e-13
2.505300048828125 5.87949455779324e-13
2.506300048828125 2.7777951749805465e-13
2.507300048828125 4.718684969549046e-13
2.508300048828125 3.055249031038203e-13
2.509300048828125 1.4676223648624508e-13
2.510300048828125 1.6606484717290884e-13
2.511300048828125 2.444709516078463e-13
2.512300048828125 9.565219312512485e-14
2.513300048828125 1.265533293338854e-13
2.514300048828125 1.282636296394697e-13
2.515300048828125 1.3374859567475142e-13
2.516300048828125 1.1922416489513107e-13
2.517300048828125 1.0111020671625707e-13
2.518300048828125 6.822691257971422e-14
2.519300048828125 6.152638587782814e-14
2.520300048828125 7.70867075376821e-14
2.521300048828125 4.919087042437051e-14
2.522300048828125 3.3739449310800735e-14
2.523300048828125 8.72823936190846e-14
2.524300048828125 3.2337010691073354e-14
2.525300048828125 3.308738876773426e-14
2.526300048828125 5.738553340719856e-14
2.527300048828125 3.6633029594963976e-14
2.528300048828125 3.522330639172503e-14
2.529300048828125 3.226101389591555e-14
2.530300048828125 4.857842646738492e-14
2.531300048828125 2.1585333024475754e-14
2.532300048828125 4.4580691177560555e-14
2.533300048828125 2.7022974408688967e-14
2.534300048828125 2.2354882122262903e-14
2.535300048828125 2.658574586265516e-14
2.536300048828125 2.0107183849638518e-14
2.537300048828125 3.0662684159354063e-14
2.538300048828125 1.7761704345139373e-14
2.539300048828125 1.3183808738629204e-14
2.540300048828125 1.2955757280211588e-14
2.541300048828125 1.6810406557277227e-14
2.542300048828125 2.90187573306795e-15
2.543300048828125 1.2507432284486902e-14
2.544300048828125 1.1677598072285219e-14
2.545300048828125 1.0860181103133559e-14
2.546300048828125 5.359015096154245e-15
2.547300048828125 1.810484193860842e-15
2.548300048828125 7.64697393583352e-15
2.549300048828125 2.0299582150624583e-15
2.550300048828125 4.7160319173180945e-15
2.551300048828125 2.923872302394407e-15
2.552300048828125 3.0048617003389914e-15
2.553300048828125 2.4157683943092195e-15
2.554300048828125 6.068034503545731e-15
2.555300048828125 1.6211626565516577e-15
2.556300048828125 1.8508888652109708e-15
2.557300048828125 4.1768240101465064e-15
2.558300048828125 1.08488476661737e-15
2.559300048828125 2.6746104130970717e-15
2.560300048828125 2.1260291051453765e-15
2.561300048828125 1.509947189764651e-15
2.562300048828125 1.902204189050479e-15
2.563300048828125 2.897555841320904e-16
2.564300048828125 1.5713587586233066e-15
2.565300048828125 4.393618011391525e-16
2.566300048828125 8.956344402548527e-16
2.567300048828125 3.1168468654174794e-16
2.568300048828125 1.1729643663517779e-15
2.569300048828125 7.204092547284351e-16
2.570300048828125 5.406704662976027e-16
2.571300048828125 3.1290508334231845e-16
2.572300048828125 3.3237943208876064e-16
2.573300048828125 4.864752881287044e-16
2.574300048828125 3.516172345861546e-16
2.575300048828125 2.1192228209022523e-16
2.576300048828125 2.4885466169571113e-16
2.577300048828125 1.345426434718148e-16
2.578300048828125 3.4677146090847613e-16
2.579300048828125 2.1596151877428122e-16
2.580300048828125 5.158943796454923e-16
2.581300048828125 4.041134897839733e-16
2.582300048828125 8.762822583814132e-17
2.583300048828125 2.2563247599864804e-16
2.584300048828125 1.4421706972753875e-16
2.585300048828125 1.351705485880342e-16
2.586300048828125 2.1325464403090781e-16
2.587300048828125 1.1432009462207038e-16
2.588300048828125 9.06719555015265e-17
2.589300048828125 1.127989375813938e-16
2.590300048828125 8.272522011528539e-17
2.591300048828125 8.261994794780395e-17
2.592300048828125 3.811809696111443e-17
2.593300048828125 6.260275175534348e-17
2.594300048828125 4.007007143132032e-17
2.595300048828125 3.4619589775007923e-17
2.596300048828125 2.467608426552814e-17
2.597300048828125 2.5865898555500844e-17
2.598300048828125 1.5540785009988464e-17
