Wavelength_microns Throughput
2.298648794999999 0.0
2.2998497609999995 0.0
2.301050727 2.3794192099295887e-06
2.302251693 2.6785013213583914e-06
2.303452659 3.0060022023349014e-06
2.304653625 3.3890452942816184e-06
2.3058545909999997 3.8020683747614663e-06
2.307055557 4.611562061103843e-06
2.308256523 5.153563807469328e-06
2.309457488 5.806134112451366e-06
2.310658454 6.564568885986876e-06
2.3118594199999998 7.403013465091485e-06
2.313060386 9.227069559882265e-06
2.314261352 1.0499013096162376e-05
2.315462318 1.1992482539681489e-05
2.316663284 1.37461814055842e-05
2.31786425 1.5761456517240044e-05
2.319065216 2.0061654856449093e-05
2.3202661819999997 2.293804597423374e-05
2.321467148 2.629917306871144e-05
2.322668114 3.01143922284893e-05
2.32386908 3.430177367207751e-05
2.325070046 4.267803267918261e-05
2.3262710120000003 4.797484040871748e-05
2.327471977 5.392156918924073e-05
2.328672943 6.0723768483096814e-05
2.329873909 6.824952043136965e-05
2.3310748749999997 8.18105909186429e-05
2.332275841 9.155285027803352e-05
2.333476807 0.00010293265502369576
2.3346777729999997 0.00011648346133415664
2.3358787390000004 0.00013207475726209245
2.3370797050000003 0.00015673861456905015
2.338280671 0.00017867193768155955
2.339481637 0.0002037910901689008
2.3406826030000003 0.00023285031815543821
2.341883569 0.00026623281009557437
2.343084535 0.0003088836773384294
2.344285501 0.00035330395332906897
2.3454864659999997 0.00040566698296801585
2.346687432 0.0004671068150561536
2.3478883980000003 0.0005393047864939834
2.349089364 0.0006285901641704088
2.35029033 0.0007340445630822673
2.3514912960000003 0.0008615407800256641
2.352692262 0.0010159180200338255
2.353893228 0.0012026757481325475
2.355094194 0.0014457529485192504
2.35629516 0.001724868861397886
2.357496126 0.0020595661411673145
2.358697092 0.002457024661450846
2.359898058 0.0029248972815478585
2.361099024 0.0035454826427498217
2.3622999890000003 0.004188742550978993
2.363500955 0.004916545858898244
2.364701921 0.005727049950840156
2.3659028870000003 0.0066159134633704455
2.367103853 0.0077382149170099985
2.368304819 0.008773706206907188
2.369505785 0.009860967658473047
2.370706751 0.010992522896286615
2.371907717 0.012165919857369211
2.373108683 0.013525226568685836
2.3743096489999997 0.014776420264550984
2.375510615 0.015980148724008554
2.376711581 0.01729177309319498
2.3779125469999998 0.018727291440301837
2.3791135129999996 0.020346042124463382
2.380314478 0.022139241528423146
2.381515444 0.02417687134053658
2.38271641 0.026515714760336526
2.383917376 0.02921712262595114
2.385118342 0.032378867843621595
2.386319308 0.03602665558341492
2.387520274 0.04029584306868295
2.3887212399999997 0.04530097642761787
2.389922206 0.05117189289784164
2.391123172 0.058090136571225165
2.3923241379999998 0.06613537936475798
2.3935251039999996 0.07548996291192091
2.3947260700000004 0.08628662158348495
2.3959270360000002 0.09862114529516507
2.397128002 0.11259514837544522
2.398328967 0.12801795200826213
2.3995299329999997 0.14476571031784913
2.400730899 0.16253009748349234
2.401931865 0.18089179159595548
2.4031328309999997 0.1994554365367825
2.4043337969999996 0.21742617356595872
2.405534763 0.23436774836357796
2.406735729 0.24979748539437002
2.407936695 0.26335345833915697
2.4091376610000004 0.27499250459569596
2.4103386270000002 0.28434126604915855
2.411539593 0.29165394620920787
2.412740559 0.29714575636704044
2.4139415250000003 0.3011099309943981
2.415142491 0.30404662793663884
2.416343456 0.30593022728758207
2.4175444219999997 0.30721904452032
2.4187453879999996 0.3081480189331317
2.4199463540000004 0.3088991769818578
2.42114732 0.30977733601748075
2.422348286 0.3105268502137998
2.423549252 0.31136828175618764
2.4247502180000002 0.312322414316989
2.425951184 0.31338985009501463
2.42715215 0.3147237536193474
2.4283531160000003 0.31595392039189646
2.429554082 0.31721811724530574
2.430755048 0.31848404772033906
2.431956014 0.31971900573316586
2.43315698 0.3210678147104049
2.4343579450000004 0.3221704216056098
2.435558911 0.32318268944070233
2.436759877 0.32409676696289025
2.437960843 0.324913365170059
2.4391618090000002 0.3258101581783147
2.440362775 0.326459167857047
2.441563741 0.3270431413567978
2.442764707 0.32757962384556016
2.443965673 0.32808935364202113
2.445166639 0.32875838235384974
2.446367605 0.32926931353898986
2.4475685709999997 0.329807085046303
2.448769537 0.3303851998778126
2.449970503 0.33101398529146436
2.4511714689999997 0.33117921956461255
2.452372434 0.3315863774614441
2.4535734000000002 0.3320597146534812
2.454774366 0.33259296881499084
2.455975332 0.33318253647859924
2.457176298 0.3336438317533429
2.458377264 0.3343259498392321
2.45957823 0.33503882729733825
2.460779196 0.3357709738178662
2.4619801619999997 0.3365089888115944
2.463181128 0.3370554177400193
2.464382094 0.3377686033642663
2.4655830599999997 0.33845402126264296
2.466784026 0.33910109066966104
2.4679849920000003 0.33969948805096534
2.469185958 0.34023666920605183
2.470386923 0.34071969184556783
2.471587889 0.341317564460469
2.4727888549999997 0.34166814696956094
2.473989821 0.3421306526948216
2.475190787 0.34233634934654206
2.4763917529999997 0.3424765996189537
2.477592719 0.34273267539745
2.4787936850000003 0.34274234121221936
2.479994651 0.34286827510762535
2.481195617 0.34274828846460764
2.4823965830000003 0.3427568694340042
2.483597549 0.3427098564662543
2.484798515 0.3426119411632841
2.485999481 0.3422824338213253
2.4872004459999997 0.3420797519286216
2.488401412 0.34183283140266146
2.489602378 0.34136259687273723
2.490803344 0.34103013711043817
2.49200431 0.34065313174704526
2.4932052760000003 0.3402382632541945
2.494406242 0.3397844483474991
2.495607208 0.33929659426149994
2.496808174 0.33877634733673384
2.49800914 0.3382277800748277
2.499210106 0.3376529835389504
2.500411072 0.33705748636648614
2.501612038 0.3364537413447396
2.502813004 0.33583945817769145
2.50401397 0.3352269574915643
2.505214935 0.3346106282324036
2.506415901 0.33400574981896874
2.5076168670000003 0.33341523831818726
2.508817833 0.3328503462671415
2.510018799 0.3323268142318021
2.511219765 0.3318335299108454
2.512420731 0.3313866629296589
2.513621697 0.33099402237673337
2.514822663 0.3306594644120685
2.5160236289999998 0.33039858077143913
2.517224595 0.33019938489079126
2.518425561 0.3300716490110482
2.519626527 0.33001846450585726
2.5208274929999996 0.3300438611274959
2.522028459 0.33013675231099443
2.523229424 0.3303068907282171
2.52443039 0.33055314721897006
2.525631356 0.3308735670121998
2.526832322 0.33126271284201825
2.528033288 0.33172241722880197
2.529234254 0.33224062741556887
2.5304352199999998 0.33281166736015594
2.531636186 0.33343075412036766
2.532837152 0.3340905661433566
2.534038118 0.3347857494259143
2.5352390839999996 0.3355014221066867
2.53644005 0.33623319939462915
2.5376410160000002 0.3369697014818484
2.538841982 0.33770504106440213
2.540042948 0.3384382819846585
2.5412439129999997 0.33914792878181527
2.542444879 0.3398335684318501
2.543645845 0.3404898126974515
2.5448468109999998 0.3411102364182619
2.546047777 0.34170023658402504
2.547248743 0.3422409329990806
2.548449709 0.3427373553653259
2.5496506749999996 0.343189321851606
2.5508516410000004 0.3435955341870395
2.5520526070000003 0.34402367424361124
2.553253573 0.3443712911206089
2.554454539 0.344679019825879
2.5556555050000003 0.34495089901911463
2.556856471 0.34519350618311734
2.558057437 0.3454514525176302
2.5592584019999998 0.34564316480512675
2.5604593679999996 0.3458179572529534
2.561660334 0.34598172819574946
2.5628613000000002 0.3461342705789346
2.564062266 0.3463276044566285
2.565263232 0.3464814788480541
2.5664641980000003 0.3466415937756318
2.567665164 0.3468088784737031
2.56886613 0.3469895922167234
2.5700670960000003 0.34723751422725857
2.571268062 0.3474592381044125
2.572469028 0.34770178581267186
2.573669994 0.3479693816316403
2.57487096 0.3482553319886619
2.576071926 0.3486045210407228
2.5772728910000002 0.3489300984790942
2.578473857 0.3492756633359563
2.579674823 0.3496326243251836
2.5808757890000003 0.35001077524324764
2.582076755 0.35044678812403
2.583277721 0.350872196242848
2.584478687 0.3513043574983317
2.585679653 0.35173380538907584
2.586880619 0.3521554533068755
2.588081585 0.3526529347869728
2.5892825509999997 0.353052196976729
2.590483517 0.3534386196130344
2.591684483 0.3538194332015441
2.5928854489999997 0.3541717162879661
2.594086414 0.3545727665891321
2.5952873800000003 0.3548575104405937
2.596488346 0.35511404166047666
2.597689312 0.3553425616126643
2.598890278 0.355536191475077
2.600091244 0.3557767446310125
2.60129221 0.35551446227654393
2.602493176 0.35515838393353555
2.6036941419999997 0.354777134964337
2.604895108 0.3543663253190197
2.606096074 0.3535692025489629
2.6072970399999997 0.3531034606729616
2.6084980059999996 0.35261445078979675
2.6096989720000003 0.3521057058300204
2.610899938 0.3515778267665957
2.612100903 0.35067756800216027
2.613301869 0.35013610141897833
2.6145028349999997 0.3489819835788574
2.615703801 0.34880335481801333
2.616904767 0.3486324419382967
2.6181057329999997 0.3484805978394093
2.619306699 0.3483151268001234
2.620507665 0.3481600164364708
2.621708631 0.34801928743316185
2.622909597 0.3478932901720735
2.6241105630000003 0.3478001428126979
2.625311529 0.34771389007787384
2.626512495 0.3476483352196616
2.627713461 0.34760838470865313
2.628914427 0.3475917454502067
2.630115392 0.347612271816625
2.631316358 0.3476432315983193
2.6325173239999997 0.3476922330508716
2.63371829 0.34776319533110545
2.6349192560000003 0.34786048621024435
2.636120222 0.34798819799322483
2.637321188 0.34812111586526556
2.638522154 0.34828178736567045
2.63972312 0.3484624603665573
2.640924086 0.34865769916012135
2.642125052 0.34888412449168393
2.643326018 0.3491103670863923
2.644526984 0.3493460514040561
2.64572795 0.3495901090008419
2.646928916 0.3498410785177086
2.648129881 0.3501121552229553
2.6493308470000003 0.3503733624882314
2.650531813 0.35063360105686814
2.651732779 0.3501011452520942
2.652933745 0.35025283992625683
2.654134711 0.3502851984895086
2.655335677 0.35040806814186176
2.656536643 0.3505204720815258
2.657737609 0.35061801864039177
2.658938575 0.35070157893593584
2.660139541 0.35063441889392066
2.661340507 0.35066884061502324
2.662541473 0.35069377360666765
2.663742439 0.35070353791376696
2.664943405 0.3506956112935496
2.66614437 0.3504903710524011
2.667345336 0.3504724706932406
2.668546302 0.35043861711613256
2.669747268 0.3503869230434676
2.670948234 0.35032507018519077
2.6721492 0.3500956973826627
2.673350166 0.35004871835387036
2.674551132 0.350009416074387
2.675752098 0.349973640314156
2.6769530639999997 0.34993002696360564
2.67815403 0.34976444427386627
2.679354996 0.34974984965232975
2.680555962 0.34973529776028855
2.681756928 0.34971353735184957
2.6829578940000003 0.34968682994079253
2.684158859 0.34957941916095026
2.685359825 0.34956188540700694
2.686560791 0.34954608389224595
2.687761757 0.3495376605867931
2.688962723 0.3495368323577515
2.690163689 0.3495159416341485
2.6913646549999997 0.349543142428113
2.6925656210000004 0.34957440072253027
2.6937665870000003 0.3496112367593615
2.694967553 0.3496576959085064
2.696168519 0.34972887639141126
2.6973694850000003 0.34980284658817085
2.698570451 0.34988234926913847
2.699771417 0.34996266506860974
2.700972383 0.35075450171918615
2.7021733479999996 0.35100472822702933
2.703374314 0.351161203100521
2.70457528 0.3513172611332711
2.705776246 0.3514719815617018
2.706977212 0.3516211945139222
2.7081781780000003 0.3518584878147642
2.709379144 0.3519844938279325
2.71058011 0.3520927747708524
2.7117810760000003 0.35218762649397256
2.712982042 0.35226636523894445
2.714183008 0.35242250738130265
2.715383974 0.35246355789640466
2.71658494 0.35248804270033024
2.717785906 0.3524965542247047
2.7189868710000002 0.3524873802245858
2.720187837 0.3525603195730778
2.721388803 0.35252645267412247
2.7225897690000003 0.35247236473209786
2.723790735 0.3523989315161281
2.724991701 0.35230667457663467
2.726192667 0.35229403482411925
2.727393633 0.35217365296241465
2.728594599 0.35204989347695753
2.729795565 0.35192181596596817
2.7309965309999997 0.3517839182349211
2.732197497 0.3517434063017477
2.733398463 0.3516077855269437
2.7345994289999997 0.35147701585158486
2.735800395 0.35135668084810245
2.7370013600000003 0.3513391592469434
2.738202326 0.35123496536414023
2.739403292 0.3511361804861636
2.740604258 0.35104982159838605
2.741805224 0.350980865399646
2.74300619 0.351031953272911
2.744207156 0.3510111121459963
2.7454081219999997 0.35100707376865947
2.746609088 0.3510275104799526
2.747810054 0.3510764595302986
2.7490110199999997 0.35125365414798654
2.7502119859999996 0.3513681203354764
2.751412952 0.3509799818747922
2.752613918 0.35062162735916963
2.753814884 0.35028090210346124
2.755015849 0.34952037437501987
2.756216815 0.3492241239704741
2.757417781 0.34895535411642636
2.758618747 0.3487105625756526
2.7598197129999997 0.3484861096386118
2.761020679 0.34783322346719436
2.762221645 0.3476316488285407
2.7634226109999998 0.3479572744363901
2.764623577 0.34817842062293236
2.7658245430000004 0.3484184287375212
2.767025509 0.34862890077054914
2.768226475 0.34889912191244854
2.769427441 0.3491753968667043
2.7706284070000002 0.349458460214941
2.771829373 0.3497511274162373
2.773030338 0.35004390221512455
2.7742313039999997 0.3503442042372134
2.7754322699999996 0.35063972279011013
2.7766332360000003 0.35092760385490196
2.777834202 0.3512088047181696
2.779035168 0.3515207182802727
2.7802361340000004 0.3517895598509501
2.7814371 0.35204248388492504
2.782638066 0.35228256081061077
2.783839032 0.35250519835651956
2.7850399980000002 0.35277938876563647
2.786240964 0.3529653701316949
2.78744193 0.3531296069380232
2.788642896 0.35327502861224686
2.789843862 0.3534004463735462
2.7910448270000003 0.35359139254779887
2.792245793 0.3536775483038327
2.793446759 0.353745398350396
2.794647725 0.3537949757044246
2.795848691 0.35383449496965136
2.797049657 0.35394078086089237
2.798250623 0.3539554409131826
2.799451589 0.35396181863384496
2.800652555 0.35395702442688054
2.801853521 0.35394358781462953
2.803054487 0.353978520417539
2.804255453 0.3539503762232004
2.805456419 0.35391958489999853
2.806657385 0.353890599111729
2.8078583509999997 0.3538623060561118
2.809059316 0.3538567959643094
2.810260282 0.3538305591630692
2.811461248 0.35381526411917347
2.812662214 0.35381105684440295
2.81386318 0.35381603304043985
2.815064146 0.3538081103165212
2.816265112 0.35382963743347196
2.817466078 0.35386542360748136
2.8186670439999997 0.3539124595660883
2.81986801 0.35397462463036494
2.821068976 0.35397458376389346
2.8222699419999997 0.35412446594847996
2.823470908 0.3542889397782612
2.8246718740000003 0.35446625387738023
2.825872839 0.35465588419740074
2.827073805 0.35480724869478036
2.828274771 0.3550133390231084
2.829475737 0.3552294662464119
2.830676703 0.35545767039734416
2.831877669 0.35569248798077474
2.8330786349999997 0.35585743501928674
2.834279601 0.35609884777277406
2.8354805670000003 0.35634611672692545
2.836681533 0.3565964766345657
2.837882499 0.35684804947607723
2.8390834650000003 0.357011012955025
2.840284431 0.35726209355694266
2.841485397 0.35751248032928273
2.842686363 0.3577612544774758
2.8438873279999997 0.35800893679279844
2.845088294 0.35816891066848816
2.84628926 0.35841311904967543
2.8474902259999997 0.3586540778516149
2.848691192 0.35889294180125764
2.8498921580000003 0.35912579671760797
2.851093124 0.3592925481611781
2.85229409 0.35952068967026635
2.8534950560000003 0.3597453477122729
2.854696022 0.35996529875808575
2.855896988 0.36018233529424154
2.857097954 0.360364359861102
2.85829892 0.36058171135447054
2.859499886 0.3607974283197784
2.860700852 0.3610109288083184
2.861901817 0.36122479003271
2.863102783 0.36144008180028087
2.8643037490000003 0.3616626924665881
2.865504715 0.36188506921642444
2.866705681 0.362109403065485
2.867906647 0.36233470155421493
2.869107613 0.36259530001874124
2.870308579 0.3628287431824404
2.871509545 0.3630644948285658
2.872710511 0.36330081757389515
2.873911477 0.36353900360637975
2.875112443 0.3638303235805883
2.8763134089999998 0.36407188870560964
2.877514375 0.3643109279915819
2.878715341 0.3645475535383344
2.879916306 0.3647821257955449
2.881117272 0.36507292533217256
2.882318238 0.3652967670463765
2.883519204 0.3655119689937238
2.88472017 0.3657185854173296
2.885921136 0.36591474882350855
2.8871221019999997 0.36615221880505416
2.888323068 0.36631947735404885
2.889524034 0.36647051118788354
2.8907249999999998 0.366603276438747
2.8919259659999996 0.3667191731429517
2.893126932 0.3668432967637725
2.894327898 0.3669126054426692
2.895528864 0.3669572811982128
2.8967298300000004 0.3669789345672676
2.897930795 0.3669765548390971
2.899131761 0.3669419541950461
2.900332727 0.3668840147115383
2.9015336929999997 0.3668013066244615
2.902734659 0.3666917444632753
2.903935625 0.3665586043112733
2.9051365909999998 0.3663472348865733
2.9063375569999996 0.3661589955415822
2.9075385230000004 0.36594808192562284
2.9087394890000002 0.365717076059828
2.909940455 0.36546668963346624
2.911141421 0.36509799573391677
2.9123423870000003 0.3648093121797529
2.913543353 0.3645083741156098
2.914744319 0.3641976832443044
2.9159452839999997 0.36388124390995474
2.9171462499999996 0.3634162225399714
2.918347216 0.36308882139060616
2.919548182 0.3627646331323701
2.920749148 0.3624461521722312
2.9219501140000004 0.36213605523578135
2.9231510800000002 0.36166016544940915
2.924352046 0.3613689638476629
2.925553012 0.361094279434673
2.9267539780000003 0.3608387124766121
2.927954944 0.3606043629926044
2.92915591 0.3602014747519092
2.930356876 0.36001297086431266
2.931557842 0.3598504900167903
2.932758808 0.35971602113094703
2.933959773 0.3596105933708402
2.935160739 0.359344638224194
2.936361705 0.35929966279234793
2.9375626710000002 0.35928491612455143
2.938763637 0.3592987967760154
2.939964603 0.359341907943208
2.941165569 0.35927363887711444
2.942366535 0.35940607277387887
2.943567501 0.35956466156536226
2.944768467 0.3597489980744406
2.945969433 0.35995607379611283
2.947170399 0.3600796888813875
2.948371365 0.36033264976865165
2.9495723309999997 0.36060165423564783
2.950773296 0.36088368460759895
2.9519742620000002 0.3611756080335709
2.953175228 0.3614199001332801
2.954376194 0.3617313991586388
2.95557716 0.36204440685745365
2.956778126 0.3623564965338551
2.957979092 0.3626652147405817
2.959180058 0.36296860179691465
2.9603810239999997 0.3632707534300311
2.96158199 0.363562301394797
2.962782956 0.36384037452013107
2.9639839219999997 0.3641042829450173
2.9651848879999996 0.3644123807349135
2.9663858540000003 0.36465275052457374
2.96758682 0.36487343011188944
2.968787785 0.365075012468376
2.969988751 0.36525909721704025
2.971189717 0.3655379566885218
2.972390683 0.3656927423704301
2.973591649 0.36582937176930513
2.9747926149999997 0.3659494969613899
2.975993581 0.3660542485273135
2.977194547 0.36630606554422374
2.9783955129999997 0.3663917818310003
2.979596479 0.36646752347828077
2.9807974450000003 0.36653622831597327
2.981998411 0.36660080756916774
2.983199377 0.36685411744563245
2.984400343 0.3669190565303236
2.985601309 0.3669850290046011
2.986802274 0.3670574141465751
2.98800324 0.3673448026284941
2.9892042059999997 0.36743589509774904
2.990405172 0.3675374184196545
2.9916061380000003 0.36765446427984705
2.992807104 0.36778753064891234
2.99400807 0.36815184527138095
2.9952090360000003 0.3683234567579168
2.996410002 0.36851592512405457
2.997610968 0.36872942690397204
2.998811934 0.368966800695418
3.0000129 0.36923799623356657
3.001213866 0.36955123489331404
3.002414832 0.3698870640189902
3.003615798 0.37024506319695144
3.004816763 0.3706235713401669
3.0060177290000003 0.37120281374441666
3.007218695 0.37161510378873835
3.008419661 0.3720427233353179
3.009620627 0.372483956795988
3.010821593 0.37293492089342395
3.012022559 0.3735371274970076
3.013223525 0.3739961915282095
3.014424491 0.37445863739256113
3.015625457 0.37491959996599744
3.016826423 0.3753796560891231
3.018027389 0.3759279952969792
3.019228355 0.37636655430363525
3.020429321 0.37679299812710976
3.021630287 0.3772057735324429
3.022831252 0.37759890966405796
3.024032218 0.3780193945319693
3.025233184 0.3783630200330623
3.02643415 0.37868403794173533
3.027635116 0.37897891054484883
3.0288360819999998 0.37924644289348153
3.030037048 0.3794873245725581
3.031238014 0.3796942968727313
3.03243898 0.3798765733772903
3.0336399459999996 0.3800336208498008
3.034840912 0.38016654299590724
3.036041878 0.380234869949049
3.0372428439999997 0.3803155376412108
3.0384438100000004 0.38037443208701605
3.0396447760000003 0.38041657663981154
3.040845741 0.38044170672975985
3.042046707 0.3803894756027971
3.0432476729999998 0.38038758063882544
3.044448639 0.38038007178387373
3.045649605 0.3803693894869821
3.046850571 0.3803610574360068
3.0480515369999996 0.3802771619612322
3.049252503 0.3802784077619169
3.0504534690000003 0.38029051790272766
3.051654435 0.3803150132494315
3.052855401 0.38035779534557296
3.0540563670000003 0.38034023289523816
3.055257333 0.3804246557574982
3.056458299 0.38052929409032776
3.0576592639999998 0.3806600328448547
3.0588602299999996 0.38081455090972666
3.060061196 0.38093208947342855
3.061262162 0.38114919322889973
3.062463128 0.3813924337911921
3.0636640940000004 0.3816591588363186
3.0648650600000003 0.3819496180514009
3.066066026 0.3822257398709323
3.067266992 0.38255817905470796
3.0684679580000003 0.3829037155856534
3.069668924 0.38325505851115066
3.07086989 0.3836118277903245
3.072070856 0.3839595947659786
3.073271822 0.38430826623844283
3.074472788 0.38463430102064505
3.0756737530000002 0.38493310442823964
3.076874719 0.3851935339031263
3.078075685 0.3854380017715367
3.0792766510000003 0.38559612603687426
3.080477617 0.38567944489503314
3.081678583 0.3856739089792678
3.0828795490000003 0.3855621510809732
3.084080515 0.38540001378294547
3.085281481 0.3850360823759425
3.086482447 0.3845156543885063
3.087683413 0.3838156892250273
3.088884379 0.3829193892201358
3.090085345 0.3818929074029262
3.0912863109999997 0.38052358607684383
3.092487277 0.37888311102589195
3.0936882420000003 0.37694158806586153
3.094889208 0.37467301983685364
3.096090174 0.3721746602306646
3.09729114 0.36917863951996255
3.098492106 0.36576575760767754
3.099693072 0.3619243960981541
3.100894038 0.35762967820495234
3.1020950039999997 0.3529880787860445
3.10329597 0.34771801622417
3.104496936 0.3419444427786586
3.1056979019999997 0.33565308863078575
3.106898868 0.32883720585338105
3.108099834 0.32164613138869763
3.1093008 0.31382524126387484
3.110501766 0.3055160078512485
3.111702731 0.29675207322167835
3.112903697 0.2875723543312593
3.114104663 0.2781244264826784
3.115305629 0.2682253893028042
3.1165065949999997 0.25805413978940467
3.117707561 0.24766696668837962
3.118908527 0.23711875321443043
3.1201094929999997 0.2265712299365549
3.1213104589999996 0.21590831264478286
3.1225114250000003 0.205281121295331
3.123712391 0.19475393295288498
3.124913357 0.18438685967170768
3.126114323 0.1742934566938681
3.127315289 0.16438712141072442
3.128516255 0.15478012448792433
3.12971722 0.14550901803369393
3.1309181859999997 0.13659615171050737
3.132119152 0.1281042263490676
3.133320118 0.11996496021794055
3.134521084 0.11223266119715457
3.13572205 0.10490964252606835
3.1369230160000003 0.09799499712258992
3.138123982 0.09150955346948803
3.139324948 0.08539227865154747
3.140525914 0.07966080050297343
3.14172688 0.07429989283185229
3.142927846 0.06929598447271972
3.144128812 0.06464363916674405
3.145329778 0.060298913379612455
3.146530744 0.05626033678576842
3.1477317090000003 0.052507737349409854
3.148932675 0.049025332251608475
3.150133641 0.045800393074465005
3.151334607 0.04280456972661648
3.152535573 0.04002775112303849
3.153736539 0.037455443688578574
3.154937505 0.035072430674906944
3.1561384710000002 0.03286645605682844
3.157339437 0.030819285370321907
3.158540403 0.028920903861565313
3.159741369 0.027162295350576474
3.160942335 0.02553048970579058
3.162143301 0.02401905516650215
3.163344267 0.022614801276196115
3.1645452329999997 0.021310659958943007
3.165746198 0.02010092528535756
3.166947164 0.018975615781227414
3.16814813 0.017930721772953857
3.169349096 0.01695626675980125
3.170550062 0.016049759162328328
3.171751028 0.0152053199227971
3.172951994 0.014417590139513421
3.17415296 0.013683317077780368
3.1753539259999997 0.012995837596365266
3.176554892 0.012354973835068768
3.177755858 0.011755362649206921
3.1789568239999997 0.011194498218035816
3.18015779 0.01066851313972638
3.1813587560000003 0.01017454941712127
3.182559721 0.009711461391258423
3.183760687 0.009274795278498373
3.184961653 0.008864869985290916
3.186162619 0.008477795829574248
3.187363585 0.008113117545993493
3.188564551 0.007769033845860557
3.1897655169999997 0.007443492452681241
3.190966483 0.007136741669197781
3.192167449 0.006845601132121212
3.193368415 0.006571216876302501
3.194569381 0.006310875964896919
3.1957703470000003 0.006064273826035854
3.196971313 0.0058299811609092145
3.198172279 0.005606519510282098
3.1993732450000003 0.00539470718391742
3.20057421 0.00519077510219105
3.201775176 0.0049960205178422885
3.202976142 0.004808633407552728
3.2041771079999997 0.004628423009803214
3.2053780740000004 0.00445539066616251
3.2065790400000003 0.004288027833845439
3.207780006 0.004128215059550998
3.208980972 0.003973571341932078
3.2101819380000003 0.003825270035964609
3.211382904 0.0036820652414814104
3.21258387 0.0035435776571255116
3.213784836 0.0034109054263191134
3.214985802 0.0032814948853366033
3.216186768 0.0031568163834347664
3.217387734 0.0030346940055583768
3.218588699 0.0029155721073115324
3.219789665 0.002800009320417319
3.2209906310000003 0.0026873149104981466
3.222191597 0.002578901247382751
3.223392563 0.00247262167945201
3.2245935290000003 0.0023699886554737655
3.225794495 0.002270198954035754
3.226995461 0.002172972432913793
3.228196427 0.0020788948908327673
3.229397393 0.0019865771293715736
3.230598359 0.0018978251258603522
3.231799325 0.001810722633028178
3.2330002909999997 0.0017256906076737815
3.234201257 0.0016434487967968354
3.235402223 0.0015630738652472052
3.236603188 0.0014866595761311079
3.237804154 0.0014126226136778404
3.23900512 0.0013412850335627502
3.240206086 0.0012722107271622486
3.241407052 0.0012054364355792758
3.242608018 0.0011422097638687364
3.2438089839999997 0.0010809968695294303
3.24500995 0.0010232346033077744
3.246210916 0.0009676458293783416
3.2474118819999997 0.0009140738215954987
3.248612848 0.0008633681154082865
3.249813814 0.000814480301623262
3.2510147799999998 0.0007686728491479045
3.252215746 0.0007241570797181575
3.2534167120000004 0.0006813198524193179
3.254617677 0.0006403492869985523
3.255818643 0.000600622390885846
3.257019609 0.0005637874538560284
3.2582205749999997 0.0005284975024224146
3.259421541 0.0004950491689927783
3.260622507 0.00046312699100084975
3.2618234729999998 0.00043294326748438824
3.2630244389999996 0.00040565600584764535
3.2642254050000004 0.0003791953686431624
3.265426371 0.000354187563344813
3.266627337 0.0003304384348174132
3.267828303 0.00030761200291934946
3.2690292690000002 0.00028673625006424687
3.270230235 0.000266682200987552
3.271431201 0.00024808788137764976
3.2726321659999997 0.00023011828144344854
3.273833132 0.0002129611717477494
3.275034098 0.00019764386129721747
3.2762350639999998 0.00018275029528871004
3.27743603 0.00016973399841629174
3.2786369960000004 0.00015771366201343645
3.279837962 0.00014589134547607986
3.281038928 0.0001353922476828615
3.282239894 0.00012507877888932824
3.2834408600000002 0.00011571512951778357
3.284641826 0.00010627790258414402
3.285842792 9.712239711478604e-05
3.287043758 8.912950175852234e-05
3.288244724 8.097592705658307e-05
3.2894456890000003 7.389425538348531e-05
3.290646655 6.711792988067787e-05
3.291847621 6.0986565208851004e-05
3.2930485870000004 5.601226621706995e-05
3.294249553 5.129840728383411e-05
3.295450519 4.763478546128354e-05
3.296651485 4.3754996127699574e-05
3.2978524510000002 4.014120218687974e-05
3.299053417 3.738240407627271e-05
3.300254383 3.432459077579746e-05
3.301455349 3.1573265835346e-05
3.302656315 2.8910128762303245e-05
3.303857281 2.654564508239623e-05
3.305058247 2.4646377917344473e-05
3.3062592129999997 2.256436531528914e-05
3.307460178 2.093462243560911e-05
3.308661144 1.9377095496921017e-05
3.30986211 1.7935655431174602e-05
3.311063076 1.7125715262501157e-05
3.312264042 1.6301688865846553e-05
3.313465008 1.574908020417659e-05
3.314665974 1.5064836364528378e-05
3.31586694 1.425047317216528e-05
3.317067906 1.3823040093674836e-05
3.318268872 1.2708306137617316e-05
3.319469838 1.1752364076706138e-05
3.3206708039999997 1.0739896415521785e-05
3.32187177 9.622248243102243e-06
3.323072736 8.899176696688738e-06
3.324273702 8.241176938956143e-06
3.325474667 7.736602494473225e-06
3.326675633 7.4787002975585985e-06
3.327876599 7.673889677264535e-06
3.329077565 8.21205351146389e-06
3.330278531 8.676553678193483e-06
3.3314794969999997 8.708742698003802e-06
3.332680463 8.928959366433705e-06
3.333881429 8.55950362031169e-06
3.3350823949999997 8.153795865619982e-06
3.336283361 7.393047013885622e-06
3.3374843270000003 6.567985392488387e-06
3.338685293 5.7847132838182735e-06
3.339886259 5.0504572265249205e-06
3.3410872250000003 4.921579074369221e-06
3.342288191 4.750003952497053e-06
3.343489156 4.693739941808487e-06
3.344690122 4.862993040173141e-06
3.3458910879999997 4.90401904360979e-06
3.347092054 4.900507680845861e-06
3.3482930200000003 4.9510999780209595e-06
3.349493986 4.883600924738677e-06
3.350694952 4.844574745344472e-06
3.3518959180000003 4.6641616914051005e-06
3.353096884 4.55369052292499e-06
3.35429785 4.53471350122792e-06
3.355498816 4.562820956374341e-06
3.356699782 4.7521468537834515e-06
3.357900748 4.9353864480849e-06
3.359101714 4.921813897307949e-06
3.3603026799999998 4.984170130175266e-06
3.361503645 5.136793004811432e-06
3.3627046110000003 5.272861587958547e-06
3.363905577 5.42163336134205e-06
3.365106543 5.632690035763179e-06
3.3663075090000003 5.852400004561573e-06
3.367508475 5.920146689059746e-06
3.368709441 5.96561368833845e-06
3.369910407 6.0902201704883855e-06
3.371111373 6.24302253671014e-06
3.372312339 6.5981155777678265e-06
3.373513305 6.917176526235632e-06
3.3747142709999998 6.8845527542478914e-06
3.375915237 6.84493196043748e-06
3.377116203 7.225127276255897e-06
3.378317169 7.673619691131997e-06
3.379518134 8.175395302949717e-06
3.3807191 8.33132139094203e-06
3.381920066 8.358420307410726e-06
3.383121032 8.748005708931468e-06
3.384321998 9.136581804810438e-06
3.3855229639999997 9.56757442808895e-06
3.38672393 9.878363479191794e-06
3.387924896 9.837702739866125e-06
3.3891258619999998 9.667761388350787e-06
3.390326828 9.644262876017022e-06
3.391527794 1.0032738834250577e-05
3.39272876 1.074946330127218e-05
3.3939297259999996 1.1264776204419171e-05
3.3951306920000004 1.1631917938652338e-05
3.3963316580000003 1.2186566910364726e-05
3.397532623 1.320655073977785e-05
3.398733589 1.4383477757490574e-05
3.3999345549999997 1.5530430806087884e-05
3.401135521 1.6374475055305816e-05
3.402336487 1.682248974831214e-05
3.4035374529999998 1.7460809737880675e-05
3.4047384189999996 1.808574481799094e-05
3.405939385 1.814940697981179e-05
3.407140351 1.796698140679923e-05
3.408341317 1.8298037670496774e-05
3.4095422830000004 1.876632000657693e-05
3.4107432490000003 1.8816314833121488e-05
3.411944215 1.92169523082635e-05
3.413145181 1.9945634573870376e-05
3.4143461459999997 2.0457628178142174e-05
3.415547112 2.096950216828565e-05
3.416748078 2.1558163067389553e-05
3.4179490439999998 2.183094438022264e-05
3.4191500099999996 2.2437483749522345e-05
3.4203509760000004 2.3134551296916198e-05
3.4215519420000002 2.3168380270216163e-05
3.422752908 2.295334626666283e-05
3.423953874 2.3027102204788308e-05
3.4251548400000003 2.366576758832585e-05
3.426355806 2.4166187643163935e-05
3.427556772 2.3919921609000265e-05
3.428757738 2.312630817622563e-05
3.429958704 2.225254863697396e-05
3.43115967 2.1803563981360736e-05
3.432360635 2.171041350609248e-05
3.433561601 2.1308246326996578e-05
3.4347625670000004 2.0670844868770786e-05
3.4359635330000002 2.0357170586031227e-05
3.437164499 2.0314585629899557e-05
3.438365465 2.0607742115250654e-05
3.4395664310000003 2.119142369028663e-05
3.440767397 2.14931343389947e-05
3.441968363 2.1866087377501305e-05
3.443169329 2.2353682578031902e-05
3.444370295 2.3015617918151792e-05
3.445571261 2.344299394988533e-05
3.446772227 2.339698066778472e-05
3.4479731929999997 2.351869337949297e-05
3.449174159 2.364859216798048e-05
3.4503751240000002 2.3448734385451542e-05
3.45157609 2.35897209031205e-05
3.452777056 2.3191140964209878e-05
3.453978022 2.2249617656618444e-05
3.455178988 2.1807375624942635e-05
3.456379954 2.134417076642104e-05
3.45758092 2.0488225032143596e-05
3.458781886 1.9885694119255024e-05
3.459982852 1.935740703767445e-05
3.461183818 1.888127687913841e-05
3.4623847839999997 1.913443357262934e-05
3.46358575 1.9218880872552656e-05
3.464786716 1.972829019316582e-05
3.4659876819999997 2.0749022624614415e-05
3.467188648 2.1570003864012417e-05
3.468389613 2.2316682828013927e-05
3.469590579 2.2708069380443397e-05
3.470791545 2.2695420209276465e-05
3.471992511 2.2367934943425374e-05
3.4731934769999997 2.1873002289468266e-05
3.474394443 2.1078687920050535e-05
3.475595409 2.0069605059868833e-05
3.4767963749999997 1.8794979244442343e-05
3.4779973409999996 1.770635437288506e-05
3.4791983070000003 1.6676271312734385e-05
3.480399273 1.529982536654155e-05
3.481600239 1.4623979950229956e-05
3.4828012050000003 1.4070856702149623e-05
3.484002171 1.3489888908966826e-05
3.485203137 1.3475112629082685e-05
3.486404102 1.2906397499504605e-05
3.4876050679999997 1.2134401107337026e-05
3.488806034 1.1942320512112902e-05
3.490007 1.1386801868361666e-05
3.491207966 1.1133812708434731e-05
3.492408932 1.1480427914504646e-05
3.4936098980000003 1.1212717917144888e-05
3.494810864 1.1402905661703806e-05
3.49601183 1.2451147537781478e-05
3.497212796 1.3114037720636532e-05
3.498413762 1.408998275928688e-05
3.499614728 1.4989790787818628e-05
3.500815694 1.4684682175787867e-05
3.50201666 1.4526000418442883e-05
3.503217626 1.4588734260503625e-05
3.5044185910000003 1.4027326215384147e-05
3.505619557 1.406509404105594e-05
3.506820523 1.4109418762053245e-05
3.5080214890000003 1.3910097357000682e-05
3.5092224550000006 0.0
3.510423421000001 0.0
