Wavelength_microns Throughput
2.0004663860000003 8.300416547087508e-12
2.002074478 8.4441183800047e-12
2.00368257 8.106246552964615e-12
2.005290662 7.301853945130435e-12
2.006898754 6.663154261254919e-12
2.008506846 6.05998346380139e-12
2.010114938 5.335637450120265e-12
2.01172303 4.671493647441527e-12
2.013331122 4.258369029778453e-12
2.014939214 4.1233259028278656e-12
2.016547306 4.147587484842289e-12
2.018155398 4.246875262140676e-12
2.01976349 4.1705254932462745e-12
2.021371582 4.174941062792634e-12
2.022979674 4.335863890285342e-12
2.0245877660000002 4.3193139524840476e-12
2.026195858 4.1393146326344206e-12
2.027803949 3.9091251763828795e-12
2.029412041 3.856946760480361e-12
2.031020133 3.83563161937859e-12
2.032628225 3.755305603816902e-12
2.034236317 3.689781380441213e-12
2.035844409 3.79048684666395e-12
2.037452501 3.926959358985649e-12
2.039060593 4.060162914378465e-12
2.040668685 4.188362667950141e-12
2.042276777 4.1551123667884765e-12
2.0438848689999998 4.127361153528407e-12
2.045492961 4.20549824380082e-12
2.047101053 4.203331022143727e-12
2.0487091449999997 4.0574708573780905e-12
2.0503172370000002 3.992195556012505e-12
2.0519253290000004 4.135122423023975e-12
2.053533421 4.314621000142082e-12
2.055141513 4.259410603914165e-12
2.056749605 4.308803628215329e-12
2.058357697 4.686977060280194e-12
2.059965788 5.2758638965938014e-12
2.06157388 5.805117211867528e-12
2.0631819719999998 6.332894412248523e-12
2.064790064 6.8960574755910865e-12
2.066398156 7.681436453148099e-12
2.068006248 8.778860290870489e-12
2.06961434 9.821797084163172e-12
2.071222432 1.036062312809891e-11
2.072830524 1.0908958980778131e-11
2.074438616 1.1985387713391752e-11
2.076046708 1.3125928219105314e-11
2.0776548 1.3124022020174309e-11
2.079262892 1.2699254462109527e-11
2.080870984 1.2423312653717306e-11
2.0824790760000003 1.274191438060465e-11
2.084087168 1.2351073794298935e-11
2.08569526 1.1521565832346457e-11
2.0873033519999997 1.0299445253894068e-11
2.088911444 1.0678836690151796e-11
2.090519536 1.251923421086615e-11
2.092127627 1.4675630172564748e-11
2.0937357189999997 1.5269769922373596e-11
2.0953438110000002 1.3564798552610615e-11
2.0969519030000003 1.4228075297749356e-11
2.098559995 1.637494036441142e-11
2.100168087 1.7044322604081478e-11
2.101776179 1.1712491242494169e-11
2.103384271 7.104298262788195e-12
2.104992363 3.186720642751771e-12
2.1066004549999997 2.9993401836636394e-12
2.1082085470000003 3.286331031562831e-12
2.109816639 3.351543682626118e-12
2.111424731 1.841288870065369e-12
2.113032823 4.808355625930613e-12
2.114640915 5.374033699583664e-12
2.116249007 5.653112402367837e-12
2.1178570989999996 5.702259105249672e-12
2.1194651909999997 6.7355266683838276e-12
2.1210732830000003 1.0122206245537288e-11
2.122681375 1.520511827199168e-11
2.124289466 1.6838058134255928e-11
2.125897558 1.2698280233267929e-11
2.1275056500000002 1.2185200632907712e-11
2.129113742 1.2578964889452798e-11
2.130721834 1.4546187521157032e-11
2.1323299259999997 1.2946349236193866e-11
2.133938018 9.806798123182988e-12
2.1355461100000004 5.393999129397207e-12
2.137154202 3.4437496046267337e-12
2.138762294 3.1485596605562846e-12
2.140370386 3.001624150694467e-12
2.141978478 2.3003536258867777e-12
2.14358657 2.2630756628686927e-13
2.1451946619999998 1.2151423229955616e-13
2.146802754 1.2020399037616133e-13
2.1484108460000004 1.1991115150158812e-13
2.150018938 1.199065087227068e-13
2.15162703 1.2023414430836257e-13
2.153235122 1.208963644733791e-13
2.154843214 1.216505018538718e-13
2.156451305 1.22908606790886e-13
2.158059397 1.2411315137653523e-13
2.159667489 1.2594217635653517e-13
2.161275581 1.281859057131687e-13
2.1628836729999996 1.302512879709217e-13
2.164491765 1.328839547424443e-13
2.1660998570000003 1.358462782871544e-13
2.167707949 1.3915141814740736e-13
2.169316041 1.4280177402419642e-13
2.170924133 1.4648804663138468e-13
2.172532225 1.5108411181614294e-13
2.174140317 1.5596204242700574e-13
2.1757484089999997 1.6134771558923639e-13
2.177356501 1.672757858920985e-13
2.1789645930000003 1.73780685553247e-13
2.180572685 1.8099337431132183e-13
2.182180777 1.8891126605907057e-13
2.183788869 1.9785952761025044e-13
2.185396961 2.080770487712926e-13
2.187005053 2.1882229401787208e-13
2.1886131449999997 2.308591943915385e-13
2.1902212359999997 2.4421263141725253e-13
2.191829328 2.591559698883452e-13
2.1934374200000004 2.759569919745653e-13
2.195045512 2.94749499361272e-13
2.196653604 3.163856242148159e-13
2.198261696 3.4072562546241815e-13
2.199869788 3.683066662615643e-13
2.20147788 4.007504675661607e-13
2.203085972 4.371101798293898e-13
2.204694064 4.797031973591091e-13
2.206302156 5.294997659889276e-13
2.207910248 5.881419831793073e-13
2.2095183400000002 6.593001308199366e-13
2.211126432 7.441763044752801e-13
2.212734524 8.470339709056551e-13
2.2143426159999997 9.754849186098688e-13
2.215950708 1.1342591881201762e-12
2.2175588 5.202951471810337e-10
2.219166892 1.2572522550666073e-09
2.220774984 1.98008719191178e-09
2.221786975 2.7098896131969556e-09
2.222987941 3.6665602462054317e-09
2.2241889070000003 4.957318388326481e-09
2.225389873 6.475959670589296e-09
2.226590839 8.148736153644055e-09
2.227791805 8.496134150248307e-09
2.228992771 9.029450726659216e-09
2.230193737 9.83597009575607e-09
2.231394703 1.0760106912523896e-08
2.2325956689999997 1.1961464372454572e-08
2.233796635 1.3085744830127834e-08
2.234997601 1.3868264526788274e-08
2.2361985669999997 1.517147084655041e-08
2.2373995329999996 1.633822421734854e-08
2.238600498 1.739450124737714e-08
2.239801464 1.9253979849150114e-08
2.24100243 2.1132072062927113e-08
2.242203396 2.283171370078671e-08
2.243404362 2.418372144333588e-08
2.244605328 2.6889107044593705e-08
2.245806294 2.9467071949806235e-08
2.2470072599999997 3.328649660205908e-08
2.248208226 3.824798281012524e-08
2.249409192 4.380978986984452e-08
2.2506101579999997 4.880071346827219e-08
2.251811124 5.736585043987517e-08
2.2530120900000004 6.95497356193565e-08
2.254213056 8.175206924321691e-08
2.255414021 9.469128962694214e-08
2.256614987 1.1057727401025108e-07
2.2578159529999997 1.273363670255941e-07
2.259016919 1.4323477899590009e-07
2.260217885 1.6868460280909084e-07
2.2614188509999997 1.9314158388536155e-07
2.2626198169999996 2.2049440021359964e-07
2.2638207830000003 2.4939689095202267e-07
2.265021749 2.811541417495035e-07
2.266222715 3.0460475389843805e-07
2.2674236810000004 3.299447371771382e-07
2.268624647 3.5615579894695847e-07
2.269825613 3.83580335923603e-07
2.271026579 3.971113249765063e-07
2.2722275450000002 4.04574101846882e-07
2.27342851 4.172462209156065e-07
2.274629476 4.2951649293908693e-07
2.2758304419999997 4.5897923933166575e-07
2.277031408 4.859957146105082e-07
2.2782323740000003 5.055829952758644e-07
2.27943334 5.123534810894628e-07
2.280634306 5.435774767790091e-07
2.281835272 5.761695418536668e-07
2.283036238 6.103447072754596e-07
2.284237204 6.519588610935716e-07
2.28543817 6.940123972294547e-07
2.286639136 7.413408807160663e-07
2.287840102 8.115118215407207e-07
2.289041068 8.982069100711797e-07
2.290242034 9.849147894867702e-07
2.291442999 1.1039872571190162e-06
2.2926439650000003 1.2295836923509929e-06
2.293844931 1.3794248585878661e-06
2.295045897 1.5351098376458236e-06
2.296246863 1.725383941625667e-06
2.297447829 1.9488051829762413e-06
2.298648795 2.2240097888351014e-06
2.299849761 2.532942232484383e-06
2.301050727 2.8549365931157535e-06
2.302251693 3.2594927916914784e-06
2.303452659 3.7161534891074947e-06
2.304653625 4.25682589041057e-06
2.3058545909999997 4.862179890503299e-06
2.307055557 5.54689519242282e-06
2.308256523 6.310675372531272e-06
2.309457488 7.249810236012333e-06
2.310658454 8.367570182737616e-06
2.3118594199999998 9.635544163917784e-06
2.313060386 1.1127614309055072e-05
2.314261352 1.2942894564894742e-05
2.315462318 1.5121246849760518e-05
2.316663284 1.7745684391598322e-05
2.31786425 2.0820027812875962e-05
2.319065216 2.4267513610456276e-05
2.3202661819999997 2.838564890147194e-05
2.321467148 3.32372440976478e-05
2.322668114 3.878393889019644e-05
2.32386908 4.4904725721579106e-05
2.325070046 5.156802657145668e-05
2.3262710120000003 5.896017185778815e-05
2.327471977 6.725463198638892e-05
2.328672943 7.666805798312521e-05
2.329873909 8.713690249955237e-05
2.3310748749999997 9.878897565254517e-05
2.332275841 0.00011190186648030023
2.333476807 0.00012706255442796374
2.3346777729999997 0.00014506822108031398
2.3358787390000004 0.0001654299766550027
2.3370797050000003 0.00018908906461480413
2.338280671 0.00021698099806198261
2.339481637 0.00024846940510634216
2.3406826030000003 0.0002844879711616408
2.341883569 0.0003253183021669032
2.343084535 0.0003724240769232982
2.344285501 0.0004264448028966758
2.3454864659999997 0.000490119045137797
2.346687432 0.0005647497719881372
2.3478883980000003 0.0006523069805599947
2.349089364 0.0007584239655831833
2.35029033 0.0008866956114112436
2.3514912960000003 0.0010430471146748424
2.352692262 0.001232571813274594
2.353893228 0.0014649316979334012
2.355094194 0.0017470154193120313
2.35629516 0.0020914021750651165
2.357496126 0.0025086729457517885
2.358697092 0.0030058591395913945
2.359898058 0.003599184803917538
2.361099024 0.004297778945418812
2.3622999890000003 0.005099983342999461
2.363500955 0.006016098103437874
2.364701921 0.007041396289258187
2.3659028870000003 0.008164901767902645
2.367103853 0.00937988733406528
2.368304819 0.010674544429897627
2.369505785 0.01203860872006551
2.370706751 0.01344451673090232
2.371907717 0.014894623682008269
2.373108683 0.016384943314025374
2.3743096489999997 0.017901248223771732
2.375510615 0.01936803086558522
2.376711581 0.020960752129533067
2.3779125469999998 0.02270428736085921
2.3791135129999996 0.024639252744622843
2.380314478 0.026825446675110307
2.381515444 0.029323889397619683
2.38271641 0.03216788970017734
2.383917376 0.03545331218511198
2.385118342 0.039248628340321196
2.386319308 0.0436765104122964
2.387520274 0.0488888341000644
2.3887212399999997 0.05500016991524563
2.389922206 0.062137761896865165
2.391123172 0.07050994805805777
2.3923241379999998 0.08029564936571228
2.3935251039999996 0.09167678174143791
2.3947260700000004 0.104903319355963
2.3959270360000002 0.11996862600744927
2.397128002 0.1369209341810211
2.398328967 0.15571911374932682
2.3995299329999997 0.17614044060707112
2.400730899 0.19779773551462307
2.401931865 0.2201740402592308
2.4031328309999997 0.24265297938542446
2.4043337969999996 0.26455487363988023
2.405534763 0.2852115540194401
2.406735729 0.30403509812535373
2.407936695 0.3205842083965476
2.4091376610000004 0.3346067357584707
2.4103386270000002 0.3460446994016575
2.411539593 0.35502473185333855
2.412740559 0.36179246787792096
2.4139415250000003 0.36670351063569706
2.415142491 0.3701538805518147
2.416343456 0.3725351389096772
2.4175444219999997 0.3741935738969546
2.4187453879999996 0.37541484681238174
2.4199463540000004 0.37642044692838345
2.42114732 0.3774788848957816
2.422348286 0.3789031819582396
2.423549252 0.38006780228794856
2.4247502180000002 0.3813711202015324
2.425951184 0.38281399953271744
2.42715215 0.3843759400011944
2.4283531160000003 0.38602022994074714
2.429554082 0.387707413598797
2.430755048 0.3894273512264723
2.431956014 0.3911283452238055
2.43315698 0.3927626014141274
2.4343579450000004 0.3943046594387583
2.435558911 0.39573749057389324
2.436759877 0.39705129010543067
2.437960843 0.39824672448658655
2.4391618090000002 0.39933405086704826
2.440362775 0.40032771840595466
2.441563741 0.40124657243386047
2.442764707 0.40210776642687196
2.443965673 0.4029366587903838
2.445166639 0.4037549936593752
2.446367605 0.40458643938303884
2.4475685709999997 0.4051869515346909
2.448769537 0.40590026030159854
2.449970503 0.4064647422840441
2.4511714689999997 0.40699453559004306
2.452372434 0.407602892932515
2.4535734000000002 0.4082925189643557
2.454774366 0.40905577375071134
2.455975332 0.4098882294201807
2.457176298 0.41078516272584514
2.458377264 0.4117320857846774
2.45957823 0.4127168554426655
2.460779196 0.41368094549048634
2.4619801619999997 0.41462793475230103
2.463181128 0.41556443888600925
2.464382094 0.4164806892065535
2.4655830599999997 0.4173622615525571
2.466784026 0.4181960854640768
2.4679849920000003 0.4189694133534928
2.469185958 0.419895559091728
2.470386923 0.42062842913359166
2.471587889 0.4213658260514309
2.4727888549999997 0.42205914935811567
2.473989821 0.4230228169107323
2.475190787 0.42359627476682027
2.4763917529999997 0.4239405827524687
2.477592719 0.42425213639772874
2.4787936850000003 0.42452393070221905
2.479994651 0.4248061533140659
2.481195617 0.42467525572596465
2.4823965830000003 0.42439997421306835
2.483597549 0.4244474216790017
2.484798515 0.42425174420687695
2.485999481 0.42412695153490115
2.4872004459999997 0.42398330439677273
2.488401412 0.42368938721288746
2.489602378 0.4232978122527766
2.490803344 0.42295424451568336
2.49200431 0.4225416233913785
2.4932052760000003 0.4220779562378286
2.494406242 0.4215650524950179
2.495607208 0.42100897809754745
2.496808174 0.4204117364295863
2.49800914 0.4197793587644623
2.499210106 0.4191121452070583
2.500411072 0.41841624462171817
2.501612038 0.4176977655605806
2.502813004 0.4169652618925129
2.50401397 0.41622543062578454
2.505214935 0.4154881560660674
2.506415901 0.4147641569466737
2.5076168670000003 0.41405706908108253
2.508817833 0.41338084383254287
2.510018799 0.41274465553268813
2.511219765 0.41217327067441706
2.512420731 0.41165857934715494
2.513621697 0.41121033467889806
2.514822663 0.4108333317776302
2.5160236289999998 0.4105340641348956
2.517224595 0.41032302744179255
2.518425561 0.4101998581483307
2.519626527 0.4101684672084202
2.5208274929999996 0.41023782975933437
2.522028459 0.41040581678810745
2.523229424 0.4106692817978029
2.52443039 0.41102658635323286
2.525631356 0.4114753090628088
2.526832322 0.4120087292286451
2.528033288 0.4126260515480572
2.529234254 0.41331817303830987
2.5304352199999998 0.41409012386914196
2.531636186 0.4149473519259797
2.532837152 0.41585474626022223
2.534038118 0.41680003857751446
2.5352390839999996 0.4177755431412091
2.53644005 0.4187705856337788
2.5376410160000002 0.41977101628595476
2.538841982 0.42076947839575707
2.540042948 0.42175562454922993
2.5412439129999997 0.4226909257886265
2.542444879 0.4235956341859962
2.543645845 0.4244630287786807
2.5448468109999998 0.42528508502400486
2.546047777 0.4260578684790789
2.547248743 0.42677870499331483
2.548449709 0.4274436168950214
2.5496506749999996 0.4280523569732453
2.5508516410000004 0.42863220164201005
2.5520526070000003 0.4291648312539568
2.553253573 0.42964527145690057
2.554454539 0.43007520065503724
2.5556555050000003 0.4304595831379932
2.556856471 0.4308066465183707
2.558057437 0.431120256413779
2.5592584019999998 0.4314019025208271
2.5604593679999996 0.4316630583264074
2.561660334 0.4319119122856368
2.5628613000000002 0.4321459748929091
2.564062266 0.43237605028240034
2.565263232 0.43260985518330886
2.5664641980000003 0.4328506794603833
2.567665164 0.43309969123744924
2.56886613 0.43336472253729236
2.5700670960000003 0.43369001437873994
2.571268062 0.434467140019357
2.572469028 0.4348045715732774
2.573669994 0.4351726166141508
2.57487096 0.435562896512526
2.576071926 0.435973175276075
2.5772728910000002 0.43628771057195864
2.578473857 0.4364204418779059
2.579674823 0.43689590684806723
2.5808757890000003 0.43739855442567843
2.582076755 0.4379166006764558
2.583277721 0.4384864354647307
2.584478687 0.4390640716234597
2.585679653 0.43963770029194194
2.586880619 0.4402009509535779
2.588081585 0.44074976689104506
2.5892825509999997 0.4412834335982388
2.590483517 0.4418022208383123
2.591684483 0.4423160598761999
2.5928854489999997 0.4427936475485814
2.594086414 0.4431768493645563
2.5952873800000003 0.4430999100405825
2.596488346 0.4434552442030395
2.597689312 0.44412619907530404
2.598890278 0.44456038581241253
2.600091244 0.44473836180426723
2.60129221 0.44430265963087157
2.602493176 0.4437576164497761
2.6036941419999997 0.4431805252915063
2.604895108 0.44256590860770567
2.606096074 0.4419154398146925
2.6072970399999997 0.44123091892767097
2.6084980059999996 0.4405168194692021
2.6096989720000003 0.4397775789261605
2.610899938 0.4390129260248412
2.612100903 0.4382280569505771
2.613301869 0.4372141954571742
2.6145028349999997 0.43612756709752587
2.615703801 0.43588957926077687
2.616904767 0.43566071032775255
2.6181057329999997 0.4359384050567013
2.619306699 0.4357149768513086
2.620507665 0.43550905466679646
2.621708631 0.43532750058886066
2.622909597 0.4351638935776009
2.6241105630000003 0.4350243294276564
2.625311529 0.4349093917395178
2.626512495 0.4348198610770417
2.627713461 0.43476187968982355
2.628914427 0.4347325769745532
2.630115392 0.43473146379776617
2.631316358 0.43475073940475023
2.6325173239999997 0.4347921156805358
2.63371829 0.43486048554575996
2.6349192560000003 0.4354193351651251
2.636120222 0.4355810590180566
2.637321188 0.435725703322652
2.638522154 0.43590463248214284
2.63972312 0.4361081443855347
2.640924086 0.4363324395660815
2.642125052 0.4365790493074996
2.643326018 0.4368421685384678
2.644526984 0.43711666003335603
2.64572795 0.43740120695340257
2.646928916 0.4376939847342447
2.648129881 0.4379942892483016
2.6493308470000003 0.4382990335278422
2.650531813 0.43807121446510494
2.651732779 0.43780164141521843
2.652933745 0.43839008647780603
2.654134711 0.43852481079878886
2.655335677 0.43860964995633933
2.656536643 0.4386781254660114
2.657737609 0.43872521358026456
2.658938575 0.43875251411752814
2.660139541 0.4386992497687568
2.661340507 0.4381153913320248
2.662541473 0.437748756071161
2.663742439 0.4376970775190864
2.664943405 0.4376232486640596
2.66614437 0.4375324350451043
2.667345336 0.4374469629025063
2.668546302 0.4376156356571759
2.669747268 0.4377171266913028
2.670948234 0.43760561259425446
2.6721492 0.4369959828908054
2.673350166 0.4369102559594508
2.674551132 0.4368368963908836
2.675752098 0.4367710637296657
2.6769530639999997 0.4366988749356689
2.67815403 0.4366412903750528
2.679354996 0.4366054749328803
2.680555962 0.4365760951262184
2.681756928 0.43654462484303264
2.6829578940000003 0.4360259793066307
2.684158859 0.4359764500404057
2.685359825 0.43595392412542805
2.686560791 0.4362166339769638
2.687761757 0.4364319700392071
2.688962723 0.43644202106322366
2.690163689 0.4364620288451882
2.6913646549999997 0.4364558240764146
2.6925656210000004 0.436171319437522
2.6937665870000003 0.43596337135870555
2.694967553 0.4359904066595546
2.696168519 0.43603472149971856
2.6973694850000003 0.4360945758796047
2.698570451 0.43616337361994223
2.699771417 0.43691288172726117
2.700972383 0.4373060548259528
2.7021733479999996 0.4374420199215551
2.703374314 0.43743574000498
2.70457528 0.4379748050126684
2.705776246 0.4381999762110977
2.706977212 0.438417944532985
2.7081781780000003 0.438624784464092
2.709379144 0.43881328642143763
2.71058011 0.43897915611317617
2.7117810760000003 0.4391276874383706
2.712982042 0.43925582620365217
2.714183008 0.4388484077230045
2.715383974 0.43892889786810796
2.71658494 0.43898840409648154
2.717785906 0.4390276814007409
2.7189868710000002 0.43904461335199046
2.720187837 0.43903704763862444
2.721388803 0.43917345727660856
2.7225897690000003 0.43939546715914085
2.723790735 0.43888263165839964
2.724991701 0.43864386930411464
2.726192667 0.4384920148387766
2.727393633 0.4383248684200136
2.728594599 0.43815321146116704
2.729795565 0.43797588719061775
2.7309965309999997 0.4378037851338445
2.732197497 0.43763782526907236
2.733398463 0.4372682554084017
2.7345994289999997 0.4368009288056461
2.735800395 0.4366533355812799
2.7370013600000003 0.4365154844614206
2.738202326 0.43638739290039297
2.739403292 0.43626570363398476
2.740604258 0.4364519533328366
2.741805224 0.4365489673266339
2.74300619 0.4364813866415766
2.744207156 0.4363357395089106
2.7454081219999997 0.43591207648265035
2.746609088 0.43592267646086413
2.747810054 0.43596838425311735
2.7490110199999997 0.4360563283196668
2.7502119859999996 0.4360521607017777
2.751412952 0.4354786434594689
2.752613918 0.43462945082892757
2.753814884 0.43391827652533943
2.755015849 0.4334293653096485
2.756216815 0.4328590095865196
2.757417781 0.43203571204788416
2.758618747 0.4316387788556116
2.7598197129999997 0.4316683514952882
2.761020679 0.43141839601703613
2.762221645 0.4307509110639256
2.7634226109999998 0.43115374599418776
2.764623577 0.431466089154367
2.7658245430000004 0.43180501134133786
2.767025509 0.43165725111385395
2.768226475 0.4320328849665888
2.769427441 0.4324193539440052
2.7706284070000002 0.43247259912423913
2.771829373 0.4326479871306604
2.773030338 0.43301647124531634
2.7742313039999997 0.4333895456007901
2.7754322699999996 0.4335391358822005
2.7766332360000003 0.433612544409926
2.777834202 0.43397010285121446
2.779035168 0.4348128976827915
2.7802361340000004 0.43503561229673143
2.7814371 0.4349784829908056
2.782638066 0.43529898964273167
2.783839032 0.4355995937068761
2.7850399980000002 0.43585981580923744
2.786240964 0.4356200461935503
2.78744193 0.43584785822196476
2.788642896 0.4360530868927474
2.789843862 0.4362338563347444
2.7910448270000003 0.43590898002379364
2.792245793 0.43607580089111947
2.793446759 0.4362195382868734
2.794647725 0.43600577819155023
2.795848691 0.43593057046715117
2.797049657 0.4360199245831518
2.798250623 0.4362182645863238
2.799451589 0.4364176637847966
2.800652555 0.43614463432511646
2.801853521 0.43611168514696846
2.803054487 0.43606478478864685
2.804255453 0.43588046252093543
2.805456419 0.43543694743267913
2.806657385 0.43537672914135783
2.8078583509999997 0.435313591866814
2.809059316 0.43521889181232365
2.810260282 0.4346739526770918
2.811461248 0.4346324524030221
2.812662214 0.43460038397674605
2.81386318 0.4345753554473461
2.815064146 0.43404561831292393
2.816265112 0.43404024459784596
2.817466078 0.43404813639029666
2.8186670439999997 0.4343935817988344
2.81986801 0.43414078108688087
2.821068976 0.43406504433469223
2.8222699419999997 0.43406640942404373
2.823470908 0.4340819193363696
2.8246718740000003 0.4341095959251152
2.825872839 0.4341490656074899
2.827073805 0.4341965908953877
2.828274771 0.4342561828293956
2.829475737 0.4343252862092335
2.830676703 0.4343798800195246
2.831877669 0.43441960550993336
2.8330786349999997 0.43446531594605414
2.834279601 0.4345131891848031
2.8354805670000003 0.4345667667910987
2.836681533 0.43427044963895517
2.837882499 0.4341626156780576
2.8390834650000003 0.43421902326270917
2.840284431 0.4344155006011539
2.841485397 0.4348239119684272
2.842686363 0.4348791530398518
2.8438873279999997 0.434933754242529
2.845088294 0.4349838110190901
2.84628926 0.43503428092628627
2.8474902259999997 0.435082073458439
2.848691192 0.43512885810220187
2.8498921580000003 0.43517011987723264
2.851093124 0.434954818010305
2.85229409 0.4347102264846964
2.8534950560000003 0.43446331461591725
2.854696022 0.4342127590074445
2.855896988 0.4339608144530567
2.857097954 0.43370847386222205
2.85829892 0.43345610146300095
2.859499886 0.4332039696779882
2.860700852 0.4326580748456589
2.861901817 0.43237100234542514
2.863102783 0.4322413633831795
2.8643037490000003 0.4322664543624277
2.865504715 0.4324848862394284
2.866705681 0.4323675358885898
2.867906647 0.4322530417012804
2.869107613 0.43214500208795903
2.870308579 0.43205236145225034
2.871509545 0.43200301736790875
2.872710511 0.43195541519499464
2.873911477 0.43191081467359504
2.875112443 0.4318675529990057
2.8763134089999998 0.43182544080403856
2.877514375 0.43178052357374624
2.878715341 0.4317326809573667
2.879916306 0.43168201039538956
2.881117272 0.43162076088261286
2.882318238 0.43155035646140494
2.883519204 0.43146873504847605
2.88472017 0.4313756709997239
2.885921136 0.43079463271263746
2.8871221019999997 0.4306322271262125
2.888323068 0.43048992088202986
2.889524034 0.43032641992186843
2.8907249999999998 0.430209778928637
2.8919259659999996 0.4301172248474486
2.893126932 0.4304831012462664
2.894327898 0.43033478816085613
2.895528864 0.43015458573154275
2.8967298300000004 0.42994427921038025
2.897930795 0.42970248930724675
2.899131761 0.42942914635366897
2.900332727 0.429093501722503
2.9015336929999997 0.42865113496287
2.902734659 0.4281739360861515
2.903935625 0.4276657351242762
2.9051365909999998 0.42712511261441793
2.9063375569999996 0.42655324000264455
2.9075385230000004 0.4259516474208476
2.9087394890000002 0.4253234528236776
2.909940455 0.42466960847422963
2.911141421 0.4235414578174407
2.9123423870000003 0.42290354321785295
2.913543353 0.4222485783662292
2.914744319 0.4215796590425317
2.9159452839999997 0.42090164047305534
2.9171462499999996 0.4202156878626426
2.918347216 0.41952666436037367
2.919548182 0.41883944955445157
2.920749148 0.41805792634452865
2.9219501140000004 0.41722517576256446
2.9231510800000002 0.4164026564985224
2.924352046 0.4155942241628898
2.925553012 0.41480438235775824
2.9267539780000003 0.41438830055042747
2.927954944 0.4137589223154968
2.92915591 0.4130413468935629
2.930356876 0.41232038655275105
2.931557842 0.41155543990766613
2.932758808 0.410823703818075
2.933959773 0.4101265537068588
2.935160739 0.40946420109170845
2.936361705 0.4088378699540252
2.9375626710000002 0.4079731186256827
2.938763637 0.40720460587707075
2.939964603 0.4066851906325071
2.941165569 0.40626379646296684
2.942366535 0.40587773942601196
2.943567501 0.40579929144955396
2.944768467 0.405686901913117
2.945969433 0.40539294128389897
2.947170399 0.4051259667279207
2.948371365 0.40488357944129016
2.9495723309999997 0.40466237692888357
2.950773296 0.4046882951465305
2.9519742620000002 0.4044456808564967
2.953175228 0.40412062882864813
2.954376194 0.4038033113499531
2.95557716 0.40349098660322513
2.956778126 0.4031810303818412
2.957979092 0.40287075232029573
2.959180058 0.40255815250937965
2.9603810239999997 0.40223806407053836
2.96158199 0.4019078467212224
2.962782956 0.4015661870760937
2.9639839219999997 0.40121233409519985
2.9651848879999996 0.40084656080707015
2.9663858540000003 0.4004651521946972
2.96758682 0.400065450548572
2.968787785 0.39964808256170686
2.969988751 0.39921473752990044
2.971189717 0.3987985001753229
2.972390683 0.3983658177915474
2.973591649 0.3979163561809575
2.9747926149999997 0.39745177842299195
2.975993581 0.39788966314896423
2.977194547 0.39740579360670253
2.9783955129999997 0.3969043780192201
2.979596479 0.3963944011121562
2.9807974450000003 0.39574562532483476
2.981998411 0.39502667724942986
2.983199377 0.39430592308184464
2.984400343 0.39358625557115207
2.985601309 0.39286877843134344
2.986802274 0.3921589171095251
2.98800324 0.3914582240529061
2.9892042059999997 0.39117176778177487
2.990405172 0.390545435070428
2.9916061380000003 0.39004168370745884
2.992807104 0.38955432668318984
2.99400807 0.3890866904004625
2.9952090360000003 0.3886386184383705
2.996410002 0.38821116971811526
2.997610968 0.3878041680251215
2.998811934 0.3874202344710225
3.0000129 0.3870560226440796
3.001213866 0.3865437252450202
3.002414832 0.38628085564807607
3.003615798 0.3857222495736285
3.004816763 0.38518108430582376
3.0060177290000003 0.38466506451090265
3.007218695 0.3846057013070697
3.008419661 0.38410623557542134
3.009620627 0.3836160787494362
3.010821593 0.383311062055533
3.012022559 0.38309429182246185
3.013223525 0.38287728416439715
3.014424491 0.3826590774594641
3.015625457 0.38243463150563095
3.016826423 0.38220445606120457
3.018027389 0.3819621385779424
3.019228355 0.38170708084354965
3.020429321 0.3813752534418708
3.021630287 0.38091730825062337
3.022831252 0.38043476556370687
3.024032218 0.37992824252873697
3.025233184 0.3793933640160284
3.02643415 0.37883156440396387
3.027635116 0.3782395948670134
3.0288360819999998 0.377616572236951
3.030037048 0.37697363926932864
3.031238014 0.37662775606832255
3.03243898 0.3762544477564386
3.0336399459999996 0.3758534636511998
3.034840912 0.3754262073007996
3.036041878 0.374989556461103
3.0372428439999997 0.3749391942334829
3.0384438100000004 0.3744368399765036
3.0396447760000003 0.3739165055305105
3.040845741 0.37354050512797987
3.042046707 0.37321996725884715
3.0432476729999998 0.3728863182899454
3.044448639 0.37254634741075743
3.045649605 0.37220268675842705
3.046850571 0.37186099287636754
3.0480515369999996 0.37154249364792674
3.049252503 0.3715757833661274
3.0504534690000003 0.3712068113986884
3.051654435 0.3707714902540778
3.052855401 0.37035457255087234
3.0540563670000003 0.3699563386291441
3.055257333 0.36958066720171784
3.056458299 0.3692254718553216
3.0576592639999998 0.3688966006711031
3.0588602299999996 0.36859187322617426
3.060061196 0.3683361659794961
3.061262162 0.3684819261863949
3.062463128 0.36865436799742207
3.0636640940000004 0.36885109820632156
3.0648650600000003 0.3690724670024188
3.066066026 0.36975684632791783
3.067266992 0.37001924893560834
3.0684679580000003 0.37049115545398836
3.069668924 0.3709976687317781
3.07086989 0.37112385443505586
3.072070856 0.37118449484220345
3.073271822 0.37123911194883263
3.074472788 0.37127379662560206
3.0756737530000002 0.3712842035776654
3.076874719 0.37125969042643225
3.078075685 0.37119204958082413
3.0792766510000003 0.37106864340425
3.080477617 0.37101154804702513
3.081678583 0.3710772386662047
3.0828795490000003 0.3710429141426902
3.084080515 0.37089782322826975
3.085281481 0.37062047431446826
3.086482447 0.3701943954316764
3.087683413 0.36959723246676696
3.088884379 0.3688125923587429
3.090085345 0.36781619856684133
3.0912863109999997 0.36667849230284916
3.092487277 0.3652797017931669
3.0936882420000003 0.3638884129733456
3.094889208 0.36201554433769517
3.096090174 0.3596664390576119
3.09729114 0.3569509971723887
3.098492106 0.3538304820799658
3.099693072 0.35029288032721656
3.100894038 0.34619196771561955
3.1020950039999997 0.3415842379788147
3.10329597 0.3364978974203515
3.104496936 0.3309244655939317
3.1056979019999997 0.3248499086052708
3.106898868 0.3182675131240019
3.108099834 0.311195206481059
3.1093008 0.303641573903022
3.110501766 0.29565316645350614
3.111702731 0.28727370464095225
3.112903697 0.27848542571440377
3.114104663 0.2693202122371051
3.115305629 0.2598257935103422
3.1165065949999997 0.2500605597899437
3.117707561 0.24007873447318914
3.118908527 0.22993329155559586
3.1201094929999997 0.21973800855798653
3.1213104589999996 0.2098471712388817
3.1225114250000003 0.1997353214942644
3.123712391 0.18969782948676273
3.124913357 0.1797936793313204
3.126114323 0.17007311542467862
3.127315289 0.16057910944960357
3.128516255 0.1513564776925755
3.12971722 0.14244202432474026
3.1309181859999997 0.1338250116867619
3.132119152 0.12555710811498275
3.133320118 0.11766521179150642
3.134521084 0.11016071706132732
3.13572205 0.10304684032972615
3.1369230160000003 0.09632365010796576
3.138123982 0.08998924899833519
3.139324948 0.08403334171321399
3.140525914 0.07845961531223024
3.14172688 0.07325464572127134
3.142927846 0.06839088123899419
3.144128812 0.06385109844393881
3.145329778 0.059620257790976273
3.146530744 0.05568347017153866
3.1477317090000003 0.05206693282304676
3.148932675 0.048677986519333825
3.150133641 0.045514246329080084
3.151334607 0.04257858304354356
3.152535573 0.03985502971185773
3.153736539 0.037329812675076034
3.154937505 0.034988373431051045
3.1561384710000002 0.032815557903123405
3.157339437 0.030801034413709752
3.158540403 0.028931347767526563
3.159741369 0.02719791694963021
3.160942335 0.02558551695719171
3.162143301 0.024088654813361733
3.163344267 0.022698755929953598
3.1645452329999997 0.021407084556224386
3.165746198 0.02020816039001539
3.166947164 0.01909218360834043
3.16814813 0.018054517749702053
3.169349096 0.017087023346277683
3.170550062 0.01619063465667311
3.171751028 0.015359830515634273
3.172951994 0.014600498179407272
3.17415296 0.013876370444974641
3.1753539259999997 0.013197157934600903
3.176554892 0.012563429619471293
3.177755858 0.011969920054866202
3.1789568239999997 0.011414248362360881
3.18015779 0.010892101259866938
3.1813587560000003 0.010398723127306282
3.182559721 0.009935862135697755
3.183760687 0.009499058311137204
3.184961653 0.009088725209116588
3.186162619 0.008700894295140479
3.187363585 0.008335304017245335
3.188564551 0.007990106995166474
3.1897655169999997 0.007663257235970826
3.190966483 0.00735518946177473
3.192167449 0.007062528458806043
3.193368415 0.006786590873713358
3.194569381 0.006524570350643281
3.1957703470000003 0.0062761977467150195
3.196971313 0.0060400380804278625
3.198172279 0.005821439671414116
3.1993732450000003 0.005607352717173184
3.20057421 0.005400700672535938
3.201775176 0.005202865272271745
3.202976142 0.005012330212959835
3.2041771079999997 0.004828887159697064
3.2053780740000004 0.0046526233893370295
3.2065790400000003 0.004481949121613274
3.207780006 0.004318847767965193
3.208980972 0.004160847909264021
3.2101819380000003 0.004009185204667076
3.211382904 0.003862516486291026
3.21258387 0.0037180861610262663
3.213784836 0.0035803598069576673
3.214985802 0.0034475469035855884
3.216186768 0.003319509798218216
3.217387734 0.0031938863516017576
3.218588699 0.0030711921662450016
3.219789665 0.0029520250305872736
3.2209906310000003 0.0028362559349924986
3.222191597 0.002728180306379299
3.223392563 0.0026186616945618616
3.2245935290000003 0.002512752142879916
3.225794495 0.002409612763130137
3.226995461 0.002308956678347555
3.228196427 0.0022115391362089484
3.229397393 0.0021156491218375204
3.230598359 0.0020228424393976987
3.231799325 0.0019311527008258281
3.2330002909999997 0.0018417003127809467
3.234201257 0.0017549712965191566
3.235402223 0.001670128534480906
3.236603188 0.0015894148647214489
3.237804154 0.0015111445153614415
3.23900512 0.0014358162548548856
3.240206086 0.001362636313296775
3.241407052 0.001291691637634771
3.242608018 0.001224483593725553
3.2438089839999997 0.00115937274486263
3.24500995 0.0010993414991418682
3.246210916 0.0010400749810861182
3.2474118819999997 0.000982922713720737
3.248612848 0.0009288019201636157
3.249813814 0.0008765886771623492
3.2510147799999998 0.0008279395796725019
3.252215746 0.0007805230582260537
3.2534167120000004 0.0007348504512448023
3.254617677 0.0006911288470871152
3.255818643 0.0006486897446384254
3.257019609 0.0006094108724429945
3.2582205749999997 0.0005716498155268611
3.259421541 0.0005358302404279063
3.260622507 0.000501576200988092
3.2618234729999998 0.000469131387301019
3.2630244389999996 0.00043985895385262937
3.2642254050000004 0.00041138113077984767
3.265426371 0.0003844504295860642
3.266627337 0.0003588585385646129
3.267828303 0.0003345694638693631
3.2690292690000002 0.00031213237132847097
3.270230235 0.0002904389965593562
3.271431201 0.0002702628063309248
3.2726321659999997 0.00025075648669243915
3.273833132 0.0002321252524237295
3.275034098 0.00021551359917220525
3.2762350639999998 0.00019932868742483027
3.27743603 0.0001851832386712793
3.2786369960000004 0.0001721171267437682
3.279837962 0.00015926016004916846
3.281038928 0.00014785228060476397
3.282239894 0.0001366287099560027
3.2834408600000002 0.00012643684009331046
3.284641826 0.00011615895880206846
3.285842792 0.00010618337900748352
3.287043758 9.747596669469694e-05
3.288244724 8.858471665896495e-05
3.2894456890000003 8.090397742015963e-05
3.290646655 7.355476174044205e-05
3.291847621 6.685552730956172e-05
3.2930485870000004 6.141926986836124e-05
3.294249553 5.626724268012828e-05
3.295450519 5.226459818259207e-05
3.296651485 4.802242868332444e-05
3.2978524510000002 4.4069826998397586e-05
3.299053417 4.105008405458588e-05
3.300254383 3.770173360424008e-05
3.301455349 3.468120523827316e-05
3.302656315 3.17574026656521e-05
3.303857281 2.9161512243256158e-05
3.305058247 2.7072374958264315e-05
3.3062592129999997 2.4786638591501523e-05
3.307460178 2.299759467321005e-05
3.308661144 2.128777142313152e-05
3.30986211 1.9705363362684036e-05
3.311063076 1.881203669785292e-05
3.312264042 1.792549406322347e-05
3.313465008 1.7316798642646636e-05
3.314665974 1.6563497848544962e-05
3.31586694 1.5667274171359113e-05
3.317067906 1.519248211583275e-05
3.318268872 1.3966539125253809e-05
3.319469838 1.2915270827739767e-05
3.3206708039999997 1.1801423718733215e-05
3.32187177 1.0571835298863055e-05
3.323072736 9.772973975268717e-06
3.324273702 9.049094266138589e-06
3.325474667 8.493878440276731e-06
3.326675633 8.20961182636758e-06
3.327876599 8.422742850291113e-06
3.329077565 9.009029130231487e-06
3.330278531 9.514816875378642e-06
3.3314794969999997 9.538282720974335e-06
3.332680463 9.76736093324569e-06
3.333881429 9.351615203676895e-06
3.3350823949999997 8.904634512560056e-06
3.336283361 8.063803312745276e-06
3.3374843270000003 7.154984345081443e-06
3.338685293 6.2938755498352415e-06
3.339886259 5.4881563665545446e-06
3.3410872250000003 5.328069504503517e-06
3.342288191 5.123739702394123e-06
3.343489156 5.0446930808585006e-06
3.344690122 5.207591004357411e-06
3.3458910879999997 5.232359683161496e-06
3.347092054 5.207525999618982e-06
3.3482930200000003 5.241958435940077e-06
3.349493986 5.151432494725948e-06
3.350694952 5.079336490332895e-06
3.3518959180000003 4.851983970634717e-06
3.353096884 4.698069677512086e-06
3.35429785 4.641397136199794e-06
3.355498816 4.632852539229694e-06
3.356699782 4.7862328118541935e-06
3.357900748 4.930447413191713e-06
3.359101714 4.8749813644221626e-06
3.3603026799999998 4.906657644899786e-06
3.361503645 5.05832580741598e-06
3.3627046110000003 5.193759442599714e-06
3.363905577 5.341769733575336e-06
3.365106543 5.549454279195474e-06
3.3663075090000003 5.7674951108284275e-06
3.367508475 5.835838944854932e-06
3.368709441 5.8822339750556665e-06
3.369910407 6.006690076407601e-06
3.371111373 6.199742237435285e-06
3.372312339 6.604934859828901e-06
3.373513305 6.986563780262506e-06
3.3747142709999998 7.010007804729465e-06
3.375915237 7.0217471804863685e-06
3.377116203 7.464803089992711e-06
3.378317169 7.986470941990501e-06
3.379518134 8.57075317323987e-06
3.3807191 8.768688019849407e-06
3.381920066 8.812453845525089e-06
3.383121032 9.23712696747401e-06
3.384321998 9.664061679716413e-06
3.3855229639999997 1.0137315213312256e-05
3.38672393 1.0484515889554711e-05
3.387924896 1.0459152542888263e-05
3.3891258619999998 1.0294055154822302e-05
3.390326828 1.0278395045227303e-05
3.391527794 1.0679726217827292e-05
3.39272876 1.1429058280993951e-05
3.3939297259999996 1.1962666863367825e-05
3.3951306920000004 1.233592430759899e-05
3.3963316580000003 1.2908705802933108e-05
3.397532623 1.3972384345762488e-05
3.398733589 1.5199303369434245e-05
3.3999345549999997 1.639158162692313e-05
3.401135521 1.7257489061846465e-05
3.402336487 1.7706211120945544e-05
3.4035374529999998 1.835370857167245e-05
3.4047384189999996 1.8985364258035134e-05
3.405939385 1.902685858031451e-05
3.407140351 1.8808484321308536e-05
3.408341317 1.912953250873462e-05
3.4095422830000004 1.960539040516552e-05
3.4107432490000003 1.9646462410671658e-05
3.411944215 2.0045457864992308e-05
3.413145181 2.0783466184569345e-05
3.4143461459999997 2.1296423811143546e-05
3.415547112 2.182163419370396e-05
3.416748078 2.2423964528213482e-05
3.4179490439999998 2.2685771648263388e-05
3.4191500099999996 2.3291325608282888e-05
3.4203509760000004 2.3996932035425664e-05
3.4215519420000002 2.4026687178027128e-05
3.422752908 2.3798406250007753e-05
3.423953874 2.386958821680604e-05
3.4251548400000003 2.4523787073601656e-05
3.426355806 2.5036800583127544e-05
3.427556772 2.4776182023767266e-05
3.428757738 2.394887541177793e-05
3.429958704 2.3038968318419075e-05
3.43115967 2.2559278610571536e-05
3.432360635 2.2450255926462497e-05
3.433561601 2.2021996524082306e-05
3.4347625670000004 2.1351251477309516e-05
3.4359635330000002 2.1015466302924087e-05
3.437164499 2.0957247585302364e-05
3.438365465 2.1247757555871673e-05
3.4395664310000003 2.1837335118066965e-05
3.440767397 2.2130338703056748e-05
3.441968363 2.249299134976749e-05
3.443169329 2.2974201213681903e-05
3.444370295 2.3655062633150358e-05
3.445571261 2.4071451125001095e-05
3.446772227 2.400142574583922e-05
3.4479731929999997 2.4103424167764294e-05
3.449174159 2.423707541393921e-05
3.4503751240000002 2.4013349679743642e-05
3.45157609 2.4147389268407572e-05
3.452777056 2.37292486702847e-05
3.453978022 2.275617913384728e-05
3.455178988 2.2290618835249142e-05
3.456379954 2.1807849611911372e-05
3.45758092 2.0924406253820933e-05
3.458781886 2.0300427618380957e-05
3.459982852 1.9752751615610513e-05
3.461183818 1.9269525630804735e-05
3.4623847839999997 1.95343111353949e-05
3.46358575 1.9626983260822323e-05
3.464786716 2.01538484595842e-05
3.4659876819999997 2.1203588044181257e-05
3.467188648 2.2045555798255076e-05
3.468389613 2.2816195295441446e-05
3.469590579 2.322397629862825e-05
3.470791545 2.3209215495533833e-05
3.471992511 2.2867706462803696e-05
3.4731934769999997 2.235079092719077e-05
3.474394443 2.153289937502667e-05
3.475595409 2.0496148717514132e-05
3.4767963749999997 1.920678208869738e-05
3.4779973409999996 1.8093386524856217e-05
3.4791983070000003 1.7036223381777242e-05
3.480399273 1.5642822890022436e-05
3.481600239 1.4956791810588771e-05
3.4828012050000003 1.4395850481043938e-05
3.484002171 1.3803296680685544e-05
3.485203137 1.3792736587666569e-05
3.486404102 1.3214973624080602e-05
3.4876050679999997 1.2428606859084826e-05
3.488806034 1.2235880992665385e-05
3.490007 1.1668327815338166e-05
3.491207966 1.1415851984792617e-05
3.492408932 1.1778213109193945e-05
3.4936098980000003 1.1510348265898435e-05
3.494810864 1.1712473614877391e-05
3.49601183 1.2794421549526463e-05
3.497212796 1.3483499958409094e-05
3.498413762 1.4495421854212054e-05
3.499614728 1.543012274207625e-05
3.500815694 1.5123410036057331e-05
3.50201666 1.4966167056128849e-05
3.503217626 1.503842688916271e-05
3.5044185910000003 1.4467024543403863e-05
3.505619557 1.4513285569672377e-05
3.506820523 1.4566333346978988e-05
3.5080214890000003 1.4383487468838208e-05
3.509222455 1.5261308466946456e-05
3.510423421 1.6037083295155484e-05
3.511624387 1.6448176886229408e-05
3.512825353 1.696280450836347e-05
3.514026319 1.6756266198966275e-05
3.515227285 1.6554295729757798e-05
3.516428251 1.669746145596599e-05
3.517629217 1.6002928088748733e-05
3.518830183 1.4979402775462625e-05
3.520031149 1.4650639637718212e-05
3.521232114 1.41306376164617e-05
3.52243308 1.4370786026998225e-05
3.523634046 1.4912302372443907e-05
3.524835012 1.4978651872092548e-05
3.526035978 1.557597933315248e-05
3.527236944 1.6047730278070604e-05
3.52843791 1.6018545819215412e-05
3.529638876 1.646342312186996e-05
3.530839842 1.6667054343630315e-05
3.532040808 1.604751332757496e-05
3.533241774 1.593916315657079e-05
3.53444274 1.540264021257213e-05
3.5356437059999997 1.4725020292144821e-05
3.536844672 1.5237287798426632e-05
3.5380456380000003 1.5961786956891056e-05
3.539246603 1.712990358489093e-05
3.540447569 1.9164158058564075e-05
3.5416485349999998 2.033699953538808e-05
3.542849501 2.1322126054730686e-05
3.544050467 2.2932380199725564e-05
3.545251433 2.372610474358624e-05
3.5464523989999996 2.4513418577258596e-05
3.547653365 2.556546711806245e-05
3.548854331 2.5062936898832253e-05
3.5500552969999997 2.442280915076287e-05
3.5512562630000004 2.455998548533217e-05
3.5524572290000003 2.3966131724856927e-05
3.553658195 2.3529491935533763e-05
3.554859161 2.3399480431406213e-05
3.5560601270000003 2.252746042736813e-05
3.557261092 2.2483520915305003e-05
3.558462058 2.2681815404774184e-05
3.559663024 2.19624939153304e-05
3.5608639899999996 2.2098308648667006e-05
3.562064956 2.2505761209428077e-05
3.5632659220000003 2.254002852998054e-05
3.564466888 2.3575714118311584e-05
3.565667854 2.413555556325266e-05
3.5668688200000003 2.3266081301821843e-05
3.568069786 2.2757602006439703e-05
3.569270752 2.193790165572774e-05
3.570471718 2.071921702763603e-05
3.571672684 2.0607198521877866e-05
3.57287365 2.0008754170857826e-05
3.574074616 1.8694194665491677e-05
3.575275581 1.8404177320954122e-05
3.5764765470000004 1.8148129349534013e-05
3.5776775130000003 1.800403006401622e-05
3.578878479 1.8775832304307464e-05
3.580079445 1.8719343396242097e-05
3.5812804110000003 1.8242498636263552e-05
3.582481377 1.8580622980586163e-05
3.583682343 1.7965905084932953e-05
3.584883309 1.6835433771778964e-05
3.586084275 1.6485891641586508e-05
3.587285241 1.5875613635428003e-05
3.588486207 1.5441455484398096e-05
3.5896871729999997 1.6544396307499793e-05
3.590888139 1.7235724823981587e-05
3.592089105 1.7367699816158187e-05
3.59329007 1.8479842795776213e-05
3.594491036 1.9184788200172612e-05
3.595692002 1.9627438951501886e-05
3.596892968 2.1026000332446197e-05
3.598093934 2.1654736296122342e-05
3.5992949 2.1536311032150876e-05
3.600495866 2.2472006608419345e-05
3.601696832 2.31214640994154e-05
3.602897798 2.3733513535036386e-05
3.6040987639999997 2.5119296028221868e-05
3.60529973 2.5864060699560434e-05
3.606500696 2.6318300469476625e-05
3.6077016619999998 2.772117522171613e-05
3.6089026279999996 2.8303055899278275e-05
3.6101035940000004 2.8033399325087666e-05
3.611304559 2.852115610659593e-05
3.612505525 2.8850444388714788e-05
3.613706491 2.9367312899454422e-05
3.6149074569999997 3.081947324578308e-05
3.616108423 3.1404698895091254e-05
3.617309389 3.1553581684284305e-05
3.6185103549999997 3.290080613943519e-05
3.619711321 3.416337700129507e-05
3.620912287 3.519830010444946e-05
3.622113253 3.675196987890101e-05
3.623314219 3.732812153002064e-05
3.6245151850000004 3.7556135514699306e-05
3.625716151 3.915333206218153e-05
3.626917117 4.0424075260042906e-05
3.628118082 4.136753579130159e-05
3.6293190479999997 4.300618892351526e-05
3.630520014 4.39116369974287e-05
3.63172098 4.403846780057774e-05
3.6329219459999997 4.496532206613112e-05
3.6341229119999996 4.5518422307603275e-05
3.6353238780000003 4.518894623172044e-05
3.636524844 4.580618518958815e-05
3.63772581 4.6041257315397575e-05
3.638926776 4.5431251272994036e-05
3.640127742 4.59803376001781e-05
3.641328708 4.665713300393703e-05
3.642529674 4.658838425054437e-05
3.6437306400000002 4.747815973354587e-05
3.644931606 4.835645593927358e-05
3.646132571 4.8452256706071184e-05
3.647333537 4.961580608994995e-05
3.648534503 5.09038000707677e-05
3.6497354690000003 5.11661156141069e-05
3.650936435 5.173285139939633e-05
3.652137401 5.24815164489557e-05
3.653338367 5.213503160655667e-05
3.6545393330000002 5.215682561159468e-05
3.655740299 5.295809571314622e-05
3.656941265 5.26088885035451e-05
3.658142231 5.2378596406949e-05
3.659343197 5.271899139075404e-05
3.660544163 5.209603208056016e-05
3.661745129 5.191240199757831e-05
3.6629460949999997 5.258644863054797e-05
3.66414706 5.209496438568679e-05
3.665348026 5.1219136742958637e-05
3.666548992 5.073595584720628e-05
3.667749958 4.975400052695172e-05
3.6689509240000002 4.891276598259926e-05
3.67015189 4.928996330910713e-05
3.671352856 4.9275904946436754e-05
3.672553822 4.862064603733601e-05
3.673754788 4.896669245155195e-05
3.674955754 4.876733497395803e-05
3.67615672 4.771383647812473e-05
3.6773576859999997 4.748643926640223e-05
3.678558652 4.680043714288495e-05
3.679759618 4.5496583052727084e-05
3.680960584 4.4982042682638535e-05
3.682161549 4.426568681334236e-05
3.683362515 4.2836199774456487e-05
3.684563481 4.201338368832328e-05
3.685764447 4.175422897811389e-05
3.686965413 4.0608749342863335e-05
3.6881663789999997 3.9708811826778674e-05
3.689367345 3.925109973700725e-05
3.690568311 3.7836264304016534e-05
3.6917692769999997 3.729626471508453e-05
3.6929702430000004 3.779569659112202e-05
3.6941712090000003 3.732696658465567e-05
3.695372175 3.6987055291942727e-05
3.696573141 3.747111353784715e-05
3.6977741070000003 3.7466732614568616e-05
3.698975073 3.697585749338141e-05
3.700176038 3.7052401192616147e-05
3.701377004 3.645553362457012e-05
3.7025779699999997 3.492791647414425e-05
3.703778936 3.4683632097868066e-05
3.704979902 3.395704995322149e-05
3.706180868 3.2012824447168376e-05
3.707381834 3.140719182344743e-05
3.7085828000000003 3.140304497723686e-05
3.709783766 3.087633419200801e-05
3.710984732 3.049416113694263e-05
3.712185698 3.0093748073725742e-05
3.713386664 2.8562884686497554e-05
3.71458763 2.7429467552579367e-05
3.715788596 2.817312593235274e-05
3.716989562 2.798584240101067e-05
3.7181905270000004 2.767153147743437e-05
3.7193914930000003 2.8507867916422454e-05
3.720592459 2.8767022686843253e-05
3.721793425 2.8966550111686927e-05
3.7229943910000003 2.994875589627129e-05
3.724195357 3.075166878916266e-05
3.725396323 3.011758081205391e-05
3.726597289 2.973689359693155e-05
3.727798255 2.9411133313394832e-05
3.728999221 2.7641543534060413e-05
3.730200187 2.6819385011653694e-05
3.7314011529999997 2.6659560604075186e-05
3.732602119 2.5790710126157827e-05
3.733803085 2.5091176893598186e-05
3.7350040509999998 2.5073634743879692e-05
3.736205016 2.4688533871184736e-05
3.7374059820000003 2.3810085795409894e-05
3.738606948 2.428545488002252e-05
3.739807914 2.4559932250006148e-05
3.74100888 2.406739211603798e-05
3.742209846 2.429539357796612e-05
3.743410812 2.4183036672435666e-05
3.744611778 2.3781762948427117e-05
3.7458127439999997 2.4265189890220812e-05
3.74701371 2.5478248299337995e-05
3.748214676 2.5542246618644194e-05
3.7494156419999998 2.5192362056682563e-05
3.7506166079999996 2.5729358954405466e-05
3.751817574 2.500768005206131e-05
3.753018539 2.4114518220192185e-05
3.754219505 2.3558324227444508e-05
3.755420471 2.2192183983948926e-05
3.7566214369999997 2.0267227842850904e-05
3.757822403 1.923782823351371e-05
3.759023369 1.8642553692580296e-05
3.7602243349999998 1.7043639293022135e-05
3.761425301 1.6597770398876885e-05
3.762626267 1.7153760777338645e-05
3.7638272329999998 1.7040695015759984e-05
3.765028199 1.7148498809923487e-05
3.7662291650000004 1.7568795311842545e-05
3.7674301310000002 1.752839011582051e-05
3.768631097 1.7231121363276696e-05
3.769832063 1.8297646836323566e-05
3.7710330279999997 1.9346401159840082e-05
3.772233994 1.9318263306859637e-05
3.77343496 1.99855773144453e-05
3.7746359259999998 2.06676222964833e-05
3.7758368919999996 2.0758178329831134e-05
3.7770378580000004 2.0930612422842847e-05
3.778238824 2.1516342620611497e-05
3.77943979 2.0923535080548323e-05
3.780640756 2.0088578649365465e-05
3.7818417220000002 2.0388601898440277e-05
3.783042688 2.009817538601876e-05
3.784243654 1.9322972558100567e-05
3.7854446200000003 1.892061896105498e-05
3.786645586 1.860619839779457e-05
3.787846552 1.7756761608981187e-05
3.7890475169999998 1.800835024338651e-05
3.790248483 1.911250693556636e-05
3.7914494490000004 1.9002949833395105e-05
3.792650415 1.90518505128652e-05
3.793851381 1.9708986275191212e-05
3.795052347 2.0245003632910453e-05
3.7962533130000002 2.0415361957527895e-05
3.797454279 2.168789306241514e-05
3.798655245 2.283636898375587e-05
3.799856211 2.2664838446727647e-05
3.801057177 2.327020262687186e-05
3.802258143 2.4441082353235202e-05
3.803459109 2.5492762750823676e-05
3.8046600749999997 2.6338684982525187e-05
3.805861041 2.7399539881757487e-05
3.807062006 2.6736165201152142e-05
3.808262972 2.4900724484957387e-05
3.809463938 2.407703964868399e-05
3.8106649040000002 2.3737263020611455e-05
3.81186587 2.328328585810161e-05
3.813066836 2.3235472900914544e-05
3.814267802 2.3981056504556188e-05
3.815468768 2.3643391644520987e-05
3.816669734 2.3612904618388516e-05
3.8178707 2.4615423158263218e-05
3.8190716659999997 2.5213691998050896e-05
3.820272632 2.49531375338156e-05
3.821473598 2.4691011973206353e-05
3.8226745639999997 2.467506374425509e-05
3.8238755299999996 2.365237809504198e-05
3.825076495 2.386882440700627e-05
3.826277461 2.480577858429784e-05
3.827478427 2.4934374667768008e-05
3.828679393 2.452975440661562e-05
3.829880359 2.461035479566375e-05
3.831081325 2.4782130512147745e-05
3.832282291 2.3994951383695773e-05
3.8334832569999997 2.418026913373174e-05
3.834684223 2.4654850128436873e-05
3.835885189 2.475182787661315e-05
3.837086155 2.4882967707587772e-05
3.838287121 2.5616421098171805e-05
3.8394880870000003 2.5448232289058808e-05
3.840689053 2.4416658141162216e-05
3.841890019 2.400742613155014e-05
3.843090984 2.3228485715798262e-05
3.8442919499999997 2.162849750796212e-05
3.845492916 2.0008039713666375e-05
3.846693882 1.928759990750111e-05
3.8478948479999997 1.781026341509315e-05
3.849095814 1.6668819219771593e-05
3.8502967800000003 1.6028155865507532e-05
3.851497746 1.5402649552282552e-05
3.852698712 1.4484192261045145e-05
3.8538996780000003 1.4062817244864037e-05
3.855100644 1.4132104373520351e-05
3.85630161 1.3172429766089524e-05
3.857502576 1.264384293155042e-05
3.858703542 1.2560017242186222e-05
3.859904507 1.2612538336509079e-05
3.8611054730000003 1.2071837546790277e-05
3.862306439 1.187114618007945e-05
3.863507405 1.175365383956905e-05
3.8647083710000003 1.1126698643123693e-05
3.865909337 1.080587422964638e-05
3.867110303 1.092450958873193e-05
3.868311269 1.0931108791490394e-05
3.869512235 1.0365740901537868e-05
3.870713201 1.0126082471324697e-05
3.871914167 9.861589934612683e-06
3.8731151329999998 9.3817694227992e-06
3.874316099 9.079705867746709e-06
3.875517065 9.36479588347157e-06
3.876718031 9.469679133625317e-06
3.877918996 9.284296833437732e-06
3.8791199620000003 9.57469236450759e-06
3.880320928 1.0049443780950295e-05
3.881521894 1.0277257847162723e-05
3.88272286 1.0427408545660108e-05
3.883923826 1.1011669833403525e-05
3.885124792 1.1337139854767668e-05
3.886325758 1.1401460751104523e-05
3.8875267239999998 1.1665284261842688e-05
3.88872769 1.1962779975554182e-05
3.889928656 1.1941326133596472e-05
3.891129622 1.2155304571459766e-05
3.8923305879999996 1.261729597303731e-05
3.893531554 1.2662887634570736e-05
3.89473252 1.2373445723810206e-05
3.895933485 1.2356814212084592e-05
3.897134451 1.233852002346927e-05
3.8983354169999997 1.1862117107307373e-05
3.899536383 1.1311166320616004e-05
3.900737349 1.0887342883139566e-05
3.9019383149999998 1.0637132989304131e-05
3.903139281 1.021780239245795e-05
3.904340247 1.0392493742674446e-05
3.905541213 1.0857029686155492e-05
3.9067421789999996 1.095221886598728e-05
3.9079431450000004 1.1202601523055186e-05
3.9091441110000003 1.2013349202930933e-05
3.910345077 1.278424891315515e-05
3.911546043 1.2943021533124274e-05
3.9127470090000003 1.3328421602040243e-05
3.913947974 1.3606014263783742e-05
3.91514894 1.3218287344632374e-05
3.9163499059999998 1.3047747996303355e-05
3.9175508719999996 1.3352699519563919e-05
3.918751838 1.3185492353785022e-05
3.9199528040000002 1.2490496426035044e-05
3.92115377 1.2059533519130141e-05
3.922354736 1.2108338176782694e-05
3.9235557020000003 1.196175966031781e-05
3.924756668 1.2009996206289629e-05
3.925957634 1.23391783360482e-05
3.9271586000000003 1.2608809922776837e-05
3.928359566 1.2376421810171103e-05
3.929560532 1.2426475361301211e-05
3.930761498 1.2670091406064718e-05
3.9319624629999996 1.2519723350016914e-05
3.9331634290000004 1.2135636590554338e-05
3.9343643950000002 1.1982243100425569e-05
3.935565361 1.1938588056584918e-05
3.936766327 1.1447696733600786e-05
3.9379672930000003 1.1505551540748484e-05
3.939168259 1.1719585188038015e-05
3.940369225 1.1850892196332969e-05
3.941570191 1.1674182210598555e-05
3.942771157 1.170977275056928e-05
3.943972123 1.17925878199739e-05
3.945173089 1.1539131345082348e-05
3.946374055 1.1217866975171084e-05
3.947575021 1.1091631187103172e-05
3.948775987 1.0480665712521519e-05
3.949976952 9.739018313168122e-06
3.951177918 9.168571786339267e-06
3.9523788840000003 8.92035742945317e-06
3.95357985 8.679279135734025e-06
3.954780816 8.349988373889806e-06
3.955981782 8.353236702737603e-06
3.957182748 8.440448672530412e-06
3.958383714 8.665513342553096e-06
3.95958468 9.02023964809615e-06
3.9607856459999997 9.62421465244531e-06
3.961986612 9.644034489006079e-06
3.963187578 9.278186541524537e-06
3.9643885439999997 9.19000949364232e-06
3.9655895099999996 9.193750898764903e-06
3.9667904760000003 8.850835302946369e-06
3.967991441 8.554009506865994e-06
3.969192407 8.39070606219787e-06
3.970393373 8.220049075375917e-06
3.971594339 7.688427475259885e-06
3.972795305 7.334334351745192e-06
3.973996271 7.178989351347495e-06
3.9751972369999997 7.077876342831617e-06
3.976398203 6.860140535547059e-06
3.977599169 6.845347722088033e-06
3.9788001349999997 7.094096428932665e-06
3.980001101 7.301481724864384e-06
3.9812020670000003 7.65291255180058e-06
3.982403033 8.144429037547895e-06
3.983603999 8.348525992630804e-06
3.984804964 8.198230896271446e-06
3.9860059299999997 8.104193871072146e-06
3.987206896 8.491814052443319e-06
3.988407862 8.52660774821496e-06
3.9896088279999997 8.143882927244613e-06
3.9908097939999996 8.107581039714749e-06
3.9920107600000003 8.385543190600217e-06
3.993211726 8.466466794980138e-06
3.994412692 8.546430660445172e-06
3.9956136580000003 8.737830856341594e-06
3.996814624 8.680110504065325e-06
3.99801559 8.017557266526181e-06
3.999216556 7.71716575143623e-06
4.000417522 7.820221249954279e-06
4.001618488 8.014802337454093e-06
4.002819453 8.155249554505425e-06
4.004020419 8.30691618880483e-06
4.005221385 8.41302087382252e-06
4.006422351 8.191859949965838e-06
4.007623317 8.262704783688407e-06
4.008824283 8.234073509424345e-06
4.010025249 7.821388795314215e-06
4.011226215 6.789492468197873e-06
4.012427181 5.931936460329351e-06
4.0136281469999995 5.559784416669358e-06
4.014829112999999 5.277499056626295e-06
4.016030079 4.741974555957904e-06
4.017231045 4.231964980598087e-06
4.018432011 3.981596266581246e-06
4.0196329770000006 3.914730363490538e-06
4.020833942 3.828719594439815e-06
4.022034908 3.7210985198265852e-06
4.023235874 3.616917755634606e-06
4.02443684 3.2327660220258243e-06
4.025637806 3.086865535560831e-06
4.026838772 3.24368887226967e-06
4.028039738 3.6255286031905413e-06
4.029240704 3.6684815919632797e-06
4.03044167 3.4502531603221763e-06
4.031642636 3.2795730891569747e-06
4.032843602 2.844778373488358e-06
4.034044568 2.6314471036857322e-06
4.035245534 2.563159777624784e-06
4.0364465 2.5245321348989637e-06
4.037647466 2.2323828265427247e-06
4.038848431 2.1877044187545246e-06
4.040049397000001 2.6873278435511863e-06
4.0412503630000005 3.351486865131798e-06
4.042451329 3.900968123937833e-06
4.043652295 4.258231361732103e-06
4.044853261 4.684810672532765e-06
4.046054227 5.0605172042711406e-06
4.047255193 5.094373590754332e-06
4.048456159 4.827157377163488e-06
4.049657125 4.313639063723683e-06
4.050858091 3.5904290117199596e-06
4.052059057 2.8688254002835347e-06
4.053260023 2.3752925135084436e-06
4.054460989 1.8650801099665473e-06
4.055661955 1.62866011445951e-06
4.05686292 1.5795664594890987e-06
4.058063886 1.8071508874212736e-06
4.059264852 2.276817115361555e-06
4.060465818 2.7132686039555883e-06
4.061666784 3.1061253720087447e-06
4.06286775 3.524488701505897e-06
4.064068716 4.161204946418557e-06
4.065269682 4.278394372478046e-06
4.066470648 4.047429931337453e-06
4.067671614 3.6824358143137387e-06
4.06887258 3.4679062464198525e-06
4.070073546 3.242240280470196e-06
4.071274512 2.9718817251993166e-06
4.072475477999999 2.6153695940040323e-06
4.073676444 2.0374196383008564e-06
4.074877409 1.6068284512548087e-06
4.076078375 1.5138914577879406e-06
4.077279341 1.8057938715556812e-06
4.0784803069999995 1.9747980721223055e-06
4.079681273 2.083565153475347e-06
4.080882239 2.278710738295692e-06
4.082083205 2.6458988157846985e-06
4.083284171 2.9609276473609554e-06
4.084485137 3.0919110307557376e-06
4.085686103 3.158087260603552e-06
4.086887069 3.215790380498381e-06
4.088088035 3.1359092661069695e-06
4.089289001 2.9929511845223397e-06
4.090489967 2.8463163972554396e-06
4.091690932 2.7748550288568215e-06
4.0928918979999995 2.641051122771103e-06
4.094092864 2.3736518060670987e-06
4.09529383 2.1206629949915407e-06
4.096494796 1.6359242205009159e-06
4.097695762 1.1204379445250936e-06
4.098896728 8.888715724864148e-07
4.1000976940000005 9.082147518428978e-07
4.10129866 1.3060298962970863e-06
4.102499626 1.53167042324905e-06
4.103700592 1.8878030999831339e-06
4.104901558 2.2314020997212706e-06
4.106102524 2.853270338511042e-06
4.1073034900000005 3.260009489546668e-06
4.1085044559999995 3.405085436628423e-06
4.109705420999999 3.2680690503283827e-06
4.110906387 2.658958105441892e-06
4.112107353000001 2.0963084958347876e-06
4.113308319 1.7346766184174233e-06
4.1145092850000005 1.3916655092852554e-06
4.115710251 7.697903925960271e-07
4.116911217 3.628372625534236e-07
4.118112183 2.122217234563659e-07
4.119313149 1.5390069078374972e-07
4.120514115 8.340714650818083e-09
4.1217150810000005 5.537534936438448e-09
4.1229160469999995 5.537489867384578e-09
4.124117013 5.537438387730384e-09
4.125317979 5.53737993515018e-09
4.126518945 5.537314146330356e-09
4.12771991 5.880060071873162e-09
4.1289208760000005 9.763059348810527e-08
4.130121841999999 1.0142450873112542e-07
4.131322808 1.0141049531548847e-07
4.132523774 1.0139629846982511e-07
4.13372474 1.0138190894881248e-07
4.134925706 1.04768191496386e-07
4.1361266720000005 1.7559045342929867e-07
4.1373276379999995 3.2154593287377005e-07
4.138528604 5.340045774318474e-07
4.13972957 5.756090826095933e-07
4.140930536 5.809757187924711e-07
4.142131502 5.811763956449611e-07
4.143332468 5.81214730566582e-07
4.1445334339999995 5.778519099549628e-07
4.145734399 5.070615726177889e-07
4.146935365 3.6076198592448046e-07
4.148136331 5.6611595020107104e-08
4.149337297 1.1063708914944276e-08
4.1505382630000005 5.700339999787026e-09
4.1517392289999995 5.538941475019564e-09
4.152940195 6.2127939637738125e-09
4.154141160999999 1.3575992471559388e-08
4.155342127 1.3836565883514625e-08
4.156543093 1.3835407363166677e-08
4.157744059 1.4866652711617487e-08
4.158945025 2.2240316028476198e-07
4.160145991 3.2154534264640717e-07
4.161346957 3.5923346713789135e-07
4.162547923 3.693582569587094e-07
4.163748888 3.6221084156033955e-07
4.1649498540000005 3.619139053320504e-07
4.1661508199999995 3.618773064516471e-07
4.167351786 3.6080546588613694e-07
4.168552751999999 1.5315897094370807e-07
4.169753718 5.4000698605268493e-08
4.170954684000001 1.6613527700596697e-08
4.17215565 5.789466027334008e-09
4.173356616 5.535246571968718e-09
4.174557582 5.5345237622123366e-09
4.175758548 5.533779941942318e-09
4.176959514 3.8882157670261874e-08
4.17816048 2.975542969523069e-07
4.179361446 3.8889206609561055e-07
4.1805624120000004 3.893406107392286e-07
4.181763377 3.8928043490149805e-07
4.182964343 3.8921880485685e-07
4.184165309 3.8915559149849405e-07
4.185366275000001 3.890909147265715e-07
4.186567241 3.5845239465556447e-07
4.187768207 2.813192809177294e-07
4.188969173 3.0288295162210947e-07
4.190170139 4.109215361975171e-07
4.191371105 5.526806061196263e-07
4.192572071 8.035607691736117e-07
4.193773037 8.07059813531108e-07
4.1949740030000005 8.071038699669834e-07
4.196174968999999 8.042692699862981e-07
4.197375935 6.4808587252279e-07
4.198576901 5.421544610263438e-07
4.199777866000001 4.3377822279488565e-07
4.200978832 3.112210825759182e-07
4.202179798 1.7352286576422465e-07
4.203380764 2.430545003512313e-07
4.20458173 2.4325650604055493e-07
4.205782696 2.5891568792881294e-07
4.206983662 4.312347599021779e-07
4.208184628 8.467824105140071e-07
4.2093855940000005 1.1726580630163094e-06
4.210586559999999 1.5778045630414096e-06
4.211787526 2.380834333021429e-06
4.212988492 3.160536000636414e-06
4.214189458 3.370931077329143e-06
4.215390424 3.455972653037474e-06
4.216591389 3.3954239277234443e-06
4.217792354999999 3.089961059831654e-06
4.218993321 2.83756836878594e-06
4.220194287 2.4529091700939845e-06
4.221395253 1.699847741100384e-06
4.222596219 1.0258614098178506e-06
4.2237971850000005 9.065588333349443e-07
4.224998150999999 8.360009518946007e-07
4.226199117 7.904422029013117e-07
4.227400083 8.626407639298773e-07
4.228601049 8.837041677857214e-07
4.229802015000001 9.453136169636777e-07
4.231002981 9.066655333689946e-07
4.232203947 8.513843758834936e-07
4.233404913 7.606513306715347e-07
4.234605878 7.294516913375752e-07
4.235806844 6.382018666648731e-07
4.23700781 5.552212916370014e-07
4.2382087760000005 6.179422021827366e-07
4.239409741999999 6.327225425607516e-07
4.240610708 7.997690071643552e-07
4.241811673999999 1.195242724687634e-06
4.24301264 1.5315148387681624e-06
4.244213606000001 1.6549883517964615e-06
4.245414572 1.8634777495895477e-06
4.246615538 2.1326310923399925e-06
4.247816504 2.3844382802949216e-06
4.24901747 2.270442098861218e-06
4.250218436 1.979235228520512e-06
4.251419402000001 1.4614392559353235e-06
4.2526203670000005 1.1531781809459582e-06
4.253821332999999 1.1387976022170247e-06
4.255022299 1.0671096128943254e-06
4.256223265 1.0375589247837942e-06
4.257424231 7.95042103802522e-07
4.258625197000001 8.157966882974651e-07
4.259826163 8.158375315594323e-07
4.261027129 8.256505340666778e-07
4.262228095 9.166554899997713e-07
4.263429061 8.470699007514195e-07
4.264630027 7.101332137354512e-07
4.265830993 3.6632792433551924e-07
4.267031959 2.023355356666219e-07
4.268232925 1.786093496622791e-07
4.269433890999999 1.7796787896798145e-07
4.270634856 1.665516125366056e-07
4.271835822 9.938915141346829e-08
4.273036788000001 1.6397596539775692e-07
4.274237754 2.0575907397385158e-07
4.27543872 2.069422851547061e-07
4.276639686 2.300015783504529e-07
4.277840652 4.964119580125354e-07
4.279041618 5.788696255475712e-07
4.280242584 6.76958479637528e-07
4.28144355 1.0260353421851683e-06
4.282644516 1.5058847567324347e-06
4.283845481999999 1.595981924293939e-06
4.285046448 1.6529416656482988e-06
4.286247414 1.7894336351077126e-06
4.28744838 1.8119454656927125e-06
4.288649345 1.842366818059808e-06
4.289850311 1.7476657162205794e-06
4.291051276999999 1.3599533882373973e-06
4.292252243 1.167095512910116e-06
4.293453209 1.683519685546929e-06
4.294654175 2.003950871181888e-06
4.295855141 2.168610569209685e-06
4.297056107 2.38999052322774e-06
4.298257072999999 2.6211945037768457e-06
4.299458039 2.847305648436486e-06
4.300659005000001 2.9451609169998765e-06
4.301859971 2.848503563295757e-06
4.303060937000001 2.7278609182207343e-06
4.304261903 2.977401577883081e-06
4.305462869 2.70303422909151e-06
4.306663834 2.2286973217429354e-06
4.3078648 2.4263537395512213e-06
4.309065766 2.470078624697127e-06
4.310266732 2.5881672169729255e-06
4.311467698 2.521823269109307e-06
4.312668663999999 2.2602870234463536e-06
4.31386963 1.6630185098015415e-06
4.315070596 1.6164946162484859e-06
4.316271562 1.5784297133449905e-06
4.317472528000001 1.044527765160925e-06
4.318673494 1.0898831154745032e-06
4.31987446 9.541558530539475e-07
4.321075426 8.27057682857796e-07
4.322276392 8.781985770433279e-07
4.323477357 1.3832153354514662e-06
4.324678323 1.744520795292735e-06
4.325879289 1.8449128541981491e-06
4.327080255 1.871703244183006e-06
4.328281221 1.915034458366006e-06
4.329482187 2.2195515654723046e-06
4.330683153 2.110027607210876e-06
4.331884119000001 1.79808600078905e-06
4.333085085 1.4646771699841775e-06
4.334286051 1.5109383927931656e-06
4.335487017 1.8571485355542342e-06
4.336687983 2.109015387524458e-06
4.337888949 2.273673341400634e-06
4.339089915 2.6178056556710877e-06
4.340290881 3.3271340636840065e-06
4.341491846 3.735734346514353e-06
4.342692812 3.979899758332675e-06
4.343893778 4.630688262042771e-06
4.345094744 5.420261571729216e-06
4.346295710000001 6.334967558179453e-06
4.347496676 6.764452870893004e-06
4.348697642 7.135867082757249e-06
4.349898608 7.5849499423652145e-06
4.351099574 7.883741202363958e-06
4.35230054 7.872305958329627e-06
4.353501506 7.240926175717112e-06
4.354702472 6.7841122845031554e-06
4.355903438 6.169179788818067e-06
4.357104403999999 5.474342396621708e-06
4.35830537 4.5885767368633145e-06
4.359506335 3.821777034613451e-06
4.360707301000001 3.7493213434905226e-06
4.361908267 3.717113378824436e-06
4.363109233 3.571827333360375e-06
4.364310198999999 3.0322854493862544e-06
4.365511165 2.890775209969177e-06
4.366712131 3.2577591580426124e-06
4.367913097 3.455957970314252e-06
4.369114063 3.4959558642708338e-06
4.370315029 3.2535049399458153e-06
4.371515994999999 3.5135395591811765e-06
4.372716961 3.336570895578633e-06
4.373917927000001 3.1867480341368126e-06
4.375118893 3.1283106934643705e-06
4.3763198590000005 3.293573126428729e-06
4.377520824 3.946429128686766e-06
4.378721789999999 4.076754708282261e-06
4.379922756 4.308743374429796e-06
4.381123722 4.373199585863166e-06
4.382324688 4.859776557234105e-06
4.383525654 4.891670932258995e-06
4.38472662 4.559121090919735e-06
4.385927586 3.974500809086375e-06
4.387128552 3.1878354642731403e-06
4.388329518 2.8039029281778434e-06
4.389530484 2.242444393225796e-06
4.3907314500000005 1.668601093118195e-06
4.3919324159999995 1.8299933901795115e-06
4.393133382 2.2805508006619665e-06
4.394334348 2.4088289490667996e-06
4.395535313 2.2532656231167076e-06
4.396736279 2.159407110653916e-06
4.3979372450000005 2.5160418304213134e-06
4.399138211 2.8161976874638094e-06
4.400339177 2.886925619151975e-06
4.401540143 2.476552504343035e-06
4.402741109 2.557504262530271e-06
4.403942075 3.213435047534663e-06
4.4051430410000005 3.6674550395192737e-06
4.4063440069999995 3.841487416167432e-06
4.407544973 3.747421165490287e-06
4.408745939 4.088980861070562e-06
4.409946905 4.458895176623788e-06
4.411147871 4.698990044715336e-06
4.412348837 4.82325448856336e-06
4.413549802 5.001561361682567e-06
4.414750768 5.477306633759179e-06
4.415951734 5.812845565236198e-06
4.4171527 6.105666073587107e-06
4.418353666 6.334897261255906e-06
4.4195546320000005 6.739537663424675e-06
4.4207555979999995 6.867909408031695e-06
4.421956564 6.540543577999411e-06
4.42315753 6.065109023824808e-06
4.424358496 5.889062429345443e-06
4.425559462 6.192452114823386e-06
4.426760428 6.093513349568118e-06
4.4279613939999996 5.64471556474107e-06
4.42916236 5.4693984345309776e-06
4.430363325999999 5.747782706302899e-06
4.431564291 6.257857837852806e-06
4.432765257 6.216102336536753e-06
4.4339662230000005 5.900182812313533e-06
4.4351671889999995 5.7300554317141735e-06
4.436368155 5.895873632216841e-06
4.437569121 6.238538520305408e-06
4.438770087 6.2717198305622695e-06
4.439971053 6.418129545031175e-06
4.441172019 7.011992138439856e-06
4.4423729849999996 8.021364859229438e-06
4.443573951 9.035901403150656e-06
4.444774917 9.710189837183359e-06
4.445975883 1.0791935294380509e-05
4.447176849000001 1.1703508110362538e-05
4.4483778140000005 1.2049213169114697e-05
4.4495787799999995 1.1987984533769659e-05
4.450779746 1.1613965097823612e-05
4.451980711999999 1.1935517213333897e-05
4.453181678 1.249878357704073e-05
4.454382644 1.3002717653961958e-05
4.45558361 1.3069907675362677e-05
4.456784576 1.3252769167743035e-05
4.457985542 1.4131930839241408e-05
4.459186508 1.4184222418164837e-05
4.460387474 1.369910332197794e-05
4.461588440000001 1.2686178041956443e-05
4.462789406 1.152609666087326e-05
4.4639903720000005 1.0424053958505507e-05
4.4651913379999995 8.924090451899502e-06
4.466392302999999 7.4434585579858586e-06
4.467593269 6.316760765756448e-06
4.468794235000001 6.408273844697646e-06
4.469995201 7.0191641123836745e-06
4.471196167 6.904353866722311e-06
4.472397133 6.685177568635853e-06
4.473598099 6.6529058488833905e-06
4.474799065 7.1056703265370635e-06
4.476000031 7.3839660479776074e-06
4.477200997 6.957900163231481e-06
4.4784019630000005 6.490241508888448e-06
4.4796029289999995 6.400629310664796e-06
4.480803895 6.960301361754612e-06
4.482004861 7.362082266781025e-06
4.483205827 7.486839679417269e-06
4.484406792 8.067495288926946e-06
4.4856077580000004 9.197019347329648e-06
4.486808724 1.0309178040870696e-05
4.48800969 1.0735414333745959e-05
4.489210656 1.04329800730987e-05
4.490411622 1.0370102648334962e-05
4.491612588 1.060046603019805e-05
4.4928135540000005 1.0807048643241634e-05
4.4940145199999995 1.0606432632509983e-05
4.495215486 1.0194705427961548e-05
4.496416452 1.0438021343347719e-05
4.497617418 1.103203129917057e-05
4.498818384 1.1558013231027204e-05
4.50001935 1.1830838256368376e-05
4.5012203159999995 1.2085927082188187e-05
4.502421281 1.2696288433444548e-05
4.503622247 1.2896416094830584e-05
4.504823213 1.2597273062540017e-05
4.506024179 1.1934053172579485e-05
4.5072251450000005 1.1495538432587317e-05
4.5084261109999995 1.1657213987010459e-05
4.509627077 1.15370007610217e-05
4.510828043 1.1113573287129057e-05
4.512029009 1.067409222680615e-05
4.513229975 1.0800354204124508e-05
4.514430941 1.1460945845807565e-05
4.515631907 1.171049689582047e-05
4.516832873 1.1694305566655792e-05
4.518033839 1.1715928034585984e-05
4.519234805 1.2123995872626235e-05
4.52043577 1.2744225012905717e-05
4.5216367360000005 1.2538331530389834e-05
4.5228377019999995 1.1920144234255622e-05
4.524038668 1.129269426465775e-05
4.525239633999999 1.1050830672982047e-05
4.5264406 1.0895464523325482e-05
4.527641566000001 1.0249147782663046e-05
4.528842532 9.529418167916858e-06
4.530043498 9.200104323158719e-06
4.531244464 9.39912829104657e-06
4.53244543 9.589141384136944e-06
4.533646396 9.32615120967265e-06
4.534847362000001 9.004909155146953e-06
4.536048328 9.018227981391617e-06
4.537249294 8.946055188671631e-06
4.538450259 8.560655251116918e-06
4.539651224999999 7.764819791698966e-06
4.540852191 7.269424798172424e-06
4.542053157000001 7.771434179731277e-06
4.543254123 8.642366401111088e-06
4.544455089 9.45295952322694e-06
4.545656055 9.954905941072087e-06
4.546857021 1.0916485653463639e-05
4.548057987 1.2593711371612361e-05
4.549258953 1.4061145701947831e-05
4.550459919 1.5005302641622566e-05
4.551660885 1.4953968033983087e-05
4.552861850999999 1.4707531887704453e-05
4.554062817 1.452298136460798e-05
4.555263782 1.3914916251194322e-05
4.556464748000001 1.285881139924995e-05
4.557665714 1.1610234033362558e-05
4.55886668 1.0948614605164533e-05
4.560067646 1.1073414243529641e-05
4.561268612 1.1515043062176559e-05
4.562469578 1.2152487538713726e-05
4.563670544 1.3241444130204477e-05
4.56487151 1.498898961855197e-05
4.566072476 1.6934054906426364e-05
4.567273441999999 1.7951075610104774e-05
4.568474408 1.810021923871435e-05
4.569675374 1.7851444632516575e-05
4.57087634 1.753304398574159e-05
4.572077306 1.7107301289503912e-05
4.573278271 1.5818408003976887e-05
4.574479236999999 1.3997723021487003e-05
4.575680203 1.2410183719624185e-05
4.576881169 1.1591989679725663e-05
4.578082135 1.1186208623288137e-05
4.579283101 1.0550884175707519e-05
4.580484067 9.789721532807838e-06
4.581685032999999 9.51598371869585e-06
4.582885999 1.0045178147139653e-05
4.584086965 1.0881547270423132e-05
4.585287931 1.1559920534278238e-05
4.586488897000001 1.2170149577430667e-05
4.587689863 1.332157266463182e-05
4.588890829 1.4892692966610166e-05
4.590091795 1.6204396939712645e-05
4.59129276 1.6605385793627646e-05
4.592493726 1.617065384130051e-05
4.593694692 1.565480205477225e-05
4.594895658 1.4999831521686916e-05
4.596096623999999 1.393300352156497e-05
4.59729759 1.2292294355463744e-05
4.598498555999999 1.0508935584236809e-05
4.599699522 9.395872429455719e-06
4.600900488000001 9.141211640124526e-06
4.602101454 9.16440723453092e-06
4.60330242 9.306634832296364e-06
4.604503386 9.933532038531835e-06
4.605704352 1.1307951801829789e-05
4.606905318 1.320014846370937e-05
4.608106284000001 1.4541353312740733e-05
4.609307249 1.530802346116507e-05
4.610508214999999 1.571309469807878e-05
4.611709181 1.6299725809009527e-05
4.612910147 1.6867139246507682e-05
4.614111113 1.661770424142836e-05
4.615312079000001 1.5663608865178818e-05
4.616513045 1.4400644890582317e-05
4.617714011 1.365427841460716e-05
4.618914977 1.3302300252615201e-05
4.620115943 1.2994725328194496e-05
4.621316909 1.2719467874675502e-05
4.622517875 1.279517707579821e-05
4.623718841 1.3530983928623826e-05
4.624919807 1.424034113665283e-05
4.626120772999999 1.4333046123189693e-05
4.627321738 1.3805646816339293e-05
4.628522704 1.3268569681973594e-05
4.629723670000001 1.2919754316406949e-05
4.630924636 1.2510469923614866e-05
4.632125602 1.1733870532121995e-05
4.633326568 1.0750802350389798e-05
4.634527534 1.0345171827717533e-05
4.6357285 1.0863936835980658e-05
4.636929466 1.1672712068668069e-05
4.638130432 1.2168762604567449e-05
4.639331398 1.2406504697323287e-05
4.640532363999999 1.2830174846213147e-05
4.64173333 1.3704076178167998e-05
4.642934296 1.44327712975439e-05
4.644135262 1.4626043220259462e-05
4.645336227 1.4215472572658835e-05
4.646537193 1.3926032523270862e-05
4.647738159 1.3990637609382415e-05
4.648939125 1.3968231937561585e-05
4.650140091 1.3483533306237746e-05
4.651341057 1.2561334386845476e-05
4.652542023 1.1861893204287442e-05
4.653742989 1.1593117132330166e-05
4.654943954999999 1.1458837387270886e-05
4.656144921 1.0998170286954973e-05
4.657345887 1.0246020891223913e-05
4.658546853 9.612560475863737e-06
4.659747819000001 9.209393758608865e-06
4.6609487849999995 8.699641795109204e-06
4.662149751 7.697161660496658e-06
4.663350716 6.509824413224773e-06
4.664551682 5.78329806460634e-06
4.665752648 5.9498441136293315e-06
4.666953614 6.496319306943876e-06
4.66815458 6.850213861955955e-06
4.669355545999999 7.0847169310416425e-06
4.670556512 7.741264971849142e-06
4.671757478000001 9.087754019520254e-06
4.672958444 1.0525349510174563e-05
4.674159410000001 1.1478450975991406e-05
4.6753603759999995 1.1773401811958744e-05
4.676561342 1.2025277798986786e-05
4.677762308 1.2774405590316322e-05
4.678963274 1.3433749605472416e-05
4.680164239 1.3518163360392554e-05
4.681365205 1.3018543280844462e-05
4.682566171 1.2539538543543302e-05
4.683767137 1.2573844701208065e-05
4.684968103 1.2821080608177537e-05
4.686169069 1.2750098432174546e-05
4.687370035 1.2188689944454158e-05
4.688571001000001 1.1833439594614445e-05
4.6897719669999995 1.2001900216939925e-05
4.690972933 1.2494493783217674e-05
4.692173899 1.2658897744242782e-05
4.693374865 1.227640157214434e-05
4.694575831 1.1780781769109664e-05
4.695776797000001 1.1625010809500105e-05
4.696977763 1.1853475494536941e-05
4.698178728 1.1925202224662807e-05
4.699379694 1.1646956553928616e-05
4.70058066 1.1453515142007294e-05
4.701781626 1.1624300390513461e-05
4.702982592000001 1.2022443646709533e-05
4.7041835579999995 1.1968433370010858e-05
4.705384524 1.1261352109552139e-05
4.70658549 1.0391121499500046e-05
4.707786456 9.847410048111645e-06
4.708987422 9.566745992630834e-06
4.710188388 8.901471414023133e-06
4.711389354 7.893798350702925e-06
4.71259032 6.841307231304804e-06
4.713791285999999 6.5052996614440855e-06
4.714992252 6.7847315370475244e-06
4.716193217 7.19428171106642e-06
4.717394183000001 7.2909450081718e-06
4.7185951489999995 7.1515067029884985e-06
4.719796115 7.5352707975088825e-06
4.720997081 8.352474051104461e-06
4.722198047 9.160415664792827e-06
4.723399013 9.706527114936203e-06
4.724599979 9.952947545984195e-06
4.725800945 1.0344380066262707e-05
4.727001911 1.1352205768335141e-05
4.728202876999999 1.2277123440625393e-05
4.729403843 1.2784661327197474e-05
4.730604809000001 1.2849304019609507e-05
4.731805775 1.2992427647046308e-05
4.7330067410000005 1.3708874160376436e-05
4.734207706 1.4656601687856397e-05
4.735408671999999 1.5257611511697988e-05
4.736609638 1.5105596701591822e-05
4.737810604 1.4839697024343415e-05
4.73901157 1.4817222807472193e-05
4.740212536 1.4984098534738853e-05
4.741413502 1.4738139219801913e-05
4.742614468 1.383216488055518e-05
4.743815434 1.2732149226561104e-05
4.745016400000001 1.1839081680165891e-05
4.746217366 1.1617423413692555e-05
4.7474183320000005 1.1501257635739467e-05
4.7486192979999995 1.122027199955378e-05
4.749820264 1.113725126028106e-05
4.75102123 1.1501131069428757e-05
4.752222195 1.228613952524699e-05
4.753423161 1.3118022360581269e-05
4.7546241270000005 1.3405238311646522e-05
4.755825093 1.3178730041596384e-05
4.757026059 1.2987897626446672e-05
4.758227025 1.2818519264866128e-05
4.759427991 1.2455048524419685e-05
4.760628957 1.143240782233781e-05
4.7618299230000005 1.009001156100362e-05
4.7630308889999995 8.864921417864278e-06
4.764231855 8.066496203474784e-06
4.765432821 7.476388640393735e-06
4.766633787 7.039764878838555e-06
4.767834753 6.49615778142547e-06
4.769035719000001 6.141435285451968e-06
4.770236684 6.609009429045112e-06
4.77143765 7.1533019829369704e-06
4.772638616 7.542218031837753e-06
4.773839582 7.472879043420651e-06
4.775040548 7.217755795017713e-06
4.7762415140000005 7.273997777509611e-06
4.7774424799999995 7.924658451234057e-06
4.778643446 8.6115135565156e-06
4.779844412 8.833013280515232e-06
4.781045378 8.792510793234529e-06
4.782246344 8.854986315884525e-06
4.78344731 9.44821054292709e-06
4.7846482759999995 1.0107946285592904e-05
4.785849242 1.0302805595461391e-05
4.787050207 1.0000586419246745e-05
4.788251173 9.577463688047213e-06
4.789452139 9.622132672016382e-06
4.7906531050000005 1.0079383559442064e-05
4.7918540709999995 1.0216951174808974e-05
4.793055037 9.918721303649895e-06
4.794256003 9.434819889362624e-06
4.795456969 9.084195004042209e-06
4.796657935 9.022148500410236e-06
4.797858901 8.660411525011068e-06
4.7990598669999995 7.836438557737383e-06
4.800260833 6.821304550642056e-06
4.801461799 6.085131244603414e-06
4.802662765 5.701321218823322e-06
4.803863731000001 5.668676680490232e-06
4.8050646960000005 5.416137506616864e-06
4.8062656619999995 4.93089397486191e-06
4.807466628 4.910724655995304e-06
4.808667593999999 5.346049143970758e-06
4.80986856 6.223069499031707e-06
4.811069526 7.1871102041089415e-06
4.812270492 7.973405766322956e-06
4.813471458 8.719256581757908e-06
4.814672424 9.74094294570984e-06
4.81587339 1.0776352229254955e-05
4.817074356 1.1536325967281844e-05
4.818275322000001 1.1493698632840312e-05
4.819476288 1.0807405047605574e-05
4.8206772540000005 1.01460409944094e-05
4.821878219999999 9.759888262991313e-06
4.823079184999999 9.489937089069107e-06
4.824280151 9.127164196197968e-06
4.825481117000001 8.59561086288809e-06
4.826682083 8.110293571264307e-06
4.827883049 8.201714917404758e-06
4.829084015 8.364778828218997e-06
4.830284981 8.324064727194741e-06
4.831485947 8.069482794184793e-06
4.832686913 7.619145347118637e-06
4.833887879 7.251383571195935e-06
4.8350888450000005 7.25315159809583e-06
4.836289810999999 7.0567735030206e-06
4.837490777 6.54616470111e-06
4.838691743 5.985811039905171e-06
4.839892709 5.4657054553019385e-06
4.841093674 5.15685970808305e-06
4.84229464 4.999730198361632e-06
4.843495606 4.7532195305894324e-06
4.844696572 4.331736782941367e-06
4.845897538 4.151410357029582e-06
4.847098504 4.3064034686829706e-06
4.84829947 4.987846872244443e-06
4.8495004360000005 5.842146234399406e-06
4.850701401999999 6.39174761691256e-06
4.851902368 6.779249943553251e-06
4.853103334 7.1501987903921456e-06
4.8543043 7.748331849908992e-06
4.855505266 8.56941645634562e-06
4.8567062320000005 9.13044672682081e-06
4.8579071979999995 9.286220649639431e-06
4.859108163 9.40937242568782e-06
4.860309129 9.779290965134354e-06
4.861510095 1.0275133802957562e-05
4.862711061 1.0602057819920531e-05
4.8639120270000005 1.0236204128592103e-05
4.865112992999999 9.436728803962224e-06
4.866313959 8.735489335763807e-06
4.867514925 8.126280589405465e-06
4.868715891 7.4742286923476205e-06
4.869916857 6.488061946177379e-06
4.871117823 5.3044525158313844e-06
4.8723187889999995 4.365153923095297e-06
4.873519755 4.091222152313005e-06
4.874720721 4.171873660655843e-06
4.875921687 4.422180449056307e-06
4.877122652 4.360284752274456e-06
4.8783236180000005 4.115889762499896e-06
4.879524583999999 4.231073493204581e-06
4.88072555 4.671055620446122e-06
4.881926516 4.96740120966162e-06
4.883127482 4.999245423708958e-06
4.884328448 4.817087288479827e-06
4.885529414 4.535859379562215e-06
4.88673038 4.723420866377889e-06
4.887931346 5.154023362113255e-06
4.889132312 5.42487905566792e-06
4.890333278 5.339230183458725e-06
4.891534244000001 5.115392767932652e-06
4.89273521 4.925460579599533e-06
4.8939361749999994 4.962543196446094e-06
4.895137141 5.007724671864556e-06
4.896338106999999 4.748911711714974e-06
4.897539073 4.253444345101415e-06
4.898740039000001 3.784824577747609e-06
4.899941005 3.5923751625551064e-06
4.901141971 3.917285319276775e-06
4.902342937 4.282798585566334e-06
4.903543903 4.4889806232814735e-06
4.904744869 4.689466666334428e-06
4.905945835000001 5.044663810224462e-06
4.907146801 5.55836985665389e-06
4.908347767 6.120776229725413e-06
4.909548732999999 6.4096160730300305e-06
4.910749699 6.3025509144992396e-06
4.911950664 6.2372015090166345e-06
4.913151630000001 6.224619415634163e-06
4.914352596 6.266093104138977e-06
4.915553562 6.30039013741067e-06
4.916754528 6.0733299195083525e-06
4.917955494 5.670582466665327e-06
4.91915646 5.389726989141801e-06
4.920357426 5.202314888973905e-06
4.921558392 4.974686016148186e-06
4.922759358 4.657980029375725e-06
4.923960323999999 4.12004265036565e-06
4.92516129 3.571015396806875e-06
4.926362256 3.4150925297715306e-06
4.927563222 3.570282161326071e-06
4.928764188 3.870567803339736e-06
4.929965153 4.263239964342097e-06
4.931166119 4.554243739754712e-06
4.932367085 4.976606145110419e-06
4.933568051 5.889690432993088e-06
4.934769017 6.996628144738526e-06
4.935969983 7.946712961888139e-06
4.937170949 8.425467715843104e-06
4.938371914999999 8.45704584238299e-06
4.939572881 8.34290021320325e-06
4.940773847 8.472628131596691e-06
4.941974813 8.503039183616128e-06
4.943175779 8.071826797250723e-06
4.944376745 6.861786053262177e-06
4.945577711 5.485283838776708e-06
4.946778677 4.356202703511321e-06
4.947979642 3.639490639029459e-06
4.949180608 3.1174464953282395e-06
4.950381574 2.493445252378538e-06
4.95158254 1.930181238137556e-06
4.952783505999999 1.5421301682971798e-06
4.953984472 1.8427288763713946e-06
4.955185438 2.4359578559569886e-06
4.956386404 2.9660868790486343e-06
4.957587370000001 3.3007370974624925e-06
4.958788336 3.4921122502791873e-06
4.959989302 3.6177500477266163e-06
4.961190268 3.839311649068863e-06
4.962391234 4.3895695608194095e-06
4.9635922 4.665093236712868e-06
4.964793166000001 4.710882213748054e-06
4.965994131 4.82109596664536e-06
4.967195096999999 5.012520376236259e-06
4.968396063 5.191076859539616e-06
4.969597029 5.348300611325061e-06
4.970797995 5.065486055384558e-06
4.971998961000001 4.265305802405173e-06
4.973199927 3.6994592340541293e-06
4.974400893 3.3224537596169267e-06
4.975601859 3.1231167789506847e-06
4.976802825 3.229495189139777e-06
4.978003791 3.0472274789551404e-06
4.979204757000001 2.7585499010447238e-06
4.980405723 2.6832456169049017e-06
4.981606689 2.689684721722408e-06
4.982807654999999 2.631093457509867e-06
4.98400862 2.464946075335016e-06
4.985209586 2.0850944593938056e-06
4.986410552000001 1.3990322743054033e-06
4.987611518 1.1182638248413305e-06
4.988812484 1.2551158883097842e-06
4.99001345 1.5330119646686133e-06
4.991214416 1.924680958302854e-06
4.992415382 2.1988384147049748e-06
4.993616348 2.4541443173284955e-06
4.994817314 2.9949966679748574e-06
4.99601828 3.931770540151948e-06
4.997219245999999 4.778695940360376e-06
4.998420212 5.294932854139325e-06
4.999621178 5.357182881743211e-06
5.000822144 5.254611173491168e-06
5.002023109 5.328442914520939e-06
5.003224075 5.573005602763206e-06
5.004425041 5.532064903082218e-06
5.005626007 5.067253234544821e-06
5.006826973 4.462383065041932e-06
5.008027939 3.810449933864897e-06
5.009228905 3.7233362799007014e-06
5.010429871 4.059855728170093e-06
5.011630836999999 4.2400466972153144e-06
5.012831803 4.182272860409114e-06
5.014032769 3.946890912541495e-06
5.015233735 3.655899440333106e-06
5.0164347010000006 3.5829484993648623e-06
5.0176356669999995 3.7440860089331287e-06
5.018836631999999 3.5006769366986455e-06
5.020037598 2.8937057720856453e-06
5.021238564 2.424173333223467e-06
5.02243953 2.1230350221075224e-06
5.023640496 2.1840227415300452e-06
5.024841462 2.6385404435978016e-06
5.026042427999999 3.0592847323485623e-06
5.027243394 3.2416690815405406e-06
5.028444360000001 3.5791043589945345e-06
5.029645326 3.9075454664298445e-06
5.0308462920000006 4.210848569082872e-06
5.0320472579999995 4.483321708965852e-06
5.033248224 4.4458619159289504e-06
5.03444919 3.9766432555632075e-06
5.035650156 3.487867989171419e-06
5.036851121 3.244987228030241e-06
5.038052087 3.218981346656461e-06
5.039253053 3.3683211175860785e-06
5.040454019 3.233664944439549e-06
5.041654985 2.9064352172173626e-06
5.042855951 2.7588320473987196e-06
5.044056917 2.81720692459511e-06
5.0452578830000006 2.9011635192469217e-06
5.0464588489999995 2.8924282129474922e-06
5.047659815 2.666308211358708e-06
5.048860781 2.1847350484419904e-06
5.050061747 1.9289246192579956e-06
5.051262713 1.857774649480996e-06
5.052463679000001 1.8514246804819193e-06
5.053664645 1.8470277666466935e-06
5.05486561 1.8348609398743884e-06
5.056066576 1.7595674024383666e-06
5.057267542 1.7575027560957759e-06
5.058468508 1.9578735109689644e-06
5.0596694740000006 2.248351025584778e-06
5.0608704399999995 2.4454466316811163e-06
5.062071406 2.5859015737697833e-06
5.063272372 2.6636370224774704e-06
5.064473338 2.726219777663131e-06
5.065674304 3.044064133621289e-06
5.06687527 3.745410553735316e-06
5.068076236 4.271649238932028e-06
5.069277202 4.650859851626198e-06
5.070478167999999 4.7617698309819915e-06
5.071679134 4.6930740799056295e-06
5.072880099 4.661361695509648e-06
5.074081065000001 4.697005932583851e-06
5.0752820309999995 4.38494792501385e-06
5.076482997 3.593090393927636e-06
5.077683963 2.789891295492166e-06
5.078884929 2.103440348061505e-06
5.080085895 1.810565808813609e-06
5.081286861 1.872313996657046e-06
5.082487827 1.913034492840968e-06
5.083688793 1.7504585093831712e-06
5.084889758999999 1.5517062228168045e-06
5.086090725 1.3825398936746171e-06
5.087291691000001 1.3219648267035264e-06
5.088492657 1.263352468187722e-06
5.0896936230000005 1.1207966558155205e-06
5.090894588 7.775294803890124e-07
5.092095554 4.316384172071125e-07
5.09329652 2.059907818001318e-07
5.094497486 2.3116116918535915e-07
5.095698452 3.657138790836548e-07
5.096899418 7.182796537016382e-07
5.098100384 9.159731926234605e-07
5.099301349999999 1.1170157073541944e-06
