Wavelength_microns Throughput
2.298648794999999 0.0
2.2998497609999995 0.0
2.301050727 2.7514544918340644e-07
2.302251693 3.2485087756740694e-07
2.303452659 3.713392875720714e-07
2.304653625 4.0308948419764013e-07
2.3058545909999997 4.6927279039388766e-07
2.307055557 5.752329279486335e-07
2.308256523 6.340470563115438e-07
2.309457488 7.553430229404525e-07
2.310658454 8.511220146667711e-07
2.3118594199999998 9.857680398131168e-07
2.313060386 1.2067032712012505e-06
2.314261352 1.3458335978490706e-06
2.315462318 1.5725580962560841e-06
2.316663284 1.8978731387810993e-06
2.31786425 2.1826363280710632e-06
2.319065216 2.6678650529240975e-06
2.3202661819999997 2.9236482757199743e-06
2.321467148 3.398254357841648e-06
2.322668114 3.977671413943324e-06
2.32386908 4.646798168697053e-06
2.325070046 5.791352138911771e-06
2.3262710120000003 6.29125750716013e-06
2.327471977 7.428054934512442e-06
2.328672943 8.757288707213079e-06
2.329873909 1.0308882983359898e-05
2.3310748749999997 1.2112464069053959e-05
2.332275841 1.3555458298302462e-05
2.333476807 1.5558346619359004e-05
2.3346777729999997 1.7543846559008327e-05
2.3358787390000004 1.9864298275372444e-05
2.3370797050000003 2.2709940405529533e-05
2.338280671 2.538748464332726e-05
2.339481637 2.8204648223726815e-05
2.3406826030000003 3.1733831180093864e-05
2.341883569 3.5146056508463326e-05
2.343084535 3.895616062385311e-05
2.344285501 4.2678844730731857e-05
2.3454864659999997 4.675469038134365e-05
2.346687432 5.130352865651021e-05
2.3478883980000003 5.5511603188515484e-05
2.349089364 6.084766724289828e-05
2.35029033 6.644990022872585e-05
2.3514912960000003 7.35949218606742e-05
2.352692262 8.192011088040473e-05
2.353893228 9.174970675907433e-05
2.355094194 0.00010567831326559287
2.35629516 0.00012174237448537304
2.357496126 0.00014143847708403167
2.358697092 0.00016583527440367388
2.359898058 0.0001963676207148833
2.361099024 0.00023884564849657833
2.3622999890000003 0.00028616267183255396
2.363500955 0.0003429208455454797
2.364701921 0.0004107996704422294
2.3659028870000003 0.0004922047258617046
2.367103853 0.0006008180434515828
2.368304819 0.0007139801930081027
2.369505785 0.0008457465745754652
2.370706751 0.0009962944738105314
2.371907717 0.0011668499237064082
2.373108683 0.0013706037539805748
2.3743096489999997 0.0015749536149810626
2.375510615 0.0017808410576004299
2.376711581 0.0020002274770906034
2.3779125469999998 0.0022278933572681004
2.3791135129999996 0.0024606495798062383
2.380314478 0.002692665094951058
2.381515444 0.0029231878824631913
2.38271641 0.003152339773543582
2.383917376 0.0033796771112003412
2.385118342 0.0036094585625610935
2.386319308 0.003837959545431833
2.387520274 0.004073121572092508
2.3887212399999997 0.0043217709316187665
2.389922206 0.004587598644597706
2.391123172 0.004882192310876841
2.3923241379999998 0.005207183088203736
2.3935251039999996 0.005573643752649044
2.3947260700000004 0.0059898638867166365
2.3959270360000002 0.006468477779898925
2.397128002 0.007026830076610105
2.398328967 0.007671325009722869
2.3995299329999997 0.008424128778418413
2.400730899 0.009307107811185196
2.401931865 0.010347929181672053
2.4031328309999997 0.011587330831674734
2.4043337969999996 0.013052822842018405
2.405534763 0.014800054595496914
2.406735729 0.016890647303398884
2.407936695 0.01940017388801286
2.4091376610000004 0.022435897521795662
2.4103386270000002 0.02608391269181797
2.411539593 0.030485971457478694
2.412740559 0.0357930973684071
2.4139415250000003 0.042173632802963705
2.415142491 0.04983122058935374
2.416343456 0.05887520851829625
2.4175444219999997 0.06945868854623792
2.4187453879999996 0.08164042396962862
2.4199463540000004 0.09537794123462955
2.42114732 0.11056217653787018
2.422348286 0.12676738319556635
2.423549252 0.14360676788341
2.4247502180000002 0.16055410235712161
2.425951184 0.1770505267195788
2.42715215 0.192679140599872
2.4283531160000003 0.20681286214971709
2.429554082 0.2192619291750944
2.430755048 0.2299108760451671
2.431956014 0.23881950408832273
2.43315698 0.24632733501097367
2.4343579450000004 0.25249534318671346
2.435558911 0.2578343778299963
2.436759877 0.2627278171296065
2.437960843 0.26752775889371094
2.4391618090000002 0.27267132932139876
2.440362775 0.2781069506539277
2.441563741 0.2841379480836343
2.442764707 0.29086908105209175
2.443965673 0.29835396898038036
2.445166639 0.306752489261613
2.446367605 0.31571422077738986
2.4475685709999997 0.32531102925854877
2.448769537 0.33543009664183526
2.449970503 0.34593396715499625
2.4511714689999997 0.3560972462932389
2.452372434 0.36647348161734505
2.4535734000000002 0.37669271605627963
2.454774366 0.3865753661154713
2.455975332 0.3959583090911188
2.457176298 0.4044831223983533
2.458377264 0.41246835872883614
2.45957823 0.41961953210176
2.460779196 0.4258923225968911
2.4619801619999997 0.4312769915706473
2.463181128 0.4355618638289343
2.464382094 0.43927379184765125
2.4655830599999997 0.4422498026786146
2.466784026 0.4445767838223363
2.4679849920000003 0.44635190681510045
2.469185958 0.4476653000203796
2.470386923 0.4486304832438158
2.471587889 0.44956710482474244
2.4727888549999997 0.45007873586722646
2.473989821 0.4507086954873008
2.475190787 0.45102898796012164
2.4763917529999997 0.4513339209346084
2.477592719 0.4518883701425482
2.4787936850000003 0.45223418784221386
2.479994651 0.45285452658134306
2.481195617 0.45326807833845645
2.4823965830000003 0.45396133561119717
2.483597549 0.45467225394847366
2.484798515 0.4553873887250368
2.485999481 0.4558480388845931
2.4872004459999997 0.4565086358735642
2.488401412 0.4571175480365203
2.489602378 0.4574131600515089
2.490803344 0.45785914095706787
2.49200431 0.45819502960556685
2.4932052760000003 0.45841879953376025
2.494406242 0.4585175746399157
2.495607208 0.4584827824460653
2.496808174 0.45831804168655377
2.49800914 0.45802564764614734
2.499210106 0.4576077469854614
2.500411072 0.45707173930493084
2.501612038 0.45643902386985896
2.502813004 0.4557103691293185
2.50401397 0.4549079888738783
2.505214935 0.45403068913664146
2.506415901 0.45309862129042794
2.5076168670000003 0.4521229432204801
2.508817833 0.4511211736866698
2.510018799 0.4501176904107376
2.511219765 0.4490987812853332
2.512420731 0.4480880530834811
2.513621697 0.44709991311913566
2.514822663 0.44613897878758124
2.5160236289999998 0.44522912717291624
2.517224595 0.4443510453365807
2.518425561 0.44352257679531376
2.519626527 0.44274952714956844
2.5208274929999996 0.44203917164992673
2.522028459 0.4413826503349698
2.523229424 0.44079275558167513
2.52443039 0.44027655005922395
2.525631356 0.4398330125981561
2.526832322 0.43946558843553546
2.528033288 0.4391835511605165
2.529234254 0.4389811294982083
2.5304352199999998 0.43886163249296783
2.531636186 0.4388262602208853
2.532837152 0.4388761778919323
2.534038118 0.4390195401998354
2.5352390839999996 0.43924648894838475
2.53644005 0.4395613170356081
2.5376410160000002 0.4399589447587086
2.538841982 0.44043659472896396
2.540042948 0.4410037815015663
2.5412439129999997 0.44164155947703154
2.542444879 0.44235450715133323
2.543645845 0.44313308829102577
2.5448468109999998 0.44397349120421525
2.546047777 0.4448832470743568
2.547248743 0.44583348573147163
2.548449709 0.44682928977073555
2.5496506749999996 0.44786050000382577
2.5508516410000004 0.44892237216528685
2.5520526070000003 0.4500922792137959
2.553253573 0.4512235528459779
2.554454539 0.4523558045661929
2.5556555050000003 0.453478240867462
2.556856471 0.45457816107727445
2.558057437 0.4557039306546877
2.5592584019999998 0.4567446691672086
2.5604593679999996 0.4577415124900081
2.561660334 0.45869532707016775
2.5628613000000002 0.4596021282462644
2.564062266 0.46051119652304184
2.565263232 0.46129685642228135
2.5664641980000003 0.46202424192866565
2.567665164 0.4627033522423726
2.56886613 0.46330850489928416
2.5700670960000003 0.46390099238418336
2.571268062 0.46438211875061375
2.572469028 0.4647951611215809
2.573669994 0.4651525834730368
2.57487096 0.46547632105622194
2.576071926 0.4658213737103703
2.5772728910000002 0.4660503957363775
2.578473857 0.46625803633558827
2.579674823 0.4664347470194289
2.5808757890000003 0.4665800128880627
2.582076755 0.46679545558589747
2.583277721 0.46698111473448517
2.584478687 0.46716274050144807
2.585679653 0.46735101595854306
2.586880619 0.4675595527077385
2.588081585 0.4678937217615043
2.5892825509999997 0.4681409258397749
2.590483517 0.4683715789519575
2.591684483 0.4686113946172485
2.5928854489999997 0.46891045797197756
2.594086414 0.4693625504170763
2.5952873800000003 0.4697259404614547
2.596488346 0.47010768831828614
2.597689312 0.47050739319086
2.598890278 0.47092970130288025
2.600091244 0.47151942544860276
2.60129221 0.47149211301357896
2.602493176 0.4713498622056151
2.6036941419999997 0.47120682655571317
2.604895108 0.4710604443825879
2.606096074 0.47042767340709113
2.6072970399999997 0.47026929886260677
2.6084980059999996 0.4700956655661723
2.6096989720000003 0.46990158851141756
2.610899938 0.4697026195651976
2.612100903 0.4689874316813799
2.613301869 0.4686923346836831
2.6145028349999997 0.46755453899159477
2.615703801 0.46769496851406134
2.616904767 0.4677766916061328
2.6181057329999997 0.4678626583705703
2.619306699 0.46789989013798483
2.620507665 0.46789601468385145
2.621708631 0.46786212851434306
2.622909597 0.4677926621695809
2.6241105630000003 0.46770856916821824
2.625311529 0.467583067193223
2.626512495 0.4674279079883974
2.627713461 0.46723567098025093
2.628914427 0.46703756155402965
2.630115392 0.4668397222638468
2.631316358 0.4666245218882556
2.6325173239999997 0.46642455537465954
2.63371829 0.46621376555164895
2.6349192560000003 0.46600522593200255
2.636120222 0.46584761065642055
2.637321188 0.46567682094097923
2.638522154 0.46550857983551597
2.63972312 0.4653686275671599
2.640924086 0.4652462866093212
2.642125052 0.46516189952796627
2.643326018 0.46509526259434525
2.644526984 0.465065538854887
2.64572795 0.4650699325714577
2.646928916 0.46511098461387107
2.648129881 0.4652013561878889
2.6493308470000003 0.465305748988301
2.650531813 0.4654535461224096
2.651732779 0.4645870842701037
2.652933745 0.46466254753519154
2.654134711 0.4646156772474823
2.655335677 0.4647176101876809
2.656536643 0.46483548060391067
2.657737609 0.4649803557421523
2.658938575 0.4651450313810872
2.660139541 0.4651203422873745
2.661340507 0.46522493287269756
2.662541473 0.4653343065285372
2.663742439 0.4654415213623571
2.664943405 0.4655705922825012
2.66614437 0.46542514266178137
2.667345336 0.46551428720668797
2.668546302 0.4656265744164136
2.669747268 0.4657423533245773
2.670948234 0.4658741298387709
2.6721492 0.46575978737148743
2.673350166 0.4658682292267308
2.674551132 0.4659571229446061
2.675752098 0.46606014529302914
2.6769530639999997 0.4661643964009351
2.67815403 0.46604709678408207
2.679354996 0.4660806712326787
2.680555962 0.46608558529806193
2.681756928 0.4660743886357017
2.6829578940000003 0.46603089072862125
2.684158859 0.4658431133290817
2.685359825 0.46574881072777213
2.686560791 0.4656174696509984
2.687761757 0.46545949526249775
2.688962723 0.465285213851816
2.690163689 0.46504656021194873
2.6913646549999997 0.46485438307048654
2.6925656210000004 0.46466083251061363
2.6937665870000003 0.46447063692809265
2.694967553 0.46428507077144116
2.696168519 0.46411974865830974
2.6973694850000003 0.4639493007130043
2.698570451 0.4637964080501306
2.699771417 0.4636727026872777
2.700972383 0.46449185510564023
2.7021733479999996 0.4645957779792045
2.703374314 0.46457962802785785
2.70457528 0.4645673810060509
2.705776246 0.4645624138110065
2.706977212 0.46456346647687985
2.7081781780000003 0.4647065999686144
2.709379144 0.46474879985246087
2.71058011 0.46480428209048735
2.7117810760000003 0.46487473294722476
2.712982042 0.4649536387462117
2.714183008 0.4651734778313556
2.715383974 0.46527896634165994
2.71658494 0.46538496023895376
2.717785906 0.4655094501038917
2.7189868710000002 0.4656421506053333
2.720187837 0.4658963860006746
2.721388803 0.4660350050777642
2.7225897690000003 0.46619588116186866
2.723790735 0.46637768006018826
2.724991701 0.46657261819281937
2.726192667 0.4669254318078677
2.727393633 0.4671474717516559
2.728594599 0.4673585268540417
2.729795565 0.46758588046804817
2.7309965309999997 0.4677996916814884
2.732197497 0.46813695688027174
2.733398463 0.46834595990216377
2.7345994289999997 0.46854465440092685
2.735800395 0.4687277953736327
2.7370013600000003 0.4690328562262696
2.738202326 0.46922035401454915
2.739403292 0.46941634231282847
2.740604258 0.46962609662162935
2.741805224 0.46982606288594286
2.74300619 0.4701430914628554
2.744207156 0.47034085190842406
2.7454081219999997 0.4705461291177374
2.746609088 0.4707514568662732
2.747810054 0.4709391815682649
2.7490110199999997 0.471244191972155
2.7502119859999996 0.4714132287644005
2.751412952 0.47084387554945706
2.752613918 0.4702804711113008
2.753814884 0.46973202778049195
2.755015849 0.4686017046708486
2.756216815 0.4680648393811792
2.757417781 0.46753552255354575
2.758618747 0.4670026237854638
2.7598197129999997 0.46648056036009633
2.761020679 0.46539916357756056
2.762221645 0.4649107800323255
2.7634226109999998 0.4650870435635067
2.764623577 0.46510286499332004
2.7658245430000004 0.46514211649635817
2.767025509 0.4651404740432513
2.768226475 0.4652396175342869
2.769427441 0.4653652395807245
2.7706284070000002 0.4655110465720709
2.771829373 0.4656820748506643
2.773030338 0.4658755424061811
2.7742313039999997 0.4661031771626534
2.7754322699999996 0.4663477883577355
2.7766332360000003 0.46661859261569844
2.777834202 0.4669021150973498
2.779035168 0.46725147904433634
2.7802361340000004 0.4675730022564356
2.7814371 0.46790597921598176
2.782638066 0.46824564888589737
2.783839032 0.468590509378411
2.7850399980000002 0.46904149359719505
2.786240964 0.46941318606332905
2.78744193 0.46979056940692343
2.788642896 0.4701688948729081
2.789843862 0.4705423245494026
2.7910448270000003 0.47102187558023295
2.792245793 0.47138818396941023
2.793446759 0.47174616425933896
2.794647725 0.47208418463631396
2.795848691 0.47240506361050866
2.797049657 0.4728105340473398
2.798250623 0.4730824094572526
2.799451589 0.4733277037812889
2.800652555 0.4735519168273696
2.801853521 0.47375694252191225
2.803054487 0.47401310434405824
2.804255453 0.4741616145859329
2.805456419 0.4742810128787195
2.806657385 0.47437642761725274
2.8078583509999997 0.4744459942816347
2.809059316 0.4745198721543513
2.810260282 0.4745257664591425
2.811461248 0.47450021449587354
2.812662214 0.4744506053257013
2.81386318 0.4743760824196195
2.815064146 0.47424346383795546
2.816265112 0.474112447801306
2.817466078 0.473966635034691
2.8186670439999997 0.4738047788722086
2.81986801 0.47363485097922997
2.821068976 0.4733555753659442
2.8222699419999997 0.4732467643721442
2.823470908 0.4731320491816013
2.8246718740000003 0.47301655995871994
2.825872839 0.47290048881790725
2.827073805 0.4727205880458029
2.828274771 0.4726011560779108
2.829475737 0.47248511907670926
2.830676703 0.4723807886496264
2.831877669 0.47228576044849874
2.8330786349999997 0.4721041247205397
2.834279601 0.4720325840971972
2.8354805670000003 0.47198107085852753
2.836681533 0.4719489055447637
2.837882499 0.4719375254374521
2.8390834650000003 0.4718326548327433
2.840284431 0.47186864663294226
2.841485397 0.4719300035538618
2.842686363 0.47201394234676586
2.8438873279999997 0.4721233909163402
2.845088294 0.4721436831840339
2.84628926 0.4723023622847538
2.8474902259999997 0.4724859986208041
2.848691192 0.47269274803535977
2.8498921580000003 0.4729176218922637
2.851093124 0.473082715163474
2.85229409 0.47335676567743157
2.8534950560000003 0.4736524852964945
2.854696022 0.47396730163402556
2.855896988 0.4742977994579363
2.857097954 0.47459819925318286
2.85829892 0.47496221498439994
2.859499886 0.4753396125371077
2.860700852 0.4757253279218686
2.861901817 0.4761172541255536
2.863102783 0.4765143529718539
2.8643037490000003 0.47692343899766615
2.865504715 0.47733671812911205
2.866705681 0.47775218086289994
2.867906647 0.4781646236537524
2.869107613 0.47861840187140836
2.870308579 0.47903374343163446
2.871509545 0.47944753981722465
2.872710511 0.4798557343834039
2.873911477 0.4802574882513369
2.875112443 0.48071868327682277
2.8763134089999998 0.48110733014483864
2.877514375 0.4814881578034778
2.878715341 0.48185890246888174
2.879916306 0.4822151155993363
2.881117272 0.4826392413249537
2.882318238 0.482972675845276
2.883519204 0.4832926424228287
2.88472017 0.4835996224481348
2.885921136 0.48389170317153785
2.8871221019999997 0.48423821345876494
2.888323068 0.48449524829836355
2.889524034 0.4847386147709145
2.8907249999999998 0.4849650615314091
2.8919259659999996 0.4851763509573184
2.893126932 0.4854089948939153
2.894327898 0.4855824237186362
2.895528864 0.4857376386611254
2.8967298300000004 0.4858758343659889
2.897930795 0.4859965948386265
2.899131761 0.48609017954937433
2.900332727 0.4861687486025889
2.9015336929999997 0.4862291791016101
2.902734659 0.48626979268710957
2.903935625 0.486293135061047
2.9051365909999998 0.48622602147803823
2.9063375569999996 0.4862031384850252
2.9075385230000004 0.48616082946043326
2.9087394890000002 0.4860993213321362
2.909940455 0.4860178756424254
2.911141421 0.4857825062208862
2.9123423870000003 0.4856542099373316
2.913543353 0.48550743991200457
2.914744319 0.4853413495730076
2.9159452839999997 0.48515782790739326
2.9171462499999996 0.48476568526588365
2.918347216 0.4845438770673384
2.919548182 0.4843098646707796
2.920749148 0.48406363008108705
2.9219501140000004 0.48380682192424546
2.9231510800000002 0.48330501428764205
2.924352046 0.48302433491274177
2.925553012 0.48273688830934147
2.9267539780000003 0.4824443512509703
2.927954944 0.482147656320162
2.92915591 0.48159199877308456
2.930356876 0.4812904526040081
2.931557842 0.4809879863721087
2.932758808 0.48068753312876744
2.933959773 0.4803922604202615
2.935160739 0.479851998326768
2.936361705 0.4795757215449946
2.9375626710000002 0.4793104914128846
2.938763637 0.4790578486819858
2.939964603 0.47881865956090475
2.941165569 0.4784102126210372
2.942366535 0.4782506521278114
2.943567501 0.47811029045382153
2.944768467 0.4779898878211735
2.945969433 0.4778899845285509
2.947170399 0.4776742530074564
2.948371365 0.47762749166277907
2.9495723309999997 0.4776029246872411
2.950773296 0.4776010176993187
2.9519742620000002 0.47762225282012
2.953175228 0.4775930266638017
2.954376194 0.4776693161034453
2.95557716 0.47776741900879854
2.956778126 0.47788825998074674
2.957979092 0.47802886002955997
2.959180058 0.47818959100906994
2.9603810239999997 0.47837828026530427
2.96158199 0.47858271581676504
2.962782956 0.4788031275849868
2.9639839219999997 0.47903824718153937
2.9651848879999996 0.47936314982407646
2.9663858540000003 0.4796294232991293
2.96758682 0.4799032266231481
2.968787785 0.4801836947554177
2.969988751 0.48046819065752466
2.971189717 0.4809053895615677
2.972390683 0.48120361039143805
2.973591649 0.48149908113699863
2.9747926149999997 0.4817931647889671
2.975993581 0.4820838646782328
2.977194547 0.48258041841642624
2.9783955129999997 0.48286798488374255
2.979596479 0.48314880019075535
2.9807974450000003 0.48342085156574116
2.981998411 0.4836849005184238
2.983199377 0.48419354080547594
2.984400343 0.48444383560387505
2.985601309 0.4846816711236701
2.986802274 0.4849105017542865
2.98800324 0.485403746249059
2.9892042059999997 0.4856149295067629
2.990405172 0.48581512418330175
2.9916061380000003 0.4860073931464844
2.992807104 0.4861903105692772
2.99400807 0.4866484375831253
2.9952090360000003 0.48681947430248823
2.996410002 0.486986010045934
2.997610968 0.4871493954843244
2.998811934 0.4873150581210486
3.0000129 0.4874948155093578
3.001213866 0.4877004120056236
3.002414832 0.48791132798126224
3.003615798 0.4881285229389062
3.004816763 0.4883527887814595
3.0060177290000003 0.48882433621532145
3.007218695 0.48906210304427455
3.008419661 0.48930954465597687
3.009620627 0.4895691090186297
3.010821593 0.48983959358982354
3.012022559 0.4903085159299526
3.013223525 0.49059398380065095
3.014424491 0.4908940708003911
3.015625457 0.4912040607909847
3.016826423 0.49152516602169805
3.018027389 0.49197961229241743
3.019228355 0.49231040399364934
3.020429321 0.49264912843088116
3.021630287 0.4929958599771573
3.022831252 0.49334457741283366
3.024032218 0.4937571175289239
3.025233184 0.49409743040908133
3.02643415 0.4944365151851114
3.027635116 0.4947702572905682
3.0288360819999998 0.4950968773952158
3.030037048 0.49541272432834715
3.031238014 0.4957055632898149
3.03243898 0.4959858865503375
3.0336399459999996 0.4962493145412986
3.034840912 0.49649481969834824
3.036041878 0.4966671656294872
3.0372428439999997 0.49686168944066833
3.0384438100000004 0.49703035469047624
3.0396447760000003 0.4971748041518617
3.040845741 0.4972900084568898
3.042046707 0.4972913379114049
3.0432476729999998 0.49734175096170935
3.044448639 0.49736457622574026
3.045649605 0.4973576093932991
3.046850571 0.4973226836831463
3.0480515369999996 0.4971551264527258
3.049252503 0.4970626337471669
3.0504534690000003 0.4969464293179437
3.051654435 0.4968069849246386
3.052855401 0.49664935128744464
3.0540563670000003 0.4963703437580581
3.055257333 0.49618397415961973
3.056458299 0.4959842773541505
3.0576592639999998 0.49577891088686715
3.0588602299999996 0.49556810686789243
3.060061196 0.4952743003716578
3.061262162 0.49508065435733656
3.062463128 0.4948975742946997
3.0636640940000004 0.4947271180660295
3.0648650600000003 0.4945737064301283
3.066066026 0.4943953380796865
3.067266992 0.49429328211565576
3.0684679580000003 0.4942206341945873
3.069668924 0.4941775015875523
3.07086989 0.4941705826505657
3.072070856 0.4941929074062111
3.073271822 0.4942693068236255
3.074472788 0.49438386687055197
3.0756737530000002 0.4945411167743172
3.076874719 0.49473800660584893
3.078075685 0.4950181145367107
3.0792766510000003 0.4953057607341499
3.080477617 0.4956300925548425
3.081678583 0.49598790147945043
3.0828795490000003 0.4963723751287985
3.084080515 0.49686953205762874
3.085281481 0.4973025737137958
3.086482447 0.4977480027333617
3.087683413 0.49819054152793796
3.088884379 0.498622429056675
3.090085345 0.49915450310907633
3.0912863109999997 0.4995236677534112
3.092487277 0.4998372191513629
3.0936882420000003 0.5000751609177402
3.094889208 0.5002170820125245
3.096090174 0.5004025870564459
3.09729114 0.5002863635584732
3.098492106 0.4999948598266914
3.099693072 0.49950693746300046
3.100894038 0.4987866462593227
3.1020950039999997 0.49798606412907914
3.10329597 0.496693697759531
3.104496936 0.49506424738024535
3.1056979019999997 0.4930554691507694
3.106898868 0.49062045655989334
3.108099834 0.48792648239351205
3.1093008 0.48453722371447056
3.110501766 0.48060385233794456
3.111702731 0.47609309325430044
3.112903697 0.4709790336012193
3.114104663 0.46541248980254457
3.115305629 0.45898407394620816
3.1165065949999997 0.4518778135671532
3.117707561 0.4440826762113732
3.118908527 0.435580828070484
3.1201094929999997 0.42655683395954447
3.1213104589999996 0.41669050804392366
3.1225114250000003 0.40617056495622506
3.123712391 0.395032603356151
3.124913357 0.38332788468518414
3.126114323 0.3712453581708993
3.127315289 0.3585627236280785
3.128516255 0.3454979987485589
3.12971722 0.3321307715594346
3.1309181859999997 0.31853629049008686
3.132119152 0.3048894747956512
3.133320118 0.2910824209244219
3.134521084 0.2772991128172759
3.13572205 0.26361254357946196
3.1369230160000003 0.2500998480141927
3.138123982 0.23689592634000664
3.139324948 0.22392897714900645
3.140525914 0.21131944029804234
3.14172688 0.19911601143487567
3.142927846 0.18735816629851484
3.144128812 0.1761067102693209
3.145329778 0.16530913474412998
3.146530744 0.15502286735487686
3.1477317090000003 0.14525289799204483
3.148932675 0.13600186569010894
3.150133641 0.12728182524223094
3.151334607 0.11904831173966647
3.152535573 0.11130761628480156
3.153736539 0.10404669625899386
3.154937505 0.09724721848990686
3.1561384710000002 0.09089761470633785
3.157339437 0.08495827449500727
3.158540403 0.07941747939987198
3.159741369 0.07425744172202786
3.160942335 0.06945349793646775
3.162143301 0.06498973867009217
3.163344267 0.06083310676380981
3.1645452329999997 0.05696867090909927
3.165746198 0.05337981042136791
3.166947164 0.05004498820855284
3.16814813 0.04695047009050967
3.169349096 0.044072132565755304
3.170550062 0.04139904343528225
3.171751028 0.038915125595455284
3.172951994 0.03660748302482652
3.17415296 0.034464310437865665
3.1753539259999997 0.03246910087657719
3.176554892 0.03061501696645164
3.177755858 0.02888933547157735
3.1789568239999997 0.027283494552189768
3.18015779 0.025787537902165515
3.1813587560000003 0.02439277479199081
3.182559721 0.02309310498963357
3.183760687 0.021879574748704007
3.184961653 0.020748456673374563
3.186162619 0.01969092521969953
3.187363585 0.018702569300699145
3.188564551 0.01777804007300613
3.1897655169999997 0.016912244451056557
3.190966483 0.016102644610575985
3.192167449 0.015342774657826864
3.193368415 0.014630862548144856
3.194569381 0.013961330195607278
3.1957703470000003 0.013332388504652482
3.196971313 0.012741007942934892
3.198172279 0.012183248203125777
3.1993732450000003 0.011657732335549302
3.20057421 0.011159339258338556
3.201775176 0.01068922203381572
3.202976142 0.010244221710703787
3.2041771079999997 0.009823047487240846
3.2053780740000004 0.009424546209007307
3.2065790400000003 0.009045249977540954
3.207780006 0.008685930639142098
3.208980972 0.00834371135403009
3.2101819380000003 0.00801935596276956
3.211382904 0.007709522260590081
3.21258387 0.007412545903319472
3.213784836 0.007129786251089437
3.214985802 0.006858244916087704
3.216186768 0.006599025997671304
3.217387734 0.006349562357817029
3.218588699 0.006109973795581349
3.219789665 0.00588028684210892
3.2209906310000003 0.005658959870689765
3.222191597 0.005446742599038392
3.223392563 0.005240604340912415
3.2245935290000003 0.00504187359941527
3.225794495 0.004849728485235676
3.226995461 0.004664071768906008
3.228196427 0.004485069916109733
3.229397393 0.00431057927303
3.230598359 0.00414254272943542
3.231799325 0.0039792386482737875
3.2330002909999997 0.00382109979013622
3.234201257 0.003668640557775267
3.235402223 0.0035196727387967774
3.236603188 0.0033755851458558087
3.237804154 0.0032345685026253005
3.23900512 0.0030978633301228264
3.240206086 0.0029653791268537334
3.241407052 0.0028365003089581317
3.242608018 0.0027121211506524884
3.2438089839999997 0.002589842488247532
3.24500995 0.0024719197488413903
3.246210916 0.0023585962340983563
3.2474118819999997 0.0022495111240589056
3.248612848 0.0021446604564879872
3.249813814 0.0020420126840441396
3.2510147799999998 0.001943078215043184
3.252215746 0.0018477500455968312
3.2534167120000004 0.0017572712585589602
3.254617677 0.0016711364504355104
3.255818643 0.0015873202017358094
3.257019609 0.0015072320397088701
3.2582205749999997 0.0014299782541098444
3.259421541 0.0013565067762480584
3.260622507 0.0012866830940930789
3.2618234729999998 0.0012193900083913862
3.2630244389999996 0.0011551016453593352
3.2642254050000004 0.0010923886311613425
3.265426371 0.0010327601079618072
3.266627337 0.0009759220437714922
3.267828303 0.0009214177720920367
3.2690292690000002 0.0008704352294120853
3.270230235 0.0008214968063732456
3.271431201 0.0007755140320085912
3.2726321659999997 0.0007319626020111229
3.273833132 0.0006906460927716897
3.275034098 0.0006523916460059012
3.2762350639999998 0.0006156245221971612
3.27743603 0.000581598307156842
3.2786369960000004 0.0005492479110924297
3.279837962 0.0005181198024879317
3.281038928 0.000489625110854094
3.282239894 0.0004622134255574587
3.2834408600000002 0.0004370769250420148
3.284641826 0.000413533231850162
3.285842792 0.0003919147578965319
3.287043758 0.00037266125082289136
3.288244724 0.00035391588614990194
3.2894456890000003 0.0003371685391256494
3.290646655 0.0003211413415567751
3.291847621 0.0003059475649511007
3.2930485870000004 0.00029204964170870517
3.294249553 0.0002778174215802867
3.295450519 0.00026436686183021124
3.296651485 0.0002513841969347695
3.2978524510000002 0.00023896438137839377
3.299053417 0.0002275404226340334
3.300254383 0.0002159819357814401
3.301455349 0.0002055722211539937
3.302656315 0.00019567405723821613
3.303857281 0.00018615114409841548
3.305058247 0.00017820850412864157
3.3062592129999997 0.00017018609702322728
3.307460178 0.00016302742658639687
3.308661144 0.00015630500283532318
3.30986211 0.00014987970929865964
3.311063076 0.00014426036617973977
3.312264042 0.00013831949916062936
3.313465008 0.000133300087710513
3.314665974 0.000128793017641301
3.31586694 0.00012446374266801783
3.317067906 0.00012148728707553671
3.318268872 0.00011860505071201523
3.319469838 0.00011590128691946482
3.3206708039999997 0.00011333259225113009
3.32187177 0.00011102350651551624
3.323072736 0.00011011449436674673
3.324273702 0.00010816527840535444
3.325474667 0.00010541642309813454
3.326675633 0.0001027645255003566
3.327876599 9.992494719477818e-05
3.329077565 9.777751464934552e-05
3.330278531 9.5486111501024e-05
3.3314794969999997 9.260416362866834e-05
3.332680463 8.964175227620218e-05
3.333881429 8.675818001586308e-05
3.3350823949999997 8.466728274751555e-05
3.336283361 8.228445612355062e-05
3.3374843270000003 7.978618614943812e-05
3.338685293 7.785289715164463e-05
3.339886259 7.582109053456736e-05
3.3410872250000003 7.454582260082858e-05
3.342288191 7.326596939095435e-05
3.343489156 7.106882367134392e-05
3.344690122 6.935251969316082e-05
3.3458910879999997 6.784501302014697e-05
3.347092054 6.626418790118212e-05
3.3482930200000003 6.45422389002887e-05
3.349493986 6.255480984445452e-05
3.350694952 6.117820853605837e-05
3.3518959180000003 6.0019122993680564e-05
3.353096884 5.918438757671902e-05
3.35429785 5.8543542822574974e-05
3.355498816 5.741973103441046e-05
3.356699782 5.627178649421525e-05
3.357900748 5.506862609252243e-05
3.359101714 5.381371953941388e-05
3.3603026799999998 5.280346618666547e-05
3.361503645 5.159025575706592e-05
3.3627046110000003 5.076560789784837e-05
3.363905577 5.025284292606393e-05
3.365106543 4.9539233100714825e-05
3.3663075090000003 4.93840404268883e-05
3.367508475 4.995710098347569e-05
3.368709441 5.047310307740056e-05
3.369910407 5.073228409334537e-05
3.371111373 5.016861408372953e-05
3.372312339 4.931664672599994e-05
3.373513305 4.8703059758807695e-05
3.3747142709999998 4.872096691553325e-05
3.375915237 4.8933472656825314e-05
3.377116203 4.8515205831608836e-05
3.378317169 4.8020048676360236e-05
3.379518134 4.837721736545224e-05
3.3807191 4.949120148832528e-05
3.381920066 5.058237553601952e-05
3.383121032 5.083126342539683e-05
3.384321998 5.0389938009571236e-05
3.3855229639999997 5.007768681791591e-05
3.38672393 5.005869170391324e-05
3.387924896 5.0626302854308695e-05
3.3891258619999998 5.115007257953294e-05
3.390326828 5.077442589002177e-05
3.391527794 5.0027254852216384e-05
3.39272876 5.019547291194708e-05
3.3939297259999996 5.099751099412598e-05
3.3951306920000004 5.197299472315808e-05
3.3963316580000003 5.2657926971575726e-05
3.397532623 5.316537323978849e-05
3.398733589 5.3823700705153476e-05
3.3999345549999997 5.5061002009444606e-05
3.401135521 5.688205684643143e-05
3.402336487 5.8203741090268855e-05
3.4035374529999998 5.896148404562321e-05
3.4047384189999996 5.977194945432675e-05
3.405939385 6.111442901893055e-05
3.407140351 6.231106286466933e-05
3.408341317 6.332520442383224e-05
3.4095422830000004 6.489940079670685e-05
3.4107432490000003 6.691461865734499e-05
3.411944215 6.959910496385981e-05
3.413145181 7.260675293744623e-05
3.4143461459999997 7.500464121664917e-05
3.415547112 7.665843612627504e-05
3.416748078 7.828176690259517e-05
3.4179490439999998 7.982734612464207e-05
3.4191500099999996 8.119899460996672e-05
3.4203509760000004 8.230192120147777e-05
3.4215519420000002 8.298922298506958e-05
3.422752908 8.376672174617041e-05
3.423953874 8.506099630281938e-05
3.4251548400000003 8.708699732733854e-05
3.426355806 8.86568248860148e-05
3.427556772 8.947388403549847e-05
3.428757738 9.030599933896039e-05
3.429958704 9.113599194863184e-05
3.43115967 9.290008066053242e-05
3.432360635 9.521040926506981e-05
3.433561601 9.635065363883872e-05
3.4347625670000004 9.689340937221216e-05
3.4359635330000002 9.805426226300174e-05
3.437164499 9.90068700894691e-05
3.438365465 9.98035764051671e-05
3.4395664310000003 0.00010043843176982232
3.440767397 9.977943572574485e-05
3.441968363 9.923495114123636e-05
3.443169329 9.953237205868176e-05
3.444370295 9.999707137278087e-05
3.445571261 0.00010047777350759427
3.446772227 0.000100999750689993
3.4479731929999997 0.00010227385705711122
3.449174159 0.00010381322491788348
3.4503751240000002 0.00010456566484611708
3.45157609 0.0001049949781873938
3.452777056 0.00010453223435525133
3.453978022 0.00010365028034260992
3.455178988 0.0001036439911713812
3.456379954 0.00010345527677494584
3.45758092 0.00010264223861488796
3.458781886 0.00010206129446883492
3.459982852 0.00010138621770579865
3.461183818 0.00010094609054188651
3.4623847839999997 0.00010137375954967574
3.46358575 0.00010163111155492506
3.464786716 0.00010206609918842557
3.4659876819999997 0.00010255488941007647
3.467188648 0.00010224109410208286
3.468389613 0.0001019315679794729
3.469590579 0.00010154733410953024
3.470791545 0.00010095048567433208
3.471992511 0.00010096193864780339
3.4731934769999997 0.00010069589924026887
3.474394443 9.975949784901958e-05
3.475595409 9.868782769445334e-05
3.4767963749999997 9.722258783495987e-05
3.4779973409999996 9.62384811129657e-05
3.4791983070000003 9.59343633272262e-05
3.480399273 9.540718678354106e-05
3.481600239 9.500024478887459e-05
3.4828012050000003 9.447630817043736e-05
3.484002171 9.413817892737597e-05
3.485203137 9.474506381005307e-05
3.486404102 9.477780801323261e-05
3.4876050679999997 9.410156981292193e-05
3.488806034 9.347588737201328e-05
3.490007 9.190975742165952e-05
3.491207966 9.054946940158466e-05
3.492408932 8.990133789225488e-05
3.4936098980000003 8.82280714688717e-05
3.494810864 8.678366717213239e-05
3.49601183 8.632796619278605e-05
3.497212796 8.562588511954983e-05
3.498413762 8.568742345232097e-05
3.499614728 8.577144377563175e-05
3.500815694 8.437781904560094e-05
3.50201666 8.35811459336517e-05
3.503217626 8.309461625941316e-05
3.5044185910000003 8.183273135696513e-05
3.505619557 8.131302329444176e-05
3.506820523 8.068633089447845e-05
3.5080214890000003 8.010445758279168e-05
3.5092224550000006 0.0
3.510423421000001 0.0
