Wavelength_microns Throughput
2.0004663860000003 5.5273731104508545e-15
2.002074478 5.006235710084029e-15
2.00368257 4.562647316390171e-15
2.005290662 4.1875042356512444e-15
2.006898754 3.859257305442948e-15
2.008506846 3.594669641943218e-15
2.010114938 3.3661833262438285e-15
2.01172303 3.5456961530726613e-15
2.013331122 1.1341949030715517e-14
2.014939214 1.7093669086514787e-14
2.016547306 1.644699232876009e-14
2.018155398 1.57960930370599e-14
2.01976349 1.5041360595903877e-14
2.021371582 1.452265352510177e-14
2.022979674 1.4032152384338396e-14
2.0245877660000002 1.3120803582238064e-14
2.026195858 7.014310017902485e-15
2.027803949 3.0468920099123955e-15
2.029412041 2.782820073454148e-14
2.031020133 3.4283506235268734e-14
2.032628225 3.383426464709125e-14
2.034236317 3.3696221279423415e-14
2.035844409 5.715195878346574e-14
2.037452501 6.312966866864556e-14
2.039060593 6.332977518280179e-14
2.040668685 6.356091103285307e-14
2.042276777 4.0389020578853667e-14
2.0438848689999998 3.410197843156915e-14
2.045492961 3.537030641778532e-14
2.047101053 3.579503464527661e-14
2.0487091449999997 1.0821251436723877e-14
2.0503172370000002 4.3362382894610604e-15
2.0519253290000004 8.459755244484683e-15
2.053533421 1.1278965832685278e-14
2.055141513 1.1885143065378842e-14
2.056749605 1.2451080764954657e-14
2.058357697 1.2842384741811922e-14
2.059965788 1.3771979846891946e-14
2.06157388 1.4684635610004124e-14
2.0631819719999998 1.517419436508805e-14
2.064790064 9.839451913187265e-15
2.066398156 6.736087009576821e-15
2.068006248 7.015100386106173e-15
2.06961434 7.355611456052631e-15
2.071222432 6.320785492196871e-15
2.072830524 5.374995519032729e-15
2.074438616 5.6438764998700355e-15
2.076046708 6.245279317203831e-15
2.0776548 6.898126897695823e-15
2.079262892 7.700891291504726e-15
2.080870984 8.631611136051362e-15
2.0824790760000003 9.66144645883851e-15
2.084087168 1.0927507625124462e-14
2.08569526 1.241669130012989e-14
2.0873033519999997 1.4165931369959588e-14
2.088911444 1.622496001576232e-14
2.090519536 1.868650682230737e-14
2.092127627 2.1590114650241914e-14
2.0937357189999997 2.509121361710856e-14
2.0953438110000002 2.9421113586858805e-14
2.0969519030000003 3.436633558508828e-14
2.098559995 4.031590279400803e-14
2.100168087 4.75678231454275e-14
2.101776179 5.583684416932618e-14
2.103384271 6.578587801616313e-14
2.104992363 7.721252261524832e-14
2.1066004549999997 8.952725863386325e-14
2.1082085470000003 1.0319384925003105e-13
2.109816639 1.1721305385981894e-13
2.111424731 1.3102863111824421e-13
2.113032823 1.43553945026137e-13
2.114640915 1.5342305781536074e-13
2.116249007 1.6144800871411722e-13
2.1178570989999996 1.655957763755047e-13
2.1194651909999997 1.6722952944077568e-13
2.1210732830000003 1.6662204177779374e-13
2.122681375 1.6401967692363596e-13
2.124289466 1.5955814530715947e-13
2.125897558 1.550389776612837e-13
2.1275056500000002 1.5039859662556874e-13
2.129113742 1.4555810292449913e-13
2.130721834 1.4131829001912688e-13
2.1323299259999997 1.37132128922387e-13
2.133938018 1.3317081602956146e-13
2.1355461100000004 1.2967779185297198e-13
2.137154202 1.2704473555027725e-13
2.138762294 1.2449277228296056e-13
2.140370386 1.2262795195435314e-13
2.141978478 1.2068754391602214e-13
2.14358657 1.1953724707930795e-13
2.1451946619999998 1.1867926879713734e-13
2.146802754 1.180590137646654e-13
2.1484108460000004 1.1772167818032658e-13
2.150018938 1.1766758747743185e-13
2.15162703 1.1793962524226058e-13
2.153235122 1.185396437893636e-13
2.154843214 1.1922939669254356e-13
2.156451305 1.2041245664768171e-13
2.158059397 1.215422349728572e-13
2.159667489 1.2328252403206928e-13
2.161275581 1.2542731409041542e-13
2.1628836729999996 1.273960636726776e-13
2.164491765 1.2991798558016327e-13
2.1660998570000003 1.327601831056933e-13
2.167707949 1.3593513188533412e-13
2.169316041 1.3944478291584787e-13
2.170924133 1.4298683748735151e-13
2.172532225 1.4741391726542804e-13
2.174140317 1.5211254632041016e-13
2.1757484089999997 1.5730263133560587e-13
2.177356501 1.647604218453659e-13
2.1789645930000003 2.974653045769806e-13
2.180572685 2.3847758045506936e-12
2.182180777 2.9192971721535805e-12
2.183788869 3.0792498128805016e-12
2.185396961 3.2578488296152013e-12
2.187005053 3.785985374129915e-12
2.1886131449999997 5.748377135983515e-12
2.1902212359999997 6.222471835322771e-12
2.191829328 6.416286865676605e-12
2.1934374200000004 3.8309295034176775e-12
2.195045512 7.162503790710005e-12
2.196653604 2.398705246980493e-11
2.198261696 4.592096269255758e-11
2.199869788 7.385611765938245e-11
2.20147788 1.0793855832664844e-10
2.203085972 1.5531343807723185e-10
2.204694064 2.1854402921797612e-10
2.206302156 3.025654619998501e-10
2.207910248 3.9165349246166383e-10
2.2095183400000002 4.593101050247582e-10
2.211126432 5.267853167595843e-10
2.212734524 6.181229415329876e-10
2.2143426159999997 7.479183776398178e-10
2.215950708 8.782071870470529e-10
2.2175588 9.006764965349515e-10
2.219166892 8.842003581981742e-10
2.220774984 8.519675178543239e-10
2.221786975 7.780926313976643e-10
2.222987941 7.154540088293254e-10
2.2241889070000003 5.627310513391216e-10
2.225389873 2.8350347778782544e-10
2.226590839 3.1178850869710484e-12
2.227791805 3.30957008817294e-12
2.228992771 3.4547302107565237e-12
2.230193737 3.5561336355628967e-12
2.231394703 3.635013710097703e-12
2.2325956689999997 3.71423078708589e-12
2.233796635 3.809070161983204e-12
2.234997601 3.926567625918101e-12
2.2361985669999997 6.425196970615629e-12
2.2373995329999996 6.740082040504121e-12
2.238600498 7.129800850527488e-12
2.239801464 7.592487902379084e-12
2.24100243 8.152927080486876e-12
2.242203396 8.808925472802589e-12
2.243404362 9.568632528966475e-12
2.244605328 1.0450715843071714e-11
2.245806294 7.29796885963641e-12
2.2470072599999997 8.02031681032491e-12
2.248208226 8.849136858977622e-12
2.249409192 9.780737990863273e-12
2.2506101579999997 1.0830578123803365e-11
2.251811124 1.7577312884925753e-11
2.2530120900000004 4.219946066921414e-10
2.254213056 4.742704707663549e-10
2.255414021 5.84565163159182e-10
2.256614987 6.494873782271794e-10
2.2578159529999997 7.13800454190383e-10
2.259016919 7.805567336340767e-10
2.260217885 8.512720060462633e-10
2.2614188509999997 9.11919014013054e-10
2.2626198169999996 1.7342282538995716e-10
2.2638207830000003 3.943070762676546e-10
2.265021749 3.169083891375452e-10
2.266222715 6.704518943513466e-10
2.2674236810000004 1.9911956180200297e-09
2.268624647 5.230940676399241e-09
2.269825613 8.548896543504801e-09
2.271026579 8.925744865239048e-09
2.2722275450000002 1.2525493831869234e-08
2.27342851 1.532003441191431e-08
2.274629476 1.7258818189147133e-08
2.2758304419999997 1.9430318826327026e-08
2.277031408 2.0880269737966175e-08
2.2782323740000003 1.9012833910635052e-08
2.27943334 1.5590681482713262e-08
2.280634306 1.8821086471761536e-08
2.281835272 2.2501477133306592e-08
2.283036238 2.148976291680035e-08
2.284237204 2.0720820192901003e-08
2.28543817 2.5082384245605573e-08
2.286639136 2.7614553917674697e-08
2.287840102 3.049263756938748e-08
2.289041068 4.3146773467679176e-08
2.290242034 5.7191845933308216e-08
2.291442999 6.288191188345534e-08
2.2926439650000003 7.447894241734695e-08
2.293844931 1.0002510334102981e-07
2.295045897 1.2362370229726642e-07
2.296246863 1.3931600947380303e-07
2.297447829 1.5999757909118263e-07
2.298648795 1.8171702228248894e-07
2.299849761 1.947457113252169e-07
2.301050727 2.3526244993350582e-07
2.302251693 2.816185253713167e-07
2.303452659 3.269257496886131e-07
2.304653625 3.60445286551067e-07
2.3058545909999997 4.2709250998030124e-07
2.307055557 4.922524206260735e-07
2.308256523 5.521909126435611e-07
2.309457488 6.705657478925147e-07
2.310658454 7.710830482641654e-07
2.3118594199999998 9.116284111629709e-07
2.313060386 1.033651232836232e-06
2.314261352 1.178067155352028e-06
2.315462318 1.4074794240288836e-06
2.316663284 1.7385870172291266e-06
2.31786425 2.045254007956876e-06
2.319065216 2.288580894243959e-06
2.3202661819999997 2.5649269602212367e-06
2.321467148 3.0437604863356796e-06
2.322668114 3.6294701022429103e-06
2.32386908 4.308550994709932e-06
2.325070046 4.954777068886713e-06
2.3262710120000003 5.4728983018448995e-06
2.327471977 6.5559677327654135e-06
2.328672943 7.821595691351674e-06
2.329873909 9.307919464587019e-06
2.3310748749999997 1.0340442180647091e-05
2.332275841 1.1710005604755473e-05
2.333476807 1.3569869917466182e-05
2.3346777729999997 1.5433047331064018e-05
2.3358787390000004 1.756944716543845e-05
2.3370797050000003 1.9340563948923518e-05
2.338280671 2.1758082629851482e-05
2.339481637 2.4261491001892546e-05
2.3406826030000003 2.734593302828117e-05
2.341883569 3.0281779958974163e-05
2.343084535 3.3109463059459684e-05
2.344285501 3.63024654201678e-05
2.3454864659999997 3.979630855731352e-05
2.346687432 4.368677131212131e-05
2.3478883980000003 4.72761552299066e-05
2.349089364 5.16782046922557e-05
2.35029033 5.648647649115938e-05
2.3514912960000003 6.26835476100508e-05
2.352692262 6.990398848205284e-05
2.353893228 7.858003149138914e-05
2.355094194 8.976533587917783e-05
2.35629516 0.00010373502888935714
2.357496126 0.00012103771869214708
2.358697092 0.0001424964850292853
2.359898058 0.00016967404616386792
2.361099024 0.0002032462515245058
2.3622999890000003 0.0002445229745155314
2.363500955 0.00029441233743773436
2.364701921 0.000354283983203755
2.3659028870000003 0.0004259782862500244
2.367103853 0.0005105847746417903
2.368304819 0.0006088476222662346
2.369505785 0.0007235056652243568
2.370706751 0.0008536302598703712
2.371907717 0.001000515434943994
2.373108683 0.0011625912910904405
2.3743096489999997 0.0013384375136508142
2.375510615 0.0015240070127195099
2.376711581 0.001718412052467743
2.3779125469999998 0.0019179188111228154
2.3791135129999996 0.0021164493830397755
2.380314478 0.002314892307921157
2.381515444 0.0025107227477107748
2.38271641 0.0027010673254720544
2.383917376 0.002887596615612437
2.385118342 0.003072097955488008
2.386319308 0.003257643762547967
2.387520274 0.003449856608288798
2.3887212399999997 0.0036527640288315693
2.389922206 0.003867730855732163
2.391123172 0.004104398084571471
2.3923241379999998 0.004369187308162116
2.3935251039999996 0.004668975398058959
2.3947260700000004 0.005015044034366805
2.3959270360000002 0.005411818325703546
2.397128002 0.00587123781470641
2.398328967 0.006407315519586428
2.3995299329999997 0.007035491927724075
2.400730899 0.007773919005190624
2.401931865 0.008645920766850779
2.4031328309999997 0.00968088627959519
2.4043337969999996 0.010913678704592322
2.405534763 0.01238615802596337
2.406735729 0.014150847535786208
2.407936695 0.016272151304588246
2.4091376610000004 0.018830115998543843
2.4103386270000002 0.021919168256919523
2.411539593 0.025650774369142662
2.412740559 0.030152439630200107
2.4139415250000003 0.035567002721551735
2.415142491 0.04204212081802331
2.416343456 0.04971378070634578
2.4175444219999997 0.05868966519989256
2.4187453879999996 0.06901689166648275
2.4199463540000004 0.08065561551332581
2.42114732 0.09348106254200649
2.422348286 0.10729343943356075
2.423549252 0.1215306483042148
2.4247502180000002 0.1358338116850277
2.425951184 0.14972545084116606
2.42715215 0.16276022858547703
2.4283531160000003 0.1745794452560873
2.429554082 0.18494479938408134
2.430755048 0.19377787638290514
2.431956014 0.20113036726965397
2.43315698 0.20717598476705973
2.4343579450000004 0.21218987175501822
2.435558911 0.21650058913136846
2.436759877 0.22043476636996878
2.437960843 0.2242916058241093
2.4391618090000002 0.22832321745524684
2.440362775 0.23272424913180004
2.441563741 0.23763476951096288
2.442764707 0.24314129714495925
2.443965673 0.24928980693996008
2.445166639 0.2560859918780339
2.446367605 0.26349531663102654
2.4475685709999997 0.2712734472482198
2.448769537 0.279537181444164
2.449970503 0.2882734678331086
2.4511714689999997 0.29720855366185017
2.452372434 0.30620271700322105
2.4535734000000002 0.31510158667631183
2.454774366 0.3237538387585925
2.455975332 0.33202080546015894
2.457176298 0.3397839097999749
2.458377264 0.3469413517178615
2.45957823 0.3534209738115552
2.460779196 0.35914206727962583
2.4619801619999997 0.36410760196058006
2.463181128 0.3683542740557613
2.464382094 0.37192366096632956
2.4655830599999997 0.3748717075034915
2.466784026 0.37726793340802484
2.4679849920000003 0.3791911136889729
2.469185958 0.3807196287527745
2.470386923 0.3819501848209423
2.471587889 0.38297439802734995
2.4727888549999997 0.3838250916437824
2.473989821 0.38499999276146213
2.475190787 0.3856668049581877
2.4763917529999997 0.3862937151856083
2.477592719 0.38691362926957185
2.4787936850000003 0.3875429300332707
2.479994651 0.3881860591962158
2.481195617 0.38873998221446643
2.4823965830000003 0.3890340655550613
2.483597549 0.3896864174158418
2.484798515 0.39032682647907524
2.485999481 0.3909408404115847
2.4872004459999997 0.3915069721125884
2.488401412 0.3920106394645881
2.489602378 0.3924399870094331
2.490803344 0.3927482820516551
2.49200431 0.3929376777382188
2.4932052760000003 0.39301450486634393
2.494406242 0.39297288742835457
2.495607208 0.392806007972756
2.496808174 0.39251746006554916
2.49800914 0.39211056486670715
2.499210106 0.3915843098691474
2.500411072 0.3909456374104099
2.501612038 0.39020409344636087
2.502813004 0.3893723102732634
2.50401397 0.38846152505090187
2.505214935 0.3874858176642957
2.506415901 0.3864561197106872
2.5076168670000003 0.385382278946868
2.508817833 0.38427951884933026
2.510018799 0.38315917936841587
2.511219765 0.38204491874393787
2.512420731 0.3809318789014405
2.513621697 0.3798326919463628
2.514822663 0.3787516366352662
2.5160236289999998 0.37769742146064395
2.517224595 0.37667697712780285
2.518425561 0.37569502906535174
2.519626527 0.37475703067918886
2.5208274929999996 0.3738732508861102
2.522028459 0.3730472540971481
2.523229424 0.37227639152527664
2.52443039 0.37156727098371145
2.525631356 0.37091963238568204
2.526832322 0.37033702966368987
2.528033288 0.36982519474648057
2.529234254 0.3693855170082485
2.5304352199999998 0.369031964182633
2.531636186 0.36877618743943213
2.532837152 0.368596549026441
2.534038118 0.36849572099599354
2.5352390839999996 0.3684762883131184
2.53644005 0.368537125827429
2.5376410160000002 0.36867453364919023
2.538841982 0.3688866810219477
2.540042948 0.36917427317355556
2.5412439129999997 0.36951251512913064
2.542444879 0.36992279659971533
2.543645845 0.3703974743353679
2.5448468109999998 0.3709336470674932
2.546047777 0.37152893941586007
2.547248743 0.3721785065572164
2.548449709 0.37287658897459114
2.5496506749999996 0.3736147850542236
2.5508516410000004 0.37438743455803913
2.5520526070000003 0.3751854820063781
2.553253573 0.3760056713953333
2.554454539 0.37683692154928905
2.5556555050000003 0.3776700293742587
2.556856471 0.3784942500740116
2.558057437 0.37930444496000676
2.5592584019999998 0.3800994201811126
2.5604593679999996 0.38086809511668374
2.561660334 0.38161160170667285
2.5628613000000002 0.38232431131436434
2.564062266 0.38299923799454993
2.565263232 0.38362736702262784
2.5664641980000003 0.3842141103001134
2.567665164 0.3847674061449905
2.56886613 0.38526553474042413
2.5700670960000003 0.38573898182037014
2.571268062 0.3865577196496368
2.572469028 0.3869114292572418
2.573669994 0.38722379940305907
2.57487096 0.38751281771557344
2.576071926 0.38777235160553036
2.5772728910000002 0.38788175882226633
2.578473857 0.38779444421914827
2.579674823 0.38797806626090486
2.5808757890000003 0.3881407017237569
2.582076755 0.38831285124554604
2.583277721 0.38847677534711855
2.584478687 0.3886413270068093
2.585679653 0.38881549865230675
2.586880619 0.38901071799822207
2.588081585 0.38921916333288825
2.5892825509999997 0.38945583444594467
2.590483517 0.3896850339066339
2.591684483 0.38992912574965144
2.5928854489999997 0.39022764976960167
2.594086414 0.3905228332415239
2.5952873800000003 0.39047338647103125
2.596488346 0.39085743204064316
2.597689312 0.3915719619762969
2.598890278 0.39214175701151444
2.600091244 0.3926106201274913
2.60129221 0.3929790227660027
2.602493176 0.39334106411958825
2.6036941419999997 0.393709280435378
2.604895108 0.39408145238255077
2.606096074 0.39445231736029057
2.6072970399999997 0.39482860057813374
2.6084980059999996 0.3951982857602565
2.6096989720000003 0.3955566824439916
2.610899938 0.3959155580368731
2.612100903 0.39624663615362027
2.613301869 0.39653434224736295
2.6145028349999997 0.39680575379675825
2.615703801 0.3970507823966511
2.616904767 0.39724820791332727
2.6181057329999997 0.39789191228086335
2.619306699 0.3980539430761917
2.620507665 0.39818540737990077
2.621708631 0.39829656867684665
2.622909597 0.39837551977426094
2.6241105630000003 0.3984237108070983
2.625311529 0.3984475181370911
2.626512495 0.398441078503326
2.627713461 0.39839709694382675
2.628914427 0.39834121047732435
2.630115392 0.39826067915817476
2.631316358 0.3981630325239822
2.6325173239999997 0.3980685269906
2.63371829 0.39795407364067864
2.6349192560000003 0.3982489543691411
2.636120222 0.39817611609872094
2.637321188 0.3980570430013708
2.638522154 0.39792646089772205
2.63972312 0.3978058667282074
2.640924086 0.3976884488117812
2.642125052 0.3975723509572359
2.643326018 0.39747104795865934
2.644526984 0.39738596758830724
2.64572795 0.39731473643559184
2.646928916 0.39725963102770456
2.648129881 0.3972147035956237
2.6493308470000003 0.3971820588351061
2.650531813 0.3971683615211785
2.651732779 0.3971674652367865
2.652933745 0.3976055493517329
2.654134711 0.3976632078663509
2.655335677 0.39770062358736896
2.656536643 0.39774912616779173
2.657737609 0.39781860016979814
2.658938575 0.39790332604518935
2.660139541 0.3979243925556502
2.661340507 0.39745980525581687
2.662541473 0.39720735379514305
2.663742439 0.3972563348490772
2.664943405 0.3973242660972924
2.66614437 0.39736645774222884
2.667345336 0.39740180827112714
2.668546302 0.39770633221725565
2.669747268 0.3979735615212317
2.670948234 0.3980727771374287
2.6721492 0.39769916182338816
2.673350166 0.39778560895700615
2.674551132 0.397858271092266
2.675752098 0.39794621598245156
2.6769530639999997 0.39803870455801127
2.67815403 0.3980944769759118
2.679354996 0.3981275288992448
2.680555962 0.3981422932127353
2.681756928 0.39814996899277694
2.6829578940000003 0.39769171107400036
2.684158859 0.39763032910583845
2.685359825 0.3975714881380838
2.686560791 0.39773949783778395
2.687761757 0.39783342383144776
2.688962723 0.39771793579004455
2.690163689 0.39757965356697694
2.6913646549999997 0.3974028686003606
2.6925656210000004 0.3969673921382035
2.6937665870000003 0.39659870479884896
2.694967553 0.3964372824912949
2.696168519 0.39628120736743994
2.6973694850000003 0.39613209715689146
2.698570451 0.3960002074721993
2.699771417 0.39589511470411304
2.700972383 0.39591187757123353
2.7021733479999996 0.39588789448750417
2.703374314 0.39574339527683355
2.70457528 0.3960995360536231
2.705776246 0.3961818721580645
2.706977212 0.3962704441547206
2.7081781780000003 0.39637115483759106
2.709379144 0.39649366849490025
2.71058011 0.3966250758872171
2.7117810760000003 0.39676576551529225
2.712982042 0.39690947522122777
2.714183008 0.3965966260896942
2.715383974 0.39675063843181435
2.71658494 0.3968979705241271
2.717785906 0.39705320753622664
2.7189868710000002 0.3972068797427845
2.720187837 0.39733923435437507
2.721388803 0.3976139450684955
2.7225897690000003 0.39799799277659476
2.723790735 0.3977455005167994
2.724991701 0.3977627122605803
2.726192667 0.3978905825821495
2.727393633 0.39800338853980033
2.728594599 0.3980952460629616
2.729795565 0.3981894667829847
2.7309965309999997 0.39827691694372197
2.732197497 0.39835233638373435
2.733398463 0.39823034994998163
2.7345994289999997 0.39799485064205886
2.735800395 0.39801604687489167
2.7370013600000003 0.3980242143375166
2.738202326 0.3980302730432516
2.739403292 0.39803590406139777
2.740604258 0.3983135873087607
2.741805224 0.3984761559665524
2.74300619 0.39844658621428264
2.744207156 0.3983218719344813
2.7454081219999997 0.39792791180368037
2.746609088 0.3979008917564079
2.747810054 0.3978579232579428
2.7490110199999997 0.39780744330526857
2.7502119859999996 0.39774740544528603
2.751412952 0.39766102039386086
2.752613918 0.397297112343186
2.753814884 0.3970557249182524
2.755015849 0.39700658018176727
2.756216815 0.3968648854187626
2.757417781 0.3964730035925328
2.758618747 0.3964495094544285
2.7598197129999997 0.3968125816770642
2.761020679 0.396940196463244
2.762221645 0.39655813410175594
2.7634226109999998 0.396636337981135
2.764623577 0.39672981546285124
2.7658245430000004 0.39684651279686944
2.767025509 0.3965151678326026
2.768226475 0.39668306031932543
2.769427441 0.39687689924471203
2.7706284070000002 0.396774830823326
2.771829373 0.39679592550274817
2.773030338 0.3970135210242102
2.7742313039999997 0.39725625759436245
2.7754322699999996 0.3973144344105108
2.7766332360000003 0.39733419874595405
2.777834202 0.397633130426583
2.779035168 0.3983983369951807
2.7802361340000004 0.39862083879755095
2.7814371 0.3986150556237354
2.782638066 0.3989759301761337
2.783839032 0.39934312599668853
2.7850399980000002 0.39970571431273805
2.786240964 0.39964236057904445
2.78744193 0.4000376649557969
2.788642896 0.4004347685377736
2.789843862 0.4008283281963069
2.7910448270000003 0.4007734556279063
2.792245793 0.4011931884638479
2.793446759 0.4016058204182721
2.794647725 0.4016933143257873
2.795848691 0.4019054076999322
2.797049657 0.40226562527287385
2.798250623 0.40271732724930315
2.799451589 0.40315738542771695
2.800652555 0.4031561005241601
2.801853521 0.4033704310715858
2.803054487 0.4035605671444043
2.804255453 0.4036040084090341
2.805456419 0.40338576367086953
2.806657385 0.4035002781622535
2.8078583509999997 0.4035896066847211
2.809059316 0.4036276315886599
2.810260282 0.4032140832440807
2.811461248 0.40322852646062596
2.812662214 0.4032189185030151
2.81386318 0.403184478138515
2.815064146 0.40264742776980794
2.816265112 0.4025649714598714
2.817466078 0.4024663001351496
2.8186670439999997 0.4026543737867439
2.81986801 0.4022641158857404
2.821068976 0.40201612113227014
2.8222699419999997 0.4018143907116132
2.823470908 0.40160462103712935
2.8246718740000003 0.4013913493494969
2.825872839 0.40117501005730416
2.827073805 0.40095568967013023
2.828274771 0.40073740325537643
2.829475737 0.40051993929915786
2.830676703 0.40028592456309225
2.831877669 0.4000392026194434
2.8330786349999997 0.39980371528042946
2.834279601 0.3995780386095582
2.8354805670000003 0.3993685485302726
2.836681533 0.3988511602901665
2.837882499 0.39852391497130357
2.8390834650000003 0.3983679808854195
2.840284431 0.3983615326413595
2.841485397 0.3985719064934093
2.842686363 0.3984797542479208
2.8438873279999997 0.39841021031701057
2.845088294 0.39835925820064455
2.84628926 0.39833212255633704
2.8474902259999997 0.3983275762961638
2.848691192 0.3983442791876151
2.8498921580000003 0.39837820936370805
2.851093124 0.39820053816862455
2.85229409 0.3980199777041154
2.8534950560000003 0.39785957978186326
2.854696022 0.3977172552883378
2.855896988 0.39759016095066124
2.857097954 0.3974762186268213
2.85829892 0.39737662811192637
2.859499886 0.39729028982849623
2.860700852 0.39694384213115225
2.861901817 0.39683951722636557
2.863102783 0.3968824495321157
2.8643037490000003 0.39706953352470375
2.865504715 0.39743822417723923
2.866705681 0.3974982148207628
2.867906647 0.3975573350398587
2.869107613 0.39761810232199496
2.870308579 0.3976909697295278
2.871509545 0.3977999932608804
2.872710511 0.39790548391120845
2.873911477 0.3980065028460498
2.875112443 0.39809999048270117
2.8763134089999998 0.39818905311699365
2.877514375 0.39827198739671704
2.878715341 0.39834669295037484
2.879916306 0.39840919844619754
2.881117272 0.39845681838847363
2.882318238 0.3984943731866148
2.883519204 0.3985200644950756
2.88472017 0.39853401793097015
2.885921136 0.39809632603942546
2.8871221019999997 0.39804537851159194
2.888323068 0.3980159352033998
2.889524034 0.39797344337000395
2.8907249999999998 0.3979803861767643
2.8919259659999996 0.3980156514124778
2.893126932 0.39848402754634504
2.894327898 0.39848765602305297
2.895528864 0.3984736883577511
2.8967298300000004 0.39844297848337723
2.897930795 0.3983949733102074
2.899131761 0.39833048179292263
2.900332727 0.39822126107216743
2.9015336929999997 0.3980249774370102
2.902734659 0.39780915637047015
2.903935625 0.39757583852472317
2.9051365909999998 0.39732312846162915
2.9063375569999996 0.39705223239582077
2.9075385230000004 0.3967621706410367
2.9087394890000002 0.39645319622162445
2.909940455 0.3961247911399353
2.911141421 0.3953562043008898
2.9123423870000003 0.3950452234454115
2.913543353 0.39471632837749754
2.914744319 0.39436900527369984
2.9159452839999997 0.39400499182324233
2.9171462499999996 0.3936248445346861
2.918347216 0.3932309131564164
2.919548182 0.39282507398515865
2.920749148 0.39231443209930017
2.9219501140000004 0.39173775466114874
2.9231510800000002 0.3911513900026384
2.924352046 0.3905572517027531
2.925553012 0.38995703145103205
2.9267539780000003 0.3896833457353573
2.927954944 0.38918280909896763
2.92915591 0.38857213106178257
2.930356876 0.3879320114606794
2.931557842 0.38722177404879804
2.932758808 0.3865143832681926
2.933959773 0.38581269226771575
2.935160739 0.3851193978753594
2.936361705 0.38443528781982367
2.9375626710000002 0.3835039929462534
2.938763637 0.3826433070635018
2.939964603 0.38199691704415606
2.941165569 0.38142642949496314
2.942366535 0.3808749745341851
2.943567501 0.38060027655287526
2.944768467 0.3802828272230557
2.945969433 0.37978806014223704
2.947170399 0.3793152332634599
2.948371365 0.3788640139335686
2.9495723309999997 0.37843411497368706
2.950773296 0.3782402362124892
2.9519742620000002 0.37780397912022234
2.953175228 0.37730140168365134
2.954376194 0.37682003967037253
2.95557716 0.37635977190650677
2.956778126 0.3759213233522523
2.957979092 0.37550229917327793
2.959180058 0.37510306408357924
2.9603810239999997 0.3747206127687524
2.96158199 0.3743524822160057
2.962782956 0.37400047193828784
2.9639839219999997 0.3736634786576331
2.9651848879999996 0.37334032331103734
2.9663858540000003 0.37302651256748687
2.96758682 0.3727217555043817
2.968787785 0.3724252394795579
2.969988751 0.37213475350634134
2.971189717 0.3718818021466746
2.972390683 0.37163209519744184
2.973591649 0.3713828497472426
2.9747926149999997 0.3711349211320334
2.975993581 0.3717428407174813
2.977194547 0.37149903584524374
2.9783955129999997 0.371245987394031
2.979596479 0.3709894631063046
2.9807974450000003 0.370602961939862
2.981998411 0.37014820478419275
2.983199377 0.3696876986992668
2.984400343 0.3692201274995436
2.985601309 0.3687435160369276
2.986802274 0.3682602427306409
2.98800324 0.3677701660722543
2.9892042059999997 0.3676517814929718
2.990405172 0.36719503822498595
2.9916061380000003 0.3668318528717896
2.992807104 0.3664609506955095
2.99400807 0.3660856103609592
2.9952090360000003 0.3657043939841499
2.996410002 0.36531861967018486
2.997610968 0.36492907201383706
2.998811934 0.3645395831291013
3.0000129 0.36414612681846237
3.001213866 0.3635916532815543
3.002414832 0.3632540648906559
3.003615798 0.3626219016204292
3.004816763 0.361992082376951
3.0060177290000003 0.36137408538761034
3.007218695 0.361175638870644
3.008419661 0.3605569285600945
3.009620627 0.35994367703685953
3.010821593 0.35950369261999093
3.012022559 0.35914723302187473
3.013223525 0.3587946778883071
3.014424491 0.35844921589964
3.015625457 0.3581073048686511
3.016826423 0.35776971389644463
3.018027389 0.35743439891201845
3.019228355 0.3571023797163296
3.020429321 0.35671636865985284
3.021630287 0.3562316724747623
3.022831252 0.3557444278401505
3.024032218 0.3552554062854734
3.025233184 0.35476042830441135
3.02643415 0.3542607757259154
3.027635116 0.3537536253368888
3.0288360819999998 0.35323784394406355
3.030037048 0.3527204659145388
3.031238014 0.3524960606231765
3.03243898 0.35225993522620563
3.0336399459999996 0.35200917053632674
3.034840912 0.35174326975524256
3.036041878 0.3514763169555248
3.0372428439999997 0.3515756720456249
3.0384438100000004 0.351252952296638
3.0396447760000003 0.35091146288875924
3.040845741 0.3507002840513518
3.042046707 0.3505320860381214
3.0432476729999998 0.35033972292369436
3.044448639 0.3501270964729955
3.045649605 0.3498929080068598
3.046850571 0.3496387193773334
3.0480515369999996 0.34938256000513807
3.049252503 0.3494317936667886
3.0504534690000003 0.34907618800151535
3.051654435 0.3486306319150157
3.052855401 0.3481730539425821
3.0540563670000003 0.34770342062850373
3.055257333 0.34722694682716215
3.056458299 0.34674233021483913
3.0576592639999998 0.3462551488383366
3.0588602299999996 0.3457657238598409
3.060061196 0.3452984613831673
3.061262162 0.3451874440939854
3.062463128 0.34508526142742824
3.0636640940000004 0.3449935173344267
3.0648650600000003 0.34491540482194133
3.066066026 0.3452653196011371
3.067266992 0.3452234183935053
3.0684679580000003 0.34538573122829547
3.069668924 0.3455955705696923
3.07086989 0.3454716877628004
3.072070856 0.34531575969157796
3.073271822 0.3451916215639074
3.074472788 0.3450963093091905
3.0756737530000002 0.3450329733009813
3.076874719 0.3449994751904222
3.078075685 0.3449983792139548
3.0792766510000003 0.345028043424271
3.080477617 0.34521187726818375
3.081678583 0.34561301361057684
3.0828795490000003 0.3460351604553423
3.084080515 0.34647814512613284
3.085281481 0.3469347140858691
3.086482447 0.34740228829923736
3.087683413 0.34787015497548074
3.088884379 0.34833280565243185
3.090085345 0.3487843768285271
3.0912863109999997 0.3493022555948657
3.092487277 0.3497833615691436
3.0936882420000003 0.3505004831115452
3.094889208 0.35099545390232184
3.096090174 0.35127718830745264
3.09729114 0.3514610498213253
3.098492106 0.3515228478150801
3.099693072 0.3514473025720247
3.100894038 0.351085594867647
3.1020950039999997 0.35049300126909155
3.10329597 0.34968572751390553
3.104496936 0.3486412761956203
3.1056979019999997 0.3473295308075309
3.106898868 0.34571709410199186
3.108099834 0.3437818193054202
3.1093008 0.34149524603780346
3.110501766 0.33886776953779335
3.111702731 0.3358913655789373
3.112903697 0.33248514429403364
3.114104663 0.3286198258954127
3.115305629 0.3242773223374027
3.1165065949999997 0.3194498834918069
3.117707561 0.3141287166349536
3.118908527 0.3083002336447492
3.1201094929999997 0.302035160576669
3.1213104589999996 0.29575947147302967
3.1225114250000003 0.2886800791255997
3.123712391 0.28114014779616253
3.124913357 0.27317443285820364
3.126114323 0.2648209076005539
3.127315289 0.2561147547677751
3.128516255 0.24711050058221007
3.12971722 0.237864102877607
3.1309181859999997 0.22837108308035725
3.132119152 0.21873361561629465
3.133320118 0.20903396826993673
3.134521084 0.1993311818453247
3.13572205 0.18967790327171039
3.1369230160000003 0.18013000371379095
3.138123982 0.1707409419030694
3.139324948 0.16155171793745962
3.140525914 0.15262358605818516
3.14172688 0.14399465788046933
3.142927846 0.13566523220313806
3.144128812 0.12765474222051904
3.145329778 0.11998098758285639
3.146530744 0.11265844780285612
3.1477317090000003 0.10578410580707459
3.148932675 0.09920345816950593
3.150133641 0.0929453065299738
3.151334607 0.08704029092816128
3.152535573 0.08148093958667638
3.153736539 0.07625908752535004
3.154937505 0.07136262802444579
3.1561384710000002 0.06677725205883939
3.157339437 0.06249007027216132
3.158540403 0.05848560841515277
3.159741369 0.05475185677538713
3.160942335 0.0512663639418253
3.162143301 0.048019593044208796
3.163344267 0.044996642579026705
3.1645452329999997 0.04218338131897252
3.165746198 0.03956820408828202
3.166947164 0.03713580680812972
3.16814813 0.03487503427185608
3.169349096 0.032771845988092685
3.170550062 0.030824814853299475
3.171751028 0.029022734220483827
3.172951994 0.027377145520846965
3.17415296 0.025817352866970848
3.1753539259999997 0.0243623068120954
3.176554892 0.023008448505145305
3.177755858 0.02174671772188097
3.1789568239999997 0.020571131592648773
3.18015779 0.019473668025629602
3.1813587560000003 0.01844466653088679
3.182559721 0.017484885301762388
3.183760687 0.016587821632548842
3.184961653 0.015750903893499337
3.186162619 0.01496756031588488
3.187363585 0.014234880607509303
3.188564551 0.013548877547706369
3.1897655169999997 0.01290585495016196
3.190966483 0.012304247285425824
3.192167449 0.011739013579362209
3.193368415 0.011209082034467762
3.194569381 0.010710223652848244
3.1957703470000003 0.01024119200358278
3.196971313 0.009799780655273729
3.198172279 0.009394108131302537
3.1993732450000003 0.009000670814958842
3.20057421 0.008626658795057172
3.201775176 0.008273060467932565
3.202976142 0.00793805747857248
3.2041771079999997 0.007620668931712605
3.2053780740000004 0.007320167355803799
3.2065790400000003 0.007033864680982901
3.207780006 0.006762413833246949
3.208980972 0.006503627201486603
3.2101819380000003 0.006258133555968339
3.211382904 0.006023285683930238
3.21258387 0.005794125135889339
3.213784836 0.005576893782322077
3.214985802 0.005370642378742146
3.216186768 0.005173628322777238
3.217387734 0.004983736742613123
3.218588699 0.004801150631145212
3.219789665 0.004625917832559511
3.2209906310000003 0.004457777751900761
3.222191597 0.004301761046346118
3.223392563 0.004144673567525475
3.2245935290000003 0.003992995031120509
3.225794495 0.0038460986352703334
3.226995461 0.0037039294476524267
3.228196427 0.00356683906142214
3.229397393 0.003432751467952204
3.230598359 0.0033026132542324114
3.231799325 0.003175162098116468
3.2330002909999997 0.0030518419272626053
3.234201257 0.002932601537408981
3.235402223 0.002815938630962008
3.236603188 0.002702973508952211
3.237804154 0.002592266725202565
3.23900512 0.002485078173320745
3.240206086 0.002380771396979429
3.241407052 0.0022789274914849144
3.242608018 0.002180549364889395
3.2438089839999997 0.0020837151787234435
3.24500995 0.0019928507051883084
3.246210916 0.0019028365085219225
3.2474118819999997 0.0018161117987168095
3.248612848 0.0017326812608100745
3.249813814 0.0016509102419262718
3.2510147799999998 0.0015725840953416616
3.252215746 0.0014968539484347919
3.2534167120000004 0.0014249077533084892
3.254617677 0.0013563470092805671
3.255818643 0.0012895366065703447
3.257019609 0.0012258161758904827
3.2582205749999997 0.001164082706867438
3.259421541 0.0011053122384185206
3.260622507 0.0010493235399528596
3.2618234729999998 0.0009952312438724713
3.2630244389999996 0.0009436490116837036
3.2642254050000004 0.00089312074626805
3.265426371 0.0008450357335813016
3.266627337 0.0007991592998046545
3.267828303 0.0007558611869062014
3.2690292690000002 0.0007148452792915135
3.270230235 0.0006751544177072332
3.271431201 0.0006377106833030484
3.2726321659999997 0.0006022269943619473
3.273833132 0.0005685449039441481
3.275034098 0.0005374078148420206
3.2762350639999998 0.0005073981261267658
3.27743603 0.00047961658632512716
3.2786369960000004 0.0004531880145097636
3.279837962 0.00042774017980707176
3.281038928 0.00040447078967611354
3.282239894 0.00038203852284414376
3.2834408600000002 0.00036146366835107107
3.284641826 0.00034218459795276726
3.285842792 0.0003244786273004672
3.287043758 0.00030871992784113747
3.288244724 0.0002933555499937262
3.2894456890000003 0.00027977869885183995
3.290646655 0.0002668049538192251
3.291847621 0.00025432707804588057
3.2930485870000004 0.00024290567589485033
3.294249553 0.0002311999469841012
3.295450519 0.00022013238496325826
3.296651485 0.0002094425805400544
3.2978524510000002 0.0001992102556099661
3.299053417 0.0001897797813165544
3.300254383 0.00018023326236577813
3.301455349 0.00017160015071009636
3.302656315 0.00016338935341216661
3.303857281 0.00015548733115002434
3.305058247 0.0001488782308337314
3.3062592129999997 0.0001422214444255136
3.307460178 0.00013628291536314433
3.308661144 0.00013070578615684533
3.30986211 0.0001253739768354484
3.311063076 0.00012068364843423817
3.312264042 0.00011586524209294046
3.313465008 0.00011168400942743267
3.314665974 0.0001079307045283923
3.31586694 0.00010432513766482434
3.317067906 0.00010182509763002019
3.318268872 9.943059164344969e-05
3.319469838 9.718496947142874e-05
3.3206708039999997 9.504702794726616e-05
3.32187177 9.312258204274887e-05
3.323072736 9.234310100308814e-05
3.324273702 9.072011662252588e-05
3.325474667 8.842614090358034e-05
3.326675633 8.621307211233056e-05
3.327876599 8.384208613684986e-05
3.329077565 8.202233089673557e-05
3.330278531 8.008976014183683e-05
3.3314794969999997 7.759711103264736e-05
3.332680463 7.504188144246264e-05
3.333881429 7.255746959380109e-05
3.3350823949999997 7.079819311916917e-05
3.336283361 6.873867698752846e-05
3.3374843270000003 6.658673538913129e-05
3.338685293 6.490993542478589e-05
3.339886259 6.315423046003452e-05
3.3410872250000003 6.187595307654341e-05
3.342288191 6.0610110318869915e-05
3.343489156 5.859506317471309e-05
3.344690122 5.698730288689458e-05
3.3458910879999997 5.5560027378909656e-05
3.347092054 5.406108351130877e-05
3.3482930200000003 5.247685340652211e-05
3.349493986 5.068702487290712e-05
3.350694952 4.928476193511505e-05
3.3518959180000003 4.7986193361835086e-05
3.353096884 4.6941858262452864e-05
3.35429785 4.607775490383342e-05
3.355498816 4.4844157005574984e-05
3.356699782 4.360542558171847e-05
3.357900748 4.233810709909813e-05
3.359101714 4.1031647129649266e-05
3.3603026799999998 4.002668361717655e-05
3.361503645 3.9128461374710926e-05
3.3627046110000003 3.8524007116703e-05
3.363905577 3.815558123670485e-05
3.365106543 3.762201977555736e-05
3.3663075090000003 3.752443889896136e-05
3.367508475 3.798029474425886e-05
3.368709441 3.839311336241904e-05
3.369910407 3.8610786995332216e-05
3.371111373 3.845463177664257e-05
3.372312339 3.811498581658094e-05
3.373513305 3.798921889224264e-05
3.3747142709999998 3.8321608138226694e-05
3.375915237 3.8786699072812236e-05
3.377116203 3.874066744189492e-05
3.378317169 3.863751661876651e-05
3.379518134 3.9219191489406605e-05
3.3807191 4.029134590392405e-05
3.381920066 4.1262012061609516e-05
3.383121032 4.153868412523046e-05
3.384321998 4.125999296324244e-05
3.3855229639999997 4.108564458483737e-05
3.38672393 4.1151241528873425e-05
3.387924896 4.169983764748519e-05
3.3891258619999998 4.220631276539771e-05
3.390326828 4.1945664338793645e-05
3.391527794 4.1290318298773704e-05
3.39272876 4.1390843382375244e-05
3.3939297259999996 4.201317956918259e-05
3.3951306920000004 4.2770493745435344e-05
3.3963316580000003 4.329385129252101e-05
3.397532623 4.3670288472385695e-05
3.398733589 4.416968461666862e-05
3.3999345549999997 4.514267398804691e-05
3.401135521 4.6580712278748235e-05
3.402336487 4.761257083631767e-05
3.4035374529999998 4.81812351957764e-05
3.4047384189999996 4.8791558060950574e-05
3.405939385 4.983422989947401e-05
3.407140351 5.075019843942727e-05
3.408341317 5.152106811269818e-05
3.4095422830000004 5.277885288756928e-05
3.4107432490000003 5.44011518583376e-05
3.411944215 5.654403347221198e-05
3.413145181 5.894040452187347e-05
3.4143461459999997 6.08442828823404e-05
3.415547112 6.218040646654921e-05
3.416748078 6.348481738382374e-05
3.4179490439999998 6.469272449053042e-05
3.4191500099999996 6.575177464317538e-05
3.4203509760000004 6.661244688016154e-05
3.4215519420000002 6.71714371092964e-05
3.422752908 6.780348222887082e-05
3.423953874 6.885390188275949e-05
3.4251548400000003 7.048983517978447e-05
3.426355806 7.17633701543235e-05
3.427556772 7.242767755324138e-05
3.428757738 7.310425803602035e-05
3.429958704 7.37792112558889e-05
3.43115967 7.517754298381605e-05
3.432360635 7.702388059010618e-05
3.433561601 7.792284420504988e-05
3.4347625670000004 7.83382425463419e-05
3.4359635330000002 7.925302361246953e-05
3.437164499 7.998942352564581e-05
3.438365465 8.060888360387861e-05
3.4395664310000003 8.10973437015827e-05
3.440767397 8.052107864120167e-05
3.441968363 8.002653253008274e-05
3.443169329 8.021614853175008e-05
3.444370295 8.06134859805129e-05
3.445571261 8.09451704636192e-05
3.446772227 8.130963110089164e-05
3.4479731929999997 8.22786792502003e-05
3.449174159 8.3540548837429e-05
3.4503751240000002 8.410168401499406e-05
3.45157609 8.443269018819392e-05
3.452777056 8.404642152877207e-05
3.453978022 8.332335191974142e-05
3.455178988 8.32903299352537e-05
3.456379954 8.312470993073819e-05
3.45758092 8.24576593880053e-05
3.458781886 8.19773088539998e-05
3.459982852 8.142157563224102e-05
3.461183818 8.110007699061295e-05
3.4623847839999997 8.14914441848112e-05
3.46358575 8.174626281395353e-05
3.464786716 8.214432534809706e-05
3.4659876819999997 8.258615724077964e-05
3.467188648 8.236583173387856e-05
3.468389613 8.216456981841719e-05
3.469590579 8.190278055359825e-05
3.470791545 8.14358780087204e-05
3.471992511 8.144245395970609e-05
3.4731934769999997 8.12089652819044e-05
3.474394443 8.045111304582989e-05
3.475595409 7.958422493250385e-05
3.4767963749999997 7.847312105684506e-05
3.4779973409999996 7.76947033372779e-05
3.4791983070000003 7.744821177211504e-05
3.480399273 7.710514776142452e-05
3.481600239 7.682135281915024e-05
3.4828012050000003 7.644247136304423e-05
3.484002171 7.61983982740459e-05
3.485203137 7.673451245108789e-05
3.486404102 7.680587877383532e-05
3.4876050679999997 7.6302341566671e-05
3.488806034 7.583912089556991e-05
3.490007 7.459777111091308e-05
3.491207966 7.355595285523269e-05
3.492408932 7.309118986450306e-05
3.4936098980000003 7.179130830678691e-05
3.494810864 7.067543604230751e-05
3.49601183 7.035095579035874e-05
3.497212796 6.983742731061631e-05
3.498413762 6.994619324673033e-05
3.499614728 7.007332172543756e-05
3.500815694 6.898571021982387e-05
3.50201666 6.837981761608079e-05
3.503217626 6.803338719154718e-05
3.5044185910000003 6.705096463044852e-05
3.505619557 6.667546289576903e-05
3.506820523 6.621143560251686e-05
3.5080214890000003 6.585543665976256e-05
3.509222455 6.704336444735965e-05
3.510423421 6.815613963862952e-05
3.511624387 6.844169180196943e-05
3.512825353 6.894257629354441e-05
3.514026319 6.87453022096915e-05
3.515227285 6.824702998427778e-05
3.516428251 6.82005969014109e-05
3.517629217 6.692245064541143e-05
3.518830183 6.486745975152956e-05
3.520031149 6.347478727348979e-05
3.521232114 6.209257506673814e-05
3.52243308 6.108078027671187e-05
3.523634046 6.053802067807122e-05
3.524835012 5.983017634020016e-05
3.526035978 5.9720741837196704e-05
3.527236944 5.985375191805698e-05
3.52843791 5.953385076654417e-05
3.529638876 5.942912484758435e-05
3.530839842 5.8962703691188574e-05
3.532040808 5.806065887926977e-05
3.533241774 5.78763575565025e-05
3.53444274 5.746362292670817e-05
3.5356437059999997 5.635300060563651e-05
3.536844672 5.5376216735080844e-05
3.5380456380000003 5.408803472651541e-05
3.539246603 5.319243596609402e-05
3.540447569 5.3563247105904954e-05
3.5416485349999998 5.360870185703675e-05
3.542849501 5.3504803023450817e-05
3.544050467 5.39617267363371e-05
3.545251433 5.413988163243647e-05
3.5464523989999996 5.4914032338162614e-05
3.547653365 5.626604962486402e-05
3.548854331 5.637129621377824e-05
3.5500552969999997 5.612129922607036e-05
3.5512562630000004 5.611164336329602e-05
3.5524572290000003 5.5269148920875e-05
3.553658195 5.4664548197363355e-05
3.554859161 5.4482147773073574e-05
3.5560601270000003 5.387308476563164e-05
3.557261092 5.424069934778719e-05
3.558462058 5.473629000812671e-05
3.559663024 5.406630034944583e-05
3.5608639899999996 5.417293598413662e-05
3.562064956 5.485857653333763e-05
3.5632659220000003 5.5194001176529354e-05
3.564466888 5.592068757323639e-05
3.565667854 5.585070522226833e-05
3.5668688200000003 5.49708995149061e-05
3.568069786 5.553420021169275e-05
3.569270752 5.678060627198984e-05
3.570471718 5.754159818114554e-05
3.571672684 5.865362583619883e-05
3.57287365 5.903944290708825e-05
3.574074616 5.91219662373949e-05
3.575275581 6.020736304707474e-05
3.5764765470000004 6.055295505619672e-05
3.5776775130000003 6.0061969268730625e-05
3.578878479 5.998032728674151e-05
3.580079445 5.9345986808672904e-05
3.5812804110000003 5.840043066237164e-05
3.582481377 5.80095647031985e-05
3.583682343 5.7008462180584305e-05
3.584883309 5.5991225539441174e-05
3.586084275 5.598173907388375e-05
3.587285241 5.5667007454234076e-05
3.588486207 5.5056854909243355e-05
3.5896871729999997 5.490815962915139e-05
3.590888139 5.4098828616110056e-05
3.592089105 5.326090780198029e-05
3.59329007 5.348997141994959e-05
3.594491036 5.3230314981362685e-05
3.595692002 5.277823291578854e-05
3.596892968 5.319804488199153e-05
3.598093934 5.2762325460323074e-05
3.5992949 5.2201310221291e-05
3.600495866 5.299796225470493e-05
3.601696832 5.320414892364077e-05
3.602897798 5.290155752228858e-05
3.6040987639999997 5.315019724546753e-05
3.60529973 5.2465999134216016e-05
3.606500696 5.1518797322223426e-05
3.6077016619999998 5.176960535659012e-05
3.6089026279999996 5.146807969958153e-05
3.6101035940000004 5.037993822188372e-05
3.611304559 4.9829533034926995e-05
3.612505525 4.875366801776365e-05
3.613706491 4.785167742899594e-05
3.6149074569999997 4.838289637495942e-05
3.616108423 4.864251697026739e-05
3.617309389 4.8607012352436366e-05
3.6185103549999997 4.9381704931124995e-05
3.619711321 4.970498380103372e-05
3.620912287 4.982540974110571e-05
3.622113253 5.08393651020061e-05
3.623314219 5.1027422405348e-05
3.6245151850000004 5.056928056976756e-05
3.625716151 5.099186828025097e-05
3.626917117 5.067211789104278e-05
3.628118082 5.004729052798549e-05
3.6293190479999997 5.073009148577213e-05
3.630520014 5.13909190962054e-05
3.63172098 5.145537982946507e-05
3.6329219459999997 5.221022484277959e-05
3.6341229119999996 5.245884931047482e-05
3.6353238780000003 5.171333186393788e-05
3.636524844 5.217218184405456e-05
3.63772581 5.280930085691874e-05
3.638926776 5.279477494509656e-05
3.640127742 5.3797925805164214e-05
3.641328708 5.5040751124741535e-05
3.642529674 5.5845699985682954e-05
3.6437306400000002 5.779581198755052e-05
3.644931606 5.970771553781526e-05
3.646132571 6.068315109609838e-05
3.647333537 6.252766025431072e-05
3.648534503 6.431690452657589e-05
3.6497354690000003 6.49581710984068e-05
3.650936435 6.59309510367668e-05
3.652137401 6.738415320538481e-05
3.653338367 6.803192243131762e-05
3.6545393330000002 6.913092197148928e-05
3.655740299 7.067537727391383e-05
3.656941265 7.059627221180469e-05
3.658142231 7.05103250906409e-05
3.659343197 7.136284513169226e-05
3.660544163 7.148128438457451e-05
3.661745129 7.188568209917298e-05
3.6629460949999997 7.304755034046585e-05
3.66414706 7.284967174961938e-05
3.665348026 7.22708291465123e-05
3.666548992 7.236668125632057e-05
3.667749958 7.191363186441905e-05
3.6689509240000002 7.084116062164096e-05
3.67015189 7.023520100093957e-05
3.671352856 6.900203066524129e-05
3.672553822 6.738738556476726e-05
3.673754788 6.763085122082946e-05
3.674955754 6.808163097546028e-05
3.67615672 6.775698106047931e-05
3.6773576859999997 6.835264139075576e-05
3.678558652 6.896623709143469e-05
3.679759618 6.903908493992177e-05
3.680960584 6.956113406617358e-05
3.682161549 6.959011877960825e-05
3.683362515 6.861382542101175e-05
3.684563481 6.812924140403398e-05
3.685764447 6.813307688135773e-05
3.686965413 6.692864810885695e-05
3.6881663789999997 6.561682453804917e-05
3.689367345 6.505403454790293e-05
3.690568311 6.38622205049804e-05
3.6917692769999997 6.320993704997983e-05
3.6929702430000004 6.334969901502798e-05
3.6941712090000003 6.264157799538818e-05
3.695372175 6.215413256089815e-05
3.696573141 6.274343406004583e-05
3.6977741070000003 6.329846352488712e-05
3.698975073 6.373250780595274e-05
3.700176038 6.512100185193643e-05
3.701377004 6.629535270899106e-05
3.7025779699999997 6.644085874783621e-05
3.703778936 6.729596413237791e-05
3.704979902 6.758229414471518e-05
3.706180868 6.681848881665971e-05
3.707381834 6.699240547959987e-05
3.7085828000000003 6.695218703060409e-05
3.709783766 6.55987321986184e-05
3.710984732 6.423903733858483e-05
3.712185698 6.374174368089677e-05
3.713386664 6.319048174710981e-05
3.71458763 6.316706076945528e-05
3.715788596 6.399758380250793e-05
3.716989562 6.320105826087286e-05
3.7181905270000004 6.2028756112763e-05
3.7193914930000003 6.193861739337572e-05
3.720592459 6.099635000937463e-05
3.721793425 5.9165107471687366e-05
3.7229943910000003 5.769184583129278e-05
3.724195357 5.6613198545225225e-05
3.725396323 5.547471103552711e-05
3.726597289 5.545699756798046e-05
3.727798255 5.584428443220546e-05
3.728999221 5.502225955639396e-05
3.730200187 5.5185373506494106e-05
3.7314011529999997 5.588085114893617e-05
3.732602119 5.5563003239817346e-05
3.733803085 5.4905094934993945e-05
3.7350040509999998 5.451782232737074e-05
3.736205016 5.3883520088801946e-05
3.7374059820000003 5.3122514786205875e-05
3.738606948 5.385248917739536e-05
3.739807914 5.435975323706909e-05
3.74100888 5.4160839061529305e-05
3.742209846 5.47621293806949e-05
3.743410812 5.5163516233742914e-05
3.744611778 5.508514843889355e-05
3.7458127439999997 5.535713303678228e-05
3.74701371 5.5685424351345566e-05
3.748214676 5.454075463594255e-05
3.7494156419999998 5.289551182925788e-05
3.7506166079999996 5.2391574617727316e-05
3.751817574 5.1557698471061345e-05
3.753018539 5.1398129910308624e-05
3.754219505 5.20733053127365e-05
3.755420471 5.2179488744471824e-05
3.7566214369999997 5.177861057169898e-05
3.757822403 5.2192729187467336e-05
3.759023369 5.325346415676114e-05
3.7602243349999998 5.336721681975905e-05
3.761425301 5.3897493423005575e-05
3.762626267 5.3817826419478304e-05
3.7638272329999998 5.204398462426912e-05
3.765028199 5.046641375679716e-05
3.7662291650000004 4.991569905739548e-05
3.7674301310000002 4.968730394444852e-05
3.768631097 4.9259332869196634e-05
3.769832063 4.953591807370206e-05
3.7710330279999997 4.8829091690074895e-05
3.772233994 4.748449714868738e-05
3.77343496 4.785596365976346e-05
3.7746359259999998 4.890555955620658e-05
3.7758368919999996 4.9417075328973526e-05
3.7770378580000004 4.953745594970318e-05
3.778238824 4.980693184089245e-05
3.77943979 4.9380188980584726e-05
3.780640756 4.934917565583346e-05
3.7818417220000002 5.027556414076588e-05
3.783042688 5.0031756828007405e-05
3.784243654 4.905323964495581e-05
3.7854446200000003 4.832866192301568e-05
3.786645586 4.766118406085032e-05
3.787846552 4.608928635939126e-05
3.7890475169999998 4.5119662308976644e-05
3.790248483 4.4898703964052574e-05
3.7914494490000004 4.39870577816822e-05
3.792650415 4.3724327470576836e-05
3.793851381 4.4003525730004525e-05
3.795052347 4.3879549954486496e-05
3.7962533130000002 4.324611068570166e-05
3.797454279 4.383116703419695e-05
3.798655245 4.429398699890893e-05
3.799856211 4.3292200419955444e-05
3.801057177 4.289306298193449e-05
3.802258143 4.278797714155018e-05
3.803459109 4.238616490423014e-05
3.8046600749999997 4.2013985010184135e-05
3.805861041 4.254227125015206e-05
3.807062006 4.196407264369009e-05
3.808262972 4.069199531232338e-05
3.809463938 4.080444990898739e-05
3.8106649040000002 4.1012206826789026e-05
3.81186587 4.066917762282785e-05
3.813066836 4.035599516047531e-05
3.814267802 4.084364543299338e-05
3.815468768 4.028492146701821e-05
3.816669734 4.0024129554381615e-05
3.8178707 4.078364773098708e-05
3.8190716659999997 4.087523257950204e-05
3.820272632 4.025710244028918e-05
3.821473598 3.989659818753665e-05
3.8226745639999997 4.014860831115723e-05
3.8238755299999996 3.927886435122199e-05
3.825076495 3.9389558820545636e-05
3.826277461 4.032888375246195e-05
3.827478427 4.0809107673143434e-05
3.828679393 4.1000209514033706e-05
3.829880359 4.1781965076387544e-05
3.831081325 4.270102833573929e-05
3.832282291 4.243135511155238e-05
3.8334832569999997 4.296622982503437e-05
3.834684223 4.345051272162919e-05
3.835885189 4.316119159593294e-05
3.837086155 4.2687229229408004e-05
3.838287121 4.327759244271672e-05
3.8394880870000003 4.358518366943462e-05
3.840689053 4.2938009340574214e-05
3.841890019 4.291881773550856e-05
3.843090984 4.2770256094023224e-05
3.8442919499999997 4.226315193209769e-05
3.845492916 4.2020044180619e-05
3.846693882 4.2780408154595185e-05
3.8478948479999997 4.2481847990020625e-05
3.849095814 4.210483712727403e-05
3.8502967800000003 4.274995292495967e-05
3.851497746 4.365480335329174e-05
3.852698712 4.402046376091003e-05
3.8538996780000003 4.4598484455082105e-05
3.855100644 4.583377358154745e-05
3.85630161 4.620100068392489e-05
3.857502576 4.7131536068371754e-05
3.858703542 4.876249181559467e-05
3.859904507 5.030217149111953e-05
3.8611054730000003 5.0681425984890365e-05
3.862306439 5.1663843406752874e-05
3.863507405 5.276255916162859e-05
3.8647083710000003 5.2638949223446806e-05
3.865909337 5.216609501776699e-05
3.867110303 5.189451877189203e-05
3.868311269 5.152036383628356e-05
3.869512235 5.0571691379055875e-05
3.870713201 5.072754604723273e-05
3.871914167 5.055392376556082e-05
3.8731151329999998 4.949328212733147e-05
3.874316099 4.834696139601402e-05
3.875517065 4.850927823719927e-05
3.876718031 4.8519581786181514e-05
3.877918996 4.7935375141410396e-05
3.8791199620000003 4.7748280636319905e-05
3.880320928 4.738106330428129e-05
3.881521894 4.640965869352969e-05
3.88272286 4.5559000606189275e-05
3.883923826 4.5738105774087915e-05
3.885124792 4.4914972946123614e-05
3.886325758 4.36607386713765e-05
3.8875267239999998 4.2736155605863276e-05
3.88872769 4.229509751260294e-05
3.889928656 4.0918718269893355e-05
3.891129622 3.98563793414238e-05
3.8923305879999996 3.9306905631972564e-05
3.893531554 3.794368770653663e-05
3.89473252 3.608231666579569e-05
3.895933485 3.469413526880721e-05
3.897134451 3.37289346769325e-05
3.8983354169999997 3.187065006203833e-05
3.899536383 3.063823606750187e-05
3.900737349 3.0083572283659436e-05
3.9019383149999998 2.9787947092010585e-05
3.903139281 2.9117563719450493e-05
3.904340247 2.9218235364874363e-05
3.905541213 2.9373526332112884e-05
3.9067421789999996 2.9034633195105794e-05
3.9079431450000004 2.885016060809766e-05
3.9091441110000003 2.9184116778307666e-05
3.910345077 2.9100516748196743e-05
3.911546043 2.8501293870383716e-05
3.9127470090000003 2.854160431014069e-05
3.913947974 2.8866020853720556e-05
3.91514894 2.8516691030005654e-05
3.9163499059999998 2.7779411872273472e-05
3.9175508719999996 2.775069930141011e-05
3.918751838 2.7635516534310694e-05
3.9199528040000002 2.7217388710539373e-05
3.92115377 2.6644901688718372e-05
3.922354736 2.6215849152604662e-05
3.9235557020000003 2.488815847399721e-05
3.924756668 2.3782272991040987e-05
3.925957634 2.3071060302104872e-05
3.9271586000000003 2.2413706315392655e-05
3.928359566 2.0866251765571623e-05
3.929560532 1.9783426029923874e-05
3.930761498 1.943232396493889e-05
3.9319624629999996 1.902186204458182e-05
3.9331634290000004 1.892518316691693e-05
3.9343643950000002 1.9699485609029556e-05
3.935565361 2.117796504153428e-05
3.936766327 2.2131459664291353e-05
3.9379672930000003 2.3558723096664282e-05
3.939168259 2.5122758976412457e-05
3.940369225 2.6135432110871312e-05
3.941570191 2.6334065140747657e-05
3.942771157 2.6441217307312105e-05
3.943972123 2.6368025254749046e-05
3.945173089 2.5330552424750384e-05
3.946374055 2.3768846522928405e-05
3.947575021 2.3042541912310474e-05
3.948775987 2.2380182325609237e-05
3.949976952 2.1597959982042688e-05
3.951177918 2.1345561160186454e-05
3.9523788840000003 2.186343366406777e-05
3.95357985 2.190981286877413e-05
3.954780816 2.187177053464756e-05
3.955981782 2.2307208644617742e-05
3.957182748 2.2482537483510708e-05
3.958383714 2.2052499742645755e-05
3.95958468 2.177697989596323e-05
3.9607856459999997 2.183588740018299e-05
3.961986612 2.1514984231217876e-05
3.963187578 2.104629271814323e-05
3.9643885439999997 2.1009042751772786e-05
3.9655895099999996 2.112912236420808e-05
3.9667904760000003 2.087768439706851e-05
3.967991441 2.0922513462340063e-05
3.969192407 2.1960029277301937e-05
3.970393373 2.317438960096658e-05
3.971594339 2.34982759159999e-05
3.972795305 2.376051391845e-05
3.973996271 2.3986693206776785e-05
3.9751972369999997 2.414703991329928e-05
3.976398203 2.4038144625411594e-05
3.977599169 2.4166290354819898e-05
3.9788001349999997 2.3806951545265727e-05
3.980001101 2.2864803405821996e-05
3.9812020670000003 2.2128923300534625e-05
3.982403033 2.1809588573099967e-05
3.983603999 2.1374434966062763e-05
3.984804964 2.0567372094611557e-05
3.9860059299999997 1.982768274493058e-05
3.987206896 1.9516247200614292e-05
3.988407862 1.897390918929845e-05
3.9896088279999997 1.839763835423637e-05
3.9908097939999996 1.808591368024456e-05
3.9920107600000003 1.8121406068774127e-05
3.993211726 1.76647126928414e-05
3.994412692 1.741300348932092e-05
3.9956136580000003 1.7526800727828855e-05
3.996814624 1.7548824206354037e-05
3.99801559 1.6966193020493316e-05
3.999216556 1.6609617765205425e-05
4.000417522 1.667831463645821e-05
4.001618488 1.6612165180135103e-05
4.002819453 1.6750119500233714e-05
4.004020419 1.722228379189586e-05
4.005221385 1.77676416455344e-05
4.006422351 1.7716286749396415e-05
4.007623317 1.7567289329485205e-05
4.008824283 1.7908772035188548e-05
4.010025249 1.847763728839446e-05
4.011226215 1.8816432931357614e-05
4.012427181 1.933162686984104e-05
4.0136281469999995 2.0243766414317226e-05
4.014829112999999 2.1171110079931025e-05
4.016030079 2.185848244557727e-05
4.017231045 2.2624999146821064e-05
4.018432011 2.30735706058347e-05
4.0196329770000006 2.283613961571725e-05
4.020833942 2.2094310128827047e-05
4.022034908 2.1393024689844228e-05
4.023235874 2.0581331387791728e-05
4.02443684 1.9213175305121596e-05
4.025637806 1.7739898153263904e-05
4.026838772 1.6758504211227425e-05
4.028039738 1.6360949231654944e-05
4.029240704 1.6134870754392942e-05
4.03044167 1.61303758631974e-05
4.031642636 1.6325871041739944e-05
4.032843602 1.6296728592573228e-05
4.034044568 1.632208595882128e-05
4.035245534 1.672879542766689e-05
4.0364465 1.7289108095825842e-05
4.037647466 1.7403937301058555e-05
4.038848431 1.7254475585180878e-05
4.040049397000001 1.755941407684641e-05
4.0412503630000005 1.8167088701001148e-05
4.042451329 1.857565246222587e-05
4.043652295 1.8660412077704425e-05
4.044853261 1.891597698593025e-05
4.046054227 1.9242294835874404e-05
4.047255193 1.935610848988208e-05
4.048456159 1.9410344280393144e-05
4.049657125 1.941064355273118e-05
4.050858091 1.9287870337388558e-05
4.052059057 1.915072294085963e-05
4.053260023 1.9428100566382788e-05
4.054460989 2.000397877407401e-05
4.055661955 2.0437105068449527e-05
4.05686292 2.0596366563668163e-05
4.058063886 2.07581943461753e-05
4.059264852 2.083121087684367e-05
4.060465818 2.058192686978133e-05
4.061666784 2.0131135241722566e-05
4.06286775 1.976673812187281e-05
4.064068716 1.9371119353650554e-05
4.065269682 1.8628381104350926e-05
4.066470648 1.7773550994861425e-05
4.067671614 1.7084903997053647e-05
4.06887258 1.6501694063896247e-05
4.070073546 1.587377761221252e-05
4.071274512 1.541269864002813e-05
4.072475477999999 1.5349208938685338e-05
4.073676444 1.546072722354058e-05
4.074877409 1.5586007642564495e-05
4.076078375 1.5889707293423913e-05
4.077279341 1.644981567711441e-05
4.0784803069999995 1.6895013800375325e-05
4.079681273 1.6976583015035376e-05
4.080882239 1.6815279116561895e-05
4.082083205 1.6524389905687157e-05
4.083284171 1.5868252594341034e-05
4.084485137 1.500989531695884e-05
4.085686103 1.4229637360620321e-05
4.086887069 1.3745943240159424e-05
4.088088035 1.3260845313842126e-05
4.089289001 1.2765847892326703e-05
4.090489967 1.2318288917447236e-05
4.091690932 1.2062505637076277e-05
4.0928918979999995 1.195152932390927e-05
4.094092864 1.2214715014414347e-05
4.09529383 1.261223724950832e-05
4.096494796 1.311327987526418e-05
4.097695762 1.3595407081652981e-05
4.098896728 1.4492017676757123e-05
4.1000976940000005 1.5475145605504003e-05
4.10129866 1.6207777733029575e-05
4.102499626 1.6034621562235298e-05
4.103700592 1.5599318070700025e-05
4.104901558 1.512781420848187e-05
4.106102524 1.4929246675364348e-05
4.1073034900000005 1.4621604610698564e-05
4.1085044559999995 1.4350253965121392e-05
4.109705420999999 1.4151902512793876e-05
4.110906387 1.4097144101065498e-05
4.112107353000001 1.4119213017539739e-05
4.113308319 1.4144688079889684e-05
4.1145092850000005 1.4072413236476811e-05
4.115710251 1.369393980153015e-05
4.116911217 1.3416842972630286e-05
4.118112183 1.328913853784806e-05
4.119313149 1.3596785780710917e-05
4.120514115 1.4020731622664783e-05
4.1217150810000005 1.4905392265354363e-05
4.1229160469999995 1.6026183876681204e-05
4.124117013 1.75221825613368e-05
4.125317979 1.8735334635962294e-05
4.126518945 1.960490908701072e-05
4.12771991 2.0072800158915634e-05
4.1289208760000005 2.0294489075979025e-05
4.130121841999999 1.996659462872101e-05
4.131322808 1.9339064194704862e-05
4.132523774 1.8502800503316727e-05
4.13372474 1.7916714252551275e-05
4.134925706 1.732226710608925e-05
4.1361266720000005 1.664615920732006e-05
4.1373276379999995 1.576651590045152e-05
4.138528604 1.5027714331556187e-05
4.13972957 1.4614670152191523e-05
4.140930536 1.4495114848519908e-05
4.142131502 1.4635250547592311e-05
4.143332468 1.4586139423098415e-05
4.1445334339999995 1.456632123416195e-05
4.145734399 1.4528113363893462e-05
4.146935365 1.4944243795026599e-05
4.148136331 1.53246897694297e-05
4.149337297 1.573525681303823e-05
4.1505382630000005 1.5718432779183764e-05
4.1517392289999995 1.565250333239073e-05
4.152940195 1.546501496534306e-05
4.154141160999999 1.550135662297589e-05
4.155342127 1.531775803714148e-05
4.156543093 1.4950974781343449e-05
4.157744059 1.4320569213451285e-05
4.158945025 1.3713754465176801e-05
4.160145991 1.3130991822177325e-05
4.161346957 1.2590354681969092e-05
4.162547923 1.2009038793601903e-05
4.163748888 1.1285190722298016e-05
4.1649498540000005 1.0778578716161919e-05
4.1661508199999995 1.035271023878988e-05
4.167351786 1.0167273193526037e-05
4.168552751999999 9.860472824845109e-06
4.169753718 9.864615665627977e-06
4.170954684000001 9.793330581214214e-06
4.17215565 9.924081936164712e-06
4.173356616 9.890579830127156e-06
4.174557582 9.751703964455729e-06
4.175758548 9.655983585927944e-06
4.176959514 9.665395814186392e-06
4.17816048 9.707001034124577e-06
4.179361446 9.773841891560388e-06
4.1805624120000004 9.778993315061211e-06
4.181763377 9.788698393416647e-06
4.182964343 1.0188969646014502e-05
4.184165309 1.0918392835678167e-05
4.185366275000001 1.1740904047780531e-05
4.186567241 1.2426068307533101e-05
4.187768207 1.3260492324223988e-05
4.188969173 1.3755498006977028e-05
4.190170139 1.4204393451686375e-05
4.191371105 1.425710538807581e-05
4.192572071 1.4090800972644066e-05
4.193773037 1.3518075500171719e-05
4.1949740030000005 1.2753740938832625e-05
4.196174968999999 1.1856775502992789e-05
4.197375935 1.1104276113769438e-05
4.198576901 1.0878959359493192e-05
4.199777866000001 1.0837135453114364e-05
4.200978832 1.1068242264869701e-05
4.202179798 1.1247189817217736e-05
4.203380764 1.1796947758788935e-05
4.20458173 1.2061234988625772e-05
4.205782696 1.2269757726398352e-05
4.206983662 1.1932381615626024e-05
4.208184628 1.1254013116250464e-05
4.2093855940000005 1.025907849577991e-05
4.210586559999999 9.267030365183847e-06
4.211787526 8.783722192484385e-06
4.212988492 8.644445068098569e-06
4.214189458 8.858363118715915e-06
4.215390424 9.181580366219562e-06
4.216591389 1.0272059978363822e-05
4.217792354999999 1.1589649772780629e-05
4.218993321 1.301978892197782e-05
4.220194287 1.3879152813281903e-05
4.221395253 1.4228092590391673e-05
4.222596219 1.4117003581394322e-05
4.2237971850000005 1.3815908109086854e-05
4.224998150999999 1.3253857169892184e-05
4.226199117 1.2370453284051924e-05
4.227400083 1.1903271525294969e-05
4.228601049 1.1559324910887597e-05
4.229802015000001 1.1628064723847175e-05
4.231002981 1.1835437916587002e-05
4.232203947 1.2684355231894741e-05
4.233404913 1.3153903274545882e-05
4.234605878 1.3314856989656998e-05
4.235806844 1.2997675455036664e-05
4.23700781 1.2555822066944429e-05
4.2382087760000005 1.2190095466765126e-05
4.239409741999999 1.1690526919185718e-05
4.240610708 1.1314623608309496e-05
4.241811673999999 1.0930667787555214e-05
4.24301264 1.1082906168443676e-05
4.244213606000001 1.1271377580868921e-05
4.245414572 1.1501259230339987e-05
4.246615538 1.1250144607496414e-05
4.247816504 1.085007175167476e-05
4.24901747 1.0115925983159539e-05
4.250218436 9.037532575644933e-06
4.251419402000001 7.910687812602305e-06
4.2526203670000005 7.2354735517486135e-06
4.253821332999999 6.949298011055608e-06
4.255022299 6.679815226398183e-06
4.256223265 6.8323600506717544e-06
4.257424231 7.409213768440013e-06
4.258625197000001 8.149908217870982e-06
4.259826163 8.421498953687184e-06
4.261027129 8.65745792427878e-06
4.262228095 8.968934048111828e-06
4.263429061 9.374110099025544e-06
4.264630027 9.90968092217222e-06
4.265830993 1.0496764250774117e-05
4.267031959 1.153444107934811e-05
4.268232925 1.2345806481307056e-05
4.269433890999999 1.3017035085946427e-05
4.270634856 1.2958048566342893e-05
4.271835822 1.2679367804566946e-05
4.273036788000001 1.2169397292916957e-05
4.274237754 1.13850888014156e-05
4.27543872 1.0463377129363792e-05
4.276639686 9.24601397329359e-06
4.277840652 8.864741504910028e-06
4.279041618 8.714926539884036e-06
4.280242584 8.98123424097981e-06
4.28144355 9.328673593543913e-06
4.282644516 1.0149448898186493e-05
4.283845481999999 1.0960347167811741e-05
4.285046448 1.146242297059119e-05
4.286247414 1.1870887502447211e-05
4.28744838 1.2190952331006743e-05
4.288649345 1.2892208644789913e-05
4.289850311 1.3174607772093757e-05
4.291051276999999 1.3028532118881553e-05
4.292252243 1.2331688119716757e-05
4.293453209 1.171280162959534e-05
4.294654175 1.111020762225534e-05
4.295855141 1.0302996632684142e-05
4.297056107 9.827720870128123e-06
4.298257072999999 9.195392696278147e-06
4.299458039 8.607005508412942e-06
4.300659005000001 7.801591831471143e-06
4.301859971 7.559243642924461e-06
4.303060937000001 7.73856036178001e-06
4.304261903 8.111377193262177e-06
4.305462869 8.193026552265104e-06
4.306663834 7.631653742918803e-06
4.3078648 7.479178796549946e-06
4.309065766 7.611017360973845e-06
4.310266732 8.236593503274964e-06
4.311467698 8.589646610331837e-06
4.312668663999999 8.887389547813008e-06
4.31386963 9.150865202881374e-06
4.315070596 9.318841707609881e-06
4.316271562 9.282001511632667e-06
4.317472528000001 8.95572825476303e-06
4.318673494 9.068582230766748e-06
4.31987446 8.90445311661356e-06
4.321075426 8.687077813198803e-06
4.322276392 8.397368789598251e-06
4.323477357 8.22962941728165e-06
4.324678323 8.423248409816092e-06
4.325879289 8.417579474888452e-06
4.327080255 8.602849718409162e-06
4.328281221 8.748069245259205e-06
4.329482187 9.397481328159994e-06
4.330683153 9.351559279183186e-06
4.331884119000001 9.127059672903337e-06
4.333085085 9.055425926434242e-06
4.334286051 9.147111406668652e-06
4.335487017 9.440942143217692e-06
4.336687983 9.137688146851779e-06
4.337888949 8.714809873898913e-06
4.339089915 8.157860860585609e-06
4.340290881 8.341288433586657e-06
4.341491846 8.284348749412308e-06
4.342692812 7.860029834328844e-06
4.343893778 7.579597269876616e-06
4.345094744 7.463369413247745e-06
4.346295710000001 7.535366384908944e-06
4.347496676 7.45249438362356e-06
4.348697642 7.510357891639597e-06
4.349898608 7.742671469936158e-06
4.351099574 8.191666753401243e-06
4.35230054 8.503214563956495e-06
4.353501506 8.60362579112592e-06
4.354702472 9.16381467536478e-06
4.355903438 9.99872067351571e-06
4.357104403999999 1.0822491320663262e-05
4.35830537 1.1593644115776198e-05
4.359506335 1.2416289234289435e-05
4.360707301000001 1.3447768040206271e-05
4.361908267 1.40745402656049e-05
4.363109233 1.4301258549783268e-05
4.364310198999999 1.4089704610240238e-05
4.365511165 1.4079140428069572e-05
4.366712131 1.392415635911015e-05
4.367913097 1.327442044232648e-05
4.369114063 1.2160239687892757e-05
4.370315029 1.0790422680951998e-05
4.371515994999999 1.0102523826151049e-05
4.372716961 9.354741022492002e-06
4.373917927000001 8.636394020554221e-06
4.375118893 8.017231366041614e-06
4.3763198590000005 7.91307486535002e-06
4.377520824 8.286139272811001e-06
4.378721789999999 8.667619334666771e-06
4.379922756 9.047415849377577e-06
4.381123722 9.579255861611675e-06
4.382324688 1.0320042130337506e-05
4.383525654 1.0385206574120273e-05
4.38472662 1.0000563479721971e-05
4.385927586 9.632343192001329e-06
4.387128552 9.331257485087303e-06
4.388329518 9.322181347888446e-06
4.389530484 9.305381781502552e-06
4.3907314500000005 9.145489651085149e-06
4.3919324159999995 9.499313429808061e-06
4.393133382 1.0462323839679145e-05
4.394334348 1.1324691426599305e-05
4.395535313 1.1558266246559273e-05
4.396736279 1.186906190815387e-05
4.3979372450000005 1.2639374929962182e-05
4.399138211 1.3620142848276773e-05
4.400339177 1.4483018453349383e-05
4.401540143 1.486249528037426e-05
4.402741109 1.5331418519322754e-05
4.403942075 1.524280799151673e-05
4.4051430410000005 1.5290479706129516e-05
4.4063440069999995 1.5258258770420866e-05
4.407544973 1.4948362976130294e-05
4.408745939 1.5475993750101116e-05
4.409946905 1.5541059409039407e-05
4.411147871 1.518442400627021e-05
4.412348837 1.4562626497466212e-05
4.413549802 1.4695687290318528e-05
4.414750768 1.4873060958350148e-05
4.415951734 1.4486194763388815e-05
4.4171527 1.374669258817288e-05
4.418353666 1.2164063512738353e-05
4.4195546320000005 1.1327990372824887e-05
4.4207555979999995 1.0920171870719978e-05
4.421956564 1.0498592210802732e-05
4.42315753 1.0170656825650467e-05
4.424358496 1.004260317882354e-05
4.425559462 1.037985063865834e-05
4.426760428 1.0635040207695162e-05
4.4279613939999996 1.0712901133527465e-05
4.42916236 1.0670988129079226e-05
4.430363325999999 1.0781194887370967e-05
4.431564291 1.1226908344510486e-05
4.432765257 1.1079201913008642e-05
4.4339662230000005 1.0827769342518508e-05
4.4351671889999995 1.0802202430204292e-05
4.436368155 1.1085485170440695e-05
4.437569121 1.1549935027264166e-05
4.438770087 1.1871109167209093e-05
4.439971053 1.2152325447192451e-05
4.441172019 1.26220728791915e-05
4.4423729849999996 1.3255404847767255e-05
4.443573951 1.3661726493359628e-05
4.444774917 1.361736949364141e-05
4.445975883 1.3529092512311427e-05
4.447176849000001 1.3422727355055752e-05
4.4483778140000005 1.3234870850089095e-05
4.4495787799999995 1.2833391130474452e-05
4.450779746 1.2063644048455575e-05
4.451980711999999 1.1761415482348224e-05
4.453181678 1.1355594165382758e-05
4.454382644 1.0982089292944223e-05
4.45558361 1.0430339233430641e-05
4.456784576 9.824698094781778e-06
4.457985542 9.617253662298428e-06
4.459186508 9.51229325041742e-06
4.460387474 9.352773708454145e-06
4.461588440000001 9.119442328804817e-06
4.462789406 9.263565479494543e-06
4.4639903720000005 9.520180749904217e-06
4.4651913379999995 9.522952872947799e-06
4.466392302999999 9.518731379355124e-06
4.467593269 9.633172549781332e-06
4.468794235000001 9.887451300375636e-06
4.469995201 1.0127941078929361e-05
4.471196167 1.0111147273837743e-05
4.472397133 1.0202323341907919e-05
4.473598099 1.0819015438366303e-05
4.474799065 1.1905656632757301e-05
4.476000031 1.2864351892833472e-05
4.477200997 1.3063125727577719e-05
4.4784019630000005 1.3273091140294249e-05
4.4796029289999995 1.3895840985674681e-05
4.480803895 1.4620385228974126e-05
4.482004861 1.5029669456509863e-05
4.483205827 1.4660422657112642e-05
4.484406792 1.4655320239890757e-05
4.4856077580000004 1.5225059907984744e-05
4.486808724 1.6136896821342123e-05
4.48800969 1.6794411366135687e-05
4.489210656 1.7100069776664246e-05
4.490411622 1.791075496420093e-05
4.491612588 1.8803176167241086e-05
4.4928135540000005 1.93609589386058e-05
4.4940145199999995 1.884426614453146e-05
4.495215486 1.7653653903459075e-05
4.496416452 1.6967394463755885e-05
4.497617418 1.6553164895444242e-05
4.498818384 1.6267611867134784e-05
4.50001935 1.553559784881478e-05
4.5012203159999995 1.4885714128000214e-05
4.502421281 1.4774153547166141e-05
4.503622247 1.5000515130079608e-05
4.504823213 1.523281379426736e-05
4.506024179 1.4980378295407934e-05
4.5072251450000005 1.4641765886376979e-05
4.5084261109999995 1.433401940697432e-05
4.509627077 1.39367653036437e-05
4.510828043 1.3535764290176262e-05
4.512029009 1.3382260455793079e-05
4.513229975 1.3645592576985862e-05
4.514430941 1.4279143945635337e-05
4.515631907 1.4602968364272504e-05
4.516832873 1.4806450992154014e-05
4.518033839 1.5420442428867896e-05
4.519234805 1.6525952478091294e-05
4.52043577 1.7837372998978064e-05
4.5216367360000005 1.8410909612254725e-05
4.5228377019999995 1.8764103274409192e-05
4.524038668 1.919345278750272e-05
4.525239633999999 2.0092932086938e-05
4.5264406 2.1131795539012007e-05
4.527641566000001 2.11699673470626e-05
4.528842532 2.0613752835719692e-05
4.530043498 1.9890251936877306e-05
4.531244464 1.983976316527476e-05
4.53244543 1.9724992364698326e-05
4.533646396 1.906149574374371e-05
4.534847362000001 1.8182192726439103e-05
4.536048328 1.740456488688918e-05
4.537249294 1.700024175725407e-05
4.538450259 1.6679209662151316e-05
4.539651224999999 1.637871738754625e-05
4.540852191 1.6141583360811887e-05
4.542053157000001 1.652476550335781e-05
4.543254123 1.7085995226798647e-05
4.544455089 1.748927909786608e-05
4.545656055 1.7660476371898346e-05
4.546857021 1.8133372491013427e-05
4.548057987 1.9178141019579543e-05
4.549258953 2.001460023843878e-05
4.550459919 2.0428522414245613e-05
4.551660885 2.046992632522389e-05
4.552861850999999 2.097766333058714e-05
4.554062817 2.2212492423771365e-05
4.555263782 2.326310791102553e-05
4.556464748000001 2.3859114159809904e-05
4.557665714 2.400399180184073e-05
4.55886668 2.430965266686051e-05
4.560067646 2.4848648760593153e-05
4.561268612 2.4339915081650833e-05
4.562469578 2.3332515647594227e-05
4.563670544 2.1815688978099243e-05
4.56487151 2.0575516304674743e-05
4.566072476 1.976978333378311e-05
4.567273441999999 1.906796402123953e-05
4.568474408 1.82890324680176e-05
4.569675374 1.7484314809461875e-05
4.57087634 1.7374695942572058e-05
4.572077306 1.7131294446010226e-05
4.573278271 1.67385303820313e-05
4.574479236999999 1.6334730363834048e-05
4.575680203 1.6590837005562867e-05
4.576881169 1.7554729671101466e-05
4.578082135 1.866834609478353e-05
4.579283101 1.9264778528688278e-05
4.580484067 1.9511174016060208e-05
4.581685032999999 2.0080926013314796e-05
4.582885999 2.0563218537517573e-05
4.584086965 2.0650101044158213e-05
4.585287931 1.9622547646614702e-05
4.586488897000001 1.766483493845229e-05
4.587689863 1.582175011421299e-05
4.588890829 1.5059706296137574e-05
4.590091795 1.4939125362038027e-05
4.59129276 1.4997362815927403e-05
4.592493726 1.5496247567403672e-05
4.593694692 1.670657621287503e-05
4.594895658 1.8407129280517286e-05
4.596096623999999 1.9738125042422637e-05
4.59729759 2.0644608644184336e-05
4.598498555999999 2.0934568561499096e-05
4.599699522 2.144211636423614e-05
4.600900488000001 2.218948395409145e-05
4.602101454 2.230733599348544e-05
4.60330242 2.192612148275519e-05
4.604503386 2.1374577913052397e-05
4.605704352 2.151902987978005e-05
4.606905318 2.2163371527465864e-05
4.608106284000001 2.2402138579334728e-05
4.609307249 2.2036581591863533e-05
4.610508214999999 2.129382139757221e-05
4.611709181 2.0971658139250265e-05
4.612910147 2.0849388719608785e-05
4.614111113 2.021901008329415e-05
4.615312079000001 1.916143717570831e-05
4.616513045 1.8071089523586125e-05
4.617714011 1.7673152551974022e-05
4.618914977 1.778991409168339e-05
4.620115943 1.7879494747733632e-05
4.621316909 1.7851853420640176e-05
4.622517875 1.819892860928493e-05
4.623718841 1.9374994133371657e-05
4.624919807 2.0701272973615033e-05
4.626120772999999 2.1413727702708147e-05
4.627321738 2.1416893004507922e-05
4.628522704 2.124382962890725e-05
4.629723670000001 2.1320110175116855e-05
4.630924636 2.1343594921804954e-05
4.632125602 2.0817571519367914e-05
4.633326568 1.9832512730337414e-05
4.634527534 1.923889513398778e-05
4.6357285 1.9636808633763465e-05
4.636929466 2.054799213166228e-05
4.638130432 2.1413330617043183e-05
4.639331398 2.1987648836496983e-05
4.640532363999999 2.2778693957884542e-05
4.64173333 2.394176518366106e-05
4.642934296 2.4933604099440183e-05
4.644135262 2.5209152472820247e-05
4.645336227 2.492872344692076e-05
4.646537193 2.475632136127677e-05
4.647738159 2.5216472789453895e-05
4.648939125 2.6008343298814715e-05
4.650140091 2.6624934110812566e-05
4.651341057 2.7028831865803735e-05
4.652542023 2.777442339441462e-05
4.653742989 2.911860112807359e-05
4.654943954999999 3.0416663475083455e-05
4.656144921 3.111186726730101e-05
4.657345887 3.0971739845365004e-05
4.658546853 3.0525126094872204e-05
4.659747819000001 3.0175516711923664e-05
4.6609487849999995 2.9794969418678286e-05
4.662149751 2.8900622956179674e-05
4.663350716 2.7605778100964795e-05
4.664551682 2.6449922697243715e-05
4.665752648 2.5817465928421767e-05
4.666953614 2.5466631116669572e-05
4.66815458 2.499872702471595e-05
4.669355545999999 2.4418741528381957e-05
4.670556512 2.4307717316718352e-05
4.671757478000001 2.502193507240788e-05
4.672958444 2.5997950553525698e-05
4.674159410000001 2.671292876082037e-05
4.6753603759999995 2.7093282587350085e-05
4.676561342 2.7553629846446817e-05
4.677762308 2.8416465524486127e-05
4.678963274 2.892299592321119e-05
4.680164239 2.8545585569689704e-05
4.681365205 2.733674224018992e-05
4.682566171 2.6099863683397636e-05
4.683767137 2.544391796206837e-05
4.684968103 2.499332473378624e-05
4.686169069 2.4204767797370286e-05
4.687370035 2.288022863268849e-05
4.688571001000001 2.1998033328770928e-05
4.6897719669999995 2.2140185457322905e-05
4.690972933 2.3132301538803043e-05
4.692173899 2.411366168020356e-05
4.693374865 2.4531735241279602e-05
4.694575831 2.4836356720569293e-05
4.695776797000001 2.5481516241017303e-05
4.696977763 2.653712939685459e-05
4.698178728 2.7366167503509373e-05
4.699379694 2.751727748456237e-05
4.70058066 2.7500383535470755e-05
4.701781626 2.7841712299905694e-05
4.702982592000001 2.8975946135996514e-05
4.7041835579999995 2.9938022409679527e-05
4.705384524 3.044419379152404e-05
4.70658549 3.0764218420035204e-05
4.707786456 3.139108949938576e-05
4.708987422 3.223635171076418e-05
4.710188388 3.275655155326104e-05
4.711389354 3.2496054135406724e-05
4.71259032 3.152380822166566e-05
4.713791285999999 3.099645145794647e-05
4.714992252 3.0890601029319735e-05
4.716193217 3.093994298623567e-05
4.717394183000001 3.068691801252519e-05
4.7185951489999995 3.0212530137548797e-05
4.719796115 3.0160270550687945e-05
4.720997081 3.061475855432044e-05
4.722198047 3.09839717761753e-05
4.723399013 3.066129530983046e-05
4.724599979 2.961911456524147e-05
4.725800945 2.8552459045413288e-05
4.727001911 2.7927127553415095e-05
4.728202876999999 2.730335173396701e-05
4.729403843 2.6297471761513537e-05
4.730604809000001 2.4979001370785195e-05
4.731805775 2.3875104494368485e-05
4.7330067410000005 2.3731684901663325e-05
4.734207706 2.4352348030490854e-05
4.735408671999999 2.5016798854546362e-05
4.736609638 2.5647153407202452e-05
4.737810604 2.6585734182594518e-05
4.73901157 2.815080275554477e-05
4.740212536 3.0171077105236746e-05
4.741413502 3.163610719893132e-05
4.742614468 3.212687439523039e-05
4.743815434 3.183546532435924e-05
4.745016400000001 3.131409633715456e-05
4.746217366 3.088655378460596e-05
4.7474183320000005 2.98049002066776e-05
4.7486192979999995 2.7990402749844195e-05
4.749820264 2.6109985621437924e-05
4.75102123 2.4926612255467467e-05
4.752222195 2.4840629475497805e-05
4.753423161 2.5558347664645877e-05
4.7546241270000005 2.6168050709521293e-05
4.755825093 2.641647962287391e-05
4.757026059 2.7025396472087135e-05
4.758227025 2.791904464481371e-05
4.759427991 2.892552324263764e-05
4.760628957 2.9142403927642625e-05
4.7618299230000005 2.8610821126717594e-05
4.7630308889999995 2.8195453316526817e-05
4.764231855 2.8369970003375273e-05
4.765432821 2.9067822185071617e-05
4.766633787 2.979867745566843e-05
4.767834753 3.0063460351968324e-05
4.769035719000001 2.9972933724333824e-05
4.770236684 3.0441042034559615e-05
4.77143765 3.1278203744402644e-05
4.772638616 3.195800181349823e-05
4.773839582 3.211853173140772e-05
4.775040548 3.180929985580887e-05
4.7762415140000005 3.1701806434146024e-05
4.7774424799999995 3.201075143860504e-05
4.778643446 3.219564558054777e-05
4.779844412 3.2039153973061564e-05
4.781045378 3.1349414536794025e-05
4.782246344 3.056768242546087e-05
4.78344731 3.0230364032072184e-05
4.7846482759999995 2.9914111142584487e-05
4.785849242 2.9352738826376407e-05
4.787050207 2.84411961199073e-05
4.788251173 2.75397305070664e-05
4.789452139 2.713086436055406e-05
4.7906531050000005 2.707151493917616e-05
4.7918540709999995 2.656280664349548e-05
4.793055037 2.5521332090983654e-05
4.794256003 2.436398277444858e-05
4.795456969 2.3510739471914417e-05
4.796657935 2.3476348509148224e-05
4.797858901 2.3661849284103373e-05
4.7990598669999995 2.3575569705998435e-05
4.800260833 2.337424192427054e-05
4.801461799 2.3453179576013175e-05
4.802662765 2.4033311430643266e-05
4.803863731000001 2.5317037041127064e-05
4.8050646960000005 2.6179602568449254e-05
4.8062656619999995 2.6483712209798638e-05
4.807466628 2.6917947229956493e-05
4.808667593999999 2.7666016768677314e-05
4.80986856 2.8748910685177747e-05
4.811069526 2.9554146343490144e-05
4.812270492 2.9698467408299015e-05
4.813471458 2.9169421987015133e-05
4.814672424 2.8802110263095817e-05
4.81587339 2.8569050126630976e-05
4.817074356 2.8646557314518197e-05
4.818275322000001 2.7960680402564812e-05
4.819476288 2.676746556320778e-05
4.8206772540000005 2.6054336851277742e-05
4.821878219999999 2.5819533438344794e-05
4.823079184999999 2.5630997844696763e-05
4.824280151 2.5202541577981456e-05
4.825481117000001 2.4320128081182488e-05
4.826682083 2.302219983718952e-05
4.827883049 2.262995791875369e-05
4.829084015 2.267942371948526e-05
4.830284981 2.2677996475213833e-05
4.831485947 2.2383401812012725e-05
4.832686913 2.1961876825040443e-05
4.833887879 2.2209057902057325e-05
4.8350888450000005 2.3517614417720615e-05
4.836289810999999 2.4930830613291238e-05
4.837490777 2.609759594352364e-05
4.838691743 2.6953234180180572e-05
4.839892709 2.7762684412331584e-05
4.841093674 2.919881717861982e-05
4.84229464 3.0629447619467155e-05
4.843495606 3.120138141945679e-05
4.844696572 3.0479952125515366e-05
4.845897538 2.903711795403409e-05
4.847098504 2.7400751064901314e-05
4.84829947 2.6038459116776254e-05
4.8495004360000005 2.438731702437887e-05
4.850701401999999 2.20167717388113e-05
4.851902368 1.9650450785765686e-05
4.853103334 1.758828604846968e-05
4.8543043 1.6615298454424517e-05
4.855505266 1.6765486053564665e-05
4.8567062320000005 1.710538406845888e-05
4.8579071979999995 1.7436993603868996e-05
4.859108163 1.817068422950698e-05
4.860309129 1.9441167860048722e-05
4.861510095 2.1383411449260755e-05
4.862711061 2.3760856867743643e-05
4.8639120270000005 2.5543722474064436e-05
4.865112992999999 2.673170725771493e-05
4.866313959 2.7881933444609917e-05
4.867514925 2.9231867176599227e-05
4.868715891 3.084591515166922e-05
4.869916857 3.200598302192348e-05
4.871117823 3.236372069701242e-05
4.8723187889999995 3.236773403707928e-05
4.873519755 3.246735205443779e-05
4.874720721 3.242015078852826e-05
4.875921687 3.214012390225272e-05
4.877122652 3.095636708437765e-05
4.8783236180000005 2.8938259662942217e-05
4.879524583999999 2.7433461977144788e-05
4.88072555 2.66715180596182e-05
4.881926516 2.6051019164585915e-05
4.883127482 2.5301912887166814e-05
4.884328448 2.4146510428054463e-05
4.885529414 2.2902128553984974e-05
4.88673038 2.246252399107563e-05
4.887931346 2.2575456599432366e-05
4.889132312 2.2545023297472162e-05
4.890333278 2.212724789178461e-05
4.891534244000001 2.1485638427743463e-05
4.89273521 2.098611548752763e-05
4.8939361749999994 2.1180665440867574e-05
4.895137141 2.1498854524984515e-05
4.896338106999999 2.1375907644380202e-05
4.897539073 2.0864827547704444e-05
4.898740039000001 2.0011854289366433e-05
4.899941005 1.9338196013596308e-05
4.901141971 1.9200997635607435e-05
4.902342937 1.8959147821561347e-05
4.903543903 1.8397165163472295e-05
4.904744869 1.7703755102363378e-05
4.905945835000001 1.7077275889899613e-05
4.907146801 1.7010686525252823e-05
4.908347767 1.757224183100969e-05
4.909548732999999 1.8091716923025574e-05
4.910749699 1.839812916244026e-05
4.911950664 1.9016053567279145e-05
4.913151630000001 2.0067467749065357e-05
4.914352596 2.1613303305762336e-05
4.915553562 2.3672408441972114e-05
4.916754528 2.487231296151703e-05
4.917955494 2.5309161613197998e-05
4.91915646 2.5603537836541273e-05
4.920357426 2.5861710464910914e-05
4.921558392 2.6267682149245135e-05
4.922759358 2.649289247338736e-05
4.923960323999999 2.6007144254492114e-05
4.92516129 2.4979295018024952e-05
4.926362256 2.444243404437394e-05
4.927563222 2.425148248429924e-05
4.928764188 2.415305788861579e-05
4.929965153 2.3774448637608515e-05
4.931166119 2.294094512715138e-05
4.932367085 2.2178173230097655e-05
4.933568051 2.2180064069200836e-05
4.934769017 2.2575509133841366e-05
4.935969983 2.3069500852269877e-05
4.937170949 2.33478061699853e-05
4.938371914999999 2.3224280309418516e-05
4.939572881 2.3241291558355106e-05
4.940773847 2.3506153253606513e-05
4.941974813 2.370349865238338e-05
4.943175779 2.354954010695362e-05
4.944376745 2.2986833141310532e-05
4.945577711 2.20985527435459e-05
4.946778677 2.1497351357654632e-05
4.947979642 2.1417189188071684e-05
4.949180608 2.1442311202956246e-05
4.950381574 2.1520426585704353e-05
4.95158254 2.1578756827106704e-05
4.952783505999999 2.1608679289532095e-05
4.953984472 2.2162250749870123e-05
4.955185438 2.3368930289375198e-05
4.956386404 2.405212946862517e-05
4.957587370000001 2.4136966878679596e-05
4.958788336 2.3363492892767216e-05
4.959989302 2.2089031778583062e-05
4.961190268 2.0799837657803207e-05
4.962391234 1.9619218535130154e-05
4.9635922 1.7888815117411145e-05
4.964793166000001 1.5564714982885382e-05
4.965994131 1.3682620571610984e-05
4.967195096999999 1.224974110136661e-05
4.968396063 1.1865967481990171e-05
4.969597029 1.222902517655641e-05
4.970797995 1.2463340319209353e-05
4.971998961000001 1.2538001044725424e-05
4.973199927 1.287019506032474e-05
4.974400893 1.3424112840452337e-05
4.975601859 1.4111520322694435e-05
4.976802825 1.4896140363366171e-05
4.978003791 1.5255895758265921e-05
4.979204757000001 1.5076602163541058e-05
4.980405723 1.530859106544741e-05
4.981606689 1.5987809867940733e-05
4.982807654999999 1.6885740873001225e-05
4.98400862 1.7926838358243996e-05
4.985209586 1.8276929685398797e-05
4.986410552000001 1.805152551409017e-05
4.987611518 1.7668504301997176e-05
4.988812484 1.7229509647775625e-05
4.99001345 1.6521464353392014e-05
4.991214416 1.5499869021822566e-05
4.992415382 1.415448092010835e-05
4.993616348 1.2535971972790522e-05
4.994817314 1.1475798754643634e-05
4.99601828 1.130983712189431e-05
4.997219245999999 1.135662691033752e-05
4.998420212 1.1476737415443854e-05
4.999621178 1.136345968659945e-05
5.000822144 1.1147538501902285e-05
5.002023109 1.1433652848794307e-05
5.003224075 1.2385132412337203e-05
5.004425041 1.3315124618052131e-05
5.005626007 1.3775106798458895e-05
5.006826973 1.3826105309952196e-05
5.008027939 1.374576974006265e-05
5.009228905 1.3890776535381825e-05
5.010429871 1.4183524632556646e-05
5.011630836999999 1.4108580659281133e-05
5.012831803 1.3491481292302873e-05
5.014032769 1.3006330517617951e-05
5.015233735 1.2676761007709562e-05
5.0164347010000006 1.3171707245139177e-05
5.0176356669999995 1.4299594623562083e-05
5.018836631999999 1.5091097334499432e-05
5.020037598 1.5649553240993238e-05
5.021238564 1.6046840365052257e-05
5.02243953 1.6318688865592463e-05
5.023640496 1.6503006184441933e-05
5.024841462 1.6658291028860142e-05
5.026042427999999 1.6388593405548992e-05
5.027243394 1.554780023708197e-05
5.028444360000001 1.4944848452728412e-05
5.029645326 1.4405808129212005e-05
5.0308462920000006 1.3975101088817316e-05
5.0320472579999995 1.3632271419390473e-05
5.033248224 1.2976575833487019e-05
5.03444919 1.2008392980231748e-05
5.035650156 1.1106391995902065e-05
5.036851121 1.0398119892483644e-05
5.038052087 9.920901013042155e-06
5.039253053 9.709375181441e-06
5.040454019 9.587327796665923e-06
5.041654985 9.456352411453019e-06
5.042855951 9.61262966090657e-06
5.044056917 1.0011494231614074e-05
5.0452578830000006 1.0480820413223745e-05
5.0464588489999995 1.0988842404771332e-05
5.047659815 1.1675946413815638e-05
5.048860781 1.2152846090092961e-05
5.050061747 1.268154259814596e-05
5.051262713 1.3595534756116993e-05
5.052463679000001 1.4755995511569464e-05
5.053664645 1.583933311445636e-05
5.05486561 1.6650414790292582e-05
5.056066576 1.69209062164071e-05
5.057267542 1.6721792342209467e-05
5.058468508 1.6686051900053275e-05
5.0596694740000006 1.664228744670484e-05
5.0608704399999995 1.6178607888487838e-05
5.062071406 1.5290904193730723e-05
5.063272372 1.4195036005958256e-05
5.064473338 1.3267204715716789e-05
5.065674304 1.2995606131233243e-05
5.06687527 1.3209971212271484e-05
5.068076236 1.3262121435316837e-05
5.069277202 1.31746101049414e-05
5.070478167999999 1.2927021309648487e-05
5.071679134 1.2683668253618547e-05
5.072880099 1.2738941150673105e-05
5.074081065000001 1.305392053410231e-05
5.0752820309999995 1.307131306114372e-05
5.076482997 1.2716894667273234e-05
5.077683963 1.2290654184385735e-05
5.078884929 1.1765069797475723e-05
5.080085895 1.1485477144801708e-05
5.081286861 1.1485144185049819e-05
5.082487827 1.147346583046456e-05
5.083688793 1.1294140268099775e-05
5.084889758999999 1.1256634904198198e-05
5.086090725 1.1316396298357762e-05
5.087291691000001 1.1546495743990542e-05
5.088492657 1.2004367698025945e-05
5.0896936230000005 1.2555521109477961e-05
5.090894588 1.2836889937180103e-05
5.092095554 1.2972937915646093e-05
5.09329652 1.3113596001428902e-05
5.094497486 1.3275599289287655e-05
5.095698452 1.3563622018857125e-05
5.096899418 1.3954291849155746e-05
5.098100384 1.3949090425793508e-05
5.099301349999999 1.360120957263492e-05
