Wavelength_microns Throughput
2.0004663860000003 1.4633772198364294e-10
2.002074478 1.2073858923220484e-10
2.00368257 1.0548925899474511e-10
2.005290662 1.0921370629708008e-10
2.006898754 9.806387294282109e-11
2.008506846 6.423050355149272e-11
2.010114938 5.425989862574861e-11
2.01172303 6.948946767843687e-11
2.013331122 6.318091530680817e-11
2.014939214 3.656862241659275e-11
2.016547306 3.1115556278988994e-11
2.018155398 4.05975343044602e-11
2.01976349 3.647233404461855e-11
2.021371582 2.4298093991303628e-11
2.022979674 2.006333778079354e-11
2.0245877660000002 1.9108146034730333e-11
2.026195858 2.093294719203149e-11
2.027803949 2.4908324547723168e-11
2.029412041 8.736603972523544e-12
2.031020133 2.495671460225103e-12
2.032628225 3.777142588092353e-12
2.034236317 1.4385752270470753e-11
2.035844409 9.908629811709846e-13
2.037452501 8.125093552646365e-15
2.039060593 4.529069874993742e-14
2.040668685 4.6407740649405465e-12
2.042276777 4.104823373916377e-12
2.0438848689999998 1.2611203525148972e-12
2.045492961 1.6201408988115972e-12
2.047101053 4.706572159554037e-12
2.0487091449999997 1.0048782531726858e-11
2.0503172370000002 1.2861218677882268e-11
2.0519253290000004 3.825785439214442e-12
2.053533421 1.2315521761232874e-12
2.055141513 1.996243396710297e-12
2.056749605 1.0041490659070421e-11
2.058357697 1.6623957034125623e-12
2.059965788 1.8321640943771275e-14
2.06157388 4.138257040527531e-14
2.0631819719999998 3.855980523508381e-12
2.064790064 2.7019515644180015e-12
2.066398156 3.379363456112848e-14
2.068006248 3.206190711713558e-14
2.06961434 2.2487130552102036e-12
2.071222432 2.1774450085835834e-11
2.072830524 1.844334662857751e-11
2.074438616 3.823838182823047e-12
2.076046708 8.69774879249211e-14
2.0776548 2.8583688363753137e-14
2.079262892 2.697385292039848e-12
2.080870984 2.8462313529124004e-11
2.0824790760000003 3.8210747201398435e-13
2.084087168 2.3110912196600355e-14
2.08569526 2.304872824282668e-12
2.0873033519999997 1.1185650023775818e-10
2.088911444 1.4790024938202014e-12
2.090519536 1.9836805851039687e-14
2.092127627 1.2943370602962364e-12
2.0937357189999997 9.476116642018868e-11
2.0953438110000002 4.138549625729594e-11
2.0969519030000003 1.5787450394033123e-11
2.098559995 2.836384939183104e-12
2.100168087 3.1931175395324113e-12
2.101776179 1.4168860798016744e-11
2.103384271 1.3891978080500196e-10
2.104992363 6.0516084199306e-11
2.1066004549999997 1.041007383916515e-12
2.1082085470000003 6.512365346172581e-13
2.109816639 5.94520029387276e-11
2.111424731 4.440027495952552e-10
2.113032823 6.138401693679018e-12
2.114640915 2.802095520740415e-13
2.116249007 1.9265411834688232e-11
2.1178570989999996 1.291300768705948e-09
2.1194651909999997 2.1227094225998613e-11
2.1210732830000003 3.3017692965762937e-13
2.122681375 2.3865201476326708e-12
2.124289466 8.631195699350532e-11
2.125897558 3.7984544960928804e-10
2.1275056500000002 6.304809124557319e-10
2.129113742 1.2066034051784098e-10
2.130721834 2.0994407268809047e-12
2.1323299259999997 5.706668342873683e-13
2.133938018 4.0596289889028284e-11
2.1355461100000004 8.351956619344299e-10
2.137154202 1.1254235081820508e-11
2.138762294 1.5402330296459888e-13
2.140370386 7.131775385342292e-12
2.141978478 4.900483780485035e-10
2.14358657 5.57212707672829e-11
2.1451946619999998 8.067885812817141e-13
2.146802754 9.402883044058804e-13
2.1484108460000004 4.2868703228945516e-11
2.150018938 5.537636210102853e-10
2.15162703 5.30802763161666e-10
2.153235122 4.0573129514227634e-10
2.154843214 7.831683733577974e-11
2.156451305 1.9926501302129272e-11
2.158059397 7.736442517995307e-11
2.159667489 5.994787830321545e-10
2.161275581 1.0181848998566922e-10
2.1628836729999996 1.5406512257134613e-12
2.164491765 7.599330977430873e-13
2.1660998570000003 5.434533542557273e-11
2.167707949 9.97178074955266e-10
2.169316041 1.4726317788123193e-11
2.170924133 2.20680815634674e-13
2.172532225 5.676687798083182e-12
2.174140317 3.2951547527748117e-10
2.1757484089999997 1.1249422174465416e-09
2.177356501 7.822566548034693e-10
2.1789645930000003 4.3259503744046027e-10
2.180572685 2.6912902856101345e-10
2.182180777 2.12941809805974e-10
2.183788869 4.711889493410619e-10
2.185396961 1.563296172466169e-09
2.187005053 9.774163171896885e-11
2.1886131449999997 1.7529520842309082e-12
2.1902212359999997 1.9524939783249342e-12
2.191829328 1.3293062811992563e-10
2.1934374200000004 1.7777629107053785e-09
2.195045512 2.975797153658089e-11
2.196653604 5.092256083229382e-13
2.198261696 1.1389235945201599e-11
2.199869788 6.608592901418172e-10
2.20147788 1.7586296391097893e-09
2.203085972 9.907941838197704e-10
2.204694064 7.324820949259695e-10
2.206302156 8.43063718360515e-10
2.207910248 9.763833509160625e-10
2.2095183400000002 1.5801595975344485e-09
2.211126432 3.354594158273887e-09
2.212734524 9.055684629399619e-10
2.2143426159999997 2.1135476244815508e-11
2.215950708 2.6574607103431462e-12
2.2175588 1.8636911059526785e-10
2.219166892 1.3250901771411418e-08
2.220774984 9.092470184738145e-10
2.222383075 1.8474240269496148e-11
2.2239911670000003 1.8205760916370137e-11
2.225599259 1.13871131886066e-09
2.227207351 3.421003103358559e-08
2.228815443 5.16444083137898e-09
2.230423535 1.2564605392369314e-09
2.232031627 2.0507673044687236e-09
2.2336397189999997 7.442012164285012e-09
2.2352478110000003 2.4858099057697285e-08
2.236855903 3.209982434546058e-08
2.238463995 4.327923911216226e-08
2.240072087 8.029959410832352e-09
2.241680179 2.1502878150412576e-09
2.243288271 2.8398253929467917e-09
2.2448963629999996 1.670321437128766e-08
2.2465044549999997 9.657964351847224e-08
2.2481125470000003 1.8900778716621594e-09
2.249720639 3.792896465838426e-11
2.251328731 1.8368958797753593e-10
2.252936823 1.1686472817039947e-08
2.2545449140000002 1.0271548782042348e-07
2.256153006 2.118743950478251e-09
2.257761098 4.4502476617795185e-11
2.2593691899999997 4.474168673111708e-10
2.260977282 2.1087198694874466e-08
2.262585374 2.3874538496449437e-07
2.264193466 2.2353225051016506e-07
2.265801558 2.1568158433284002e-07
2.2674096500000003 1.3039395351220404e-07
2.269017742 1.057733228398775e-07
2.270625834 1.2385788921813549e-07
2.2722339259999997 2.38283130570029e-07
2.273842018 8.493740509409569e-07
2.2754501100000004 1.0860063394644707e-07
2.277058202 1.9567774466542483e-08
2.278666294 1.8793411485236526e-08
2.280274386 1.1953562240163187e-07
2.281882478 1.305987256834282e-06
2.28349057 2.8060287840299437e-07
2.285098662 1.0489741032719137e-07
2.286706753 9.916552283498524e-08
2.288314845 2.6121354608959877e-07
2.2899229369999996 1.1882753619959509e-06
2.291531029 8.440915362406381e-07
2.2931391210000003 6.625346601664219e-07
2.294747213 5.928891772322856e-07
2.296355305 6.148788242574916e-07
2.297963397 6.414023565750246e-07
2.299571489 9.927563936015996e-07
2.301179581 1.6751637307018837e-06
2.3027876729999996 6.72231973086151e-07
2.304395765 1.522546534360284e-08
2.3060038570000003 3.5698850773115164e-10
2.307611949 5.355008192656956e-09
2.309220041 3.304574008402311e-07
2.310828133 2.4908240820906163e-06
2.312436225 5.419953229236109e-08
2.314044317 1.217080705049166e-09
2.3156524089999997 6.626364804178425e-09
2.3172605010000003 3.868197771551723e-07
2.318868592 1.2608719810070829e-05
2.3204766840000004 7.774291079016966e-06
2.322084776 5.314920362042385e-06
2.323692868 5.766158647633706e-06
2.32530096 9.132046389343269e-06
2.326909052 1.4386850339005572e-05
2.328517144 2.004419219603652e-05
2.3301252359999998 2.7875367943013436e-05
2.331733328 2.756440930612415e-05
2.33334142 1.2885958783418584e-05
2.334949512 6.27653044949476e-06
2.3365576040000002 1.1163506215277673e-05
2.338165696 3.224308324313369e-05
2.339773788 8.134883459074929e-05
2.3413818799999997 1.9431167806251554e-05
2.342989972 5.4339798571598276e-06
2.344598064 5.318359369671468e-06
2.346206156 2.0194441202189393e-05
2.347814248 9.045095173333533e-05
2.3494223400000003 7.128304920129515e-05
2.3510304310000003 4.909932211905211e-05
2.352638523 3.9501739913449304e-05
2.354246615 5.7018152658756996e-05
2.3558547069999998 8.613441622149397e-05
2.357462799 0.00012838790688044562
2.359070891 0.0001463241641852127
2.3606789829999997 0.00016772990922230937
2.3622870750000002 0.0001748619484587527
2.363895167 0.00017984255950684593
2.365503259 0.00019636899691410852
2.367111351 0.00028207354066553733
2.368719443 0.00040607419206919906
2.370327535 0.0004975826698787123
2.371935627 0.0005147140112798172
2.3735437189999997 0.0005299711553615425
2.3751518110000003 0.0006682690969796742
2.376759903 0.0008882791853351379
2.378367995 0.0011647529927667408
2.379976087 0.0013167595576250254
2.381584179 0.0014902104158335532
2.383192271 0.0017443323211245613
2.384800362 0.0021670260134519915
2.3864084539999997 0.00269032868326568
2.388016546 0.0032809220782521764
2.389624638 0.003953444820235243
2.39123273 0.004763104737315714
2.392840822 0.005760045855218492
2.3944489140000003 0.006970561022869802
2.396057006 0.008432050727493076
2.397665098 0.010175351340545797
2.3992731899999997 0.012276032617942545
2.400881282 0.014662210240941345
2.4024893740000004 0.01724558815156956
2.404097466 0.02027977447897007
2.405705558 0.02369791962052034
2.40731365 0.02758484855951593
2.408921742 0.032102934321035205
2.410529834 0.036712799737876826
2.4121379259999998 0.041845124869401784
2.413746018 0.047677161538533526
2.41535411 0.054121226939765274
2.416962201 0.061425917817989374
2.418570293 0.06965922746105915
2.4201783850000003 0.07883247887840603
2.421786477 0.0892928171860658
2.423394569 0.10114658779699026
2.425002661 0.1146539581148863
2.426610753 0.1299436047859058
2.428218845 0.14692890229710565
2.4298269369999996 0.16588867088507445
2.431435029 0.1872918802395531
2.4330431210000003 0.208999421867497
2.434651213 0.23247559714176774
2.436259305 0.2585525488338791
2.4378673969999998 0.28081018657662876
2.439475489 0.30455272231888825
2.441083581 0.32935274575842993
2.4426916729999997 0.3467106510911865
2.4442997650000002 0.36495988494819953
2.4459078570000004 0.3819454988110005
2.447515949 0.39186964786385736
2.44912404 0.4020006296370045
2.450732132 0.4096688882337054
2.452340224 0.4132575917916294
2.453948316 0.4168724820819734
2.455556408 0.41915544270822125
2.4571644999999998 0.4199121501771146
2.458772592 0.4206686259826037
2.460380684 0.4210216326802494
2.461988776 0.421018889903231
2.463596868 0.4210155256394496
2.46520496 0.4211102107555997
2.466813052 0.42125414316347415
2.468421144 0.4214907982654027
2.470029236 0.42191563572619384
2.471637328 0.4225382979292279
2.47324542 0.42328789486292456
2.474853512 0.42427869334519425
2.4764616040000003 0.42484985907261563
2.478069696 0.42542100200753874
2.479677788 0.4261579396997899
2.481285879 0.42650138326929665
2.4828939709999998 0.42685556851095247
2.484502063 0.4273995279074702
2.486110155 0.4279408027416326
2.4877182469999997 0.4285943820358288
2.489326339 0.42899533608237667
2.4909344310000003 0.4295848773975939
2.492542523 0.430147453864004
2.494150615 0.43065582584931067
2.495758707 0.4311631435293744
2.497366799 0.43167138682951534
2.498974891 0.4320140049228427
2.499778162 0.4233969765135473
2.5011293930000003 0.4236781572122577
2.502480624 0.42381790082842713
2.5038318559999997 0.4239351986170878
2.505183087 0.4239786461165053
2.506534319 0.4239336703294251
2.50788555 0.4238190257239322
2.509236782 0.42358053854910444
2.510588013 0.4232814899144962
2.511939244 0.4229474617698024
2.5132904760000003 0.4225461739807469
2.514641707 0.4220779173782662
2.515992939 0.42161603558499244
2.51734417 0.42115240739030424
2.5186954019999996 0.42069871034765893
2.5200466329999998 0.4202621809246387
2.521397865 0.4199201059955085
2.522749096 0.41958338501914294
2.524100327 0.4192792306682865
2.525451559 0.41920552299454295
2.52680279 0.41913571144842704
2.5281540220000003 0.4192361768575376
2.529505253 0.41941154621633
2.5308564849999997 0.4196929400545813
2.532207716 0.4200587344194084
2.533558948 0.4207634848661584
2.534910179 0.4215340005127129
2.5362614100000003 0.4221014368245115
2.537612642 0.42328973484132326
2.538963873 0.4242670086945342
2.5403151050000004 0.42530201903191317
2.5416663359999996 0.42610785502918175
2.5430175680000002 0.4267909845766098
2.544368799 0.42799784069120217
2.54572003 0.42911987884579855
2.547071262 0.4297510287078388
2.548422493 0.43048618135743005
2.549773725 0.43130435980309845
2.551124956 0.4316073262926933
2.552476188 0.4317919132260779
2.553827419 0.432466923300389
2.5551786510000003 0.4328182944863634
2.556529882 0.4327525333986185
2.557881113 0.43259054192803775
2.559232345 0.4320328206529153
2.560583576 0.430538306376456
2.561934808 0.4295254397627181
2.5632860390000003 0.4289476685714772
2.564637271 0.42818501405977144
2.565988502 0.4282499361437112
2.567339733 0.42735211484693014
2.5686909649999996 0.425804549645897
2.5700421959999997 0.42427665033060064
2.571393428 0.42473215101667006
2.572744659 0.4228174003731347
2.574095891 0.4219342886721742
2.575447122 0.4218945170661702
2.576798354 0.42034505187463067
2.5781495850000002 0.42029525403261603
2.5795008160000004 0.4201195789832346
2.580852048 0.4190549840985731
2.582203279 0.4193643506177538
2.583554511 0.4182439878261786
2.584905742 0.4194670286930847
2.586256974 0.42029991391948324
2.587608205 0.42047631911311983
2.588959437 0.42188689885103814
2.590310668 0.4233682867612768
2.591661899 0.4245983937746853
2.593013131 0.4252998436417043
2.594364362 0.4230498115661714
2.5957155939999996 0.425649209149649
2.5970668249999997 0.4299036459180673
2.598418057 0.43265116762892336
2.599769288 0.43439101950542436
2.601120519 0.43494219069598056
2.602471751 0.43586405570803627
2.603822982 0.4363971396450392
2.6051742140000003 0.43600895535419526
2.6065254450000004 0.4380464209510397
2.607876677 0.439203308049991
2.609227908 0.4398201457269633
2.61057914 0.44075634180345147
2.611930371 0.4413499708322953
2.613281602 0.44092054326534347
2.614632834 0.4411212862382544
2.615984065 0.4402113990964331
2.617335297 0.44006081210570924
2.618686528 0.442290966052323
2.62003776 0.44078525002399127
2.621388991 0.44187951469355974
2.622740222 0.4426507586916867
2.6240914539999998 0.44231368778609864
2.625442685 0.44125548471987297
2.626793917 0.43951283530036406
2.628145148 0.4402843603725227
2.62949638 0.43854872913944265
2.630847611 0.43705389392469035
2.6321988430000003 0.43825919421585735
2.6335500740000004 0.437138258264499
2.634901305 0.43730977246540964
2.636252537 0.4371709999551924
2.637603768 0.4366024445573346
2.6389549999999997 0.43607106829210507
2.640306231 0.4355639566514116
2.641657463 0.43492597581846154
2.643008694 0.4347465607676402
2.6443599250000003 0.43446967168027184
2.645711157 0.4337083811966199
2.6470623879999997 0.43430997979884595
2.64841362 0.43459000179242735
2.649764851 0.434748145213038
2.651116083 0.4336669843896086
2.652467314 0.43305531476538106
2.653818546 0.43436759189459595
2.6551697770000002 0.4342613673633884
2.6565210080000004 0.4349198320984758
2.65787224 0.4354477223034128
2.659223471 0.4349659602829873
2.6605747030000004 0.4351937864833867
2.6619259339999997 0.43504845334992004
2.663277166 0.43540983643628756
2.664628397 0.43364999642927854
2.6659796289999997 0.4336147579657908
2.66733086 0.43416728409797634
2.668682091 0.43642176561789414
2.670033323 0.43390218720391865
2.6713845540000003 0.4355808256185782
2.672735786 0.4372923427134603
2.6740870169999997 0.437440146434326
2.675438249 0.43648607930848715
2.67678948 0.4358047254805375
2.678140711 0.43655061539157247
2.679491943 0.43644429615551567
2.680843174 0.43795722749954946
2.6821944060000003 0.4377752861911277
2.6835456370000004 0.4365888383794615
2.684896869 0.4367424582229867
2.6862481 0.4363230694551576
2.6875993319999996 0.43683403341947613
2.6889505629999997 0.43658507423356613
2.690301794 0.4365780853923808
2.691653026 0.4361077548232697
2.693004257 0.4340872256845652
2.694355489 0.43351756949817033
2.69570672 0.43404676220719757
2.697057952 0.4348251226656055
2.6984091830000003 0.43501414199698507
2.699760414 0.43546859472903227
2.7011116459999998 0.4350564609027388
2.702462877 0.4355163492122669
2.703814109 0.4361595802821083
2.70516534 0.43642143021987184
2.706516572 0.43668846109936293
2.707867803 0.4364717788845253
2.7092190350000003 0.43589960206886824
2.7105702660000004 0.4353614861542291
2.7119214969999996 0.4367524387777622
2.713272729 0.43835971507096766
2.71462396 0.43849376639978216
2.7159751919999997 0.4388748569696952
2.717326423 0.438920559003663
2.718677655 0.4392714257708369
2.720028886 0.4373491653283095
2.7213801170000003 0.43874371991350014
2.722731349 0.44106410659880946
2.7240825799999997 0.4394032382066272
2.7254338120000003 0.4404462404003829
2.726785043 0.442183693791424
2.7281362749999998 0.4429239617508855
2.729487506 0.44329227299650814
2.730838738 0.4435294882262233
2.732189969 0.443764722008458
2.7335412000000003 0.44335768509844864
2.734892432 0.4422690556373234
2.736243663 0.4433818386874258
2.737594895 0.4432836537494402
2.7389461259999996 0.44153156872201016
2.740297358 0.44113057056186394
2.741648589 0.4423628262060282
2.7429998209999997 0.4436322849283733
2.744351052 0.44374696756578136
2.745702283 0.44319774758564834
2.747053515 0.4430735039140926
2.7484047460000003 0.44284919281800367
2.749755978 0.4427278521097074
2.7511072089999997 0.44147183271716245
2.7524584410000004 0.4401887606466479
2.753809672 0.43839753303355844
2.755160903 0.4353247355513491
2.756512135 0.4351288076101819
2.757863366 0.43533227207540826
2.7592145980000002 0.4346385676042246
2.760565829 0.4339185568727532
2.761917061 0.4316081752581673
2.7632682920000002 0.43109163636251935
2.764619524 0.43157795393965137
2.7659707549999997 0.4315572579648633
2.767321986 0.4305074258920967
2.768673218 0.43076049478214
2.770024449 0.43059331711879895
2.771375681 0.4302604720261031
2.772726912 0.43102658694206925
2.774078144 0.4317333394435766
2.7754293750000003 0.4317503582165719
2.776780606 0.4315913208861988
2.7781318379999997 0.4321413541405259
2.779483069 0.43306606575094375
2.780834301 0.43298972095008115
2.782185532 0.43349928799644444
2.783536764 0.43432427316731936
2.784887995 0.43501948534738644
2.786239227 0.43437745658716154
2.787590458 0.4348793922764368
2.788941689 0.4363010017200977
2.7902929210000003 0.43729864040554783
2.791644152 0.4377547314986406
2.7929953839999997 0.4384717513685615
2.794346615 0.43909684187669884
2.795697847 0.4395255646851692
2.797049078 0.440281123783124
2.7984003090000003 0.4412606231000175
2.799751541 0.4418807572294774
2.801102772 0.4420580223046118
2.8024540040000003 0.44174541344411444
2.803805235 0.44231867698711147
2.8051564669999998 0.4429222009332384
2.806507698 0.4436416068965822
2.80785893 0.4440610807248627
2.8092101609999998 0.44422899693503437
2.810561392 0.4441812959472945
2.811912624 0.4444244999555898
2.813263855 0.44454650176356597
2.814615087 0.4441843364445119
2.8159663179999996 0.44417528321851085
2.8173175500000003 0.444325562750801
2.818668781 0.4444456045183129
2.8200200129999997 0.4439601301551645
2.821371244 0.44398761189808844
2.822722475 0.4440226886643098
2.824073707 0.44391853553409577
2.8254249380000003 0.4436999044798645
2.82677617 0.4434226145539657
2.828127401 0.44320793041508993
2.8294786330000004 0.4430618487653041
2.830829864 0.44277832883785456
2.8321810949999997 0.4424060332131557
2.833532327 0.4419898113582554
2.834883558 0.4416850690564067
2.83623479 0.4413442817081363
2.837586021 0.44067690053515124
2.838937253 0.4405049587992954
2.8402884840000002 0.4405244493791639
2.841639716 0.4406767240553064
2.8429909469999997 0.44051288287963253
2.8443421779999998 0.4403753099231918
2.84569341 0.4402388998464404
2.847044641 0.4400794580801265
2.848395873 0.4398948112314464
2.849747104 0.4397772371134289
2.851098336 0.43959157685138356
2.8524495670000003 0.4392225461138445
2.8538007980000004 0.4387271378434297
2.85515203 0.4384241650712852
2.856503261 0.438244401875796
2.8578544929999996 0.4379937151511049
2.8592057239999997 0.43765862007844786
2.860556956 0.43709994738701774
2.861908187 0.43675749114547696
2.863259419 0.4366252257496899
2.86461065 0.4367845382576995
2.865961881 0.4367681600574799
2.8673131130000002 0.43658483787208163
2.868664344 0.43648256444756667
2.8700155759999997 0.4362770117774324
2.871366807 0.4360487544728612
2.872718039 0.4359455189125858
2.87406927 0.4358645885045531
2.8754205010000002 0.4357062258905867
2.876771733 0.4354735203141422
2.878122964 0.435263941078047
2.8794741960000003 0.4350526819890669
2.8808254270000004 0.4348127501337239
2.882176659 0.4345667472555171
2.88352789 0.4342416587807017
2.8848791219999996 0.43392083037327056
2.8862303529999997 0.4330841737314248
2.887581584 0.4327272198697043
2.888932816 0.43238560454357616
2.890284047 0.43205284673865585
2.891635279 0.4318127416139617
2.89298651 0.4320157591582949
2.8943377420000003 0.4317716167408914
2.895688973 0.4314896549811975
2.8970402049999997 0.43122157849214854
2.898391436 0.4309464735952286
2.899742667 0.4305431291428891
2.901093899 0.43008595924975024
2.9024451300000003 0.4297940100917906
2.903796362 0.4294085432058276
2.905147593 0.428983485748991
2.9064988250000003 0.4286261169428659
2.907850056 0.4282440989525211
2.9092012869999997 0.42785113150926407
2.910552519 0.42721153787600025
2.91190375 0.42664851363142847
2.9132549819999998 0.42630623110792776
2.914606213 0.42601298627440093
2.915957445 0.42572498498252337
2.917308676 0.4254148227808197
2.918659908 0.42511317379871016
2.920011139 0.4248518702525587
2.9213623699999998 0.42436087658826604
2.922713602 0.4238644798244597
2.924064833 0.42343139705812527
2.925416065 0.42303624655385497
2.926767296 0.422991080972852
2.928118528 0.42265327712482875
2.9294697590000003 0.42221826917790306
2.93082099 0.4216969049643576
2.932172222 0.4211437417795993
2.933523453 0.42058669916021485
2.934874685 0.4199934645916395
2.9362259159999997 0.4194176383135241
2.937577148 0.4185581894124801
2.938928379 0.41779335994291056
2.940279611 0.41723051786388476
2.941630842 0.416709408872636
2.942982073 0.41613118499840185
2.9443333050000002 0.41609559302640053
2.9456845360000004 0.41558557376918137
2.947035768 0.41502430924372813
2.948386999 0.41452739707455327
2.949738231 0.41397009125016626
2.951089462 0.4136833141400216
2.952440694 0.41293094192884
2.953791925 0.41218013585538754
2.955143156 0.4114489653113331
2.956494388 0.4107283700685586
2.957845619 0.4099997095190787
2.959196851 0.40925622604455064
2.960548082 0.40853343661991226
2.9618993139999996 0.40778415348528435
2.9632505449999997 0.4070483142807451
2.964601776 0.4063240742556829
2.965953008 0.40563897227627466
2.967304239 0.4049583117717839
2.968655471 0.4042544236309022
2.970006702 0.40355243201833346
2.9713579340000003 0.40290061374512376
2.9727091650000004 0.40231309953492383
2.974060397 0.4017296388153332
2.975411628 0.40156461077017835
2.976762859 0.40155052177039874
2.978114091 0.40100853239162493
2.979465322 0.40048857954905126
2.980816554 0.39987419528098717
2.982167785 0.3992017329899926
2.983519017 0.3985613516190733
2.984870248 0.3979301696678174
2.9862214789999997 0.3972706129742901
2.987572711 0.39665307771782204
2.988923942 0.3964482259071227
2.9902751739999998 0.39597725827736174
2.991626405 0.395603493819001
2.992977637 0.39526816450100166
2.994328868 0.39495403602941315
2.9956801 0.39463039133471
2.997031331 0.39429039530968696
2.9983825619999998 0.39398304038531573
2.9997337940000004 0.39372220535870506
3.001085025 0.3932444695205596
3.002436257 0.3930618829648476
3.003787488 0.3925022779839438
3.0051387199999997 0.3919367455143756
3.006489951 0.3915793322216785
3.007841182 0.39123242061147995
3.009192414 0.39064229609529383
3.0105436450000003 0.39019032109054835
3.011894877 0.3898839231924793
3.0132461079999997 0.3895600418529265
3.01459734 0.3892211319671931
3.015948571 0.38884920129582656
3.017299803 0.3884597977578302
3.018651034 0.3880631957638483
3.020002265 0.387668885984659
3.021353497 0.3870255865135178
3.0227047280000003 0.386360869554798
3.02405596 0.3856886723295757
3.0254071909999998 0.38499073559858565
3.0267584230000004 0.3842185904492568
3.0281096539999997 0.38342070528252487
3.029460886 0.3826096378852769
3.030812117 0.38201038694869355
3.032163348 0.38152136673777676
3.03351458 0.3810307745295403
3.034865811 0.38051068404564575
3.036217043 0.3800348451508521
3.0375682740000003 0.3797935893584497
3.038919506 0.37916605126609937
3.0402707369999997 0.37859085084095817
3.041621968 0.37820493324391946
3.0429732 0.377818748539549
3.044324431 0.37738367744244705
3.045675663 0.3769377998606859
3.047026894 0.37647215216228236
3.0483781260000002 0.3761676257907029
3.0497293570000004 0.3759511571071305
3.051080589 0.3753696329152301
3.05243182 0.37474583826881347
3.053783051 0.3741344876182121
3.0551342829999997 0.37351584757458905
3.056485514 0.37293850259020556
3.057836746 0.3723434513499572
3.059187977 0.3717468516776089
3.060539209 0.3713385936173619
3.06189044 0.37120840392292803
3.063241671 0.3710933252661096
3.0645929030000003 0.37101480187256813
3.065944134 0.37135326449897194
3.0672953659999997 0.37130351703765857
3.068646597 0.37154518613754695
3.069997829 0.37167743665403535
3.07134906 0.37143331702321436
3.072700292 0.37118090178003554
3.074051523 0.3709868559343177
3.075402754 0.3708185881978839
3.0767539860000004 0.370665917603294
3.0781052169999996 0.3705334323727083
3.079456449 0.370438747244491
3.08080768 0.37055121992630935
3.0821589119999997 0.3708706961001302
3.083510143 0.3712214471618534
3.084861374 0.3715854188272712
3.086212606 0.3719664918538418
3.0875638370000003 0.37239804528094445
3.088915069 0.37283570097887525
3.0902662999999997 0.3733430923331076
3.0916175320000003 0.37395063061421735
3.092968763 0.3745598043774785
3.0943199949999998 0.3755954341784634
3.095671226 0.3762315636695496
3.097022457 0.3768681442542265
3.098373689 0.37751934431245976
3.0997249200000003 0.378178856873965
3.101076152 0.37869833297970756
3.102427383 0.37916758125628225
3.103778615 0.37964118095123595
3.1051298459999996 0.3800899888151295
3.106481078 0.3805730275934338
3.107832309 0.3810725493171194
3.10918354 0.3815516152110566
3.110534772 0.3820414384414222
3.111886003 0.38263816194337563
3.113237235 0.38323324816537163
3.1145884660000003 0.38379900440832976
3.115939698 0.3843516348086949
3.1172909289999997 0.38492397332383493
3.11864216 0.3854723155066219
3.119993392 0.3860054077690207
3.121344623 0.3872923970940862
3.122695855 0.38811199539995145
3.124047086 0.3889175193045968
3.1253983180000002 0.3897150606021801
3.126749549 0.39048845435870266
3.128100781 0.39127065105573516
3.1294520120000002 0.3920254423890651
3.130803243 0.3926878275975816
3.1321544749999997 0.3932663968848784
3.133505706 0.39383372840136477
3.134856938 0.39436912939871743
3.136208169 0.39491523007219836
3.137559401 0.3954424815667869
3.138910632 0.39595947260300746
3.140261863 0.3964914068362112
3.1416130950000003 0.39714253283188733
3.142964326 0.3977666260503534
3.1443155579999997 0.39839426316169846
3.145666789 0.39897939576732383
3.147018021 0.3996078588537009
3.148369252 0.4007110460809703
3.149720484 0.40134240583776953
3.151071715 0.40193064077030866
3.152422946 0.4025325440082795
3.153774178 0.4031275042607962
3.155125409 0.40372992217201076
3.1564766410000002 0.40432150138867934
3.157827872 0.4049388076661303
3.1591791039999997 0.4055344400777928
3.160530335 0.40612859458246514
3.161881566 0.40668225372464567
3.163232798 0.4072480253157416
3.1645840290000002 0.4078070607700015
3.165935261 0.40838741023860886
3.167286492 0.4089676687530011
3.1686377240000003 0.40956541887351106
3.169988955 0.410164038440713
3.1713401869999998 0.41104698707735693
3.172691418 0.41225552272083427
3.174042649 0.41325789187440193
3.1753938809999998 0.4141265522122542
3.176745112 0.41501969934215743
3.178096344 0.4159200205769702
3.179447575 0.4168216003159061
3.180798807 0.41765358216275883
3.182150038 0.41843333388899095
3.1835012700000003 0.41923152882314
3.184852501 0.42001873911449383
3.186203732 0.4207988510609721
3.187554964 0.4215667265681194
3.188906195 0.4223554241717196
3.190257427 0.4231376659376175
3.1916086580000003 0.42394178863231113
3.19295989 0.42475135308697504
3.194311121 0.4255729314341207
3.195662352 0.42636136098272825
3.197013584 0.42715966313504405
3.1983648149999997 0.4284354277635597
3.199716047 0.4292348930227541
3.201067278 0.42996870731820525
3.2024185099999998 0.43068927845210303
3.203769741 0.4314334973805692
3.205120973 0.4321525700200039
3.206472204 0.4328355456397666
3.207823435 0.433535437999315
3.209174667 0.43421335762968716
3.2105258979999998 0.43488917880916866
3.21187713 0.43555734583823535
3.213228361 0.43570596220283836
3.214579593 0.43635215637671704
3.215930824 0.43699919386618524
3.217282055 0.43763718303355165
3.2186332870000003 0.4382378860224917
3.2199845180000004 0.43885497847222654
3.22133575 0.43973825331292854
3.222686981 0.44079966886260996
3.2240382129999996 0.4414967327104954
3.2253894439999997 0.44221148829375234
3.226740676 0.44291763356322816
3.228091907 0.4436151836160506
3.229443138 0.444285956937028
3.23079437 0.4448319341533249
3.232145601 0.4452887883747423
3.2334968330000002 0.44572940812348893
3.234848064 0.446177413780917
3.2361992959999997 0.44660431580240034
3.237550527 0.44702391411048076
3.238901759 0.4474279711237015
3.24025299 0.4478641686019432
3.2416042210000002 0.44823905616319026
3.242955453 0.44860108514374075
3.244306684 0.44910813991912374
3.2456579160000003 0.4498503660376805
3.2470091470000004 0.4502108847900751
3.248360379 0.45058488990428
3.24971161 0.4509779954888144
3.251062841 0.4514701591219558
3.2524140729999997 0.4519875787449505
3.253765304 0.45248426972667916
3.255116536 0.45301460107603936
3.256467767 0.45353683336732753
3.257818999 0.454088995346251
3.25917023 0.45463238978407206
3.2605214620000003 0.4551534951042489
3.261872693 0.45561714590456714
3.263223924 0.4561203684513073
3.264575156 0.45665138741287
3.265926387 0.4571642046889796
3.267277619 0.4578217890874891
3.2686288500000003 0.45873084695821437
3.269980082 0.45927863892106296
3.271331313 0.45968202738627356
3.272682544 0.4601175958786117
3.274033776 0.4605667795004818
3.2753850069999997 0.4610189665704954
3.276736239 0.46146566921649734
3.27808747 0.4619077593475198
3.2794387019999998 0.4623240755085525
3.280789933 0.46277504160149135
3.282141165 0.46326043386424354
3.283492396 0.46373550372225586
3.2848436270000003 0.4642375412415973
3.286194859 0.46473086313029166
3.2875460899999998 0.46521555861643393
3.288897322 0.46566978770083695
3.290248553 0.46668158586287506
3.291599785 0.4671390143614533
3.292951016 0.4676162246056365
3.294302247 0.468103923661929
3.2956534790000003 0.4685975594648378
3.29700471 0.46909492119211704
3.298355942 0.46955227213845624
3.299707173 0.4700314025438398
3.301058405 0.4704003834909732
3.3024096359999997 0.4707490820950614
3.303760868 0.47107440110168747
3.305112099 0.4714249101369246
3.30646333 0.4717986379021248
3.307814562 0.4721433718445937
3.309165793 0.4724836409781917
3.3105170250000002 0.47280340007150923
3.3118682560000003 0.4735830724874522
3.313219488 0.4739253713316336
3.3145707189999998 0.4741947644417623
3.315921951 0.47445987379406374
3.317273182 0.47476236680314654
3.318624413 0.4750542702898393
3.319975645 0.4753350455809388
3.321326876 0.4755793091348331
3.322678108 0.47579933589228257
3.324029339 0.47605017398861016
3.325380571 0.47629369109056374
3.326731802 0.4765450336248377
3.328083033 0.4767997331691106
3.3294342649999997 0.4770794874059757
3.330785496 0.47702426954691257
3.332136728 0.47669070480595616
3.333487959 0.4763631956124599
3.334839191 0.476499542175897
3.336190422 0.476271505131495
3.3375416540000002 0.47593470017724343
3.3388928850000004 0.47562398119307175
3.340244116 0.47511526670608945
3.341595348 0.473576134125314
3.342946579 0.4720248625249763
3.344297811 0.47045581009514076
3.345649042 0.46890724713187987
3.347000274 0.4673495536126502
3.348351505 0.46581195738952125
3.3497027360000002 0.46427981272223845
3.351053968 0.46110348662257855
3.3524051989999997 0.4574898282775735
3.353756431 0.4538558208585772
3.355107662 0.45019245163249894
3.3564588939999997 0.4465066526363417
3.357810125 0.4428322462962477
3.359161357 0.4391386601857507
3.360512588 0.4370553256767087
3.3618638190000003 0.43760339259071807
3.363215051 0.4381454579911409
3.3645662819999997 0.43871616246605005
3.3659175140000004 0.4392773010272848
3.367268745 0.43982939241522184
3.368619977 0.44035951906264065
3.369971208 0.44089678511607494
3.371322439 0.4450645774937624
3.372673671 0.44964301274668456
3.374024902 0.4545982747860088
3.375376134 0.45886055476661763
3.3767273650000003 0.46314116197154304
3.378078597 0.46741474663378835
3.3794298279999997 0.4716974121100871
3.38078106 0.474293367898171
3.382132291 0.4756360263115296
3.383483522 0.4769847602918655
3.384834754 0.47832235581333965
3.386185985 0.47967735595070826
3.387537217 0.4810142260917355
3.3888884480000003 0.4823363402410426
3.39023968 0.4833776602959273
3.3915909109999998 0.4831100256936729
3.3929421430000004 0.48283646375533046
3.3942933739999996 0.4825086247537863
3.3956446049999998 0.48216996969474724
3.396995837 0.48181638987391734
3.398347068 0.48143999086175887
3.3996983 0.4810654122496633
3.401049531 0.4806270278573311
3.402400763 0.48018076593175407
3.4037519940000003 0.4797008348462751
3.405103225 0.47919658895845113
3.4064544569999997 0.4786828391462406
3.407805688 0.47816239660893445
3.40915692 0.47773202950159355
3.410508151 0.47773972181807894
3.411859383 0.47741195686523213
3.413210614 0.47706549941217075
3.4145618460000002 0.4766959101769574
3.4159130770000004 0.4768148840904967
3.4172643079999996 0.4764752847566029
3.41861554 0.47610118500428533
3.419966771 0.47571668157058133
3.4213180029999997 0.47571100105352204
3.422669234 0.47570507462068673
3.424020466 0.4757064262068591
3.425371697 0.4757296118850557
3.4267229280000002 0.4757297621867465
3.42807416 0.4757377396336752
3.429425391 0.4757502130845044
3.4307766230000003 0.47567848405553886
3.432127854 0.47556410145917355
3.4334790859999997 0.4754593686692489
3.434830317 0.4753572269818757
3.436181549 0.4751981412630445
3.43753278 0.47501437216413805
3.4388840110000003 0.47484447228994553
3.440235243 0.47464333302027617
3.441586474 0.474278551324305
3.4429377060000004 0.4739125003152818
3.4442889369999996 0.4741400308570537
3.445640169 0.47382533718025943
3.4469914 0.47350974471398555
3.448342631 0.4734013772084695
3.449693863 0.473450661154748
3.451045094 0.47338392550711467
3.452396326 0.4733847736675656
3.4537475570000002 0.47339478147412695
3.455098789 0.4734234796219453
3.45645002 0.47344627516090176
3.4578012520000003 0.47349841812919513
3.459152483 0.4735603653403795
3.460503714 0.473785715501275
3.461854946 0.4742866906931665
3.463206177 0.47477454161641525
3.464557409 0.4752757047127887
3.4659086400000003 0.4757812012836129
3.467259872 0.476291793604311
3.468611103 0.47680834459180405
3.469962335 0.4773237439692597
3.4713135659999996 0.47753896256962614
3.4726647969999997 0.4777535384431945
3.474016029 0.47798281431904155
3.47536726 0.4782105550206776
3.476718492 0.4788335432587788
3.478069723 0.47924206217930776
3.479420955 0.4797266456063714
3.4807721860000003 0.48048734705722074
3.482123417 0.4810752553944628
3.483474649 0.4816583001030355
3.48482588 0.4822567589488277
3.486177112 0.48284669369682187
3.487528343 0.4834471946309195
3.488879575 0.48405233400785247
3.490230806 0.48466015169298843
3.491582038 0.4853936494148699
3.492933269 0.4861169348778827
3.4942845 0.4868433562660408
3.495635732 0.4875678136522845
3.496986963 0.48827488481802733
3.4983381949999997 0.48899055173434064
3.4996894259999998 0.489690744825381
3.501040658 0.4903279261925591
3.502391889 0.4909476792759207
3.50374312 0.4915567690297199
3.505094352 0.49216890840200733
3.506445583 0.492769783907415
3.5077968150000003 0.49381948675116855
3.509148046 0.4945055677783594
3.5104992779999997 0.49534276539542943
3.511850509 0.49622112660527257
3.513201741 0.4968465199549662
3.514552972 0.4975405574538947
3.515904203 0.4982425857457
3.517255435 0.49884569151959723
3.518606666 0.4993873902883757
3.519957898 0.49991260432508544
3.521309129 0.5003747549864153
3.5226603610000002 0.5008419004144812
3.524011592 0.5012791640504243
3.5253628239999997 0.5017091178784466
3.526714055 0.5021281278985165
3.528065286 0.5025315192554372
3.529416518 0.5029491314677205
3.5307677490000002 0.5033143611192283
3.532118981 0.5036387460166296
3.533470212 0.5039534554187188
3.5348214440000003 0.5047463050110834
3.536172675 0.5051594600637539
3.537523906 0.5054403834343438
3.538875138 0.5057111883156802
3.540226369 0.5059607404469946
3.5415776009999997 0.5060745356789613
3.542928832 0.5067220622071157
3.544280064 0.5068747218175523
3.545631295 0.5069850169999668
3.546982527 0.5070992506081305
3.548333758 0.5071983729093169
3.5496849889999997 0.5072978589256648
3.551036221 0.5073725834066154
3.552387452 0.50798748242341
3.553738684 0.5080462855022696
3.555089915 0.5080896496115973
3.556441147 0.5081388309807903
3.5577923780000003 0.5082072054021749
3.5591436090000004 0.5082774483667134
3.560494841 0.5083659199676479
3.561846072 0.508486452114218
3.563197304 0.5086251561934905
3.5645485349999997 0.508779790426373
3.565899767 0.5089183672091951
3.567250998 0.5090669465340297
3.5686022299999998 0.5095790887322968
3.569953461 0.5099839097094038
3.571304692 0.5101039787083178
3.572655924 0.5102099484429665
3.574007155 0.5103211201784726
3.575358387 0.510444518622656
3.5767096179999998 0.5105685426509011
3.57806085 0.5112823463462313
3.579412081 0.511419227129794
3.580763312 0.5115178330031986
3.582114544 0.51160284546371
3.583465775 0.5116940263101931
3.5848170070000003 0.5122944339434431
3.5861682380000004 0.5125256663098007
3.58751947 0.5126414243939692
3.588870701 0.51277220562882
3.5902219329999996 0.5128888528973731
3.5915731639999997 0.5129478913017381
3.592924395 0.513011229250115
3.594275627 0.5130582431533225
3.595626858 0.5131233524701748
3.59697809 0.5132052813123911
3.598329321 0.5132877203667912
3.5996805530000002 0.5133782061974074
3.601031784 0.5134789482093683
3.602383016 0.5136000498416913
3.603734247 0.5141546042683226
3.605085478 0.5143926936155542
3.60643671 0.5144791740867785
3.607787941 0.5145685963514157
3.609139173 0.5146518530121376
3.610490404 0.514747281573508
3.6118416360000003 0.5148079239039955
3.6131928670000004 0.514860572181399
3.6145440979999997 0.514914979579812
3.61589533 0.5149599320283725
3.617246561 0.5150104416084857
3.6185977929999997 0.5150533154734133
3.619949024 0.5156221269189359
3.621300256 0.5156677146883656
3.622651487 0.51568198593878
3.624002719 0.515700887774859
3.62535395 0.5157290918196833
3.6267051809999997 0.5157471117776844
3.628056413 0.5157778112601221
3.629407644 0.5158076113235762
3.630758876 0.51585174697074
3.632110107 0.5159351040038221
3.633461339 0.5160086145508793
3.6348125700000002 0.5160694745145313
3.6361638010000004 0.5161480582317712
3.637515033 0.5162284672394719
3.638866264 0.5163055685154393
3.640217496 0.5163909674328212
3.6415687269999997 0.5165190533691677
3.642919959 0.5166492017989625
3.64427119 0.5167776367139056
3.6456224219999998 0.5168945181046691
3.646973653 0.5170058092479851
3.648324884 0.5171009423931384
3.649676116 0.5176068602272936
3.6510273470000003 0.5179799808188765
3.652378579 0.5181643727377159
3.6537298099999997 0.5183510021993534
3.655081042 0.5185433914540238
3.656432273 0.5187163051088954
3.657783504 0.51888823510855
3.659134736 0.5190531103027088
3.660485967 0.5191736651944177
3.6618371990000003 0.5192452661495066
3.66318843 0.5193070162328496
3.664539662 0.5193752954304204
3.665890893 0.5194669893086061
3.667242125 0.5195580522785076
3.6685933559999997 0.5196458064292409
3.669944587 0.5202704749919275
3.671295819 0.5204280332020029
3.67264705 0.5205625112560006
3.673998282 0.5206939126524217
3.675349513 0.5208053124273853
3.676700745 0.5209237115098992
3.6780519760000003 0.5210459571287553
3.679403208 0.521169214178601
3.6807544389999998 0.5213048057862305
3.68210567 0.5214275831956282
3.683456902 0.5215459998666613
3.684808133 0.5216694001711901
3.686159365 0.5217677809598951
3.687510596 0.5218620144760429
3.688861828 0.5219622189371804
3.690213059 0.5220281673543069
3.6915642899999996 0.5219829224718345
3.692915522 0.5219450776575664
3.694266753 0.5225121626967992
3.6956179849999997 0.522486920467241
3.696969216 0.5224532404028457
3.698320448 0.5224104322321379
3.699671679 0.5223709537869106
3.701022911 0.5223168769723652
3.702374142 0.5222554881732865
3.703725373 0.5222008131084706
3.7050766050000004 0.5221344803930987
3.706427836 0.5220718163584598
3.707779068 0.5220287099120202
3.709130299 0.5219836930153772
3.710481531 0.5219613384683625
3.711832762 0.5219813489126425
3.713183993 0.5219952196790986
3.714535225 0.5220097912618057
3.7158864560000002 0.5220129980284111
3.717237688 0.5220061878987804
3.7185889189999997 0.5220061481856365
3.719940151 0.5220004061889618
3.721291382 0.5219956526514204
3.7226426139999997 0.5220109503303907
3.723993845 0.5220338015582041
3.725345076 0.5220612007400274
3.726696308 0.522092147021073
3.7280475390000003 0.522108613755426
3.729398771 0.522116737336161
3.730750002 0.5221261738485357
3.7321012340000004 0.52213443622935
3.733452465 0.5221543079067491
3.7348036959999997 0.522180417162047
3.736154928 0.5228143003261451
3.737506159 0.5228650206024623
3.738857391 0.5229202777313209
3.740208622 0.5230757244285402
3.741559854 0.5235147889609647
3.7429110850000002 0.5234913725695239
3.744262317 0.5234571285627088
3.7456135479999997 0.5234284131034896
3.746964779 0.523406349153156
3.748316011 0.5233921449796902
3.749667242 0.5233880721159817
3.751018474 0.5233742171232677
3.752369705 0.5233663342376734
3.753720937 0.5233836482492578
3.7550721680000003 0.5234051896935011
3.7564234 0.5234260471128782
3.757774631 0.5234501835793107
3.759125862 0.5234698725524016
3.7604770939999996 0.5234871985681911
3.7618283249999998 0.5235005994354356
3.763179557 0.5235092682801198
3.764530788 0.5235307907528476
3.76588202 0.5235639249668949
3.767233251 0.5236056828361996
3.768584482 0.523668495360665
3.7699357140000003 0.5237362740887391
3.771286945 0.5237767361944541
3.7726381769999997 0.52381596961941
3.773989408 0.5238655441562853
3.77534064 0.5239123998959226
3.776691871 0.5243813590834278
3.778043103 0.52461647001986
3.779394334 0.5246571924814705
3.780745565 0.5247480612546492
3.7820967970000003 0.524881379775264
3.7834480279999996 0.5250146529571177
3.7847992599999998 0.5251585318171592
3.786150491 0.5253063542816258
3.7875017229999997 0.5254438942486518
3.7888529539999998 0.5255826084776737
3.790204185 0.5256939537107309
3.791555417 0.5256655447278157
3.792906648 0.5256328685052152
3.79425788 0.5255992010023695
3.795609111 0.5255687241421451
3.7969603430000003 0.5255532372488733
3.798311574 0.5255297341150271
3.7996628059999997 0.5254952920662413
3.801014037 0.5255800206611688
3.802365268 0.5256786647776643
3.8037165 0.5257583119934267
3.8050677310000003 0.5258507326799873
3.806418963 0.5259306197896232
3.807770194 0.5259947045950842
3.8091214260000004 0.5260646353779799
3.8104726569999996 0.5260985448387002
3.811823889 0.5260734288145886
3.81317512 0.5260533302296777
3.814526351 0.5260265679040961
3.815877583 0.5259950042257512
3.817228814 0.5260963052819042
3.818580046 0.5265079238208231
3.8199312770000002 0.5264326086216534
3.821282509 0.5263586269832277
3.82263374 0.5262775639555907
3.823984971 0.5261923576384008
3.825336203 0.5261067578335084
3.826687434 0.5260070460162602
3.828038666 0.5258977066329245
3.829389897 0.5257967138664708
3.830741129 0.5256825183342294
3.8320923600000003 0.5255387440720745
3.833443592 0.5253931490074204
3.834794823 0.5252415820242441
3.836146054 0.5250795976373197
3.8374972859999996 0.5249258062399607
3.8388485169999997 0.5252491362036239
3.840199749 0.5251489618002328
3.84155098 0.5249707256533581
3.842902212 0.5247911056694913
3.844253443 0.5246004506452232
3.845604674 0.5244073801423961
3.8469559060000003 0.5242000084560003
3.848307137 0.523978450815423
3.849658369 0.5237568419416263
3.8510096 0.5235307692829836
3.852360832 0.5232956657342244
3.853712063 0.5230620112315459
3.855063295 0.522827493812323
3.856414526 0.5225826213628963
3.857765757 0.5228001860848762
3.859116989 0.5226959602913618
3.86046822 0.5224385184217033
3.861819452 0.5221966431086883
3.863170683 0.5219637702021671
3.8645219149999996 0.5217195734457737
3.8658731459999998 0.5214756732418149
3.867224377 0.5212282801786214
3.868575609 0.5209746477122839
3.86992684 0.5207259728901595
3.871278072 0.5204677049863253
3.872629303 0.5202027053697938
3.8739805350000003 0.519940894681203
3.875331766 0.519689403622295
3.876682998 0.5194388614289022
3.878034229 0.5191917241979261
3.87938546 0.518949902311038
3.880736692 0.5187033119757241
3.882087923 0.5184623054966934
3.883439155 0.5182362791915947
3.884790386 0.5180039105662816
3.886141618 0.517779317336681
3.887492849 0.5175721538213849
3.8888440810000002 0.5173623458378597
3.890195312 0.5171531637082911
3.891546543 0.5169534295983849
3.892897775 0.5167626322130485
3.894249006 0.5165707643314258
3.895600238 0.5163820218104144
3.8969514690000002 0.5161943083682136
3.898302701 0.5166035628571592
3.899653932 0.5164399462046334
3.9010051629999998 0.5162846081797279
3.902356395 0.5161310624566234
3.903707626 0.515996739859472
3.905058858 0.5158713965955479
3.906410089 0.5157513304651347
3.9077613209999997 0.5156432885617785
3.909112552 0.5155390627487758
3.910463784 0.5154389586022065
3.911815015 0.5153637947776828
3.913166246 0.5153197035058482
3.914517478 0.5155843473263605
3.9158687089999997 0.5158364247478261
3.917219941 0.5158317743100279
3.918571172 0.5158227753080507
3.919922404 0.5158227213137223
3.921273635 0.5158471148528716
3.922624866 0.5158771732807944
3.9239760980000002 0.5159141898066992
3.9253273290000004 0.5159689566079487
3.926678561 0.5160367939818156
3.928029792 0.5161101373241975
3.929381024 0.5162010472508612
3.9307322549999997 0.516306811072156
3.932083487 0.5164044587881575
3.933434718 0.5165063679743903
3.934785949 0.5166039639892349
3.936137181 0.5166794162558684
3.937488412 0.517036140089247
3.938839644 0.5174073706865866
3.940190875 0.5174791217621543
3.941542107 0.5176021388862405
3.9428933379999997 0.5177113040586708
3.944244569 0.5177931340828852
3.945595801 0.5178451217908346
3.946947032 0.51787154070634
3.948298264 0.5178413954334696
3.949649495 0.5177533660397436
3.9510007270000003 0.5175572865460677
3.9523519580000004 0.5172792949851419
3.95370319 0.5169236474864514
3.955054421 0.5164900714540315
3.956405652 0.51597674246265
3.9577568839999997 0.5153521651211782
3.959108115 0.5146036727949613
3.960459347 0.5137409107356377
3.961810578 0.512739942137943
3.96316181 0.5115873801082385
3.964513041 0.510275982123851
3.965864273 0.5087866508558035
3.967215504 0.507107672267081
3.968566735 0.5052417024922252
3.9699179669999998 0.503689973833245
3.971269198 0.5014374942620485
3.97262043 0.4988802783599032
3.973971661 0.4960780251377899
3.975322893 0.49300276988970587
3.976674124 0.4896590777322951
3.978025355 0.4866007853825991
3.9793765870000004 0.48268780057149435
3.9807278179999996 0.47846827995482205
3.98207905 0.473956074582159
3.983430281 0.46910748210145536
3.9847815129999997 0.4638949796525834
3.986132744 0.4583786008961897
3.987483976 0.4525445443380535
3.988835207 0.44639061452623957
3.9901864380000003 0.4399345482433818
3.99153767 0.4331906123295003
3.9928889009999997 0.4261460086254024
3.994240133 0.418812739206358
3.995591364 0.41117664972755985
3.996942596 0.40327608021616296
3.998293827 0.3951399376367412
3.999645058 0.3868039470139088
4.00099629 0.3782676027608081
4.002347521 0.3695431647890209
4.003698753 0.36066817689419034
4.005049984 0.3516736085540506
4.006401216 0.3425016948758646
4.007752447 0.3332734583950122
4.009103679 0.3239973693789038
4.01045491 0.3146927864664351
4.011806141 0.3054151048325102
4.013157373 0.2961750220339696
4.014508604 0.2869709310344823
4.015859836 0.2777844478549261
4.017211067 0.26867643875479114
4.018562299 0.25983456504093466
4.01991353 0.25104852460237803
4.021264761 0.24251283420012026
4.022615993 0.2338536127876897
4.023967224 0.22534240082543353
4.025318456 0.21700150127658502
4.026669687 0.20886041130963678
4.028020919 0.20087617253697357
4.02937215 0.19309284988264377
4.030723382 0.18554025880065614
4.032074613 0.17819653682957642
4.033425844 0.17104217656920354
4.034777076 0.16410783119390115
4.036128307 0.1574085594836852
4.037479539 0.15087801033862477
4.03883077 0.14457539818601234
4.040182002 0.13850579478261899
4.041533233 0.13265180069224464
4.042884465 0.12699084073742728
4.044235696 0.12156023198970224
4.0455869269999996 0.11633683169147352
4.046938159 0.11126598890432413
4.04828939 0.10641321198171114
4.049640622 0.10174955663518075
4.050991853 0.0972363264502961
4.052343085 0.09288745604529658
4.053694316 0.08874590561964343
4.055045547 0.08475574395659412
4.056396779 0.08090050991178371
4.05774801 0.07723498623408373
4.059099241999999 0.07371466970102666
4.0604504729999995 0.07035708114958614
4.061801705 0.06714637684075613
4.063152936 0.06406672196520156
4.064504168 0.061078496179057896
4.065855399 0.058212620055053815
4.06720663 0.055496809875820195
4.0685578620000005 0.0528882804896521
4.069909093000001 0.050373387628669136
4.071260325 0.04798619087763214
4.072611556 0.045764819700145364
4.073962788 0.043579446376573024
4.075314019 0.041483666269971096
4.07666525 0.03949777532455567
4.078016482 0.03759042353567782
4.079367713 0.03574743126987762
4.080718945 0.034013393811447044
4.082070176 0.03236212361847491
4.083421408 0.03074788829785519
4.084772639 0.029230053206694875
4.086123871 0.02779704096855031
4.087475102 0.02641723544098654
4.088826333 0.0250732026081132
4.090177565 0.02383532795229847
4.091528796 0.022638142287595454
4.092880028 0.021476130478659115
4.094231259 0.02038716047374609
4.095582491 0.019369754135570485
4.096933722 0.0183783912531963
4.098284953 0.017420223916237952
4.0996361850000005 0.016555107894913396
4.100987416 0.01570656812655426
4.102338648 0.014882724288305125
4.103689878999999 0.014120635445065715
4.105041110999999 0.013417823789461282
4.106392342 0.012698903334832635
4.107743574 0.012025487511463396
4.109094805 0.011413742613863478
4.110446036 0.010819961858464967
4.111797268 0.010235699768939968
4.113148499 0.00970012112800108
4.1144997309999995 0.009215964903355238
4.115850962000001 0.008708089899129669
4.117202194000001 0.008240512988066042
4.118553425 0.00782005918156704
4.119904657 0.007416525317087694
4.121255887999999 0.006991338140885865
4.122607119 0.006635161130360323
4.123958351000001 0.006297681672056635
4.125309582 0.005952283568792524
4.126660814 0.005627516217395178
4.128012045 0.005351070699435681
4.129363277 0.005075715653228392
4.130714508 0.004779232816736403
4.132065739 0.004534089967046609
4.133416971 0.004302281342317031
4.134768202 0.0040628614021816015
4.136119434 0.003824288545534062
4.1374706649999995 0.0036495368788518143
4.138821897 0.003448827524211546
4.140173128000001 0.003246794759785833
4.14152436 0.003073379764669728
4.142875591 0.002931448414341243
4.144226821999999 0.0027560435770983397
4.145578054 0.0025941010812041703
4.146929285000001 0.002471604068805691
4.148280517 0.0023445414999562625
4.149631748 0.0022017898976183408
4.15098298 0.0020838611581166645
4.152334211 0.0020024175348847366
4.153685442 0.0018794488223790996
4.155036674 0.001770468472160943
4.156387905 0.0016859930575552156
4.157739136999999 0.0016106635593309412
4.159090368 0.0014912546542177874
4.1604416 0.0014200380667628916
4.161792831 0.0013603433626720443
4.163144063 0.0012821217509108936
4.164495294 0.001185451880306087
4.165846525 0.001137161720785662
4.167197757 0.0010841602027873319
4.1685489879999995 0.0010050040536245457
4.169900220000001 0.0009421377173554832
4.171251451 0.000907284694776252
4.172602683 0.0008564244264899786
4.173953914 0.0007839482164884761
4.1753051459999995 0.0007541424777630039
4.1766563770000005 0.0007231760611369677
4.178007608 0.000670905847138897
4.17935884 0.0006111638035758295
4.180710071 0.0006052872958358416
4.182061303 0.0005676090875354292
4.183412534 0.0005216019837595759
4.184763766 0.0004904127516949364
4.186114997 0.0004958955408462315
4.187466228 0.0004473069502616237
4.18881746 0.0004088905545499309
4.190168691 0.00039122484358211884
4.1915199229999995 0.0003786407816140786
4.1928711540000005 0.00032707486026079907
4.194222386000001 0.00030986773208102185
4.195573617 0.00030805227733015484
4.196924849 0.0002820330904552874
4.198276079999999 0.00023595011535548728
4.199627311 0.00022321431189399718
4.200978543 0.00022280991051751954
4.202329774 0.00018779989141808724
4.203681006 0.00016573953032187667
4.205032237 0.00017193669234032334
4.206383469 0.00016986921580491973
4.2077347 0.00012121731971021687
4.209085931 0.00011410436074230196
4.210437163 0.0001183261505575403
4.211788394 9.860187933979212e-05
4.213139626 4.9054920082676045e-05
4.2144908569999995 6.138841838132076e-05
4.215842089 6.552539052190392e-05
4.217193320000001 3.709647361677422e-05
4.218544552 2.2624556693142924e-05
4.219895783 3.3228713483533554e-05
4.221247013999999 2.5335981712488585e-05
4.2225982459999996 1.2678443553717855e-05
4.223949477 7.243915304827881e-06
4.225300709 2.0135102868154963e-05
4.22665194 8.721672753860024e-06
4.228003171999999 9.296753501889945e-08
4.229354403 3.259853678733399e-08
4.2307056339999995 6.614297166710294e-06
4.232056866 9.435178814755652e-09
4.233408097000001 5.487927759661214e-09
4.234759329 5.486249622133954e-09
4.23611056 5.484566516614354e-09
4.237461792 5.4828791616682616e-09
4.238813023 5.481188064259065e-09
4.240164255 5.4794814715381075e-09
4.241515486 5.4776823696259056e-09
4.242866717 5.4813053586286114e-09
4.244217949 5.4803354081330105e-09
4.24556918 1.277966739287276e-07
4.246920412000001 6.284052474340972e-08
4.248271643 5.480958192134208e-09
4.249622875 5.4791531535050494e-09
4.250974105999999 5.477268763629331e-09
4.2523253379999995 5.475356124417912e-09
4.2536765690000005 5.473445677827828e-09
4.2550278 5.471537810347763e-09
4.256379032 5.4696343199349986e-09
4.257730263 5.467734081069258e-09
4.259081495 5.465837833153541e-09
4.260432726 5.460677469797512e-09
4.261783958 5.448585934460169e-09
4.263135189 5.436506141448358e-09
4.26448642 5.424438804288715e-09
4.265837652 5.412382873410147e-09
4.267188883 5.400339686462643e-09
4.2685401149999995 5.388309245730348e-09
4.2698913460000005 5.3762906988673685e-09
4.271242578000001 5.3595751133814926e-09
4.272593809 5.342463228753208e-09
4.273945041 5.325366383736548e-09
4.275296271999999 5.308286552104212e-09
4.276647503 5.291222157524829e-09
4.277998735 5.274172804031677e-09
4.279349966 5.257140742900753e-09
4.280701198 5.261097338985728e-09
4.282052429 5.284493748362148e-09
4.283403661 5.3078823872177625e-09
4.284754892 5.3312612847115785e-09
4.286106123 5.354631134328833e-09
4.287457355 5.377992811966047e-09
4.288808586 5.401344645827693e-09
4.290159818 5.4218236123971996e-09
4.2915110489999995 5.420951452881396e-09
4.292862281 5.420083768422874e-09
4.294213512000001 5.426512367514765e-09
4.295564744 5.4305238853589995e-09
4.296915975 5.429668460936695e-09
4.298267206 5.428818053892674e-09
4.299618438 5.427971321614169e-09
4.300969669 5.4265171758510166e-09
4.302320901 5.4248275126651e-09
4.303672132 5.423140732568306e-09
4.305023363999999 5.421456476493129e-09
4.306374595 5.419775754848318e-09
4.3077258259999995 5.418096682041011e-09
4.309077058 5.4164192068549805e-09
4.310428289000001 5.414730230071108e-09
4.311779521 5.4130127375280554e-09
4.313130752 5.411295778686545e-09
4.314481984 5.409579181687642e-09
4.315833215 5.407861805694412e-09
4.317184447 5.406143719162985e-09
4.318535678 5.40442437285024e-09
4.319886909 5.4027029232787336e-09
4.321238141 5.401126801448986e-09
4.322589372 5.399561234390657e-09
4.323940604000001 5.397992087449074e-09
4.325291835 5.3964192313743796e-09
4.326643067 5.394841893492048e-09
4.327994297999999 5.393259598526971e-09
4.329345529999999 5.391671980885062e-09
4.3306967610000004 5.39002748301329e-09
4.332047992 5.388328820158508e-09
4.333399224 5.386623262078727e-09
4.334750455 5.384910462252549e-09
4.336101687 5.383189904501918e-09
4.337452918 5.381460928253741e-09
4.33880415 5.379723385948981e-09
4.340155381 5.3779742202236175e-09
4.341506612 5.376196963722811e-09
4.342857844 5.37440988386949e-09
4.344209075 5.3726120757177094e-09
4.3455603069999995 5.3741138214669935e-09
4.3469115380000005 5.374889911699802e-09
4.34826277 5.3730243972049955e-09
4.349614001 5.371016545886373e-09
4.350965233 5.368950373493247e-09
4.352316464 5.372971826484113e-09
4.353667695 5.370858621003805e-09
4.355018927 5.368732464282485e-09
4.356370158 5.36659174098539e-09
4.35772139 5.3644375432385915e-09
4.359072621 5.362269295820777e-09
4.360423853 5.360137100019611e-09
4.361775084 5.358102952182517e-09
4.363126315000001 5.35605362317285e-09
4.364477547000001 5.353988399461973e-09
4.365828778 5.3519082207931396e-09
4.36718001 5.349811990048336e-09
4.3685312409999995 5.347699583601898e-09
4.369882473 5.3455717796787436e-09
4.371233704 5.343387025971617e-09
4.372584936 5.341182233656076e-09
4.373936167 5.338961798926942e-09
4.375287398 5.336724079065228e-09
4.37663863 5.334470267905807e-09
4.377989861 5.332200708860829e-09
4.379341093 5.32991350238532e-09
4.380692324 5.3276646863080735e-09
4.382043555999999 5.325451439320932e-09
4.383394787 5.323220790967104e-09
4.3847460179999995 5.320974506023842e-09
4.38609725 5.318712153967783e-09
4.387448481000001 5.31643303159839e-09
4.388799713 5.314138618449357e-09
4.390150944 5.311824684047151e-09
4.391502176 5.3094660973735786e-09
4.392853407 5.307092765091556e-09
4.394204639 5.304703914437533e-09
4.39555587 5.3023000715752955e-09
4.396907101 5.3002062218999705e-09
4.398258332999999 5.298255540844318e-09
4.399609564 5.296290259826127e-09
4.400960796000001 5.294303609088476e-09
4.402312027 5.292299082949408e-09
4.403663259 5.290281128316653e-09
4.405014489999999 5.288334350386818e-09
4.406365721999999 5.292014420304849e-09
4.407716953 5.289955168085573e-09
4.409068184 5.287883802465418e-09
4.410419416 5.2857934734568136e-09
4.411770647 5.283677248752093e-09
4.413121879 5.282283180282848e-09
4.41447311 5.2854250468631885e-09
4.415824342 5.283274748626988e-09
4.417175573000001 5.281114724562546e-09
4.418526804 5.278945475459912e-09
4.419878036 5.276767645633123e-09
4.421229266999999 5.274602759509902e-09
4.4225804989999995 5.2724322542991815e-09
4.4239317300000005 5.27025452105644e-09
4.425282962 5.268070083130319e-09
4.426634193 5.265879402940604e-09
4.427985425 5.263682895353813e-09
4.429336656 5.261481398404334e-09
4.430687887 5.259226670868591e-09
4.432039119 5.256921010347154e-09
4.43339035 5.254612108044467e-09
4.434741582 5.2522998755159e-09
4.436092813 5.2499849767027335e-09
4.437444045 5.2476683729469524e-09
4.438795276 5.245349829120957e-09
4.440146507000001 5.243037021263871e-09
4.441497739000001 5.240779382728959e-09
4.44284897 5.2385211040904406e-09
4.444200202 5.236228468863714e-09
4.445551432999999 5.233735814745925e-09
4.446902665 5.231244132109302e-09
4.448253896 5.228755110550506e-09
4.449605128 2.0604733522841126e-07
4.450956359 1.629319799748999e-07
4.45230759 5.221221350736769e-09
4.453658822 5.2186962204856335e-09
4.455010053 5.2161744845932155e-09
4.456361285 5.213658616604144e-09
4.457712516 5.211146778389627e-09
4.459063747999999 5.208639689651279e-09
4.460414979 2.0975096856235184e-08
4.4617662110000005 2.662744936202572e-06
4.463117442 1.7597152861866828e-08
4.464468673000001 5.1987956262924214e-09
4.465819905 5.196356328989047e-09
4.467171136 5.1939242246525414e-09
4.468522368 5.191499606826066e-09
4.469873599 5.189081228254716e-09
4.471224831000001 5.186665722886465e-09
4.472576062 5.1842572675853275e-09
4.473927293 5.181855494773018e-09
4.475278524999999 5.179462862991457e-09
4.476629756 5.1806565397081335e-09
4.4779809880000006 5.180379778125375e-09
4.479332219 5.178008850926539e-09
4.480683451 5.175644183899939e-09
4.482034682 5.173285946808257e-09
4.483385914 5.1709374984423655e-09
4.484737145 5.172930521921065e-09
4.486088376 5.172139736382456e-09
4.487439608 5.169812504308377e-09
4.488790839 5.167492057002844e-09
4.490142071 5.165173968748004e-09
4.491493302 5.162817205334467e-09
4.492844534 6.646755845425241e-09
4.494195765000001 3.887637827060379e-07
4.495546996 6.668753446232227e-08
4.496898228 5.1532274568604205e-09
4.498249458999999 5.1507975843802915e-09
4.4996006909999995 1.8068289822861266e-07
4.5009519220000005 9.213950243757217e-07
4.502303154 6.287429799295962e-09
4.503654385 5.141366975099939e-09
4.505005617 2.981652879903685e-08
4.506356848 7.988558255095072e-06
4.507708079 2.554218608488752e-08
4.509059311 5.132126654440693e-09
4.510410542 6.528086453107811e-09
4.511761774 5.907174897819093e-07
4.513113005 1.1164428905855527e-07
4.514464237 6.461914783854959e-09
4.5158154679999996 5.283527659074744e-08
4.517166699000001 4.676884641632498e-07
4.518517931 4.745201085804067e-07
4.519869162 7.129541859391278e-09
4.521220394 8.831868402901481e-08
4.522571624999999 1.5717357678291186e-06
4.523922857 1.6896794000418988e-06
4.525274088 2.5378861807944462e-08
4.52662532 2.368226782144971e-08
4.527976551 4.516974000013102e-06
4.529327782 2.470908699446286e-08
4.530679014 5.095606548735118e-09
4.532030245 5.093263035835384e-09
4.533381477 5.090913942006007e-09
4.534732708 5.088558121360802e-09
4.53608394 5.086195069326517e-09
4.537435171 5.0838242184262e-09
4.5387864030000005 5.6771364844937225e-08
4.540137634 1.3098089649808718e-06
4.541488865 1.0598223132438242e-08
4.542840097 5.074257075037299e-09
4.544191328 1.0105933953901789e-08
4.5455425599999995 1.7578758655705194e-06
4.5468937910000005 8.687671351635415e-08
4.548245023000001 5.064453206416985e-09
4.549596254 5.061958222384486e-09
4.550947485 1.7529305753594223e-07
4.552298716999999 1.0065245629616953e-06
4.553649948 6.991692548035043e-09
4.5550011800000005 5.0521067090922035e-09
4.556352411 1.7183613145174984e-08
4.557703643 3.3575708528170183e-06
4.559054874 4.439104905131897e-08
4.560406106 1.7786692969662427e-08
4.561757337 2.4761091369360557e-06
4.563108568 4.62550594558604e-06
4.5644598 4.829429117265613e-07
4.565811031 5.44550159304268e-09
4.567162263 5.034310152712177e-09
4.568513493999999 1.8591345187320584e-08
4.569864726 1.6433190925781716e-06
4.571215957000001 2.150415614089474e-08
4.572567188 3.0889346608755813e-08
4.57391842 8.278570442628607e-06
4.575269650999999 3.4812543967579325e-06
4.5766208829999995 2.0141141508004342e-07
4.5779721140000005 5.0856251057952435e-09
4.579323346 1.635121481180352e-07
4.580674577 1.4657871129734296e-07
4.582025809 5.008579657325456e-09
4.58337704 5.005572941335883e-09
4.584728271 3.122898419603226e-08
4.586079503 5.578887422516691e-06
4.587430734 2.7047005272313203e-08
4.588781966 4.9932527194368046e-09
4.590133197 5.090775638237141e-09
4.591484429 5.68703898890196e-07
4.5928356599999995 5.324739735962986e-07
4.5941868910000005 4.9801745041736655e-09
4.595538123 4.976805763826646e-09
4.596889354 1.6391717920402175e-08
4.598240586 8.644751348160115e-07
4.599591817 1.821802329183178e-08
4.6009430490000005 4.9630071396276855e-09
4.60229428 4.959470920287726e-09
4.603645512 1.1880513461649179e-07
4.604996743 1.809031462811258e-07
4.606347974 5.472296674796239e-09
4.607699206 4.94499793647867e-09
4.609050437 1.7981693487245836e-08
4.610401669 2.610881138701664e-06
4.611752900000001 4.234381335403751e-08
4.613104132 1.0318080475028773e-08
4.614455363 3.004592714549926e-07
4.6158065950000005 9.754550046765441e-07
4.617157826 3.4009712121421523e-07
4.618509057 6.884299803520354e-09
4.619860289 4.706601018137706e-08
4.62121152 2.1275976394348993e-07
4.622562751999999 7.214888812742343e-09
4.6239139830000004 4.903615316163198e-09
4.625265215000001 8.23225083859482e-09
4.626616446 4.0881612492772983e-07
4.627967677 5.915197608739162e-08
4.629318908999999 4.886885436680383e-09
4.63067014 4.882642659089997e-09
4.6320213720000005 6.098139914211738e-08
4.633372603 2.8799076640278322e-06
4.634723835 1.6879497688547436e-08
4.636075066 4.865441811874605e-09
4.637426298 5.5255494404356866e-09
4.638777529 3.6072372823090625e-07
4.64012876 2.60790988754634e-07
4.641479992 4.884725024226331e-09
4.642831223 4.843351773914979e-09
4.644182455 1.8184188384318763e-08
4.645533685999999 1.9487783290557804e-06
4.646884918 3.6626086436112893e-08
4.648236149000001 4.8252652590850284e-09
4.64958738 4.820681761492177e-09
4.650938612 9.021888269758566e-08
4.652289842999999 6.510145735555377e-07
4.6536410749999995 8.63305262927049e-09
4.6549923060000005 7.41319434615809e-08
4.656343538 4.5486020212651505e-06
4.657694769 6.993477913998172e-06
4.659046001 2.286963806512106e-07
4.660397232 5.881828752709325e-09
4.661748463 4.711893848053168e-07
4.663099695 5.3491393774591e-06
4.664450926000001 6.613662742174323e-06
4.665802158 3.440382978324714e-08
4.667153389 2.0941605649790052e-08
4.668504621 4.0464488494167745e-06
4.6698558519999995 6.447280600536259e-06
4.6712070830000005 1.0089889392878934e-06
4.672558315 8.32347114092596e-09
4.673909546 6.774747097392048e-08
4.675260778 9.754756346348172e-07
4.676612009 1.1314867717235651e-08
4.6779632410000005 4.724924792678812e-09
4.679314472 5.775938174435181e-09
4.680665704 6.262934941566239e-07
4.682016935 4.4960544359324885e-07
4.683368166 5.028290143356678e-09
4.684719398 4.699863960769007e-09
4.686070629 1.569043226074251e-08
4.687421861 2.3044536101021227e-06
4.688773092 7.563675578793162e-08
4.690124324 4.679603090668285e-09
4.691475555 4.674582262666709e-09
4.6928267869999996 7.336341465967907e-08
4.694178018 4.57103692020965e-06
4.695529249 2.181166396110224e-08
4.696880481 2.0020395328519803e-08
4.698231712 1.3336296190992689e-06
4.699582943999999 4.978285583390614e-06
4.700934175 1.1446976165232748e-06
4.702285407000001 7.354838009569742e-09
4.703636638 4.63476484186382e-09
4.704987869 4.629791199295431e-09
4.706339100999999 4.6248236466489475e-09
4.707690332 4.619860283253023e-09
4.7090415640000005 4.614901792695143e-09
4.710392795 4.610128090688393e-09
4.711744027 1.974392112752826e-08
4.713095258 2.0833744826069053e-06
4.71444649 4.31951223519436e-08
4.7157977209999995 1.0866394108160277e-08
4.717148952 1.2109287647323187e-06
4.718500184000001 5.7670918439523915e-06
4.719851415 3.442190150245953e-06
4.721202647 1.94402587920485e-08
4.722553877999999 3.5546137979067404e-08
4.72390511 7.995189721971022e-06
4.725256341000001 8.026110567192686e-06
4.726607572 9.9645102798986e-07
4.727958804 8.018155787488363e-09
4.729310035 1.0876250076278379e-07
4.730661267 8.320554447654536e-06
4.7320124980000005 4.048159760866064e-06
4.73336373 1.9252248607163678e-07
4.734714961 4.666759408638169e-09
4.736066193 3.818545114444856e-07
4.737417424 9.502737267383679e-06
4.738768654999999 4.806340993179306e-06
4.740119887 2.3930688983213004e-06
4.741471118000001 1.7233271638943995e-06
4.74282235 7.190673007591565e-06
4.744173581 5.717436131742722e-06
4.745524813 1.3037959863431286e-06
4.7468760439999995 2.5044580156317792e-08
4.748227276 1.2867967267509389e-08
4.749578507 2.004942074237626e-06
4.750929738 1.5016199664652874e-07
4.75228097 4.4706188903811915e-09
4.753632201 4.466036894106846e-09
4.7549834330000005 2.849857939823622e-08
4.756334664 5.885182060857549e-06
4.757685896 7.228806773996053e-08
4.759037127 9.442190990212947e-09
4.760388358 9.963955947215258e-07
4.76173959 7.081316797076429e-06
4.763090821 8.201507276781051e-06
4.764442053 3.581661670760218e-08
4.765793284 1.765765854039859e-08
4.767144516 2.8150549265168325e-06
4.768495747 7.846160851200654e-06
4.7698469789999995 2.978864984944717e-06
4.77119821 1.7485557216838548e-08
4.772549441 3.536324461106898e-08
4.773900673 7.46784864854e-06
4.775251904 8.369423983635986e-06
4.776603135999999 1.3974929107984654e-06
4.777954367 1.042732583848638e-08
4.779305599000001 5.118588538998274e-08
4.78065683 5.691226942893232e-06
4.782008061000001 3.0049229088824134e-06
4.783359293 3.174373542860592e-07
4.784710524 6.588187560988192e-09
4.7860617560000005 1.0979411275684235e-07
4.787412987 9.58631673083825e-06
4.788764219 5.459178902928586e-06
4.79011545 1.99924306518199e-06
4.791466682 4.884230608444085e-07
4.7928179129999995 2.2576991114557967e-06
4.7941691440000005 2.649804517793702e-06
4.795520376000001 1.5150339743931805e-08
4.796871607 4.319279587017421e-09
4.798222839 4.3147244736602846e-09
4.799574069999999 2.62453411841439e-07
4.800925302 1.9322301950562284e-06
4.802276533000001 1.1452408096857207e-08
4.803627764 2.90050411116798e-08
4.804978996 1.8623422647141997e-06
4.806330227 5.6585924886666295e-06
4.807681459 1.4862525732461188e-06
4.80903269 9.279086313779023e-09
4.810383922 4.819007897777035e-08
4.811735153 3.983552460963097e-06
4.813086384999999 7.1551174606825854e-06
4.814437616 1.2300320531639132e-06
4.815788846999999 1.0003309457240931e-08
4.817140079 6.324409803521135e-08
4.818491310000001 4.902943953822008e-06
4.819842542 5.805603030395737e-06
4.821193773 6.524047821374226e-07
4.822545005 6.903954252812389e-09
4.8238962359999995 9.596922570076609e-08
4.825247468 9.32409518579199e-06
4.826598699 9.167120282672752e-06
4.82794993 7.743924038394977e-07
4.829301162 6.7667889731148194e-09
4.830652393 1.1226037219295667e-07
4.8320036250000005 1.1192025191688978e-05
4.833354856 8.114398688581016e-06
4.834706088 6.244540402883664e-07
4.836057318999999 6.614767201061943e-09
4.83740855 1.3942850074825404e-07
4.838759782 9.269966872196099e-06
4.840111013 6.242536216342673e-06
4.841462245 4.525043099914645e-06
4.842813476 3.076175759517802e-06
4.844164708 5.800538133662502e-06
4.845515939 1.149448332592735e-05
4.8468671709999995 3.7996968757193385e-06
4.8482184020000005 1.912523839475906e-06
4.849569633 1.6571065600827332e-06
4.850920865 4.5194227100431156e-06
4.852272096 1.6876705778347192e-05
4.853623327999999 8.167680882190886e-06
4.854974559 5.3522248983313395e-06
4.856325791000001 4.659973291000387e-06
4.857677022 6.976188717898212e-06
4.859028253 1.4215379030476007e-05
4.860379485 5.3088616208079655e-06
4.861730716 3.689698557676589e-06
4.863081948 6.468932432099231e-06
4.864433179 9.325344311633165e-06
4.865784411 1.5611595079906216e-05
4.867135642 1.0980292875784681e-07
4.868486874 8.158717716011952e-09
4.8698381049999995 8.203910133051043e-07
4.8711893360000005 8.113091538207688e-06
4.872540568000001 1.1952767635277873e-05
4.873891799 6.016831783770083e-06
4.875243031 3.774694554380092e-06
4.876594261999999 9.146992169793335e-06
4.8779454939999995 1.4645868114039719e-05
4.879296725000001 1.5450933489476235e-05
4.880647956 8.788269512762933e-06
4.881999188 4.891246007907971e-06
4.883350419 8.970818818694272e-06
4.884701651 1.1978288058556647e-05
4.8860528819999995 9.899550944678078e-06
4.887404114 5.619644821688949e-06
4.888755345 2.705973298679583e-06
4.890106576999999 7.5181612980055695e-06
4.891457808 1.4753305764657355e-05
4.892809038999999 1.0877517268844915e-05
4.894160271 5.169400427920985e-06
4.895511502000001 1.7501133264010003e-06
4.896862734 4.15736848167966e-06
4.898213965 1.1261334686466126e-05
4.899565197 5.413411595607872e-06
4.900916428 3.830037751465297e-06
4.902267660000001 3.792911190110569e-06
4.903618891 7.081619636024879e-06
4.904970122 2.2971881175343038e-05
4.906321354 1.0520728610029704e-05
4.907672585 7.682669765639837e-06
4.9090238170000005 7.786136182500926e-06
4.910375048 9.78596278034562e-06
4.91172628 1.7830016291858203e-05
4.913077511 5.2637316093699974e-06
4.914428742 1.7871912067277003e-06
4.915779974 2.614694427026938e-06
4.917131205 5.1507783484031535e-06
4.918482437 1.1282670591416399e-05
4.919833668 4.837795994839082e-07
4.9211849 4.520963438170612e-09
4.922536131 1.5760855162601474e-07
4.9238873629999995 8.615392485050272e-06
4.9252385940000005 1.2320680409060402e-05
4.926589825 9.109632822104775e-06
4.927941057 3.2308346308323396e-06
4.929292288 4.68063657953583e-06
4.930643519999999 1.6670025864628508e-05
4.931994751 1.8387539799329783e-05
4.933345983000001 9.96920929971747e-06
4.934697214 2.0153688607281933e-06
4.936048445 2.111214276017456e-06
4.937399677 8.086606658741404e-06
4.938750908 1.092500488589955e-05
4.94010214 9.984615568727281e-06
4.941453371 3.820539318229168e-06
4.942804603 2.889063937349077e-06
4.944155834 8.166142079318098e-06
4.945507066 1.370484436926087e-05
4.9468582969999995 8.683884667418672e-06
4.9482095280000005 1.6550232387902665e-07
4.949560760000001 4.962285121989334e-09
4.950911991 5.308522325344139e-07
4.952263223 9.017323381715795e-06
4.953614453999999 5.4812269726282225e-06
4.9549656859999995 4.22832006033557e-06
4.9563169170000005 3.5610241573372713e-06
4.957668148 6.815612792299549e-06
4.95901938 1.89977491933146e-05
4.960370611 7.97173559300544e-06
4.961721843 5.383028276798959e-06
4.9630730739999995 4.841653938742795e-06
4.964424306 6.4729189173193655e-06
4.965775537000001 1.4940722218321071e-05
4.967126769 7.587816735933908e-06
4.968478 3.929864312142369e-06
4.969829230999999 5.5458725237716725e-06
4.971180463 7.998294210345026e-06
4.972531694000001 1.2597514887315572e-05
4.973882926 1.0878147952068735e-05
4.975234157 5.4105379598571e-06
4.976585389 6.0946979115452936e-06
4.97793662 8.866498392872888e-06
4.979287852000001 1.1472189854202896e-05
4.980639083 1.2237372433250421e-05
4.981990314 5.027692515306499e-06
4.983341545999999 4.076486391192374e-06
4.984692777 7.70520385833691e-06
4.986044009 1.2681263980282625e-05
4.98739524 1.6638426962421445e-05
4.988746472 6.4527488946990374e-06
4.990097703 3.889390072535432e-06
4.991448934 7.81303569981314e-06
4.992800166 1.4706480366216803e-05
4.9941513969999995 1.3424021091014085e-05
4.995502629 9.393369844090237e-06
4.99685386 5.901278606222728e-06
4.998205092 8.245279254216735e-06
4.999556323 1.5687339981398273e-05
5.0009075549999995 1.154651982977208e-05
5.0022587860000005 8.662768184933102e-06
5.003610017 4.963336190152301e-06
5.004961249 5.015437655858095e-06
5.006312479999999 1.1227097840121397e-05
5.007663711999999 1.2085691908500748e-05
5.009014943 9.17426970617201e-06
5.010366175 6.0325319496462235e-06
5.011717406 4.126005377759462e-06
5.013068637 8.189359922905469e-06
5.014419869 1.2587894999351488e-05
5.0157711 9.528397769247896e-06
5.017122332 7.964957769127409e-06
5.018473563 7.4463324247974265e-06
5.019824795000001 9.18851894921503e-06
5.021176026 1.4497381893081564e-05
5.022527258 5.555056852863043e-06
5.0238784889999994 2.1357815659178893e-06
5.0252297200000005 2.274712194775222e-06
5.026580952000001 2.9491094575591253e-06
5.027932183 6.657687082409945e-06
5.029283415 4.243743180804992e-06
5.030634646 5.850320572275335e-07
5.031985878 7.312234660290444e-07
5.033337109 2.759203480358419e-06
5.034688341 5.562575676095182e-06
5.036039572 1.0844761593926108e-05
5.037390803 3.919257348588876e-06
5.038742035 2.3923927627104806e-06
5.0400932659999995 5.128965115728179e-06
5.041444498 8.617834349862126e-06
5.042795729000001 1.036459553410182e-05
5.044146961 6.18120864787626e-06
5.045498192 2.3425622978708517e-06
5.046849422999999 3.424883212014052e-06
5.048200655 7.155471551778585e-06
5.049551886000001 7.537498426333013e-06
5.050903118 7.360596564859881e-06
5.052254349 3.4004794272537045e-06
5.053605581 2.890671869975515e-06
5.054956812 7.4738107767527315e-06
5.056308044000001 1.1469917646861137e-05
5.057659275 1.0624507710569721e-05
5.059010506 6.915977898334116e-06
5.060361737999999 3.823074208505768e-06
5.061712969 5.898284898414286e-06
5.063064201 1.0527211326424893e-05
5.064415432 7.270431601823898e-06
5.065766664 4.495989073824961e-06
5.067117895 1.7711469262550605e-06
5.068469126 1.5737588012519095e-06
5.069820358 5.763156956965967e-06
5.0711715889999995 9.21317638912251e-06
5.072522821 7.0743133748265794e-06
5.073874052 5.720614726515987e-06
5.075225284 4.732583928728387e-06
5.076576515 7.037149501380308e-06
5.0779277469999995 1.3116430432493086e-05
5.0792789780000005 6.788544936200899e-06
5.080630209 4.53991710942979e-06
5.081981441 5.0776828635167976e-06
5.083332671999999 6.192185015434139e-06
5.084683904 9.044848522322597e-06
5.086035135 6.161731675459024e-06
5.087386367 1.8634859611352003e-06
5.088737598 1.8977639566008055e-06
5.090088829 3.7833186241668672e-06
5.091440061 6.5525637216287066e-06
5.092791292 1.1943012250461663e-05
5.094142524 6.662208355594333e-06
5.095493755000001 4.158589332095826e-06
5.096844987000001 6.251981509325218e-06
5.098196218 8.83461791679358e-06
5.09954745 1.0231635616799034e-05
