Wavelength_microns Throughput
2.2963553049999996 0.0
2.2979633969999997 0.0
2.299571489 9.437141346577265e-07
2.301179581 1.6291764063282187e-06
2.3027876729999996 6.265516832930006e-07
2.304395765 1.4540291300399479e-08
2.3060038570000003 3.5083444358066815e-10
2.307611949 5.000715063453922e-09
2.309220041 3.183482676187815e-07
2.310828133 2.2649366232705123e-06
2.312436225 5.093453806825008e-08
2.314044317 1.1896311849760206e-09
2.3156524089999997 6.0617586836391475e-09
2.3172605010000003 3.682043377754912e-07
2.318868592 1.1222228922149907e-05
2.3204766840000004 7.22458913233157e-06
2.322084776 5.16062098795889e-06
2.323692868 5.2722115339640085e-06
2.32530096 8.711848121407819e-06
2.326909052 1.3074465561397914e-05
2.328517144 1.8896542247573608e-05
2.3301252359999998 2.7082428418310064e-05
2.331733328 2.5765170427760427e-05
2.33334142 1.238024193234454e-05
2.334949512 5.850137277230279e-06
2.3365576040000002 1.0674031524753107e-05
2.338165696 3.1364711791284645e-05
2.339773788 7.794964176639454e-05
2.3413818799999997 1.886957978954145e-05
2.342989972 5.241160425035375e-06
2.344598064 5.17289623189454e-06
2.346206156 1.9709413447108256e-05
2.347814248 8.804113772996141e-05
2.3494223400000003 6.943494530369455e-05
2.3510304310000003 4.7880624526665675e-05
2.352638523 3.833767071004541e-05
2.354246615 5.543322939652741e-05
2.3558547069999998 8.303133928996456e-05
2.357462799 0.000124129732624541
2.359070891 0.00014244602759940408
2.3606789829999997 0.00016090090739963143
2.3622870750000002 0.00016908627587073548
2.363895167 0.00017137483702511612
2.365503259 0.00018890932998208958
2.367111351 0.0002738497245414566
2.368719443 0.00038971648360445023
2.370327535 0.0004814701892389989
2.371935627 0.0004946538189777502
2.3735437189999997 0.0005126852501340721
2.3751518110000003 0.0006492410018856623
2.376759903 0.0008624382089064282
2.378367995 0.0011315979921666295
2.379976087 0.0012784422910908034
2.381584179 0.0014459742939833186
2.383192271 0.001693426477158293
2.384800362 0.0021031477026547995
2.3864084539999997 0.00261171726537534
2.388016546 0.003182128788090589
2.389624638 0.0038327451051511996
2.39123273 0.00461825508236935
2.392840822 0.005581779359748316
2.3944489140000003 0.00675180745496743
2.396057006 0.008162664205443634
2.397665098 0.009844618952916565
2.3992731899999997 0.011877292464759574
2.400881282 0.014178862195008995
2.4024893740000004 0.016680857746032444
2.404097466 0.019619833593455514
2.405705558 0.022917391709884355
2.40731365 0.026681421286004703
2.408921742 0.031038676687945944
2.410529834 0.035500957533996604
2.4121379259999998 0.04046714941722765
2.413746018 0.04608384121374189
2.41535411 0.052316045398003864
2.416962201 0.05934688082976719
2.418570293 0.0673051750956154
2.4201783850000003 0.0761705927443738
2.421786477 0.0861413571315934
2.423394569 0.09754087427410767
2.425002661 0.11055263394114866
2.426610753 0.12521092800919
2.428218845 0.14155850713687995
2.4298269369999996 0.1597175352390728
2.431435029 0.18027329886819568
2.4330431210000003 0.20110587390917095
2.434651213 0.2235087239288816
2.436259305 0.24850288193498726
2.4378673969999998 0.2696705377815635
2.439475489 0.2923798178109365
2.441083581 0.31608471260674254
2.4426916729999997 0.3324601821047801
2.4442997650000002 0.34984165103774695
2.4459078570000004 0.3658130621746786
2.447515949 0.37541386882298217
2.44912404 0.38525342990872424
2.450732132 0.39252637831948933
2.452340224 0.3956837149409363
2.453948316 0.39907686834758205
2.455556408 0.400978169262171
2.4571644999999998 0.40141786971098214
2.458772592 0.40207498836681205
2.460380684 0.4021500628903998
2.461988776 0.4021723531270967
2.463596868 0.4019763955850618
2.46520496 0.40187482850801975
2.466813052 0.4020400707072999
2.468421144 0.40198647027668805
2.470029236 0.4022843735181108
2.471637328 0.40284933102324594
2.47324542 0.40319587105912813
2.474853512 0.4035723234153812
2.4764616040000003 0.4039478243851766
2.478069696 0.4043243962191949
2.479677788 0.40486530559936335
2.481285879 0.40517918499483546
2.4828939709999998 0.4057142410260949
2.484502063 0.4062010573114234
2.486110155 0.4064710214175445
2.4877182469999997 0.40696094389277954
2.489326339 0.4072082398571938
2.4909344310000003 0.40767487878387637
2.492542523 0.40813983681768656
2.494150615 0.4085552272814787
2.495758707 0.4089731246071853
2.497366799 0.40939168887835287
2.498974891 0.4096558302967857
2.499778162 0.40145517732719604
2.5011293930000003 0.4016857704598639
2.502480624 0.4017844790160008
2.5038318559999997 0.4018628308103106
2.505183087 0.4018807379598418
2.506534319 0.40180748153610446
2.50788555 0.4016691407860179
2.509236782 0.4014244484971407
2.510588013 0.40110503359975463
2.511939244 0.40074229409739487
2.5132904760000003 0.40032829878680776
2.514641707 0.39984076897411047
2.515992939 0.3993603470001886
2.51734417 0.39889220812477966
2.5186954019999996 0.3984220476333848
2.5200466329999998 0.3979829395372267
2.521397865 0.3976006450694107
2.522749096 0.3972244931552123
2.524100327 0.3968817045686679
2.525451559 0.39675701992855195
2.52680279 0.3966370211522429
2.5281540220000003 0.3966821163965563
2.529505253 0.3967963695320722
2.5308564849999997 0.3969838539393798
2.532207716 0.3972404561999015
2.533558948 0.39781412767530694
2.534910179 0.3984506392490337
2.5362614100000003 0.39890204224673986
2.537612642 0.39993502886489174
2.538963873 0.40076917252559907
2.5403151050000004 0.40167356433788975
2.5416663359999996 0.4023791768975276
2.5430175680000002 0.40297863733172634
2.544368799 0.40406477441318356
2.54572003 0.4050714965423148
2.547071262 0.40562610098351753
2.548422493 0.4062695222061172
2.549773725 0.40699206081005246
2.551124956 0.407239494539
2.552476188 0.40735712335985574
2.553827419 0.4079382339325835
2.5551786510000003 0.40826293720655027
2.556529882 0.40814743091507744
2.557881113 0.40794210545377196
2.559232345 0.4074138862222866
2.560583576 0.40595267583009403
2.561934808 0.4049446402124563
2.5632860390000003 0.4043981876777478
2.564637271 0.403628444415956
2.565988502 0.4036397726593912
2.567339733 0.40279600804947485
2.5686909649999996 0.4012898217697322
2.5700421959999997 0.3998359014303747
2.571393428 0.3997823773141148
2.572744659 0.39793849015972776
2.574095891 0.39711924250639735
2.575447122 0.3970421910154016
2.576798354 0.3955453588855175
2.5781495850000002 0.39592483551758306
2.5795008160000004 0.39572251663330205
2.580852048 0.3946825790318054
2.582203279 0.3949827490545496
2.583554511 0.393876936293633
2.584905742 0.3949787711139953
2.586256974 0.3958108324620604
2.587608205 0.39592861852501143
2.588959437 0.3972091182224335
2.590310668 0.398654262188858
2.591661899 0.39976166648067973
2.593013131 0.40047142291456606
2.594364362 0.3984715303682637
2.5957155939999996 0.40116615671165856
2.5970668249999997 0.4051977840206527
2.598418057 0.4073031679625414
2.599769288 0.4088937947724021
2.601120519 0.40954765654005165
2.602471751 0.4105715379982448
2.603822982 0.4112308316147715
2.6051742140000003 0.4106076789396873
2.6065254450000004 0.41268595099438743
2.607876677 0.4139368828618737
2.609227908 0.4142600845800452
2.61057914 0.4153058221478293
2.611930371 0.41603131185136605
2.613281602 0.4155750211066805
2.614632834 0.4154497063190306
2.615984065 0.41460675573428196
2.617335297 0.41433544868532407
2.618686528 0.4161335240111567
2.62003776 0.41474792214216083
2.621388991 0.41578137118384184
2.622740222 0.41651146609163797
2.6240914539999998 0.4162151196903353
2.625442685 0.41522496729823866
2.626793917 0.41359127689382963
2.628145148 0.41434004243527445
2.62949638 0.4127139883482023
2.630847611 0.4113217003333636
2.6321988430000003 0.41249116543107966
2.6335500740000004 0.4114557172312695
2.634901305 0.41121272112753365
2.636252537 0.41107254145197925
2.637603768 0.41055902145362
2.6389549999999997 0.4100809233777859
2.640306231 0.4096413071538621
2.641657463 0.40905970427044563
2.643008694 0.4089259615561762
2.6443599250000003 0.4086848961866877
2.645711157 0.4079886012607859
2.6470623879999997 0.40859089206743815
2.64841362 0.4088751100760297
2.649764851 0.40904514446816037
2.651116083 0.40808856450337355
2.652467314 0.4073753962564293
2.653818546 0.40844802057484364
2.6551697770000002 0.40830821798901484
2.6565210080000004 0.4090202149581851
2.65787224 0.40961434009543546
2.659223471 0.40910324609288645
2.6605747030000004 0.4096748035874223
2.6619259339999997 0.4102518063380194
2.663277166 0.4105099829374849
2.664628397 0.4089443509677738
2.6659796289999997 0.4090046545085935
2.66733086 0.4094051038779194
2.668682091 0.41130248854828627
2.670033323 0.4086637142385682
2.6713845540000003 0.41048374642668417
2.672735786 0.4124436042833772
2.6740870169999997 0.41244661676609956
2.675438249 0.4115945996874759
2.67678948 0.41099424545794544
2.678140711 0.4115803769529213
2.679491943 0.4115158954339596
2.680843174 0.4129682089547945
2.6821944060000003 0.41278970103094187
2.6835456370000004 0.4120726506454183
2.684896869 0.4122273425214403
2.6862481 0.41164107250137527
2.6875993319999996 0.4117726006749179
2.6889505629999997 0.41153420556256615
2.690301794 0.4114921815156451
2.691653026 0.4110924377054699
2.693004257 0.409694082326298
2.694355489 0.40919448742264664
2.69570672 0.4097272780428826
2.697057952 0.41051382070904346
2.6984091830000003 0.41072198015783423
2.699760414 0.4105485523312528
2.7011116459999998 0.41080605336937404
2.702462877 0.4114125105593387
2.703814109 0.41184651697452496
2.70516534 0.4120715625744179
2.706516572 0.41227549231011495
2.707867803 0.41202317024889074
2.7092190350000003 0.4115488336265949
2.7105702660000004 0.41099406735348887
2.7119214969999996 0.4122610564125143
2.713272729 0.4139771418814607
2.71462396 0.41440912149297954
2.7159751919999997 0.41472405210356794
2.717326423 0.4148357740886876
2.718677655 0.41512289516047474
2.720028886 0.4133760311592268
2.7213801170000003 0.4145173217043838
2.722731349 0.4164187687982545
2.7240825799999997 0.4154511164074422
2.7254338120000003 0.4164410403580751
2.726785043 0.41808803380402
2.7281362749999998 0.41890612587234827
2.729487506 0.41925942212626877
2.730838738 0.41947483340240554
2.732189969 0.41979353766779626
2.7335412000000003 0.4196565760335126
2.734892432 0.4188340160544142
2.736243663 0.4199849333311345
2.737594895 0.41987614918811833
2.7389461259999996 0.4182012564130284
2.740297358 0.41778090487879505
2.741648589 0.41861390917464075
2.7429998209999997 0.4198161016772187
2.744351052 0.42021094485260296
2.745702283 0.420011003493727
2.747053515 0.42000784141109215
2.7484047460000003 0.4197975801231074
2.749755978 0.41968531577101237
2.7511072089999997 0.41862703660136646
2.7524584410000004 0.4177994838336154
2.753809672 0.4165287181226008
2.755160903 0.4132530090328754
2.756512135 0.4134803076055116
2.757863366 0.4140766936534128
2.7592145980000002 0.41296025704581024
2.760565829 0.4120597676273454
2.761917061 0.41043671957375344
2.7632682920000002 0.40947611344172435
2.764619524 0.4099070806002353
2.7659707549999997 0.4098511765031272
2.767321986 0.4092394807367593
2.768673218 0.40943818545600213
2.770024449 0.40921863519608664
2.771375681 0.40937581388536426
2.772726912 0.4101034921062253
2.774078144 0.41077639827233153
2.7754293750000003 0.41099374077342243
2.776780606 0.4111070974509666
2.7781318379999997 0.4115912480021031
2.779483069 0.41205028678136524
2.780834301 0.41235606970379063
2.782185532 0.41295148332090936
2.783536764 0.4137032030799475
2.784887995 0.4143283982964709
2.786239227 0.4142502665541546
2.787590458 0.4146906911347918
2.788941689 0.41600667422296556
2.7902929210000003 0.4171496960475666
2.791644152 0.41785569983874504
2.7929953839999997 0.41846238505890665
2.794346615 0.4192532592875664
2.795697847 0.41991168090870057
2.797049078 0.4206544781267284
2.7984003090000003 0.4213267988040876
2.799751541 0.4219386643339849
2.801102772 0.4223048672336702
2.8024540040000003 0.42201373247875823
2.803805235 0.4225737568816825
2.8051564669999998 0.42372622569551877
2.806507698 0.4244335501244186
2.80785893 0.4248600450748706
2.8092101609999998 0.4251840348632942
2.810561392 0.42556516838523745
2.811912624 0.42582615263563883
2.813263855 0.4259682527683425
2.814615087 0.42596842194183476
2.8159663179999996 0.4261979474230588
2.8173175500000003 0.4263446948424998
2.818668781 0.4261882552495952
2.8200200129999997 0.4260494165206729
2.821371244 0.4261954338723726
2.822722475 0.42643651454655895
2.824073707 0.42651664609038353
2.8254249380000003 0.42652039103051104
2.82677617 0.4264730519549073
2.828127401 0.4264271543531013
2.8294786330000004 0.42651075598604743
2.830829864 0.4264982862635097
2.8321810949999997 0.4263373693923305
2.833532327 0.4262200154240451
2.834883558 0.42621230274882077
2.83623479 0.4261896922249152
2.837586021 0.4262207968434218
2.838937253 0.42634270957744386
2.8402884840000002 0.4264046771207133
2.841639716 0.42649559859291736
2.8429909469999997 0.4266226800886279
2.8443421779999998 0.4266715296124126
2.84569341 0.4268228646072006
2.847044641 0.4268569820036641
2.848395873 0.42695861488248377
2.849747104 0.427122233921452
2.851098336 0.4273927009204414
2.8524495670000003 0.4276175334413613
2.8538007980000004 0.42771543388986594
2.85515203 0.4279447558713887
2.856503261 0.42834665280673034
2.8578544929999996 0.4286754309642523
2.8592057239999997 0.42889105440473657
2.860556956 0.42914489100545034
2.861908187 0.42947173048091375
2.863259419 0.42977396852289595
2.86461065 0.4300673690640147
2.865961881 0.43029155395274554
2.8673131130000002 0.4305615602053891
2.868664344 0.4308875361353942
2.8700155759999997 0.431150561569832
2.871366807 0.43129036637268986
2.872718039 0.4315513817751991
2.87406927 0.43189179988330384
2.8754205010000002 0.43209706726874586
2.876771733 0.4322273364294633
2.878122964 0.4324489238376804
2.8794741960000003 0.43260054493552796
2.8808254270000004 0.4327275507769206
2.882176659 0.43292287453965966
2.88352789 0.43296900339330324
2.8848791219999996 0.43302090520473197
2.8862303529999997 0.4331417234911342
2.887581584 0.4331601054270449
2.888932816 0.4331968155336145
2.890284047 0.4332690086548018
2.891635279 0.433279282338536
2.89298651 0.4332563820321663
2.8943377420000003 0.4332944265529585
2.895688973 0.4332731030427252
2.8970402049999997 0.43327663315988235
2.898391436 0.43326829878794315
2.899742667 0.43313690538838695
2.901093899 0.43302470403243193
2.9024451300000003 0.4331288432363372
2.903796362 0.43314529841645955
2.905147593 0.4330653403946631
2.9064988250000003 0.43311719921155856
2.907850056 0.4331507989263077
2.9092012869999997 0.4330794469095364
2.910552519 0.43311737353607954
2.91190375 0.43314486046423595
2.9132549819999998 0.4330336753996772
2.914606213 0.4331091848156535
2.915957445 0.43319572606520595
2.917308676 0.43309506719838087
2.918659908 0.43317275518801884
2.920011139 0.4331043493983393
2.9213623699999998 0.4331787301095597
2.922713602 0.43325120316734284
2.924064833 0.4331764610890522
2.925416065 0.4333552258618433
2.926767296 0.43352031345750824
2.928118528 0.43342003562765824
2.9294697590000003 0.433561593195895
2.93082099 0.43369119428390573
2.932172222 0.43360474337582156
2.933523453 0.43374581017165037
2.934874685 0.4338481127075942
2.9362259159999997 0.43373971410987117
2.937577148 0.4338623082156086
2.938928379 0.43399925007120593
2.940279611 0.433894980233906
2.941630842 0.4340177786817019
2.942982073 0.4340761914454574
2.9443333050000002 0.43402454710741406
2.9456845360000004 0.43414800025001854
2.947035768 0.4340867583149893
2.948386999 0.4342167388301516
2.949738231 0.4342765779747425
2.951089462 0.434219347742864
2.952440694 0.4342462248660132
2.953791925 0.43426683897941115
2.955143156 0.4342547089449813
2.956494388 0.4342980559953588
2.957845619 0.43432461573991976
2.959196851 0.4343267429655947
2.960548082 0.43435161173487846
2.9618993139999996 0.43434187629315557
2.9632505449999997 0.43438366731426953
2.964601776 0.4343915588865557
2.965953008 0.43443332821539504
2.967304239 0.4345625409319222
2.968655471 0.4345761159669783
2.970006702 0.4347098925593186
2.9713579340000003 0.43473024582606434
2.9727091650000004 0.43481328400994
2.974060397 0.4350585899926067
2.975411628 0.4351778238095229
2.976762859 0.43527757259521926
2.978114091 0.4355918400457705
2.979465322 0.43573369860311517
2.980816554 0.4359188789540827
2.982167785 0.4363589841926744
2.983519017 0.43661269957165183
2.984870248 0.4368747346750313
2.9862214789999997 0.4373457205127462
2.987572711 0.4376233650350454
2.988923942 0.43793708709795764
2.9902751739999998 0.4385537716276467
2.991626405 0.4389020614395185
2.992977637 0.43929456292504093
2.994328868 0.43996628800549453
2.9956801 0.4403765948929096
2.997031331 0.44102011722303536
2.9983825619999998 0.44145422129149037
2.9997337940000004 0.4419447973425031
3.001085025 0.4424673704118321
3.002436257 0.44300898280719303
3.003787488 0.4435531652725018
3.0051387199999997 0.44432114835507885
3.006489951 0.44484607212911886
3.007841182 0.44538039445252026
3.009192414 0.4461135447709172
3.0105436450000003 0.44667394280452444
3.011894877 0.44720309517041557
3.0132461079999997 0.4478834235082636
3.01459734 0.4483861210409511
3.015948571 0.4488591126299701
3.017299803 0.4494469048808302
3.018651034 0.44990205737516786
3.020002265 0.45046319485553893
3.021353497 0.45086440407162576
3.0227047280000003 0.4512490049706854
3.02405596 0.45168894624399925
3.0254071909999998 0.4520445381184579
3.0267584230000004 0.4523205497463018
3.0281096539999997 0.45259202272023863
3.029460886 0.4528299853812412
3.030812117 0.4530504660680045
3.032163348 0.4532096473638693
3.03351458 0.45338239200955804
3.034865811 0.4535251283993497
3.036217043 0.45356338685996556
3.0375682740000003 0.45362022615002195
3.038919506 0.4536433226601926
3.0402707369999997 0.4536010837962148
3.041621968 0.45360119226165774
3.0429732 0.45360336305712906
3.044324431 0.4534640749489864
3.045675663 0.4533954477415601
3.047026894 0.4532111101191001
3.0483781260000002 0.4531353946916004
3.0497293570000004 0.45305181092186064
3.051080589 0.45286271824364793
3.05243182 0.45275229579840603
3.053783051 0.45265530094149686
3.0551342829999997 0.4524552220065195
3.056485514 0.4523961082169074
3.057836746 0.4523128265439351
3.059187977 0.45214267925003254
3.060539209 0.45206454568712534
3.06189044 0.4520004139771771
3.063241671 0.4518922690178148
3.0645929030000003 0.4518869622341458
3.065944134 0.4518772220544988
3.0672953659999997 0.45183065185287585
3.068646597 0.45187777546220886
3.069997829 0.4519363540562287
3.07134906 0.45201167641028656
3.072700292 0.4520906594303626
3.074051523 0.45224424120476514
3.075402754 0.452420466127546
3.0767539860000004 0.452610843081076
3.0781052169999996 0.45285723292491065
3.079456449 0.4531134335106047
3.08080768 0.4533373070180215
3.0821589119999997 0.4536847318035965
3.083510143 0.4540057905573995
3.084861374 0.45433820813833103
3.086212606 0.4547783655708164
3.0875638370000003 0.4551884772622108
3.088915069 0.45560158459737643
3.0902662999999997 0.45618395809346785
3.0916175320000003 0.4566551560409357
3.092968763 0.45712416699312325
3.0943199949999998 0.45770418632334786
3.095671226 0.4582010564050758
3.097022457 0.45885055921942214
3.098373689 0.45936194234833005
3.0997249200000003 0.4598803733054032
3.101076152 0.4605912727629616
3.102427383 0.4611195942857076
3.103778615 0.4616514065253414
3.1051298459999996 0.4623342249915246
3.106481078 0.4628763688286967
3.107832309 0.4634375937363033
3.10918354 0.4641627291266655
3.110534772 0.46464780529829813
3.111886003 0.4651645456882856
3.113237235 0.4658707727487971
3.1145884660000003 0.46635002249265567
3.115939698 0.46681374207684007
3.1172909289999997 0.46749135076217846
3.11864216 0.46795081190364923
3.119993392 0.4683929201080301
3.121344623 0.46898408978840433
3.122695855 0.46937997362216405
3.124047086 0.4699350790633216
3.1253983180000002 0.47030540644288144
3.126749549 0.47064827358087236
3.128100781 0.471166209193347
3.1294520120000002 0.47148848643601665
3.130803243 0.4718061330893867
3.1321544749999997 0.47224448616205034
3.133505706 0.4725216961770118
3.134856938 0.47276338692514125
3.136208169 0.473152405603385
3.137559401 0.4733874127567434
3.138910632 0.4736131086540745
3.140261863 0.4739407259690142
3.1416130950000003 0.47415680118695447
3.142964326 0.47434353941944607
3.1443155579999997 0.47463482150054237
3.145666789 0.47477815782249255
3.147018021 0.4750492621012453
3.148369252 0.47525648993702363
3.149720484 0.47545948657067927
3.151071715 0.4756927810774452
3.152422946 0.4758771727179315
3.153774178 0.47605581607212616
3.155125409 0.4762995438601599
3.1564766410000002 0.4764765411406628
3.157827872 0.47668597348407055
3.1591791039999997 0.4769135777949975
3.160530335 0.47712551763683225
3.161881566 0.4773345392693474
3.163232798 0.47759083032643057
3.1645840290000002 0.4778076275075804
3.165935261 0.47805070610026074
3.167286492 0.4783181774597408
3.1686377240000003 0.47858252266510565
3.169988955 0.478848763366046
3.1713401869999998 0.4791579377356206
3.172691418 0.47943233225493465
3.174042649 0.47969237517971797
3.1753938809999998 0.4799634639016209
3.176745112 0.4802630461149998
3.178096344 0.48057647753320454
3.179447575 0.4808854447550536
3.180798807 0.4812086119452
3.182150038 0.4815408289203822
3.1835012700000003 0.48188989782169794
3.184852501 0.48222612618892313
3.186203732 0.4825575244829056
3.187554964 0.4828710596674352
3.188906195 0.4832081819351998
3.190257427 0.48353925841754963
3.1916086580000003 0.4838825126533523
3.19295989 0.4842316366925701
3.194311121 0.48459806238760583
3.195662352 0.48492255563198133
3.197013584 0.4852541581282332
3.1983648149999997 0.4855636759722669
3.199716047 0.48589904075673873
3.201067278 0.48621408934161936
3.2024185099999998 0.4865238281804445
3.203769741 0.4868603414106007
3.205120973 0.487171287903401
3.206472204 0.48743885639567613
3.207823435 0.48772584684106085
3.209174667 0.4879889613536917
3.2105258979999998 0.4882538426842466
3.21187713 0.4885176041999285
3.213228361 0.48874602140892826
3.214579593 0.4889869877107205
3.215930824 0.4892298575143337
3.217282055 0.48945574799425473
3.2186332870000003 0.48964816250610904
3.2199845180000004 0.4898601646744362
3.22133575 0.4900242411264595
3.222686981 0.49020844309802886
3.2240382129999996 0.4903534712057056
3.2253894439999997 0.4905382335230241
3.226740676 0.4907150543837937
3.228091907 0.49085664630540676
3.229443138 0.4909965317044175
3.23079437 0.49116065665066955
3.232145601 0.49130468893899076
3.2334968330000002 0.4914669464494633
3.234848064 0.4916391213885297
3.2361992959999997 0.4917455554544936
3.237550527 0.49188859653500056
3.238901759 0.49201630348273634
3.24025299 0.49214244659296924
3.2416042210000002 0.4923146114866353
3.242955453 0.4924742566921097
3.244306684 0.49255566367555764
3.2456579160000003 0.4927302048595345
3.2470091470000004 0.4928250941916947
3.248360379 0.4930008925770846
3.24971161 0.493198785080517
3.251062841 0.49332570432651585
3.2524140729999997 0.49352197536771053
3.253765304 0.4936964796234423
3.255116536 0.49383370766570733
3.256467767 0.49403691691913315
3.257818999 0.4942731497444742
3.25917023 0.4944241126648228
3.2605214620000003 0.4946586867748034
3.261872693 0.4948813693017545
3.263223924 0.4950719481710824
3.264575156 0.49536754551493123
3.265926387 0.4956428325957116
3.267277619 0.4958404069204556
3.2686288500000003 0.49612068338247567
3.269980082 0.49643125274122873
3.271331313 0.49665327948099275
3.272682544 0.4969767614278081
3.274033776 0.4972560172983932
3.2753850069999997 0.4975958733726261
3.276736239 0.4979279752286729
3.27808747 0.4982069212628508
3.2794387019999998 0.4985041769058932
3.280789933 0.4988351802275606
3.282141165 0.4991673127274053
3.283492396 0.49952076553727903
3.2848436270000003 0.49990060264065705
3.286194859 0.5002514108839411
3.2875460899999998 0.5006096668103478
3.288897322 0.5009321609599994
3.290248553 0.5012607908951263
3.291599785 0.5015827370383836
3.292951016 0.5019227231831693
3.294302247 0.5022904777567583
3.2956534790000003 0.5026447185769004
3.29700471 0.5030359935829273
3.298355942 0.5033479251851873
3.299707173 0.5036797673134232
3.301058405 0.5040662465978083
3.3024096359999997 0.5044072406790469
3.303760868 0.5047198580904402
3.305112099 0.5051336148560207
3.30646333 0.505494965030901
3.307814562 0.5058219745012495
3.309165793 0.5062388085879213
3.3105170250000002 0.5065625300855848
3.3118682560000003 0.5069001994785661
3.313219488 0.5073230788996822
3.3145707189999998 0.507629416405105
3.315921951 0.5079283442937403
3.317273182 0.5084003773764012
3.318624413 0.5087256502055864
3.319975645 0.5090364886321149
3.321326876 0.5095100869259805
3.322678108 0.5098064835001456
3.324029339 0.510298982495144
3.325380571 0.5106188886014859
3.326731802 0.5109453163580149
3.328083033 0.5114520377281508
3.3294342649999997 0.5118077908482778
3.330785496 0.5121816545331401
3.332136728 0.5126907093070663
3.333487959 0.5130319462748696
3.334839191 0.5133662427025775
3.336190422 0.5139011413174938
3.3375416540000002 0.5142333410899514
3.3388928850000004 0.5145938252130822
3.340244116 0.5151764179809547
3.341595348 0.5155751584805263
3.342946579 0.5159628834117567
3.344297811 0.5165259091653933
3.345649042 0.5169217965481944
3.347000274 0.517503128466457
3.348351505 0.5179167929867817
3.3497027360000002 0.5183396903511868
3.351053968 0.5189739638258963
3.3524051989999997 0.5194579877198633
3.353756431 0.5199264319822968
3.355107662 0.5205556774946736
3.3564588939999997 0.5209782196175673
3.357810125 0.5214212566607161
3.359161357 0.5220299887872045
3.360512588 0.5224773922603138
3.3618638190000003 0.5229461415305376
3.363215051 0.5235822330933321
3.3645662819999997 0.5240803315046502
3.3659175140000004 0.5245688944051958
3.367268745 0.5252117659386148
3.368619977 0.525665802647125
3.369971208 0.5261304865201841
3.371322439 0.5267553304135943
3.372673671 0.5272120254366852
3.374024902 0.5278262152936509
3.375376134 0.5282931354017003
3.3767273650000003 0.5287782243258132
3.378078597 0.5293825456374446
3.3794298279999997 0.5298623519591893
3.38078106 0.5303387670267818
3.382132291 0.5309084023932973
3.383483522 0.5313664011242029
3.384834754 0.531813276679403
3.386185985 0.5323865976736079
3.387537217 0.532833371927153
3.3888884480000003 0.5332650299165571
3.39023968 0.533788809620245
3.3915909109999998 0.5341950407617982
3.3929421430000004 0.5345973923969857
3.3942933739999996 0.5350260026172173
3.3956446049999998 0.5353595430021821
3.396995837 0.5356787512604495
3.398347068 0.5360491464384058
3.3996983 0.5363476724716457
3.401049531 0.536700229977422
3.402400763 0.5369928461941351
3.4037519940000003 0.5372494321056035
3.405103225 0.5375413213440818
3.4064544569999997 0.5377617708465975
3.407805688 0.5379758408410021
3.40915692 0.5382495137197978
3.410508151 0.5384426796966636
3.411859383 0.5386497354648979
3.413210614 0.5388892323807819
3.4145618460000002 0.5390497659660111
3.4159130770000004 0.5392105303185842
3.4172643079999996 0.5394046666743135
3.41861554 0.5395610958363131
3.419966771 0.5397057361747942
3.4213180029999997 0.5398901215164148
3.422669234 0.5400117635160453
3.424020466 0.5401939916235099
3.425371697 0.5403485248832111
3.4267229280000002 0.5404765205678685
3.42807416 0.5406681388542114
3.429425391 0.5408097261891683
3.4307766230000003 0.5409749362974913
3.432127854 0.5412387920164452
3.4334790859999997 0.541454691331203
3.434830317 0.5416728301511576
3.436181549 0.541889081088306
3.43753278 0.5420133718562917
3.4388840110000003 0.5421525426388804
3.440235243 0.5423658418546119
3.441586474 0.5425197614028358
3.4429377060000004 0.542671198730664
3.4442889369999996 0.5429408024944847
3.445640169 0.5431506039318973
3.4469914 0.543358447738797
3.448342631 0.5436757755601246
3.449693863 0.5439012631790224
3.451045094 0.5442342126440906
3.452396326 0.5444864954156804
3.4537475570000002 0.5447484549794478
3.455098789 0.545123338169192
3.45645002 0.5453993919758551
3.4578012520000003 0.545708490907763
3.459152483 0.5461258462545598
3.460503714 0.5464616753401944
3.461854946 0.5468241850366379
3.463206177 0.547273113625941
3.464557409 0.5476350481560448
3.4659086400000003 0.548001260113761
3.467259872 0.5484788565754319
3.468611103 0.5488571707061112
3.469962335 0.5492336158461849
3.4713135659999996 0.5497446603221141
3.4726647969999997 0.5501569779638841
3.474016029 0.5506965666469984
3.47536726 0.5511243196798615
3.476718492 0.5515438136653696
3.478069723 0.552109241837534
3.479420955 0.5525725555566571
3.4807721860000003 0.5530349379358958
3.482123417 0.5536016633068047
3.483474649 0.5540522420160127
3.48482588 0.554520729579133
3.486177112 0.5550883822090337
3.487528343 0.5555594466202197
3.488879575 0.5560362132726155
3.490230806 0.5565937528127887
3.491582038 0.5570516983012801
3.492933269 0.5574983289799146
3.4942845 0.5580505606254169
3.495635732 0.5584988273157627
3.496986963 0.5589277816844611
3.4983381949999997 0.5594635319966241
3.4996894259999998 0.5598851356143482
3.501040658 0.5603992890702669
3.502391889 0.5608224855385625
3.50374312 0.5612344780333911
3.505094352 0.5617400570371571
3.506445583 0.5621435914606577
3.5077968150000003 0.5625356996902873
3.509148046 0.5629859126450685
3.5104992779999997 0.5633153178296142
3.511850509 0.5636413156243525
3.513201741 0.5640700870421458
3.514552972 0.564502871126274
3.515904203 0.564945756488577
3.517255435 0.5653433811494389
3.518606666 0.5656055261984159
3.519957898 0.5658502513132829
3.521309129 0.5661643689012105
3.5226603610000002 0.5664288275102716
3.524011592 0.5667122122311615
3.5253628239999997 0.5669357861804453
3.526714055 0.5671481259642593
3.528065286 0.5673883284760369
3.529416518 0.5676001643003165
3.5307677490000002 0.5677956874112325
3.532118981 0.5680501490639634
3.533470212 0.5682384840641035
3.5348214440000003 0.5684211439829084
3.536172675 0.5686526127200621
3.537523906 0.5688040790283027
3.538875138 0.5689448710947411
3.540226369 0.5691365220465403
3.5415776009999997 0.5692769272576887
3.542928832 0.569426573947159
3.544280064 0.5696070838902517
3.545631295 0.56974406607177
3.546982527 0.5698857470635047
3.548333758 0.5700489298424831
3.5496849889999997 0.5701739617629944
3.551036221 0.5703295498903372
3.552387452 0.5704516093758484
3.553738684 0.5705898084407705
3.555089915 0.5707468325508858
3.556441147 0.5708741489410887
3.5577923780000003 0.5710231254697606
3.5591436090000004 0.5712087780702173
3.560494841 0.571350983519919
3.561846072 0.571479592194922
3.563197304 0.5716646425338949
3.5645485349999997 0.5718307718403242
3.565899767 0.5719782326004234
3.567250998 0.5721749667734289
3.5686022299999998 0.5723395332906219
3.569953461 0.5725190148758269
3.571304692 0.5727614469959232
3.572655924 0.5729489055732657
3.574007155 0.5731858405215848
3.575358387 0.5733917059867837
3.5767096179999998 0.5735973768654788
3.57806085 0.5738719975499346
3.579412081 0.574090713215281
3.580763312 0.5743066542602147
3.582114544 0.574590585461057
3.583465775 0.5748286111948131
3.5848170070000003 0.5750908593694204
3.5861682380000004 0.5754185100332923
3.58751947 0.5756817783804418
3.588870701 0.5759609384076537
3.5902219329999996 0.5762975911049245
3.5915731639999997 0.5765746737418204
3.592924395 0.576855685540904
3.594275627 0.5771828715703141
3.595626858 0.5774647216493177
3.59697809 0.5777646304790175
3.598329321 0.5781337301721001
3.5996805530000002 0.5784422678057946
3.601031784 0.5788063520404119
3.602383016 0.5791203382534471
3.603734247 0.57942780500859
3.605085478 0.5797423419888237
3.60643671 0.5800155424099378
3.607787941 0.5802914229424566
3.609139173 0.5806115787783324
3.610490404 0.5809190354344016
3.6118416360000003 0.5812317129800547
3.6131928670000004 0.5815888101333568
3.6145440979999997 0.5818938695162094
3.61589533 0.5821878822149429
3.617246561 0.5825431801845771
3.6185977929999997 0.582834419855142
3.619949024 0.5831031923577514
3.621300256 0.5834310460272312
3.622651487 0.5837009004089277
3.624002719 0.5840319741561361
3.62535395 0.5843173199863807
3.6267051809999997 0.5845910600523708
3.628056413 0.5849347583464192
3.629407644 0.5852217014821681
3.630758876 0.5854779710502606
3.632110107 0.58579659140441
3.633461339 0.5860494169615194
3.6348125700000002 0.5862879694945536
3.6361638010000004 0.5866019836849392
3.637515033 0.5868651986884116
3.638866264 0.5871248523761594
3.640217496 0.5874345894492282
3.6415687269999997 0.5876746117599457
3.642919959 0.5879172269538209
3.64427119 0.5882084024628063
3.6456224219999998 0.5884359862767756
3.646973653 0.5886575126181807
3.648324884 0.588908140236986
3.649676116 0.5891166104638741
3.6510273470000003 0.5893955122933309
3.652378579 0.5896161253080636
3.6537298099999997 0.589839605765459
3.655081042 0.5901110324868322
3.656432273 0.5903189916992487
3.657783504 0.5905261683106192
3.659134736 0.590763287307501
3.660485967 0.590941710771066
3.6618371990000003 0.5911175455448653
3.66318843 0.5913167307268927
3.664539662 0.591488791175112
3.665890893 0.5916878184175808
3.667242125 0.5919174368465355
3.6685933559999997 0.5921119510513092
3.669944587 0.5922948897418601
3.671295819 0.5924813665298572
3.67264705 0.5926463729945757
3.673998282 0.5928080578905376
3.675349513 0.5929725153969272
3.676700745 0.59311920808502
3.6780519760000003 0.59329390175377
3.679403208 0.5934458773250962
3.6807544389999998 0.5936142889274969
3.68210567 0.5937916470388934
3.683456902 0.5939420552011676
3.684808133 0.5940980728395092
3.686159365 0.5942458541321426
3.687510596 0.5943682288429337
3.688861828 0.5944972506337449
3.690213059 0.5946319082695604
3.6915642899999996 0.594755522887867
3.692915522 0.5948872828808356
3.694266753 0.5950373009841473
3.6956179849999997 0.5951827847214387
3.696969216 0.5953182872192243
3.698320448 0.5954623598271335
3.699671679 0.5955904636036886
3.701022911 0.5957186232356377
3.702374142 0.5958172043635515
3.703725373 0.5959229146643852
3.7050766050000004 0.5960358059926012
3.706427836 0.5961314825554841
3.707779068 0.5962489980425031
3.709130299 0.59638601670595
3.710481531 0.5964987396519761
3.711832762 0.596609646637969
3.713183993 0.5967370629934726
3.714535225 0.5968407349742865
3.7158864560000002 0.5969307429456332
3.717237688 0.5970348950322207
3.7185889189999997 0.597120145814428
3.719940151 0.5971981581527751
3.721291382 0.5973035989793385
3.7226426139999997 0.5974030509452005
3.723993845 0.5975104107568825
3.725345076 0.5976531605742565
3.726696308 0.597768793847571
3.7280475390000003 0.5979000497835708
3.729398771 0.5979885320473977
3.730750002 0.5980748178570722
3.7321012340000004 0.59819185726755
3.733452465 0.5982866989184495
3.7348036959999997 0.5983880467263852
3.736154928 0.5985290825683409
3.737506159 0.5986576622983324
3.738857391 0.5987908266159472
3.740208622 0.5989512750634173
3.741559854 0.5990802272098985
3.7429110850000002 0.5992067910979287
3.744262317 0.5993611018441485
3.7456135479999997 0.5994808314316319
3.746964779 0.5996077382776116
3.748316011 0.5997850043863108
3.749667242 0.5999318966475983
3.751018474 0.6001111162907264
3.752369705 0.6002551453326037
3.753720937 0.6004277883149701
3.7550721680000003 0.6006475639309156
3.7564234 0.6008238647520905
3.757774631 0.6010037790931974
3.759125862 0.6012206101607461
3.7604770939999996 0.6013917514581966
3.7618283249999998 0.6015570942064287
3.763179557 0.601758104726176
3.764530788 0.6019325884520209
3.76588202 0.6021205079075977
3.767233251 0.6023579502089327
3.768584482 0.6025800220477961
3.7699357140000003 0.602808068981838
3.771286945 0.603050360704459
3.7726381769999997 0.6032543075327044
3.773989408 0.6034705176342462
3.77534064 0.603718244579014
3.776691871 0.6039344565533883
3.778043103 0.6041812996140421
3.779394334 0.604387797753458
3.780745565 0.6046012031603276
3.7820967970000003 0.6048499292920776
3.7834480279999996 0.6050708711406693
3.7847992599999998 0.6053046297096015
3.786150491 0.6055666949850843
3.7875017229999997 0.6057936730117425
3.7888529539999998 0.606022689730786
3.790204185 0.6062641727333148
3.791555417 0.6064674459816792
3.792906648 0.6066665712017542
3.79425788 0.6068781944541719
3.795609111 0.6070805520496083
3.7969603430000003 0.6073010668509625
3.798311574 0.6075203644136524
3.7996628059999997 0.6077197208385886
3.801014037 0.6079319564878306
3.802365268 0.6081150919373985
3.8037165 0.6082771024431166
3.8050677310000003 0.6084515309587875
3.806418963 0.6086145209171329
3.807770194 0.6087600643712593
3.8091214260000004 0.6089040099071233
3.8104726569999996 0.6090472558792784
3.811823889 0.6091824285217662
3.81317512 0.6093091392035828
3.814526351 0.609443041869722
3.815877583 0.6095721607193004
3.817228814 0.6096739942665939
3.818580046 0.6097739277346824
3.8199312770000002 0.6098536629601203
3.821282509 0.6099002132408454
3.82263374 0.609964067719068
3.823984971 0.610023723068288
3.825336203 0.6100522604982407
3.826687434 0.6100954332820343
3.828038666 0.6100932981287832
3.829389897 0.6101356757175238
3.830741129 0.6101642664226384
3.8320923600000003 0.6101210424899401
3.833443592 0.6101141915239786
3.834794823 0.6101006999059186
3.836146054 0.6100331195857676
3.8374972859999996 0.6100170020879119
3.8388485169999997 0.6099799345808892
3.840199749 0.6098796289519173
3.84155098 0.6098404372180899
3.842902212 0.6097996817072623
3.844253443 0.6096990315974866
3.845604674 0.6096422449120439
3.8469559060000003 0.6095672253834669
3.848307137 0.6094296657824527
3.849658369 0.6093384329751738
3.8510096 0.6091996818917257
3.852360832 0.6090991081751013
3.853712063 0.6089998469339153
3.855063295 0.6088520452398459
3.856414526 0.6087388968093377
3.857765757 0.608625855690833
3.859116989 0.6084650321299394
3.86046822 0.6083331309765071
3.861819452 0.6082131884788428
3.863170683 0.6080586036404174
3.8645219149999996 0.6079348273524698
3.8658731459999998 0.6078106202088254
3.867224377 0.6076394622221168
3.868575609 0.6075026462907769
3.86992684 0.6073706812829801
3.871278072 0.6072021621405314
3.872629303 0.6070650892071666
3.8739805350000003 0.6069307034932949
3.875331766 0.6067720659629087
3.876682998 0.6066493308193978
3.878034229 0.6064977120976254
3.87938546 0.6063836095340382
3.880736692 0.60625333732079
3.882087923 0.6060934547162877
3.883439155 0.6059777708195647
3.884790386 0.6058534396923958
3.886141618 0.6057149014538946
3.887492849 0.6056184262056299
3.8888440810000002 0.6055175718536259
3.890195312 0.6054005259403141
3.891546543 0.6053174844574655
3.892897775 0.6052436054060623
3.894249006 0.6051559979648363
3.895600238 0.6050828650893485
3.8969514690000002 0.6050096547645887
3.898302701 0.6049317320902218
3.899653932 0.604885307891849
3.9010051629999998 0.6048533723644455
3.902356395 0.6048262876636068
3.903707626 0.6048204654049869
3.905058858 0.6048288395009359
3.906410089 0.6048381536030228
3.9077613209999997 0.6048603134248837
3.909112552 0.6048962875760314
3.910463784 0.6049204679853927
3.911815015 0.604961688702458
3.913166246 0.6050541504139315
3.914517478 0.605145062901906
3.9158687089999997 0.6052436181702722
3.917219941 0.6053851512230387
3.918571172 0.6055002274635704
3.919922404 0.6056247589389923
3.921273635 0.6058003678680008
3.922624866 0.6059565509173768
3.9239760980000002 0.6061198287674481
3.9253273290000004 0.6063330879943134
3.926678561 0.6065314960970171
3.928029792 0.6067690086710809
3.929381024 0.6069935341482544
3.9307322549999997 0.6072408162443945
3.932083487 0.6075201970550033
3.933434718 0.6077672258868244
3.934785949 0.608008451506417
3.936137181 0.6082634736785371
3.937488412 0.608466651107109
3.938839644 0.6086699541644673
3.940190875 0.6089097394135199
3.941542107 0.6090923068090934
3.9428933379999997 0.6092579975696379
3.944244569 0.6094365902194254
3.945595801 0.6095342876606957
3.946947032 0.6096013903902889
3.948298264 0.6096488134023876
3.949649495 0.6095805146445412
3.9510007270000003 0.6095061118206775
3.9523519580000004 0.6093120528047724
3.95370319 0.6090260161781701
3.955054421 0.6086969720953448
3.956405652 0.6082241660510652
3.9577568839999997 0.6076196571180724
3.959108115 0.6069181466841057
3.960459347 0.6060286441895415
3.961810578 0.604969863941143
3.96316181 0.6037810715786283
3.964513041 0.6023543896518976
3.965864273 0.6007168442032588
3.967215504 0.5989034779602934
3.968566735 0.5968191517783331
3.9699179669999998 0.5944994050763858
3.971269198 0.5919376754478605
3.97262043 0.5890199977832927
3.973971661 0.5858118495332694
3.975322893 0.5823265269133476
3.976674124 0.578475920577971
3.978025355 0.5743453958382609
3.9793765870000004 0.5698239664697216
3.9807278179999996 0.5649464468619989
3.98207905 0.5597709168388512
3.983430281 0.5541522417062568
3.9847815129999997 0.5481013418114765
3.986132744 0.541729762858343
3.987483976 0.5349386086571057
3.988835207 0.527766561350533
3.9901864380000003 0.5202728428110761
3.99153767 0.5123970273944037
3.9928889009999997 0.5041623232234796
3.994240133 0.49561860374850203
3.995591364 0.48667644921109743
3.996942596 0.47741761445963715
3.998293827 0.46790941196813046
3.999645058 0.4581266613716919
4.00099629 0.4481087583700463
4.002347521 0.4378701155428175
4.003698753 0.42743119799283136
4.005049984 0.4168631689322805
4.006401216 0.40606390788081703
4.007752447 0.3951938005331039
4.009103679 0.38427815829060663
4.01045491 0.3732919038093913
4.011806141 0.3623019674607751
4.013157373 0.3513697216830656
4.014508604 0.3404644422080403
4.015859836 0.3295789460298786
4.017211067 0.31879873172042844
4.018562299 0.30812042912106113
4.01991353 0.2975636000488443
4.021264761 0.28718610521286114
4.022615993 0.27697784989252144
4.023967224 0.26694128523439037
4.025318456 0.2571147404989705
4.026669687 0.24750934871259814
4.028020919 0.23809802331674249
4.02937215 0.22890966448443895
4.030723382 0.21999260747289068
4.032074613 0.21133187190981922
4.033425844 0.20288122171964437
4.034777076 0.19468850055566356
4.036128307 0.18678228896238394
4.037479539 0.17906259597705282
4.03883077 0.1716106813459177
4.040182002 0.16443979094868266
4.041533233 0.15749353524424525
4.042884465 0.15077591806731977
4.044235696 0.14434093458715352
4.0455869269999996 0.1381415553962661
4.046938159 0.13212287617660007
4.04828939 0.12637192282166262
4.049640622 0.12083565853414589
4.050991853 0.11548930661899613
4.052343085 0.11034954034006267
4.053694316 0.105445327248145
4.055045547 0.1007279107697317
4.056396779 0.0961604569858323
4.05774801 0.09181701083250973
4.059099241999999 0.08765283363353203
4.0604504729999995 0.08362915105915975
4.061801705 0.07977365447703788
4.063152936 0.07613291386342748
4.064504168 0.07259188426711159
4.065855399 0.06919518853959915
4.06720663 0.06598286575781545
4.0685578620000005 0.06288985557745008
4.069909093000001 0.05990726979071477
4.071260325 0.057074923325372104
4.072611556 0.05439562326386908
4.073962788 0.05177542618901256
4.075314019 0.04929095025169667
4.07666525 0.04693081934412149
4.078016482 0.04466962973287977
4.079367713 0.04247901394417469
4.080718945 0.04042078122603497
4.082070176 0.03846818973392737
4.083421408 0.03655377647937387
4.084772639 0.03475346234843142
4.086123871 0.033058058204700425
4.087475102 0.03142076370820277
4.088826333 0.029825594721232813
4.090177565 0.028360361804038944
4.091528796 0.026938970253799925
4.092880028 0.025559078100636328
4.094231259 0.024269370856126866
4.095582491 0.023060780593144873
4.096933722 0.021882903237121203
4.098284953 0.020747436088621368
4.0996361850000005 0.01971920896458817
4.100987416 0.018712265263221377
4.102338648 0.017737743612068875
4.103689878999999 0.01682012313417698
4.105041110999999 0.015983580520944757
4.106392342 0.015130733209118633
4.107743574 0.014331703875695864
4.109094805 0.013608010683850218
4.110446036 0.012902553966928963
4.111797268 0.012207177335924257
4.113148499 0.011571600292308233
4.1144997309999995 0.010995229365883884
4.115850962000001 0.01039042545387984
4.117202194000001 0.009835189716827921
4.118553425 0.00932865916600764
4.119904657 0.008843854429176512
4.121255887999999 0.008339003312953567
4.122607119 0.007914914764242354
4.123958351000001 0.007513049932190943
4.125309582 0.0071028171411870785
4.126660814 0.006715901098960884
4.128012045 0.0063876142062630654
4.129363277 0.006059482060234547
4.130714508 0.00570647085829865
4.132065739 0.005415855978548613
4.133416971 0.00514013353033877
4.134768202 0.0048551905147721
4.136119434 0.0045718376450407565
4.1374706649999995 0.004363917040398008
4.138821897 0.00412485708347314
4.140173128000001 0.0038845616547851275
4.14152436 0.003676979115530617
4.142875591 0.0035070755342777103
4.144226821999999 0.0032976142155446454
4.145578054 0.003103763319682604
4.146929285000001 0.0029571188828585297
4.148280517 0.0028022003150176746
4.149631748 0.0026315119989658857
4.15098298 0.0024907364146469595
4.152334211 0.002393954869610199
4.153685442 0.0022471745457737333
4.155036674 0.002117358003992377
4.156387905 0.0020165406692250636
4.157739136999999 0.0019266440246542141
4.159090368 0.001784207658868815
4.1604416 0.001698342951825755
4.161792831 0.0016260966095881801
4.163144063 0.0015329047077714635
4.164495294 0.0014174577630506969
4.165846525 0.0013598441547405485
4.167197757 0.0012967194978047542
4.1685489879999995 0.0012021607326880841
4.169900220000001 0.0011270720175655486
4.171251451 0.0010855677480179694
4.172602683 0.0010248056291867961
4.173953914 0.0009381652840772719
4.1753051459999995 0.0009026469850674681
4.1766563770000005 0.0008656618645584028
4.178007608 0.0008032215489127817
4.17935884 0.000731764412111454
4.180710071 0.0007247958472672093
4.182061303 0.0006797826992694331
4.183412534 0.000624742132242955
4.184763766 0.0005874413325014045
4.186114997 0.0005940956184901825
4.187466228 0.0005359362152013415
4.18881746 0.0004899550239110457
4.190168691 0.0004688526503546209
4.1915199229999995 0.0004538202575117832
4.1928711540000005 0.00039205817505553347
4.194222386000001 0.00037106072492462314
4.195573617 0.00036892658433321105
4.196924849 0.00033780244127379035
4.198276079999999 0.00028264534556114257
4.199627311 0.0002674181318356884
4.200978543 0.0002669645482730332
4.202329774 0.00022504763269608782
4.203681006 0.000198486141718977
4.205032237 0.0002058626158539562
4.206383469 0.00020341117092734183
4.2077347 0.0001451697570645531
4.209085931 0.00013666860813460534
4.210437163 0.00014174040015592265
4.211788394 0.00011812302947506542
4.213139626 5.877191445692994e-05
4.2144908569999995 7.355461593861738e-05
4.215842089 7.851802039309758e-05
4.217193320000001 4.445576461352977e-05
4.218544552 2.7115116687796185e-05
4.219895783 3.982729761020759e-05
4.221247013999999 3.037027984393899e-05
4.2225982459999996 1.5199290882934979e-05
4.223949477 8.685142936472192e-06
4.225300709 2.4143501683450732e-05
4.22665194 1.0459042978345943e-05
4.228003171999999 1.1149748219351496e-07
4.229354403 3.91000310210881e-08
4.2307056339999995 7.93425190254383e-06
4.232056866 1.1319031910338737e-08
4.233408097000001 6.584285009877947e-09
4.234759329 6.582890239568308e-09
4.23611056 6.581412205742471e-09
4.237461792 6.579996059749223e-09
4.238813023 6.578569896722507e-09
4.240164255 6.577063523254749e-09
4.241515486 6.575619610583912e-09
4.242866717 6.574166996527968e-09
4.244217949 6.572642217016655e-09
4.24556918 1.532845911108796e-07
4.246920412000001 7.538143407036887e-08
4.248271643 6.568166671493807e-09
4.249622875 6.5666810672266635e-09
4.251230967 0.0
4.252839059 0.0
