Wavelength_microns Throughput
2.2963553049999996 0.0
2.2979633969999997 0.0
2.299571489 5.00832064826565e-07
2.301179581 9.466043183072318e-07
2.3027876729999996 9.111870685869185e-07
2.304395765 4.394878536896341e-07
2.3060038570000003 2.795122751167818e-07
2.307611949 5.115077261908788e-07
2.309220041 1.4798265002174429e-06
2.310828133 5.3432016899513455e-06
2.312436225 3.6248595816429493e-06
2.314044317 2.5502094709622553e-06
2.3156524089999997 3.725232702756077e-06
2.3172605010000003 8.760342304449845e-06
2.318868592 1.712561879988993e-05
2.3204766840000004 1.8799519324447108e-05
2.322084776 2.0526680586774075e-05
2.323692868 2.338281135107098e-05
2.32530096 3.316759014930088e-05
2.326909052 4.244365469934958e-05
2.328517144 5.5712007506569935e-05
2.3301252359999998 7.169557412897679e-05
2.331733328 8.046669165080298e-05
2.33334142 8.530909604456159e-05
2.334949512 8.468844995779336e-05
2.3365576040000002 0.00010914153025669136
2.338165696 0.00014930255501714764
2.339773788 0.00018797219137537451
2.3413818799999997 0.00018037935240848693
2.342989972 0.00016803680606870496
2.344598064 0.00018194958552096636
2.346206156 0.00022791915316166552
2.347814248 0.0002831986817127618
2.3494223400000003 0.0002999533674106067
2.3510304310000003 0.0003086595043018223
2.352638523 0.00032515050020995783
2.354246615 0.00038852752355265853
2.3558547069999998 0.0004611714848101228
2.357462799 0.0005496474794645004
2.359070891 0.0006517611376133896
2.3606789829999997 0.0007604940639289646
2.3622870750000002 0.0009144421784064779
2.363895167 0.001077753182988822
2.365503259 0.0013109659169347175
2.367111351 0.0016559029836654025
2.368719443 0.0020430907615715073
2.370327535 0.0025348501851352677
2.371935627 0.003052987370726823
2.3735437189999997 0.0037087327936835474
2.3751518110000003 0.004573199878718262
2.376759903 0.005635883110798604
2.378367995 0.006946345460710387
2.379976087 0.008468561158642305
2.381584179 0.010334537853583087
2.383192271 0.012627283702426564
2.384800362 0.015445917947774671
2.3864084539999997 0.018891082174244254
2.388016546 0.022855820100435128
2.389624638 0.02746322304100881
2.39123273 0.03301235504084769
2.392840822 0.03894420392071547
2.3944489140000003 0.045869522853940956
2.396057006 0.05384840083408293
2.397665098 0.062090753401072354
2.3992731899999997 0.07162370249617206
2.400881282 0.08202989749399497
2.4024893740000004 0.09307127905093947
2.404097466 0.10557939613317852
2.405705558 0.11903044998940361
2.40731365 0.13381766598169492
2.408921742 0.1503272852169411
2.410529834 0.16775021124012343
2.4121379259999998 0.18691690727575572
2.413746018 0.20797879717641077
2.41535411 0.2287506057039102
2.416962201 0.2514201190616913
2.418570293 0.27497339852756686
2.4201783850000003 0.295975180661136
2.421786477 0.31837133477660556
2.423394569 0.3387553810527007
2.425002661 0.3553144234849544
2.426610753 0.37245574203151033
2.428218845 0.3850141442680198
2.4298269369999996 0.39428965273078387
2.431435029 0.40399088117510973
2.4330431210000003 0.4089019907385177
2.434651213 0.4123091705662404
2.436259305 0.4159581805440386
2.4378673969999998 0.41669422329111894
2.439475489 0.41749667964450016
2.441083581 0.41825750590568295
2.4426916729999997 0.4184097427181136
2.4442997650000002 0.41877718314801077
2.4459078570000004 0.41906162907581096
2.447515949 0.4200019638450152
2.44912404 0.42094300540092433
2.450732132 0.4214257256418971
2.452340224 0.42203529085334646
2.453948316 0.42287193656186306
2.455556408 0.423549437585624
2.4571644999999998 0.42430409216118337
2.458772592 0.4252890615068395
2.460380684 0.42591057846514796
2.461988776 0.42666487243610807
2.463596868 0.42718678383931696
2.46520496 0.42746844929116934
2.466813052 0.4278623498491818
2.468421144 0.4280227263310484
2.470029236 0.4281925613586869
2.471637328 0.4285222341381543
2.47324542 0.4286193251766541
2.474853512 0.42861293863047056
2.4764616040000003 0.4285757691995077
2.478069696 0.4285392355827457
2.479677788 0.42871736589628806
2.481285879 0.4286607457197817
2.4828939709999998 0.42883785295423665
2.484502063 0.429003404945286
2.486110155 0.4289427265060581
2.4877182469999997 0.4291140019009382
2.489326339 0.4290128614035679
2.4909344310000003 0.42914103732079495
2.492542523 0.4292671155185114
2.494150615 0.42931679963775765
2.495758707 0.4293692076800159
2.497366799 0.42942076192363593
2.498974891 0.4294098238981634
2.499778162 0.42154226992857075
2.5011293930000003 0.42150573039623457
2.502480624 0.42143426184360677
2.5038318559999997 0.421386436410791
2.505183087 0.42138778920071845
2.506534319 0.4213778959888595
2.50788555 0.4213857981191285
2.509236782 0.42146024131694754
2.510588013 0.4215977285278529
2.511939244 0.42175376321684804
2.5132904760000003 0.42200905865407434
2.514641707 0.42230795480251626
2.515992939 0.4226574032964681
2.51734417 0.423093895988279
2.5186954019999996 0.42354985856877686
2.5200466329999998 0.42405995465143803
2.521397865 0.4245864683486532
2.522749096 0.4251310231011873
2.524100327 0.42570309139155393
2.525451559 0.4262643786363642
2.52680279 0.42676391654536144
2.5281540220000003 0.4272607597997507
2.529505253 0.4277015654875426
2.5308564849999997 0.42806340802517295
2.532207716 0.42831650700803947
2.533558948 0.42849616712939964
2.534910179 0.428579578713522
2.5362614100000003 0.4284874585696156
2.537612642 0.42831059864294935
2.538963873 0.42797918749327624
2.5403151050000004 0.42750040933137823
2.5416663359999996 0.426890525448169
2.5430175680000002 0.42617069068425223
2.544368799 0.4253809605822267
2.54572003 0.4244321061276714
2.547071262 0.42338040083738
2.548422493 0.42229093460594974
2.549773725 0.4211897120024603
2.551124956 0.42005596668528905
2.552476188 0.4188958935798533
2.553827419 0.41784092115138743
2.5551786510000003 0.41682393349762586
2.556529882 0.41576569773912625
2.557881113 0.4148374525982343
2.559232345 0.4140795935159612
2.560583576 0.41328965721371635
2.561934808 0.4127105258634341
2.5632860390000003 0.4123881281485598
2.564637271 0.4121817223639086
2.565988502 0.41215904148253435
2.567339733 0.41220381555921853
2.5686909649999996 0.412467296366372
2.5700421959999997 0.412946964524141
2.571393428 0.41364791313646726
2.572744659 0.41425159629061387
2.574095891 0.4154035804884524
2.575447122 0.4165781838874746
2.576798354 0.4177350543515424
2.5781495850000002 0.41937809031433715
2.5795008160000004 0.42078451941886247
2.580852048 0.42226270626252105
2.582203279 0.4240749581123317
2.583554511 0.4256956296150904
2.584905742 0.42779797207669895
2.586256974 0.4295627593286444
2.587608205 0.43132120717739564
2.588959437 0.43313244808950097
2.590310668 0.43493089441378613
2.591661899 0.4363527277005367
2.593013131 0.43786687187157963
2.594364362 0.43894209610191726
2.5957155939999996 0.4408446424891152
2.5970668249999997 0.44209317999565184
2.598418057 0.44275873741142485
2.599769288 0.4434251782231225
2.601120519 0.4436100214190665
2.602471751 0.44348685070491395
2.603822982 0.44316060684155456
2.6051742140000003 0.44220645389275537
2.6065254450000004 0.4419128116112291
2.607876677 0.44104309224886207
2.609227908 0.43973307262643574
2.61057914 0.43886612649366735
2.611930371 0.4378119425504035
2.613281602 0.436226780377323
2.614632834 0.43441176587224273
2.615984065 0.4335912486142497
2.617335297 0.4329845055469329
2.618686528 0.43240642862785417
2.62003776 0.4315049986663436
2.621388991 0.43112423677949097
2.622740222 0.4305028341476155
2.6240914539999998 0.42992123480419897
2.625442685 0.4294346035333654
2.626793917 0.42899038237345727
2.628145148 0.4288429588407109
2.62949638 0.42843652028422885
2.630847611 0.4283942396771081
2.6321988430000003 0.4285959289160994
2.6335500740000004 0.4284884015185309
2.634901305 0.4286764398766569
2.636252537 0.42888958267117083
2.637603768 0.4291969709712566
2.6389549999999997 0.4296034200956424
2.640306231 0.43006774811378223
2.641657463 0.4305277702520592
2.643008694 0.4310934781210629
2.6443599250000003 0.4316750013163889
2.645711157 0.4322784928967221
2.6470623879999997 0.4330192690765552
2.64841362 0.43357641578785217
2.649764851 0.4341778466569279
2.651116083 0.4337976369297373
2.652467314 0.43419191513650873
2.653818546 0.4347512708392921
2.6551697770000002 0.4348640352993911
2.6565210080000004 0.43522525188265887
2.65787224 0.43545195592587344
2.659223471 0.4353848524667167
2.6605747030000004 0.4355914296978933
2.6619259339999997 0.435591741997829
2.663277166 0.43527363873408487
2.664628397 0.4349581095163339
2.6659796289999997 0.4350365519057609
2.66733086 0.4346068453449493
2.668682091 0.43446602209968965
2.670033323 0.43346635263727146
2.6713845540000003 0.4336688155943137
2.672735786 0.4333316917836661
2.6740870169999997 0.4325816867099646
2.675438249 0.4321045569756407
2.67678948 0.43183669243027073
2.678140711 0.4314866148888426
2.679491943 0.4311221697071094
2.680843174 0.4309242924038021
2.6821944060000003 0.43038497776611107
2.6835456370000004 0.43009474054274405
2.684896869 0.43000510391099783
2.6862481 0.42975030336439357
2.6875993319999996 0.4297072227833076
2.6889505629999997 0.4296191495990765
2.690301794 0.4296074485392126
2.691653026 0.4295866076483731
2.693004257 0.42950923777990907
2.694355489 0.4297802374422687
2.69570672 0.43001649311172707
2.697057952 0.4301730630312385
2.6984091830000003 0.4302931330238928
2.699760414 0.4305106922134554
2.7011116459999998 0.4317540049442089
2.702462877 0.43224012740263557
2.703814109 0.43253996628462454
2.70516534 0.4329903792189638
2.706516572 0.4333361639083038
2.707867803 0.43359151203402413
2.7092190350000003 0.43403604006689106
2.7105702660000004 0.4342930063955217
2.7119214969999996 0.43476724158982377
2.713272729 0.4351267499502934
2.71462396 0.43516096835748747
2.7159751919999997 0.4352440636805655
2.717326423 0.43539950014381285
2.718677655 0.43547081434920687
2.720028886 0.4354117484266183
2.7213801170000003 0.43557372025561863
2.722731349 0.43547200068894465
2.7240825799999997 0.4352006957482598
2.7254338120000003 0.4352224744513238
2.726785043 0.43498719448673956
2.7281362749999998 0.4347295838224065
2.729487506 0.4344150871760792
2.730838738 0.43403465649138256
2.732189969 0.4337952833354602
2.7335412000000003 0.43344488806044495
2.734892432 0.4329676423067593
2.736243663 0.4328403430408735
2.737594895 0.4323990420516827
2.7389461259999996 0.43192993135116153
2.740297358 0.4318302751182432
2.741648589 0.43169458934103705
2.7429998209999997 0.43142388943964055
2.744351052 0.43118486533944356
2.745702283 0.4309167262935
2.747053515 0.43086714466220094
2.7484047460000003 0.43077260237451614
2.749755978 0.43072843366522534
2.7511072089999997 0.4301360535199683
2.7524584410000004 0.42954501773544373
2.753809672 0.4289436870389005
2.755160903 0.42778460725222145
2.756512135 0.42766060117539345
2.757863366 0.42733316904880564
2.7592145980000002 0.42640469774369133
2.760565829 0.4261587291299151
2.761917061 0.42588069779016174
2.7632682920000002 0.42586558478297437
2.764619524 0.42632283486307226
2.7659707549999997 0.4266916560084462
2.767321986 0.42701931127305226
2.768673218 0.42757872742161845
2.770024449 0.42800428765084736
2.771375681 0.4286480791281755
2.772726912 0.4293195453507803
2.774078144 0.429940417336615
2.7754293750000003 0.4305264730371297
2.776780606 0.4311330741270388
2.7781318379999997 0.43183187713564775
2.779483069 0.4324765143223477
2.780834301 0.43311143988101625
2.782185532 0.4338271241978271
2.783536764 0.4344342673727303
2.784887995 0.43502543666968246
2.786239227 0.4356079637075436
2.787590458 0.4361917287642291
2.788941689 0.4368164137692777
2.7902929210000003 0.43737938976319524
2.791644152 0.4377665846569247
2.7929953839999997 0.4381382062538222
2.794346615 0.4386297310252849
2.795697847 0.4389721792534997
2.797049078 0.439347141501934
2.7984003090000003 0.4395683892082207
2.799751541 0.43974840027679696
2.801102772 0.4399553174503749
2.8024540040000003 0.4400072337500854
2.803805235 0.44021402460250336
2.8051564669999998 0.4404452954359516
2.806507698 0.44048433124803454
2.80785893 0.44046657283799834
2.8092101609999998 0.44045660835338374
2.810561392 0.44046987682434774
2.811912624 0.44042871317580395
2.813263855 0.4403563014676244
2.814615087 0.440326251638637
2.8159663179999996 0.4402995491241779
2.8173175500000003 0.4401850632271614
2.818668781 0.44007600218951776
2.8200200129999997 0.439959541227456
2.821371244 0.43996176983021207
2.822722475 0.4400328821173924
2.824073707 0.44003391137344877
2.8254249380000003 0.44007958909114786
2.82677617 0.44014709266548463
2.828127401 0.4401916434143968
2.8294786330000004 0.4403139357708855
2.830829864 0.4404396588663222
2.8321810949999997 0.4404812403450336
2.833532327 0.44059912712984617
2.834883558 0.4407460510554782
2.83623479 0.44080876275233943
2.837586021 0.44100405173735874
2.838937253 0.44123768615843423
2.8402884840000002 0.441315378360252
2.841639716 0.4414930486906591
2.8429909469999997 0.44170711517530253
2.8443421779999998 0.4418204070290411
2.84569341 0.44204138742189214
2.847044641 0.4421300336940064
2.848395873 0.4423153509727754
2.849747104 0.4425036708853951
2.851098336 0.4426323083374531
2.8524495670000003 0.4428439182435408
2.8538007980000004 0.4430195095879445
2.85515203 0.44315255803148706
2.856503261 0.4433074848708706
2.8578544929999996 0.443430853268381
2.8592057239999997 0.44352610896901196
2.860556956 0.4436473676334024
2.861908187 0.4437637493723637
2.863259419 0.4438448360372288
2.86461065 0.4439164864302198
2.865961881 0.44396380408201197
2.8673131130000002 0.4440212812242523
2.868664344 0.4440785613876992
2.8700155759999997 0.44413846405064544
2.871366807 0.44413768925295477
2.872718039 0.44416982320452153
2.87406927 0.4442372844270363
2.8754205010000002 0.44422712896106686
2.876771733 0.4442187842304858
2.878122964 0.444283331830004
2.8794741960000003 0.4442767993232406
2.8808254270000004 0.44427211998490984
2.882176659 0.44436363389154926
2.88352789 0.4443540594106691
2.8848791219999996 0.44433702955109217
2.8862303529999997 0.4443898398097501
2.887581584 0.444414527270575
2.888932816 0.44446642622586136
2.890284047 0.44455019671532264
2.891635279 0.44459282339763295
2.89298651 0.44463846858755746
2.8943377420000003 0.44474281836228585
2.895688973 0.44482304018849295
2.8970402049999997 0.4449255601960032
2.898391436 0.4450284978083855
2.899742667 0.4451125486415729
2.901093899 0.44521241056779737
2.9024451300000003 0.4453472965954159
2.903796362 0.4454729673187779
2.905147593 0.44554248512232747
2.9064988250000003 0.4456736744179912
2.907850056 0.4458428030581938
2.9092012869999997 0.44587952545136217
2.910552519 0.4460159926810507
2.91190375 0.4461560047808683
2.9132549819999998 0.4461329251717275
2.914606213 0.44626887573781243
2.915957445 0.4463983053699666
2.917308676 0.4463258250672909
2.918659908 0.44639696402840967
2.920011139 0.4462890347132502
2.9213623699999998 0.44636202355309157
2.922713602 0.44641514948121497
2.924064833 0.44624320782644533
2.925416065 0.4462655200386783
2.926767296 0.4462578100825432
2.928118528 0.4459868131652626
2.9294697590000003 0.4459820881326629
2.93082099 0.44592898684889276
2.932172222 0.44561646254030296
2.933523453 0.4455343074912454
2.934874685 0.4453954720424874
2.9362259159999997 0.44502504293819267
2.937577148 0.44488313593208584
2.938928379 0.44476094246216297
2.940279611 0.44437831885043305
2.941630842 0.4442177592509378
2.942982073 0.4440257232294065
2.9443333050000002 0.44369184833549713
2.9456845360000004 0.44351520289046037
2.947035768 0.4432105325492995
2.948386999 0.44307628622409934
2.949738231 0.44288571782955705
2.951089462 0.44260435961292793
2.952440694 0.44241421044389523
2.953791925 0.4422455298892352
2.955143156 0.4420594541637328
2.956494388 0.44194169432621827
2.957845619 0.44182576379634503
2.959196851 0.44169615672096224
2.960548082 0.441605881637272
2.9618993139999996 0.4415169972910509
2.9632505449999997 0.44151736812314724
2.964601776 0.44149368169082454
2.965953008 0.4415206060446989
2.967304239 0.4416664923005208
2.968655471 0.44170530735197094
2.970006702 0.44188625848305096
2.9713579340000003 0.4419759369164995
2.9727091650000004 0.4421154020793563
2.974060397 0.44245276911377385
2.975411628 0.44266770784808457
2.976762859 0.44287880813440245
2.978114091 0.4433102626578103
2.979465322 0.4435667045824664
2.980816554 0.44384818950437116
2.982167785 0.44440093218518995
2.983519017 0.4447690871489079
2.984870248 0.44514957432104113
2.9862214789999997 0.4457506490574825
2.987572711 0.44614353905151805
2.988923942 0.4465459419312219
2.9902751739999998 0.44722652581233957
2.991626405 0.44765676948220773
2.992977637 0.44810639991160883
2.994328868 0.44881097475709003
2.9956801 0.4492543500624463
2.997031331 0.4499246154234233
2.9983825619999998 0.45034529929329287
2.9997337940000004 0.45078919742967777
3.001085025 0.45126036269856745
3.002436257 0.4517285545695134
3.003787488 0.45216198779179917
3.0051387199999997 0.4528228461248628
3.006489951 0.45321578804220586
3.007841182 0.45359396134246655
3.009192414 0.45414663448062914
3.0105436450000003 0.45449149083413476
3.011894877 0.45484005126843957
3.0132461079999997 0.4553125103477535
3.01459734 0.455583219633761
3.015948571 0.4558240345645239
3.017299803 0.45617570003557795
3.018651034 0.45637014452323893
3.020002265 0.45665725694993126
3.021353497 0.45680284561624074
3.0227047280000003 0.4569291078946324
3.02405596 0.4570840111910558
3.0254071909999998 0.4571497064459703
3.0267584230000004 0.457162024706183
3.0281096539999997 0.4571979621721693
3.029460886 0.45719739898826856
3.030812117 0.4571870829077207
3.032163348 0.45714846650413177
3.03351458 0.4570908198995356
3.034865811 0.4570291700167904
3.036217043 0.4569116155642758
3.0375682740000003 0.45684223288555015
3.038919506 0.45674023535792896
3.0402707369999997 0.45657978940571514
3.041621968 0.45647915335869077
3.0429732 0.4563823495944256
3.044324431 0.4561764811349731
3.045675663 0.45608720465291047
3.047026894 0.4558990197389738
3.0483781260000002 0.45583231017093573
3.0497293570000004 0.4557530892341396
3.051080589 0.45560511867039133
3.05243182 0.455563167689343
3.053783051 0.4555280070393326
3.0551342829999997 0.45538973950652184
3.056485514 0.45539469741703476
3.057836746 0.45541759099843054
3.059187977 0.4553554014150838
3.060539209 0.4553830349699282
3.06189044 0.45544115470651686
3.063241671 0.45547096989824354
3.0645929030000003 0.45556421519888296
3.065944134 0.45567675747792014
3.0672953659999997 0.4557566846630154
3.068646597 0.455911561347593
3.069997829 0.45608151654544565
3.07134906 0.45626068418635557
3.072700292 0.45643204301300566
3.074051523 0.456649340007213
3.075402754 0.45686635925836666
3.0767539860000004 0.4571085251025539
3.0781052169999996 0.45737749288270907
3.079456449 0.4576300571399149
3.08080768 0.45787842227680214
3.0821589119999997 0.45820303093772274
3.083510143 0.4584495557870313
3.084861374 0.45873174724307997
3.086212606 0.4591000658513875
3.0875638370000003 0.459402629252063
3.088915069 0.4596688667584558
3.0902662999999997 0.4600678404079566
3.0916175320000003 0.4603670659583133
3.092968763 0.46064537589313304
3.0943199949999998 0.4610114368589071
3.095671226 0.4612724439651444
3.097022457 0.46168591175865825
3.098373689 0.461944312506312
3.0997249200000003 0.46217994449501104
3.101076152 0.46259669077957294
3.102427383 0.4628187539935529
3.103778615 0.46303778259296696
3.1051298459999996 0.4634112002242272
3.106481078 0.463606343201234
3.107832309 0.4638061211004176
3.10918354 0.46419699560450217
3.110534772 0.4643582359593192
3.111886003 0.46452642160352664
3.113237235 0.4648703146302245
3.1145884660000003 0.465031310196566
3.115939698 0.46519496052210196
3.1172909289999997 0.4655547949304609
3.11864216 0.4657214914200406
3.119993392 0.4658901857748892
3.121344623 0.4662095874850348
3.122695855 0.4663634469480648
3.124047086 0.46668230793914245
3.1253983180000002 0.4668524505987681
3.126749549 0.4670126899196185
3.128100781 0.46734527738389176
3.1294520120000002 0.4675143802518589
3.130803243 0.46768810530738614
3.1321544749999997 0.4679996373329013
3.133505706 0.46817504815869226
3.134856938 0.46833887512778266
3.136208169 0.4686597363618207
3.137559401 0.46885784457017193
3.138910632 0.46906613571892863
3.140261863 0.46939266690313236
3.1416130950000003 0.4696375550243195
3.142964326 0.46987035873329863
3.1443155579999997 0.47021690338954913
3.145666789 0.47044874923719454
3.147018021 0.4707885237851003
3.148369252 0.47104807442832997
3.149720484 0.47133023140795394
3.151071715 0.47166497673041585
3.152422946 0.4719484646234923
3.153774178 0.47223035345270115
3.155125409 0.4725961640652794
3.1564766410000002 0.47289629269954025
3.157827872 0.4732178421764184
3.1591791039999997 0.47356013546338366
3.160530335 0.4738874071201403
3.161881566 0.4742079050790978
3.163232798 0.47457808369414145
3.1645840290000002 0.47489353728981337
3.165935261 0.4752221179819106
3.167286492 0.47557614611310167
3.1686377240000003 0.47590489439332495
3.169988955 0.4762104138881739
3.1713401869999998 0.47656603593575786
3.172691418 0.47686044901100055
3.174042649 0.4771450221558106
3.1753938809999998 0.4774256002930321
3.176745112 0.4777033681096089
3.178096344 0.4779743906595928
3.179447575 0.47824244327519794
3.180798807 0.4784966838347295
3.182150038 0.47873963826367416
3.1835012700000003 0.4789742624359288
3.184852501 0.47919234323835364
3.186203732 0.47939522287463365
3.187554964 0.47956626709492994
3.188906195 0.47974770794916954
3.190257427 0.4799182298933593
3.1916086580000003 0.48008449988978624
3.19295989 0.480218115631341
3.194311121 0.4803638821941522
3.195662352 0.48045684049737986
3.197013584 0.48055780076306837
3.1983648149999997 0.4806418896425687
3.199716047 0.4807325610173648
3.201067278 0.48079780729723953
3.2024185099999998 0.4808635629483055
3.203769741 0.48092019390097585
3.205120973 0.4809746482585303
3.206472204 0.48099719573664995
3.207823435 0.4810299150631117
3.209174667 0.48105303516074016
3.2105258979999998 0.48106008172730513
3.21187713 0.481068464196516
3.213228361 0.4810626381532125
3.214579593 0.4810717104825498
3.215930824 0.4810755554273705
3.217282055 0.48107367205306256
3.2186332870000003 0.48105804570787725
3.2199845180000004 0.48108785005459964
3.22133575 0.4810923544612524
3.222686981 0.4811151147385294
3.2240382129999996 0.4811119883400368
3.2253894439999997 0.48115485376450373
3.226740676 0.4811854459011457
3.228091907 0.48120179713444916
3.229443138 0.48125452660891876
3.23079437 0.4813280947829769
3.232145601 0.48136978240317085
3.2334968330000002 0.48144483065582977
3.234848064 0.4815510347699631
3.2361992959999997 0.4816135739804349
3.237550527 0.481737517903682
3.238901759 0.4818612740873482
3.24025299 0.4819602359816783
3.2416042210000002 0.48211760681295895
3.242955453 0.4822875555526408
3.244306684 0.4823839214242664
3.2456579160000003 0.4825748841700647
3.2470091470000004 0.4826867935230642
3.248360379 0.48288470110732645
3.24971161 0.4830961485261005
3.251062841 0.48325111332344506
3.2524140729999997 0.4835019277967946
3.253765304 0.4837404422483457
3.255116536 0.4839161649295669
3.256467767 0.4841540178042471
3.257818999 0.4844217324074358
3.25917023 0.4846130467222352
3.2605214620000003 0.48489681516590294
3.261872693 0.48516867369800487
3.263223924 0.4853927626193771
3.264575156 0.48569155950057524
3.265926387 0.48598321626228363
3.267277619 0.48620065287016034
3.2686288500000003 0.4864850772237771
3.269980082 0.4867820678902566
3.271331313 0.48700162437385724
3.272682544 0.48730576152925215
3.274033776 0.48753292164614753
3.2753850069999997 0.48784460980161165
3.276736239 0.48814308157433384
3.27808747 0.4883789761928804
3.2794387019999998 0.4886414921699534
3.280789933 0.48891723232970774
3.282141165 0.48915914806785105
3.283492396 0.4894185376429209
3.2848436270000003 0.48970448629416363
3.286194859 0.48996722751844013
3.2875460899999998 0.49024362638757785
3.288897322 0.490467263571968
3.290248553 0.49069576306413304
3.291599785 0.490919575133822
3.292951016 0.4911572112612817
3.294302247 0.49140993466857774
3.2956534790000003 0.49163768999626456
3.29700471 0.4919019476445751
3.298355942 0.4921119492432171
3.299707173 0.49233647386002916
3.301058405 0.49259206451119647
3.3024096359999997 0.4927985999625601
3.303760868 0.49300495967495034
3.305112099 0.4933024811462839
3.30646333 0.4935158156367926
3.307814562 0.49372888405027127
3.309165793 0.4940420635094728
3.3105170250000002 0.494252961929219
3.3118682560000003 0.49446189376086774
3.313219488 0.49477133046442706
3.3145707189999998 0.4950042701106529
3.315921951 0.49523646258425946
3.317273182 0.4956161431847326
3.318624413 0.49586260796380455
3.319975645 0.4961182129171944
3.321326876 0.49652446308539183
3.322678108 0.49674774313228337
3.324029339 0.49714681935593347
3.325380571 0.49739986018857857
3.326731802 0.49770203094836835
3.328083033 0.49817222616802337
3.3294342649999997 0.49848433742513254
3.330785496 0.4988060924637363
3.332136728 0.4992832724206334
3.333487959 0.4996093401219717
3.334839191 0.49992910701225823
3.336190422 0.5004327846153597
3.3375416540000002 0.5007518084310186
3.3388928850000004 0.5011172957562472
3.340244116 0.5016737877528864
3.341595348 0.5020590173880808
3.342946579 0.5024455482775878
3.344297811 0.5030005807068587
3.345649042 0.5033855951524131
3.347000274 0.5039559383953514
3.348351505 0.5043763022892741
3.3497027360000002 0.5047809760142442
3.351053968 0.5053713712460774
3.3524051989999997 0.5057824864642787
3.353756431 0.5062048495178916
3.355107662 0.5068386289820381
3.3564588939999997 0.5072720657446637
3.357810125 0.5077026032372696
3.359161357 0.5082828601850827
3.360512588 0.5087096157956825
3.3618638190000003 0.5091334126528848
3.363215051 0.5097088319260064
3.3645662819999997 0.5101260115685489
3.3659175140000004 0.5105264419300837
3.367268745 0.5111111243755009
3.368619977 0.5115222580060499
3.369971208 0.5119335855546713
3.371322439 0.5124814854036343
3.372673671 0.5128665677642342
3.374024902 0.5133883205224484
3.375376134 0.5137482648822385
3.3767273650000003 0.51414712552117
3.378078597 0.5146539707299704
3.3794298279999997 0.5150191405948734
3.38078106 0.5153690810443942
3.382132291 0.5158166466410238
3.383483522 0.5161477694374996
3.384834754 0.5164505861867351
3.386185985 0.5168617746503841
3.387537217 0.5171392632905256
3.3888884480000003 0.5174087328080299
3.39023968 0.5177646783263468
3.3915909109999998 0.5180136382895607
3.3929421430000004 0.5182595591544437
3.3942933739999996 0.5185448104928011
3.3956446049999998 0.5187613639561243
3.396995837 0.5189540706358501
3.398347068 0.5191955462544253
3.3996983 0.5193530208288185
3.401049531 0.5195536288148913
3.402400763 0.5197141668660912
3.4037519940000003 0.5198486321147755
3.405103225 0.5200316333677394
3.4064544569999997 0.520151541687119
3.407805688 0.5202553413933673
3.40915692 0.5204072285730561
3.410508151 0.5204957104118525
3.411859383 0.5206120487484789
3.413210614 0.5207677930973411
3.4145618460000002 0.5208697044494727
3.4159130770000004 0.520960325983954
3.4172643079999996 0.5210868661845465
3.41861554 0.5211778630818089
3.419966771 0.521249153357957
3.4213180029999997 0.5213953077801644
3.422669234 0.5214977799299982
3.424020466 0.5216616842487322
3.425371697 0.5217965520419378
3.4267229280000002 0.5219151192983792
3.42807416 0.5221036630880433
3.429425391 0.5222379971447929
3.4307766230000003 0.5224068661275015
3.432127854 0.5226426073212007
3.4334790859999997 0.5227996331687225
3.434830317 0.5229970690458222
3.436181549 0.5232482384618163
3.43753278 0.5234461078694876
3.4388840110000003 0.5236368028172939
3.440235243 0.5238908165474335
3.441586474 0.5241073444097215
3.4429377060000004 0.5243091730525882
3.4442889369999996 0.5246044040340797
3.445640169 0.5248379710885479
3.4469914 0.5250891288256578
3.448342631 0.5254410241028095
3.449693863 0.525703129516939
3.451045094 0.5260850197287416
3.452396326 0.526373384582928
3.4537475570000002 0.5266539158126265
3.455098789 0.5270316324696501
3.45645002 0.5273122996908256
3.4578012520000003 0.527633155756878
3.459152483 0.5280620865316984
3.460503714 0.5284143965219581
3.461854946 0.5287602258256963
3.463206177 0.5291905501362251
3.464557409 0.5295494429797696
3.4659086400000003 0.5298845389936919
3.467259872 0.5303250224280491
3.468611103 0.5306647514117767
3.469962335 0.5309966538413783
3.4713135659999996 0.5314514032602632
3.4726647969999997 0.5317846436381318
3.474016029 0.5322511513012608
3.47536726 0.5326153343584348
3.476718492 0.5329626055194288
3.478069723 0.5334251457666149
3.479420955 0.5337603456670393
3.4807721860000003 0.5340974862180254
3.482123417 0.5345320801580907
3.483474649 0.5348528317682831
3.48482588 0.5351822021882848
3.486177112 0.5355985871549857
3.487528343 0.5359229439074128
3.488879575 0.5362403998682999
3.490230806 0.5366438923818929
3.491582038 0.5369504670354198
3.492933269 0.5372275565661587
3.4942845 0.5376001275709588
3.495635732 0.5378625168356409
3.496986963 0.5381107748979066
3.4983381949999997 0.5384588839156048
3.4996894259999998 0.5386813266476292
3.501040658 0.5390038717114386
3.502391889 0.5392268407676368
3.50374312 0.5394302811254816
3.505094352 0.539723987451188
3.506445583 0.5399058774252541
3.5077968150000003 0.5401028531837662
3.509148046 0.5403804415766773
3.5104992779999997 0.5405524053007267
3.511850509 0.5407198714852042
3.513201741 0.5409402481500589
3.514552972 0.5411128434043544
3.515904203 0.5412908346838329
3.517255435 0.541501869518969
3.518606666 0.5416501057941172
3.519957898 0.541777167623602
3.521309129 0.541966967830023
3.5226603610000002 0.5420876451808865
3.524011592 0.5422202407534967
3.5253628239999997 0.5423223026531618
3.526714055 0.542420382144673
3.528065286 0.5425539380179558
3.529416518 0.5426417072482634
3.5307677490000002 0.5427023310100988
3.532118981 0.5428601843122501
3.533470212 0.5429707682271986
3.5348214440000003 0.5430702256527944
3.536172675 0.5432172604322566
3.537523906 0.5433025702603791
3.538875138 0.543414511301071
3.540226369 0.5435701704687957
3.5415776009999997 0.543659525267311
3.542928832 0.5437732677726352
3.544280064 0.5439262142613327
3.545631295 0.5440481923603562
3.546982527 0.5441714725651234
3.548333758 0.544314580732133
3.5496849889999997 0.5444397785066036
3.551036221 0.5445951617726296
3.552387452 0.5447183013618989
3.553738684 0.5448540845358468
3.555089915 0.5450042387113162
3.556441147 0.5451475148692998
3.5577923780000003 0.5452999173430944
3.5591436090000004 0.5454778785013064
3.560494841 0.5456513705187331
3.561846072 0.5458275613240059
3.563197304 0.5460427581317474
3.5645485349999997 0.5462337913087224
3.565899767 0.5464164112670961
3.567250998 0.5466458503562631
3.5686022299999998 0.5468187191864052
3.569953461 0.5469972153626529
3.571304692 0.5472465286101902
3.572655924 0.5474560914490305
3.574007155 0.5477198412080548
3.575358387 0.5479334954298409
3.5767096179999998 0.5481244279557465
3.57806085 0.5483851926131109
3.579412081 0.548595229967831
3.580763312 0.5488095349501942
3.582114544 0.5490835077757307
3.583465775 0.5492990156000961
3.5848170070000003 0.5495365553212093
3.5861682380000004 0.549835925595042
3.58751947 0.5500819624754814
3.588870701 0.5503399390355362
3.5902219329999996 0.5506276428573128
3.5915731639999997 0.5508509716423252
3.592924395 0.5510769204599617
3.594275627 0.5513513495980876
3.595626858 0.5515961639635855
3.59697809 0.5518380353324491
3.598329321 0.5521278970463446
3.5996805530000002 0.5523697830255698
3.601031784 0.5526622660920675
3.602383016 0.552893861708705
3.603734247 0.5531146841484964
3.605085478 0.5533525716436618
3.60643671 0.5535426229466799
3.607787941 0.5537128057577865
3.609139173 0.5539312948618819
3.610490404 0.5541428862594102
3.6118416360000003 0.5543382844602676
3.6131928670000004 0.5545786645316809
3.6145440979999997 0.5547780215851451
3.61589533 0.5549648168485448
3.617246561 0.5551994628985323
3.6185977929999997 0.5553616323724465
3.619949024 0.5555178392348875
3.621300256 0.5557419379088931
3.622651487 0.555900244854733
3.624002719 0.5561237955874291
3.62535395 0.5563073031851875
3.6267051809999997 0.5564674710378816
3.628056413 0.5566845069701486
3.629407644 0.5568424894220945
3.630758876 0.5569773685451994
3.632110107 0.5571678009811475
3.633461339 0.5572846207164516
3.6348125700000002 0.5574033940567168
3.6361638010000004 0.5576021628815568
3.637515033 0.5577450331558417
3.638866264 0.5578936043801567
3.640217496 0.5580984316141127
3.6415687269999997 0.5582405761811438
3.642919959 0.5583823284111857
3.64427119 0.5585557635577773
3.6456224219999998 0.5586680679404451
3.646973653 0.5587850296765777
3.648324884 0.5589335906158386
3.649676116 0.5590521445984067
3.6510273470000003 0.5592299442540648
3.652378579 0.5593409815400247
3.6537298099999997 0.5594673250221812
3.655081042 0.559641417089959
3.656432273 0.5597597520987505
3.657783504 0.5598800724432618
3.659134736 0.5600147489885886
3.660485967 0.5601046794080916
3.6618371990000003 0.5602077894690878
3.66318843 0.5603349032626437
3.664539662 0.56044291940604
3.665890893 0.5605658869301456
3.667242125 0.5607050837227299
3.6685933559999997 0.5608284076571707
3.669944587 0.5609568666562958
3.671295819 0.5610905616670885
3.67264705 0.5611950363656893
3.673998282 0.5612797260245356
3.675349513 0.5613766943329319
3.676700745 0.5614712531127324
3.6780519760000003 0.5615950851593491
3.679403208 0.561707507204344
3.6807544389999998 0.5618235887798454
3.68210567 0.561934934933129
3.683456902 0.5620438092312042
3.684808133 0.5621633529087788
3.686159365 0.5622744287747637
3.687510596 0.5623737504041572
3.688861828 0.5624562505592053
3.690213059 0.5625347630000619
3.6915642899999996 0.56262373277055
3.692915522 0.5627231938295141
3.694266753 0.5628474568000802
3.6956179849999997 0.5629663189435672
3.696969216 0.5630616753436337
3.698320448 0.5631769975431845
3.699671679 0.5632890865473336
3.701022911 0.563392351281631
3.702374142 0.5634678378927331
3.703725373 0.5635506913327953
3.7050766050000004 0.5636453033423185
3.706427836 0.5637333739643674
3.707779068 0.5638245487689499
3.709130299 0.5639256895391797
3.710481531 0.5640235264119151
3.711832762 0.5641202877026631
3.713183993 0.5642298409033575
3.714535225 0.5643271138418522
3.7158864560000002 0.5644142675687689
3.717237688 0.5645167290384517
3.7185889189999997 0.5645976230040786
3.719940151 0.5646731886840527
3.721291382 0.5647922438260197
3.7226426139999997 0.56490022597404
3.723993845 0.5649942164331139
3.725345076 0.565127506812644
3.726696308 0.5652379620965396
3.7280475390000003 0.5653599386981697
3.729398771 0.5654555760453359
3.730750002 0.5655523852102899
3.7321012340000004 0.5656741471509923
3.733452465 0.5657738306317145
3.7348036959999997 0.5658685936859049
3.736154928 0.5659950239885181
3.737506159 0.5661094514813317
3.738857391 0.5662219118165248
3.740208622 0.5663721156271895
3.741559854 0.5665057908329131
3.7429110850000002 0.5666252501761531
3.744262317 0.5667715993550695
3.7456135479999997 0.5668837259006904
3.746964779 0.5669823993780831
3.748316011 0.567127150059581
3.749667242 0.567250793519634
3.751018474 0.5674091495042614
3.752369705 0.5675383670712462
3.753720937 0.5676756731332316
3.7550721680000003 0.5678368219744664
3.7564234 0.5679636026432253
3.757774631 0.5680966021911664
3.759125862 0.5682590205316984
3.7604770939999996 0.568385437734407
3.7618283249999998 0.5685052787801433
3.763179557 0.5686559709503454
3.764530788 0.5687896574248221
3.76588202 0.5689345195202572
3.767233251 0.5691089177160761
3.768584482 0.5692536845940678
3.7699357140000003 0.5693946527411587
3.771286945 0.5695632306997755
3.7726381769999997 0.5697093286779159
3.773989408 0.5698479597602452
3.77534064 0.5700029778382838
3.776691871 0.5701328037066848
3.778043103 0.5702877914655676
3.779394334 0.5704075049108676
3.780745565 0.5705435557507275
3.7820967970000003 0.5707021663241482
3.7834480279999996 0.570825974014407
3.7847992599999998 0.5709655590370667
3.786150491 0.5711215113620238
3.7875017229999997 0.5712397288317634
3.7888529539999998 0.5713613450522378
3.790204185 0.5714852243702471
3.791555417 0.5715807169860065
3.792906648 0.5716988130409315
3.79425788 0.5718249368372081
3.795609111 0.5719333239750222
3.7969603430000003 0.5720541735960102
3.798311574 0.5721639484894315
3.7996628059999997 0.5722634698643678
3.801014037 0.5723867311166255
3.802365268 0.5724744336261373
3.8037165 0.5725485996337533
3.8050677310000003 0.5726373041591971
3.806418963 0.5727141364371722
3.807770194 0.5727993853900232
3.8091214260000004 0.5728807087177664
3.8104726569999996 0.5729395897029197
3.811823889 0.5730029542590939
3.81317512 0.5730700137585807
3.814526351 0.5731387812017442
3.815877583 0.573205912590446
3.817228814 0.5732537735988132
3.818580046 0.5733000697793773
3.8199312770000002 0.573346964411152
3.821282509 0.5733787418457243
3.82263374 0.5734243947900773
3.823984971 0.573461951194134
3.825336203 0.5734713792641564
3.826687434 0.573495684904435
3.828038666 0.5734851182747267
3.829389897 0.5735223549458923
3.830741129 0.5735543519834013
3.8320923600000003 0.5735459388902432
3.833443592 0.5735724036307334
3.834794823 0.5735607476369189
3.836146054 0.5735086211095244
3.8374972859999996 0.5735249163532533
3.8388485169999997 0.5735160174958432
3.840199749 0.573461985756713
3.84155098 0.5734661183219043
3.842902212 0.573453186487214
3.844253443 0.5733956021523062
3.845604674 0.5733883091101911
3.8469559060000003 0.5733627998006299
3.848307137 0.5732910231078197
3.849658369 0.5732718489118008
3.8510096 0.5731945556177938
3.852360832 0.5731441786501881
3.853712063 0.5730952856470308
3.855063295 0.5729965605570269
3.856414526 0.5729394875715884
3.857765757 0.5729056063304464
3.859116989 0.5728243227749179
3.86046822 0.5727665427286953
3.861819452 0.5727259823618359
3.863170683 0.5726314915387228
3.8645219149999996 0.5725688797230538
3.8658731459999998 0.572525000840023
3.867224377 0.5724314157553765
3.868575609 0.5723682065401579
3.86992684 0.5723159480165251
3.871278072 0.5722224548254724
3.872629303 0.5721518125897885
3.8739805350000003 0.57208525950135
3.875331766 0.5719921272328631
3.876682998 0.5719295571490082
3.878034229 0.5718509567212957
3.87938546 0.5718149855245966
3.880736692 0.5717622533095403
3.882087923 0.5716910378423216
3.883439155 0.5716547204368825
3.884790386 0.5716140101206141
3.886141618 0.5715803240914987
3.887492849 0.57157998354427
3.8888440810000002 0.5715696109602346
3.890195312 0.5715551694363842
3.891546543 0.5715713188754205
3.892897775 0.5715858334116075
3.894249006 0.5715972798784115
3.895600238 0.5716432736386589
3.8969514690000002 0.5716920937236676
3.898302701 0.5717375963530156
3.899653932 0.5718140072747986
3.9010051629999998 0.5718929736270937
3.902356395 0.5719921768575913
3.903707626 0.5721223190099062
3.905058858 0.5722521326992477
3.906410089 0.5723809340894495
3.9077613209999997 0.5725327437501556
3.909112552 0.5727036581013375
3.910463784 0.5728667873214223
3.911815015 0.5730441578615091
3.913166246 0.5732483998449083
3.914517478 0.5734316996500647
3.9158687089999997 0.5736318029280651
3.917219941 0.5738597718376168
3.918571172 0.5740405235749483
3.919922404 0.5742208472267616
3.921273635 0.5744203719904196
3.922624866 0.5745814889249167
3.9239760980000002 0.5747434391059025
3.9253273290000004 0.5749283442865565
3.926678561 0.575051317124422
3.928029792 0.5751736369366056
3.929381024 0.5752538368266511
3.9307322549999997 0.5752948672095121
3.932083487 0.5753187918222786
3.933434718 0.5752760307037497
3.934785949 0.575150254207782
3.936137181 0.5749777172759988
3.937488412 0.5747017574962094
3.938839644 0.5743416334484145
3.940190875 0.5739216261501328
3.941542107 0.5733699023197749
3.9428933379999997 0.5727243902218812
3.944244569 0.571989662059037
3.945595801 0.5710807939034461
3.946947032 0.5700159335357717
3.948298264 0.5688118450806401
3.949649495 0.5674044193748365
3.9510007270000003 0.5658695548941137
3.9523519580000004 0.5640789269746352
3.95370319 0.5620729388151666
3.955054421 0.5599087368096434
3.956405652 0.5574718369024543
3.9577568839999997 0.5547702040812024
3.959108115 0.5518648156421674
3.960459347 0.5486333699453684
3.961810578 0.545109203580714
3.96316181 0.5413583785318127
3.964513041 0.5372762008775146
3.965864273 0.5328909928412828
3.967215504 0.5282570946448422
3.968566735 0.5232979993069047
3.9699179669999998 0.5180143452032299
3.971269198 0.512419839782061
3.97262043 0.5064525992179435
3.973971661 0.5001734293331269
3.975322893 0.49362857579193375
3.976674124 0.4867595492002584
3.978025355 0.47963702751358483
3.9793765870000004 0.47218318900977824
3.9807278179999996 0.4644673794817965
3.98207905 0.45655727953512076
3.983430281 0.4483225549744366
3.9847815129999997 0.4398316335063546
3.986132744 0.4311813270224185
3.987483976 0.4222847425530431
3.988835207 0.41320832418469017
3.9901864380000003 0.4040238244242549
3.99153767 0.3946877047395708
3.9928889009999997 0.38522734017613913
3.994240133 0.37572165458714807
3.995591364 0.366098605695507
3.996942596 0.3564080614190172
3.998293827 0.3467289216587736
3.999645058 0.33702977408626966
4.00099629 0.32733322703173723
4.002347521 0.3176626334796907
4.003698753 0.3080536853257681
4.005049984 0.2985299850293118
4.006401216 0.2890129390543799
4.007752447 0.2796316683414939
4.009103679 0.27038699363222124
4.01045491 0.2612492572236658
4.011806141 0.25225925761024537
4.013157373 0.24345042987996868
4.014508604 0.2347842626921835
4.015859836 0.2262679009781505
4.017211067 0.21796037777555521
4.018562299 0.2098115648664862
4.01991353 0.20183673119433804
4.021264761 0.19407735728167094
4.022615993 0.1865133015586918
4.023967224 0.17912769931187839
4.025318456 0.17194519212554565
4.026669687 0.1649837909672607
4.028020919 0.15820894891504317
4.02937215 0.1516333901593925
4.030723382 0.14528119744571943
4.032074613 0.13913437363674533
4.033425844 0.13315934422136427
4.034777076 0.127391671090105
4.036128307 0.1218438384550508
4.037479539 0.11643562609714687
4.03883077 0.11122491434380627
4.040182002 0.10622058308413897
4.041533233 0.10138205025501085
4.042884465 0.0967095734682362
4.044235696 0.09223880524114629
4.0455869269999996 0.08794036075649383
4.046938159 0.08377702118403454
4.04828939 0.07980752907148465
4.049640622 0.07599686647062395
4.050991853 0.07232717774130465
4.052343085 0.06880775316295841
4.053694316 0.06545673878560276
4.055045547 0.06223920268998354
4.056396779 0.05912856283642025
4.05774801 0.05617586316004169
4.059099241999999 0.053354080279984485
4.0604504729999995 0.05063911772549334
4.061801705 0.048047940949933955
4.063152936 0.045610736993634
4.064504168 0.04325446511378039
4.065855399 0.04100472539131743
4.06720663 0.03888764903409185
4.0685578620000005 0.03686074914411558
4.069909093000001 0.034915568897815094
4.071260325 0.03307460661131247
4.072611556 0.03134221294815568
4.073962788 0.029658935145282058
4.075314019 0.028073354771592965
4.07666525 0.026580411669956797
4.078016482 0.025160201061437907
4.079367713 0.023792290568367326
4.080718945 0.02251524133634404
4.082070176 0.021319274986865568
4.083421408 0.020150983433593138
4.084772639 0.019054967654195672
4.086123871 0.018029105364997033
4.087475102 0.017048428486704355
4.088826333 0.016102116394341517
4.090177565 0.015246540525326603
4.091528796 0.014422894021056442
4.092880028 0.013618782018887242
4.094231259 0.012869434311693193
4.095582491 0.012177269387202901
4.096933722 0.011514893892822111
4.098284953 0.010877840290014923
4.0996361850000005 0.010308855031467414
4.100987416 0.00975473672003015
4.102338648 0.00921609003286658
4.103689878999999 0.00870921635427232
4.105041110999999 0.008255817911944857
4.106392342 0.0078000802384618545
4.107743574 0.0073686398337672356
4.109094805 0.0069814701001637966
4.110446036 0.006607177713263609
4.111797268 0.006239520914714784
4.113148499 0.005904677122232022
4.1144997309999995 0.005611049844684263
4.115850962000001 0.005300537154010839
4.117202194000001 0.005014982239519708
4.118553425 0.00475830176943749
4.119904657 0.004516260738541469
4.121255887999999 0.004258882575955856
4.122607119 0.004041011303279353
4.123958351000001 0.0038387026499279355
4.125309582 0.003627884129016915
4.126660814 0.003426251592646973
4.128012045 0.003257793499108375
4.129363277 0.0030995332013122154
4.130714508 0.0029258016003246463
4.132065739 0.002783328949101474
4.133416971 0.002649791100784538
4.134768202 0.0025117644831797836
4.136119434 0.0023717793568050474
4.1374706649999995 0.0022720983665024696
4.138821897 0.002156159038752247
4.140173128000001 0.0020376914222515977
4.14152436 0.001936175319799222
4.142875591 0.0018550444689898126
4.144226821999999 0.0017489260035711827
4.145578054 0.0016495300085305805
4.146929285000001 0.0015836872707572604
4.148280517 0.0015155116658339095
4.149631748 0.001433899212166869
4.15098298 0.0013588582166783976
4.152334211 0.001306735612370336
4.153685442 0.0012286436895779255
4.155036674 0.0011625517868870294
4.156387905 0.0011159475893975264
4.157739136999999 0.0010782677887023432
4.159090368 0.001005365349517815
4.1604416 0.000962942410848324
4.161792831 0.0009332074037694052
4.163144063 0.0008923386900062333
4.164495294 0.0008340877828990228
4.165846525 0.0008033985881742529
4.167197757 0.0007735254606628768
4.1685489879999995 0.0007263650524922191
4.169900220000001 0.000691505440994602
4.171251451 0.0006779917961747408
4.172602683 0.0006537253558383967
4.173953914 0.0006032626652180893
4.1753051459999995 0.0005817464472718662
4.1766563770000005 0.0005632722722741488
4.178007608 0.0005333986727150587
4.17935884 0.0004959426964676888
4.180710071 0.0004964253854933272
4.182061303 0.0004732137858227638
4.183412534 0.0004393694797758815
4.184763766 0.00041359355073444364
4.186114997 0.00041867832866124093
4.187466228 0.0003892050178850412
4.18881746 0.00036203163066180887
4.190168691 0.00035077430758533
4.1915199229999995 0.00034658005558178064
4.1928711540000005 0.00031430631500376757
4.194222386000001 0.0003005254109615657
4.195573617 0.00030546309945507093
4.196924849 0.0002978578818607856
4.198276079999999 0.00027202524342225773
4.199627311 0.0002612530128139667
4.200978543 0.0002599733393651709
4.202329774 0.0002327661376021048
4.203681006 0.00021234079485868656
4.205032237 0.00021373795709882685
4.206383469 0.00021938026513949516
4.2077347 0.00018914681202616856
4.209085931 0.00018206505063298828
4.210437163 0.00018720117943494898
4.211788394 0.00018643210015369485
4.213139626 0.00016131730437894196
4.2144908569999995 0.0001758224593561528
4.215842089 0.00018480639181267676
4.217193320000001 0.0001732170928722245
4.218544552 0.0001449666283075812
4.219895783 0.00016363265883905437
4.221247013999999 0.00015688038463725093
4.2225982459999996 0.0001318984792044243
4.223949477 0.00011462148397242476
4.225300709 0.000135377703205413
4.22665194 0.00011821631803988073
4.228003171999999 9.953492228055335e-05
4.229354403 9.802556935197668e-05
4.2307056339999995 0.0001204134448107866
4.232056866 9.995349644451988e-05
4.233408097000001 9.248795361498293e-05
4.234759329 0.00010109521456680645
4.23611056 0.00011086878360680315
4.237461792 8.239675203039041e-05
4.238813023 7.70659352941274e-05
4.240164255 8.442240962921552e-05
4.241515486 8.23561036020349e-05
4.242866717 6.665326282738578e-05
4.244217949 7.167118759208191e-05
4.24556918 7.822649516523338e-05
4.246920412000001 6.593217183251414e-05
4.248271643 5.4169674337283654e-05
4.249622875 7.069039287515425e-05
4.251230967 0.0
4.252839059 0.0
