Wavelength_microns Throughput
2.0004663860000003 1.3052345960189305e-15
2.002074478 5.289438297558049e-16
2.00368257 1.3985065193608217e-16
2.005290662 1.6178107523505575e-17
2.006898754 8.611728119646006e-17
2.008506846 1.9027272625943316e-16
2.010114938 2.0743485083888796e-16
2.01172303 6.931687546311957e-17
2.013331122 3.363687232819831e-17
2.014939214 5.865557658319107e-17
2.016547306 9.715054230218791e-17
2.018155398 3.725438582723503e-17
2.01976349 3.7776192000421823e-17
2.021371582 9.798892561100313e-17
2.022979674 1.3198789312940642e-16
2.0245877660000002 9.212100444199596e-17
2.026195858 5.715260538376526e-17
2.027803949 4.023646308901459e-17
2.029412041 1.5322312476902154e-17
2.031020133 7.797469617848825e-18
2.032628225 8.739728299904098e-18
2.034236317 1.9181847070286913e-17
2.035844409 2.030896382269134e-18
2.037452501 4.92917284366151e-20
2.039060593 3.992943906599536e-20
2.040668685 1.2982176126698284e-19
2.042276777 4.489688379250797e-19
2.0438848689999998 4.545724652275681e-18
2.045492961 1.4246770663659068e-17
2.047101053 3.3277015199740884e-17
2.0487091449999997 6.741274341379045e-17
2.0503172370000002 1.1109987967690012e-16
2.0519253290000004 3.0732614547365146e-17
2.053533421 7.70158814262759e-18
2.055141513 3.6319367748084006e-18
2.056749605 4.146532917260061e-18
2.058357697 1.06948562763923e-18
2.059965788 7.857346546597204e-20
2.06157388 1.4481583104125344e-19
2.0631819719999998 4.098748439723458e-18
2.064790064 3.57290394983445e-18
2.066398156 1.5684600416369073e-19
2.068006248 2.1850538279694235e-19
2.06961434 1.0701820961877682e-17
2.071222432 9.086702202702096e-17
2.072830524 8.119189178332803e-17
2.074438616 1.510008786851492e-17
2.076046708 2.5625006762574227e-19
2.0776548 6.566509703529504e-20
2.079262892 2.019978422512864e-18
2.080870984 1.498141608939829e-17
2.0824790760000003 7.517033357051358e-19
2.084087168 1.306286687686713e-19
2.08569526 2.9753919892726704e-18
2.0873033519999997 1.2443203532919213e-16
2.088911444 3.9173918636605994e-18
2.090519536 2.1586939921928653e-19
2.092127627 4.828330778167731e-18
2.0937357189999997 2.171476708173579e-16
2.0953438110000002 1.2036704210027379e-16
2.0969519030000003 7.134339807801507e-17
2.098559995 1.1896802255934276e-17
2.100168087 1.2475811411702488e-17
2.101776179 5.3372798319535146e-17
2.103384271 5.068600953249968e-16
2.104992363 2.247693379918187e-16
2.1066004549999997 4.340641239225135e-18
2.1082085470000003 2.4675701438025228e-18
2.109816639 1.3134653127768393e-16
2.111424731 8.654742365211766e-16
2.113032823 2.545275938973372e-17
2.114640915 2.225272154804589e-18
2.116249007 5.359470967299387e-18
2.1178570989999996 1.3192765041271202e-17
2.1194651909999997 3.2542126116397186e-18
2.1210732830000003 1.1327981823084084e-18
2.122681375 3.0869357859726077e-18
2.124289466 3.00934454061638e-17
2.125897558 1.74348330396072e-16
2.1275056500000002 7.79956607161751e-16
2.129113742 3.003837364356184e-16
2.130721834 8.57982531167133e-18
2.1323299259999997 3.628829007674117e-18
2.133938018 1.5776844692431182e-16
2.1355461100000004 2.4028987090101554e-15
2.137154202 5.647107573402665e-17
2.138762294 1.467055633225926e-18
2.140370386 3.3946624983575153e-18
2.141978478 1.0366319469214639e-17
2.14358657 4.935242200493075e-18
2.1451946619999998 1.4131059082361565e-18
2.146802754 4.2294287180582626e-18
2.1484108460000004 1.4085427034918916e-16
2.150018938 1.6534228781613025e-15
2.15162703 1.787526650118744e-15
2.153235122 1.4428906406875599e-15
2.154843214 1.841378264433943e-16
2.156451305 5.721630333755097e-17
2.158059397 2.1916017223551174e-17
2.159667489 1.2439779586667598e-17
2.161275581 6.910062787342507e-18
2.1628836729999996 2.096363921324783e-18
2.164491765 3.738566634840457e-18
2.1660998570000003 1.2922564469471645e-16
2.167707949 1.7095924357577904e-15
2.169316041 5.583265644099672e-17
2.170924133 2.8921573781231956e-18
2.172532225 4.612189894357679e-17
2.174140317 1.5228488735964753e-15
2.1757484089999997 5.343339082935966e-15
2.177356501 5.385379574324663e-15
2.1789645930000003 3.4457979265963646e-15
2.180572685 1.7660764770896838e-15
2.182180777 1.0033910953776663e-15
2.183788869 1.0529592466489478e-16
2.185396961 2.3734504469671446e-17
2.187005053 4.429153126567735e-18
2.1886131449999997 1.4779558118439287e-18
2.1902212359999997 1.648038053342165e-18
2.191829328 6.07613779500437e-18
2.1934374200000004 3.14623907337424e-17
2.195045512 1.0485961724529611e-17
2.196653604 3.9606971753771475e-18
2.198261696 6.798905044800766e-17
2.199869788 2.5886858719526503e-15
2.20147788 7.024560225106669e-15
2.203085972 5.610350009752853e-15
2.204694064 4.610634007744976e-15
2.206302156 2.2927925498164718e-15
2.207910248 1.3166899244314266e-15
2.2095183400000002 8.60289931659088e-16
2.211126432 1.4396303585614952e-15
2.212734524 1.179913862329829e-15
2.2143426159999997 9.899044065907158e-17
2.215950708 1.9960473433998416e-17
2.2175588 6.328363928865154e-17
2.219166892 2.0971486733878974e-16
2.220774984 1.1529462357001084e-16
2.222383075 4.687938824182492e-17
2.2239911670000003 5.152130379748501e-17
2.225599259 1.6236360693619532e-16
2.227207351 3.846659561287604e-16
2.228815443 4.976290729783859e-16
2.230423535 2.2069428661004055e-15
2.232031627 9.707295005252228e-16
2.2336397189999997 2.2916164139559445e-16
2.2352478110000003 3.7613806504175795e-16
2.236855903 4.7386426901499675e-15
2.238463995 1.0146379595912875e-13
2.240072087 2.6562474661473452e-14
2.241680179 8.934504828798433e-15
2.243288271 3.364637414272385e-15
2.2448963629999996 1.2948634477243213e-15
2.2465044549999997 1.290923772074406e-15
2.2481125470000003 3.92371535079208e-16
2.249720639 1.2189547716142836e-16
2.251328731 2.199884519758401e-16
2.252936823 9.11387523536876e-16
2.2545449140000002 1.987887619971735e-15
2.256153006 6.01991988371496e-16
2.257761098 1.891966344825921e-16
2.2593691899999997 6.307418625336461e-16
2.260977282 4.754575037796551e-15
2.262585374 3.212629400550149e-14
2.264193466 1.7849702114560678e-13
2.265801558 1.285081487642838e-12
2.2674096500000003 9.843200499959968e-13
2.269017742 8.106160076791184e-13
2.270625834 5.656346450354368e-13
2.2722339259999997 5.286625942039201e-13
2.273842018 1.1170541491419224e-12
2.2754501100000004 1.875370367633502e-13
2.277058202 6.571501207820444e-14
2.278666294 4.097407099474459e-14
2.280274386 1.8219920067642553e-14
2.281882478 1.40696788705295e-14
2.28349057 4.6107858109087314e-14
2.285098662 3.0799254971597523e-13
2.286706753 6.908173227743275e-13
2.288314845 7.108247737814359e-13
2.2899229369999996 1.609059689557691e-12
2.291531029 1.912564621383032e-12
2.2931391210000003 2.906199673634067e-12
2.294747213 2.0045468586844365e-12
2.296355305 1.1513733136994408e-12
2.297963397 1.2071108982456978e-12
2.299571489 1.4943357606880486e-12
2.301179581 1.9613805769210803e-12
2.3027876729999996 7.650834258967315e-13
2.304395765 2.6792513125170526e-14
2.3060038570000003 1.7067832721557165e-15
2.307611949 4.165260036053758e-15
2.309220041 2.0457845180817612e-14
2.310828133 4.759732892272722e-14
2.312436225 1.3690735068606165e-14
2.314044317 4.681591770725705e-15
2.3156524089999997 8.498878147131669e-15
2.3172605010000003 3.4356625055603315e-14
2.318868592 1.520164530181169e-13
2.3204766840000004 6.766332976764098e-13
2.322084776 5.032432329599379e-12
2.323692868 1.2132778181051143e-11
2.32530096 1.0567217455689625e-11
2.326909052 9.36764298493745e-12
2.328517144 1.021042574781763e-11
2.3301252359999998 1.4094571322548902e-11
2.331733328 2.7229072530293005e-11
2.33334142 2.9067007914962803e-11
2.334949512 3.587190015117977e-11
2.3365576040000002 1.2103250648559007e-11
2.338165696 2.765086876935677e-12
2.339773788 1.0658503514274455e-12
2.3413818799999997 2.956878899828582e-12
2.342989972 1.0273975452417823e-11
2.344598064 1.1087963233465486e-11
2.346206156 3.402852820840642e-12
2.347814248 1.3258952797428476e-12
2.3494223400000003 5.813257295734648e-12
2.3510304310000003 4.884747593371727e-11
2.352638523 1.8527863768581254e-10
2.354246615 2.195809209440415e-11
2.3558547069999998 2.7558557094073925e-12
2.357462799 1.7833530602464222e-12
2.359070891 5.5051564368596724e-12
2.3606789829999997 2.3325166906941235e-11
2.3622870750000002 9.273621586793912e-12
2.363895167 3.1564073493624707e-12
2.365503259 1.963689969141085e-12
2.367111351 2.8207354066553734e-12
2.368719443 4.060741920691991e-12
2.370327535 1.501553451025292e-11
2.371935627 1.6425099216542605e-10
2.3735437189999997 1.9695943960549136e-09
2.3751518110000003 5.804415478293741e-10
2.376759903 7.010543239352776e-11
2.378367995 1.3563520753821472e-11
2.379976087 1.4532275856838294e-10
2.381584179 2.051943377026059e-09
2.383192271 4.713846846949301e-09
2.384800362 4.661019282276677e-10
2.3864084539999997 5.38200693225816e-11
2.388016546 6.287723272721965e-11
2.389624638 4.1627173339224645e-10
2.39123273 3.728664021147195e-09
2.392840822 7.1033720766365064e-09
2.3944489140000003 1.2276229248760651e-08
2.396057006 1.862705859126231e-08
2.397665098 2.435039389578381e-09
2.3992731899999997 3.5470182116443075e-10
2.400881282 3.9882921919852464e-10
2.4024893740000004 6.105218456034501e-09
2.404097466 9.542746963438078e-08
2.405705558 5.887312991833585e-08
2.40731365 5.220389503923092e-09
2.408921742 4.763501473529089e-10
2.410529834 1.9083261400710423e-09
2.4121379259999998 2.2053523952924897e-08
2.413746018 2.1186386141680402e-07
2.41535411 2.216151620564101e-08
2.416962201 2.5504774025464417e-09
2.418570293 8.669500107953509e-10
2.4201783850000003 4.502791048225358e-09
2.421786477 3.9812186320977616e-08
2.423394569 5.754990932842568e-08
2.425002661 8.21297935432315e-09
2.426610753 1.8444186185335996e-09
2.428218845 1.4692890229710565e-09
2.4298269369999996 1.658886708850745e-09
2.431435029 1.872918802395531e-09
2.4330431210000003 1.0119425161126784e-08
2.434651213 1.190450433423476e-07
2.436259305 1.490653252618616e-06
2.4378673969999998 1.858791175501525e-07
2.439475489 1.894826568983983e-08
2.441083581 4.1539978856184e-09
2.4426916729999997 5.199705867156115e-08
2.4442997650000002 6.631337863547334e-07
2.4459078570000004 2.6863194927980007e-06
2.447515949 2.2643046398887757e-07
2.44912404 1.9552647914745803e-08
2.450732132 7.194102809611935e-09
2.452340224 5.178724200279891e-08
2.453948316 4.4706803836996707e-07
2.455556408 5.131844525122206e-07
2.4571644999999998 6.014519969223243e-08
2.458772592 8.332277553321292e-09
2.460380684 8.573813154858044e-09
2.461988776 4.525138087140471e-08
2.463596868 3.109327387788241e-07
2.46520496 8.048615290732299e-07
2.466813052 1.3249324367019863e-06
2.468421144 2.562805557396424e-06
2.470029236 5.2477606165041e-07
2.471637328 4.91608382154613e-08
2.47324542 5.783606928730155e-09
2.474853512 3.0501289861289755e-08
2.4764616040000003 3.427518041054245e-07
2.478069696 3.862769812937179e-06
2.479677788 6.288891651205683e-07
2.481285879 5.652712437640089e-08
2.4828939709999998 5.12867130405145e-09
2.484502063 3.903439947351525e-08
2.486110155 4.3336210227556275e-07
2.4877182469999997 4.858881347197634e-06
2.489326339 1.958011207541241e-06
2.4909344310000003 1.132458547495768e-06
2.492542523 7.403085296273874e-07
2.494150615 1.0065538239676292e-06
2.495758707 1.5848173199057477e-06
2.497366799 4.435485741991437e-06
2.498974891 4.191150644433438e-06
2.499778162 4.233969765135473e-09
2.5011293930000003 8.69313875621867e-09
2.502480624 2.10534116014514e-08
2.5038318559999997 5.924734095226328e-07
2.505183087 6.999516390445808e-07
2.506534319 9.415928943223262e-07
2.50788555 1.792185455203722e-06
2.509236782 1.121774032183682e-06
2.510588013 6.065362560446566e-09
2.511939244 1.7258390534250197e-06
2.5132904760000003 1.4179479333769088e-06
2.514641707 2.7658160436576704e-06
2.515992939 2.7917577371747035e-06
2.51734417 1.1536313452316423e-06
2.5186954019999996 3.1211486897406294e-07
2.5200466329999998 1.9186513779593106e-06
2.521397865 5.664520111530155e-07
2.522749096 1.050028412009658e-06
2.524100327 1.2435446555486174e-06
2.525451559 4.1920552299454286e-09
2.52680279 4.191357114484271e-09
2.5281540220000003 1.263832509123011e-06
2.529505253 7.149913591049936e-09
2.5308564849999997 4.196929400545814e-09
2.532207716 9.08054479123453e-07
2.533558948 2.35516223860403e-06
2.534910179 2.083674598686435e-06
2.5362614100000003 9.528613727548686e-07
2.537612642 1.1040472365001678e-06
2.538963873 1.2119645024815414e-06
2.5403151050000004 8.326369626288162e-08
2.5416663359999996 1.6948539927932284e-06
2.5430175680000002 1.6483379510518845e-06
2.544368799 1.0997932018794885e-06
2.54572003 1.979686500556044e-06
2.547071262 4.297510287078387e-09
2.548422493 9.094973027170004e-07
2.549773725 6.551291256300426e-07
2.551124956 9.924154322856319e-07
2.552476188 1.3505112832030548e-08
2.553827419 2.732937724945551e-06
2.5551786510000003 3.12210205155241e-06
2.556529882 1.7046784158433436e-06
2.557881113 3.4284611538715896e-06
2.559232345 4.846042732559985e-06
2.560583576 9.08616324690036e-08
2.561934808 7.922801470415163e-08
2.5632860390000003 2.818965966078608e-06
2.564637271 1.1054662919311286e-06
2.565988502 4.505546788783574e-06
2.567339733 6.660146085702112e-06
2.5686909649999996 2.348708797319125e-06
2.5700421959999997 2.0376284456658707e-06
2.571393428 2.8751505156398086e-06
2.572744659 1.6890265611502987e-06
2.574095891 1.5826456997197173e-06
2.575447122 2.5334762733452597e-06
2.576798354 6.169620152877695e-07
2.5781495850000002 1.2779488280476794e-06
2.5795008160000004 3.427736701106564e-06
2.580852048 4.266133708259304e-06
2.582203279 4.132482191209244e-06
2.583554511 4.401999560132698e-06
2.584905742 2.007599165554312e-06
2.586256974 1.6721189105059078e-06
2.587608205 2.4518209496586596e-06
2.588959437 3.4478875754183923e-06
2.590310668 1.7986807646990088e-06
2.591661899 1.911118991356943e-06
2.593013131 2.6445621766665498e-06
2.594364362 1.9944404588274126e-06
2.5957155939999996 4.164121533310293e-06
2.5970668249999997 3.714578222613072e-06
2.598418057 9.577639635499857e-07
2.599769288 8.030204671077096e-07
2.601120519 1.6584687584376567e-06
2.602471751 6.14714997054948e-07
2.603822982 5.692093646828854e-07
2.6051742140000003 5.002353004686366e-06
2.6065254450000004 1.7054563605487466e-06
2.607876677 2.4038848323908155e-06
2.609227908 2.0080775024504252e-06
2.61057914 9.979503680224754e-07
2.611930371 9.223515380730143e-07
2.613281602 2.457043950725128e-06
2.614632834 1.3372453753029096e-06
2.615984065 8.370411993768592e-09
2.617335297 2.1328473726625018e-06
2.618686528 2.313628653164449e-06
2.62003776 7.996322986731197e-08
2.621388991 1.140296630854508e-08
2.622740222 4.426507586916866e-09
2.6240914539999998 1.1467620114740696e-06
2.625442685 4.6658426833123275e-06
2.626793917 2.5258415619326234e-06
2.628145148 1.9766673417702054e-06
2.62949638 8.20269019286422e-07
2.630847611 1.0780050817111439e-06
2.6321988430000003 3.5804729220085945e-06
2.6335500740000004 8.928385555689087e-07
2.634901305 1.9038160885009806e-06
2.636252537 2.602050986196573e-06
2.637603768 1.832727647687859e-07
2.6389549999999997 2.9774921587346173e-06
2.640306231 1.2562455851851928e-06
2.641657463 1.5014348109851057e-06
2.643008694 5.968749228287564e-07
2.6443599250000003 4.503357358291819e-06
2.645711157 5.934293801189452e-06
2.6470623879999997 1.9431428136472465e-06
2.64841362 2.2913924945300816e-06
2.649764851 2.8102225244715633e-06
2.651116083 2.938061932237565e-06
2.652467314 2.8957072022136536e-06
2.653818546 5.240337799712849e-06
2.6551697770000002 2.4647054723229726e-06
2.6565210080000004 2.6268979486557115e-06
2.65787224 2.585191528560227e-06
2.659223471 2.003839198698811e-08
2.6605747030000004 9.021198800012825e-07
2.6619259339999997 5.7413864541947794e-06
2.663277166 4.737055683185655e-06
2.664628397 3.2876933704594457e-06
2.6659796289999997 5.11897293898452e-07
2.66733086 5.229333595258406e-07
2.668682091 1.9904376235633665e-06
2.670033323 3.776723540900523e-08
2.6713845540000003 1.4876134119313744e-06
2.672735786 1.4238048021801994e-06
2.6740870169999997 8.170859618406265e-07
2.675438249 2.1636628323519163e-06
2.67678948 1.3744048660102955e-06
2.678140711 1.2790114420018668e-06
2.679491943 1.807204737161381e-06
2.680843174 1.8574735425371055e-06
2.6821944060000003 4.377752861911277e-09
2.6835456370000004 8.294188562731829e-07
2.684896869 2.2586278919045663e-06
2.6862481 3.728530226285535e-06
2.6875993319999996 2.322553468120456e-06
2.6889505629999997 1.945723363035134e-06
2.690301794 6.530633007797712e-07
2.691653026 1.2312896980995874e-06
2.693004257 3.3573163254704644e-06
2.694355489 3.933264238107066e-06
2.69570672 8.888336127746669e-07
2.697057952 3.4778363088171386e-06
2.6984091830000003 3.3440557964226377e-06
2.699760414 1.2418321249305159e-06
2.7011116459999998 1.92079840076865e-06
2.702462877 2.061469441138528e-06
2.703814109 4.51968645502924e-09
2.70516534 7.560878014085504e-07
2.706516572 1.1578903699873357e-07
2.707867803 1.077826768568382e-06
2.7092190350000003 1.97882536361278e-06
2.7105702660000004 1.9052303065756074e-06
2.7119214969999996 2.367967923393656e-06
2.713272729 2.2464895171795744e-06
2.71462396 1.3464759544544988e-06
2.7159751919999997 8.026001099120568e-07
2.717326423 4.38920559003663e-09
2.718677655 4.392714257708368e-09
2.720028886 4.373491653283094e-09
2.7213801170000003 4.387437199135002e-09
2.722731349 4.410641065988095e-09
2.7240825799999997 1.2449533849803003e-06
2.7254338120000003 1.3324158310563517e-06
2.726785043 5.216830635239619e-08
2.7281362749999998 1.5510843415131318e-06
2.729487506 1.3265008753514865e-06
2.730838738 2.587568198362853e-06
2.732189969 7.229706338927594e-09
2.7335412000000003 1.295161608498441e-07
2.734892432 1.080689198500993e-06
2.736243663 2.0385296860572738e-07
2.737594895 9.54088688913452e-07
2.7389461259999996 5.488375790417445e-07
2.740297358 6.997908567433874e-07
2.741648589 1.6689236610063858e-06
2.7429998209999997 1.0704818951984831e-06
2.744351052 1.9743204409059923e-06
2.745702283 1.3755339122958845e-06
2.747053515 2.4604435362642836e-07
2.7484047460000003 4.428491928180037e-09
2.749755978 4.427278521097074e-09
2.7511072089999997 4.414718327171625e-09
2.7524584410000004 4.401887606466478e-09
2.753809672 1.8718655671903878e-06
2.755160903 2.607025561260774e-06
2.756512135 1.1966685134535569e-06
2.757863366 1.0583569409102711e-06
2.7592145980000002 7.785630319741775e-07
2.760565829 9.935723802181382e-07
2.761917061 3.449713487380517e-07
2.7632682920000002 1.3309737628334473e-06
2.764619524 1.1591251930053707e-06
2.7659707549999997 4.315572579648634e-09
2.767321986 4.305074258920966e-09
2.768673218 3.2261220913396913e-07
2.770024449 1.815379032662736e-06
2.771375681 2.5319520569311236e-06
2.772726912 1.4542731792032854e-06
2.774078144 3.1475981803187664e-06
2.7754293750000003 3.166388836765045e-06
2.776780606 1.1039105597428405e-06
2.7781318379999997 3.915238813999658e-06
2.779483069 4.582933739295795e-06
2.780834301 2.7324760532354937e-06
2.782185532 3.89876349262712e-06
2.783536764 4.597466166343636e-06
2.784887995 3.4662469243754168e-06
2.786239227 3.466259197140867e-06
2.787590458 4.019290015394813e-06
2.788941689 3.3034559307403435e-06
2.7902929210000003 2.7532964077638083e-06
2.791644152 1.3846719311514158e-06
2.7929953839999997 1.7844376568544907e-06
2.794346615 7.911629364076248e-07
2.795697847 1.4165736223531943e-06
2.797049078 1.936024662681209e-06
2.7984003090000003 2.985891362377783e-06
2.799751541 2.8008957183007167e-06
2.801102772 3.0316405243592143e-06
2.8024540040000003 3.4481185549328825e-06
2.803805235 1.4017718773816426e-08
2.8051564669999998 4.429222009332385e-09
2.806507698 1.0912570330941566e-07
2.80785893 8.981092141578576e-07
2.8092101609999998 3.3007098507477717e-06
2.810561392 2.6870726914521015e-06
2.811912624 1.0644721142300203e-06
2.813263855 8.13657956330122e-07
2.814615087 4.54913196718792e-09
2.8159663179999996 4.441752832185108e-09
2.8173175500000003 1.2825243874020557e-06
2.818668781 1.0609382981723014e-06
2.8200200129999997 2.663475709236182e-07
2.821371244 1.1890693922140456e-07
2.822722475 1.9811678943222655e-06
2.824073707 1.1785950629818756e-06
2.8254249380000003 4.436999044798644e-09
2.82677617 4.434226145539659e-09
2.828127401 8.151052642837855e-07
2.8294786330000004 3.4565081710331905e-06
2.830829864 3.420074892374444e-06
2.8321810949999997 1.4815608049408815e-06
2.833532327 3.248073372937898e-07
2.834883558 2.233671771597913e-06
2.83623479 3.5019689374090817e-06
2.837586021 3.5128240119286022e-06
2.838937253 1.7756024792240673e-06
2.8402884840000002 1.1706287337827603e-07
2.841639716 4.653851046450177e-09
2.8429909469999997 2.2271138232090466e-06
2.8443421779999998 1.9546432279272826e-06
2.84569341 4.402388998464405e-09
2.847044641 4.4007945808012644e-09
2.848395873 8.208402909954511e-08
2.849747104 1.292475367654569e-07
2.851098336 1.1234389868999057e-06
2.8524495670000003 6.013066502280104e-09
2.8538007980000004 4.3872713784342975e-09
2.85515203 6.8918617301106e-08
2.856503261 4.38244401875796e-09
2.8578544929999996 4.379937151511049e-09
2.8592057239999997 2.8022900222235667e-08
2.860556956 2.8295259708722137e-06
2.861908187 2.2784078815738603e-06
2.863259419 3.9382631378297496e-07
2.86461065 4.367845382576995e-09
2.865961881 7.136517199262501e-07
2.8673131130000002 1.6699481613142007e-06
2.868664344 4.481563644141781e-08
2.8700155759999997 4.362770117774324e-09
2.871366807 4.360487544728611e-09
2.872718039 4.359455189125859e-09
2.87406927 7.3885326326197e-09
2.8754205010000002 1.2953331625755156e-06
2.876771733 5.100773842322396e-08
2.878122964 1.0211869681555273e-06
2.8794741960000003 9.698605437961362e-07
2.8808254270000004 4.34812750133724e-09
2.882176659 6.233048935572804e-07
2.88352789 5.579118736085155e-07
2.8848791219999996 4.339208303732705e-09
2.8862303529999997 4.330841737314248e-09
2.887581584 4.327272198697042e-09
2.888932816 4.323856045435761e-09
2.890284047 4.320528467386559e-09
2.891635279 1.206375046734784e-07
2.89298651 4.320157591582949e-09
2.8943377420000003 4.317716167408915e-09
2.895688973 2.391947776571575e-07
2.8970402049999997 2.0123420100835868e-07
2.898391436 4.309464735952285e-09
2.899742667 6.633574915049291e-07
2.901093899 5.875014196780356e-07
2.9024451300000003 1.250178562581763e-06
2.903796362 4.532424789333325e-06
2.905147593 3.1182095841994425e-06
2.9064988250000003 3.3134839993731745e-06
2.907850056 2.1611497893695436e-06
2.9092012869999997 6.7053295114962995e-06
2.910552519 4.352597688970914e-06
2.91190375 1.5352679513476973e-06
2.9132549819999998 2.974332266478579e-06
2.914606213 7.150488721314381e-06
2.915957445 5.3544747355582765e-06
2.917308676 3.827571955203285e-06
2.918659908 2.256575634499145e-06
2.920011139 4.938434153418218e-06
2.9213623699999998 9.406633326226455e-06
2.922713602 6.5117301104874565e-06
2.924064833 3.821030845538496e-06
2.925416065 4.487470317333216e-06
2.926767296 9.710106638419095e-06
2.928118528 1.355663554430036e-05
2.9294697590000003 1.4885309289579095e-05
2.93082099 1.2529772297555232e-05
2.932172222 8.702149835786525e-06
2.933523453 5.807119080352116e-06
2.934874685 4.2211080110164406e-06
2.9362259159999997 5.5477734994695605e-06
2.937577148 5.356518899089572e-06
2.938928379 5.071413818268564e-06
2.940279611 5.799733459376338e-06
2.941630842 3.361183702646875e-06
2.942982073 1.4930786888220138e-06
2.9443333050000002 2.394634550973801e-06
2.9456845360000004 3.2745165571461305e-06
2.947035768 4.591658277371898e-06
2.948386999 6.183310155681071e-06
2.949738231 6.783998138721555e-06
2.951089462 5.292646971656141e-06
2.952440694 5.743340367593968e-06
2.953791925 3.486264755943624e-06
2.955143156 2.117697035603933e-06
2.956494388 1.9023744328068819e-06
2.957845619 8.594284539104063e-07
2.959196851 4.2436832739667465e-09
2.960548082 9.653129711212491e-08
2.9618993139999996 1.3452652642525715e-06
2.9632505449999997 8.552066987031106e-09
2.964601776 4.063240742556829e-09
2.965953008 4.056389722762746e-09
2.967304239 4.931263728303566e-07
2.968655471 5.328008026819776e-07
2.970006702 1.065172674971029e-06
2.9713579340000003 1.6423304197778035e-06
2.9727091650000004 9.686371409627114e-07
2.974060397 2.5454982032001627e-06
2.975411628 3.0314950963075955e-06
2.976762859 2.1478481152209754e-06
2.978114091 3.1556907263845777e-06
2.979465322 6.6047058213718435e-06
2.980816554 4.907271820013316e-06
2.982167785 3.4442357500950835e-06
2.983519017 4.812183890441029e-06
2.984870248 7.017191541245293e-06
2.9862214789999997 3.27573061416573e-06
2.987572711 2.924813493499778e-06
2.988923942 2.783273116208857e-06
2.9902751739999998 3.0335327554728834e-06
2.991626405 3.1285065285091754e-06
2.992977637 3.329495556976183e-06
2.994328868 1.8809221367695744e-06
2.9956801 1.2466973366479649e-06
2.997031331 1.8216459522806073e-06
2.9983825619999998 1.2274300918804452e-08
2.9997337940000004 1.475109644227463e-08
3.001085025 2.0488559701836123e-06
3.002436257 1.4343884912720465e-06
3.003787488 3.314917316890563e-07
3.0051387199999997 1.615187186821476e-06
3.006489951 9.860429160303606e-07
3.007841182 9.228471040769361e-07
3.009192414 1.4540740990859837e-06
3.0105436450000003 2.1325210036293798e-06
3.011894877 1.2321545448222434e-06
3.0132461079999997 1.8305590071793607e-06
3.01459734 3.4054318881360145e-06
3.015948571 2.474208092207956e-06
3.017299803 3.928919972879159e-06
3.018651034 4.953362223760299e-06
3.020002265 4.848241706892537e-06
3.021353497 4.497869380250769e-06
3.0227047280000003 5.177725662121138e-06
3.02405596 6.957824090584458e-06
3.0254071909999998 9.155403185999056e-06
3.0267584230000004 6.870819941002252e-06
3.0281096539999997 7.338139606445361e-06
3.029460886 1.1974032533930459e-05
3.030812117 1.6036782038911467e-05
3.032163348 1.659028752091805e-05
3.03351458 1.899997987735939e-05
3.034865811 2.019438634324078e-05
3.036217043 1.6221311257836518e-05
3.0375682740000003 1.1752891653105751e-05
3.038919506 1.1336693826659029e-05
3.0402707369999997 6.536465103511407e-06
3.041621968 8.915364796960065e-07
3.0429732 8.490524890238814e-07
3.044324431 9.79442317110726e-07
3.045675663 2.659901597435126e-08
3.047026894 4.037364961714108e-08
3.0483781260000002 2.1500689895344574e-07
3.0497293570000004 3.7595115710713045e-09
3.051080589 3.7536963291523015e-09
3.05243182 3.805600479008454e-09
3.053783051 7.436784483853914e-08
3.0551342829999997 3.73515847574589e-09
3.056485514 6.895702070634199e-09
3.057836746 1.0289977944823908e-08
3.059187977 3.7174685167760896e-09
3.060539209 3.783861982294567e-09
3.06189044 7.31387469672724e-07
3.063241671 7.307866641022494e-07
3.0645929030000003 1.880669600976363e-08
3.065944134 3.713532644989719e-09
3.0672953659999997 3.7130351703765856e-09
3.068646597 3.7154518613754703e-09
3.069997829 3.7167743665403547e-09
3.07134906 3.714333170232144e-09
3.072700292 3.7118090178003564e-09
3.074051523 3.709868559343177e-09
3.075402754 3.708185881978839e-09
3.0767539860000004 3.70665917603294e-09
3.0781052169999996 3.705334323727083e-09
3.079456449 2.146802301659701e-07
3.08080768 1.309269940856195e-06
3.0821589119999997 1.359436279615714e-06
3.083510143 9.230553805024555e-07
3.084861374 1.1407580324602734e-06
3.086212606 1.0476296301575772e-06
3.0875638370000003 2.000300483443405e-06
3.088915069 3.268051909632926e-06
3.0902662999999997 3.913840628017997e-06
3.0916175320000003 4.413655082132455e-06
3.092968763 6.443387549462929e-06
3.0943199949999998 5.8937213694309084e-06
3.095671226 3.434672517544519e-06
3.097022457 2.366025316410682e-06
3.098373689 3.1123561511103044e-06
3.0997249200000003 4.357539550239092e-06
3.101076152 3.523298576408092e-06
3.102427383 2.9317167967307067e-06
3.103778615 2.602893496242273e-06
3.1051298459999996 2.642954921100211e-06
3.106481078 3.1763093447351166e-06
3.107832309 2.444804729416905e-06
3.10918354 4.1085370765665456e-06
3.110534772 4.062719975752668e-06
3.111886003 3.660320184682818e-06
3.113237235 4.287121011815323e-06
3.1145884660000003 7.017729054025409e-06
3.115939698 9.294604126101632e-06
3.1172909289999997 1.535383959610551e-05
3.11864216 2.3881048402913202e-05
3.119993392 2.7334660791865056e-05
3.121344623 2.319084509551596e-05
3.122695855 1.6508711330631725e-05
3.124047086 9.002605952726472e-06
3.1253983180000002 3.0010546407871657e-06
3.126749549 2.502556826026179e-06
3.128100781 2.023305168403701e-06
3.1294520120000002 7.257626117119892e-07
3.130803243 1.3146765496170436e-06
3.1321544749999997 4.11799432410344e-06
3.133505706 9.611114615537532e-06
3.134856938 1.3277601905587756e-05
3.136208169 1.6196524957422962e-05
3.137559401 1.7624130688447524e-05
3.138910632 1.687022078821617e-05
3.140261863 1.4495809812270565e-05
3.1416130950000003 1.2833724247609446e-05
3.142964326 9.898907362489773e-06
3.1443155579999997 7.044187547960894e-06
3.145666789 5.944598870909906e-06
3.147018021 5.819648677705283e-06
3.148369252 4.457144250421164e-06
3.149720484 4.907745925920548e-06
3.151071715 5.2395169884214215e-06
3.152422946 7.079979363131011e-06
3.153774178 1.1629699795240998e-05
3.155125409 1.6330846295565224e-05
3.1564766410000002 1.7657345806525058e-05
3.157827872 2.176048076715746e-05
3.1591791039999997 2.3492068849389363e-05
3.160530335 2.1986518550427003e-05
3.161881566 2.116435428505356e-05
3.163232798 2.2955003429107333e-05
3.1645840290000002 2.8782390910150244e-05
3.165935261 3.633638237977533e-05
3.167286492 4.277210624913363e-05
3.1686377240000003 5.346405724603112e-05
3.169988955 6.222321713975895e-05
3.1713401869999998 6.948952132432319e-05
3.172691418 7.692317687735961e-05
3.174042649 8.067787160464761e-05
3.1753938809999998 8.230891366570821e-05
3.176745112 8.279046176645942e-05
3.178096344 8.356578896911568e-05
3.179447575 8.730310068721364e-05
3.180798807 8.761421909523167e-05
3.182150038 8.531126923572024e-05
3.1835012700000003 8.971102902250919e-05
3.184852501 0.00010142163885563649
3.186203732 0.00012365153839345394
3.187554964 0.00015801363979465511
3.188906195 0.00020585773692055753
3.190257427 0.0002556767624174164
3.1916086580000003 0.00030741119823649276
3.19295989 0.0003669159152839719
3.194311121 0.00044610215618113956
3.195662352 0.0005510378453615687
3.197013584 0.000693347999988858
3.1983648149999997 0.0008855580474519776
3.199716047 0.0011515600836449812
3.201067278 0.0015166211017317406
3.2024185099999998 0.002032012535616652
3.203769741 0.0027819682686619743
3.205120973 0.0038846744793674913
3.206472204 0.0055535493567790434
3.207823435 0.008162129255430596
3.209174667 0.012336364795111833
3.2105258979999998 0.019309381268388316
3.21187713 0.031168177323346837
3.213228361 0.05134226895264779
3.214579593 0.08453083531085451
3.215930824 0.133642081214275
3.217282055 0.194237450645919
3.2186332870000003 0.24788386298142576
3.2199845180000004 0.2830623256275766
3.22133575 0.29626525180594193
3.222686981 0.2961396867118585
3.2240382129999996 0.2928997517117037
3.2253894439999997 0.29172432661900355
3.226740676 0.2944376361356551
3.228091907 0.3004086637745979
3.229443138 0.30833887675614907
3.23079437 0.3159989283111502
3.232145601 0.32171280122523693
3.2334968330000002 0.32407098416829644
3.234848064 0.3231975511885505
3.2361992959999997 0.3199792804660509
3.237550527 0.3155832275093037
3.238901759 0.3116159683772077
3.24025299 0.309285643862635
3.2416042210000002 0.30971789436049724
3.242955453 0.3129519423411371
3.244306684 0.3183074571228143
3.2456579160000003 0.32383986775702295
3.2470091470000004 0.32545582923068095
3.248360379 0.3197737402640083
3.24971161 0.3021175463478304
3.251062841 0.2729072739936362
3.2524140729999997 0.2355104592597733
3.253765304 0.19341371306834648
3.255116536 0.1525992681661987
3.256467767 0.11706172538833784
3.257818999 0.08812664502026256
3.25917023 0.06583822104148059
3.2605214620000003 0.049198417340663464
3.261872693 0.036943766700678414
3.263223924 0.027960738993157565
3.264575156 0.0213307355854693
3.265926387 0.016408212066503294
3.267277619 0.0127373450821945
3.2686288500000003 0.00995869590766199
3.269980082 0.007826195123637858
3.271331313 0.006191784107821706
3.272682544 0.004928800342211532
3.274033776 0.003949001653172725
3.2753850069999997 0.003183014857659783
3.276736239 0.002578789008641219
3.27808747 0.00209862868526682
3.2794387019999998 0.0017157976874661515
3.280789933 0.001406968248064722
3.282141165 0.001160142752472222
3.283492396 0.0009575012089814729
3.2848436270000003 0.0007896474724442463
3.286194859 0.0006563301628431645
3.2875460899999998 0.0005462951018031879
3.288897322 0.00045730797986712657
3.290248553 0.00038698167847392716
3.291599785 0.0003295900462089114
3.292951016 0.0002797797390112621
3.294302247 0.0002404463037687722
3.2956534790000003 0.00020997304464598135
3.29700471 0.00018314037983214928
3.298355942 0.00015863964838314144
3.299707173 0.00013648222658801118
3.301058405 0.00011646300006026585
3.3024096359999997 0.00010085412858956721
3.303760868 9.00956677619093e-05
3.305112099 7.907612686883869e-05
3.30646333 7.085308705764299e-05
3.307814562 6.336393925561684e-05
3.309165793 5.73760137087434e-05
3.3105170250000002 5.27933079491399e-05
3.3118682560000003 4.830788895223932e-05
3.313219488 4.362092235925639e-05
3.3145707189999998 3.775911931049041e-05
3.315921951 3.5411499917945335e-05
3.317273182 3.183506807806071e-05
3.318624413 2.772798765625998e-05
3.319975645 2.502346658703063e-05
3.321326876 2.393438224618519e-05
3.322678108 1.8645784233458502e-05
3.324029339 1.045659479683265e-05
3.325380571 1.0466112460203951e-05
3.326731802 1.1125906615025149e-05
3.328083033 5.841347237155158e-06
3.3294342649999997 1.066346149458386e-07
3.330785496 5.179527419382518e-09
3.332136728 2.800183129975526e-07
3.333487959 1.1860973090156253e-06
3.334839191 1.282417259400071e-06
3.336190422 5.705494401637764e-07
3.3375416540000002 1.5063195312701877e-07
3.3388928850000004 4.5537685278258026e-07
3.340244116 3.025251372031132e-06
3.341595348 5.8501535865590234e-06
3.342946579 8.722549227212764e-06
3.344297811 1.0127007777693545e-05
3.345649042 7.302906774024072e-06
3.347000274 7.109508424592069e-06
3.348351505 9.631690537212868e-06
3.3497027360000002 1.1676203576997693e-05
3.351053968 1.2117193452258049e-05
3.3524051989999997 9.246512608507476e-06
3.353756431 6.691376679460066e-06
3.355107662 4.97447744746042e-06
3.3564588939999997 2.8563405051151824e-06
3.357810125 1.1124336848241308e-06
3.359161357 7.486820187450059e-09
3.360512588 1.2211826140905178e-06
3.3618638190000003 4.677140328865653e-06
3.363215051 4.782548558093804e-06
3.3645662819999997 4.655981848039356e-06
3.3659175140000004 3.956417268253701e-06
3.367268745 4.376823577179045e-06
3.368619977 6.6325633324884104e-06
3.369971208 7.206806166470376e-06
3.371322439 6.6130023490377726e-06
3.372673671 5.824198607471526e-06
3.374024902 4.4886511615896705e-06
3.375376134 4.685997751567383e-06
3.3767273650000003 6.7413377042558545e-06
3.378078597 6.929860386564637e-06
3.3794298279999997 6.386341515575548e-06
3.38078106 7.3896125479070675e-06
3.382132291 9.019120758768975e-06
3.383483522 1.0042753057183075e-05
3.384834754 9.853466371328499e-06
3.386185985 1.1258570491328467e-05
3.387537217 1.0616658909753573e-05
3.3888884480000003 1.0871318160367989e-05
3.39023968 1.096013822359739e-05
3.3915909109999998 9.38257188269709e-06
3.3929421430000004 8.33705214666319e-06
3.3942933739999996 1.003194658311488e-05
3.3956446049999998 1.0682050140057706e-05
3.396995837 1.0998214155522111e-05
3.398347068 1.021048676057688e-05
3.3996983 7.639364618968625e-06
3.401049531 6.277123576034551e-06
3.402400763 5.683334211464268e-06
3.4037519940000003 5.133716052054015e-06
3.405103225 5.421060677231569e-06
3.4064544569999997 6.647770949163273e-06
3.407805688 7.057510993499065e-06
3.40915692 9.227679346592162e-06
3.410508151 1.0091231073555925e-05
3.411859383 8.701036998617301e-06
3.413210614 9.789512549282858e-06
3.4145618460000002 1.0750211799467827e-05
3.4159130770000004 1.6064469768744637e-05
3.4172643079999996 2.4419641085703215e-05
3.41861554 2.82702370942707e-05
3.419966771 3.021811263815047e-05
3.4213180029999997 3.019441213065257e-05
3.422669234 2.760339045645909e-05
3.424020466 2.598309177889724e-05
3.425371697 2.3912081812475286e-05
3.4267229280000002 2.0391900479934496e-05
3.42807416 1.9034775228197264e-05
3.429425391 1.665591880147929e-05
3.4307766230000003 1.257063681778049e-05
3.432127854 1.3278597240567388e-05
3.4334790859999997 1.3898098468537802e-05
3.434830317 9.477633632077467e-06
3.436181549 1.0181095923027049e-05
3.43753278 1.2786557578802818e-05
3.4388840110000003 1.2890385835914037e-05
3.440235243 1.4408248227366032e-05
3.441586474 1.472985937419705e-05
3.4429377060000004 1.1908524636857361e-05
3.4442889369999996 9.983414660938316e-06
3.445640169 1.18065363492151e-05
3.4469914 1.4467275737402884e-05
3.448342631 1.2436028039144683e-05
3.449693863 7.945134112481328e-06
3.451045094 4.342893330418223e-06
3.452396326 3.776631877596523e-06
3.4537475570000002 1.3829922068574572e-06
3.455098789 6.019875202840601e-07
3.45645002 4.731374690672595e-07
3.4578012520000003 4.7349841812919495e-09
3.459152483 1.1391225131882965e-08
3.460503714 3.421453095569267e-07
3.461854946 1.7951159415571812e-07
3.463206177 5.945826599415967e-07
3.464557409 5.547229126268283e-07
3.4659086400000003 4.7578120128361275e-09
3.467259872 2.9171117951849262e-08
3.468611103 1.370830683656407e-06
3.469962335 2.4411264846152663e-06
3.4713135659999996 5.517950883730995e-06
3.4726647969999997 1.1795148960974259e-05
3.474016029 1.481445244773449e-05
3.47536726 1.4632833339973723e-05
3.476718492 1.3255924921611297e-05
3.478069723 1.295374537501943e-05
3.479420955 1.2285478824510385e-05
3.4807721860000003 1.0929276013700682e-05
3.482123417 1.5800091197168762e-05
3.483474649 2.1439247263870656e-05
3.48482588 2.382049652073305e-05
3.486177112 2.292038940701893e-05
3.487528343 2.1629318382576667e-05
3.488879575 2.0788293423028823e-05
3.490230806 1.8574778670103337e-05
3.491582038 1.6567969716894558e-05
3.492933269 1.6244269624851863e-05
3.4942845 1.6630085883384346e-05
3.495635732 1.600479205683624e-05
3.496986963 1.5987448951053902e-05
3.4983381949999997 1.804128975581596e-05
3.4996894259999998 2.075926513799421e-05
3.501040658 2.248299778471748e-05
3.502391889 2.4202441212643308e-05
3.50374312 2.6814902162577822e-05
3.505094352 2.945825875171637e-05
3.506445583 3.272994101437978e-05
3.5077968150000003 3.7082548332557225e-05
3.509148046 3.967208523742324e-05
3.5104992779999997 3.9509171049343e-05
3.511850509 3.798454387999831e-05
3.513201741 3.6180422392251285e-05
3.514552972 3.530088283122835e-05
3.515904203 3.478207490807411e-05
3.517255435 3.363580046056737e-05
3.518606666 3.390653084049189e-05
3.519957898 3.199054353985914e-05
3.521309129 2.6414716651411484e-05
3.5226603610000002 2.294710446950934e-05
3.524011592 2.245808437746953e-05
3.5253628239999997 2.37308618172262e-05
3.526714055 2.6235766604240007e-05
3.528065286 2.523244783704357e-05
3.529416518 2.179787903418556e-05
3.5307677490000002 1.9315154578809006e-05
3.532118981 1.8335880809899586e-05
3.533470212 1.7572171591485247e-05
3.5348214440000003 1.5987148878026536e-05
3.536172675 1.4571293297303992e-05
3.537523906 1.3335630980175632e-05
3.538875138 1.5217724571892442e-05
3.540226369 1.4379604651788302e-05
3.5415776009999997 1.165894736710279e-05
3.542928832 9.870312871049003e-06
3.544280064 1.0485970683778708e-05
3.545631295 1.3004658507298802e-05
3.546982527 1.3941069740811354e-05
3.548333758 1.293789134213197e-05
3.5496849889999997 1.2475618678294262e-05
3.551036221 1.2311668779685009e-05
3.552387452 1.1674787708726716e-05
3.553738684 9.247881534044276e-06
3.555089915 9.36006984361118e-06
3.556441147 9.129512722272635e-06
3.5577923780000003 6.202638176492318e-06
3.5591436090000004 4.110577922327112e-06
3.560494841 4.213390294267998e-06
3.561846072 2.52241350240741e-06
3.563197304 6.64390326400391e-07
3.5645485349999997 6.421246436749057e-07
3.565899767 2.4180281847981953e-06
3.567250998 3.193350450312233e-07
3.5686022299999998 5.09579088732297e-09
3.569953461 5.099839097094039e-09
3.571304692 3.2633361325017286e-08
3.572655924 1.3303029064921056e-08
3.574007155 5.103211201784727e-09
3.575358387 5.10444518622656e-09
3.5767096179999998 5.105685426509011e-09
3.57806085 5.112823463462313e-09
3.579412081 7.588311653232858e-09
3.580763312 1.571947662858555e-06
3.582114544 1.8310747998791576e-06
3.583465775 1.1244848073659405e-06
3.5848170070000003 1.4302852160539008e-06
3.5861682380000004 2.22422151884924e-06
3.58751947 2.1750706586130407e-06
3.588870701 1.2917131865661048e-06
3.5902219329999996 7.780308412479692e-09
3.5915731639999997 5.1294789130173814e-09
3.592924395 5.13011229250115e-09
3.594275627 6.9983395047582364e-09
3.595626858 1.0690461281937324e-06
3.59697809 1.3033312718470042e-07
3.598329321 5.1328772036679125e-09
3.5996805530000002 5.133782061974073e-09
3.601031784 5.134789482093682e-09
3.602383016 5.136000498416914e-09
3.603734247 5.141546042683226e-09
3.605085478 1.1585626247767286e-07
3.60643671 7.169472221912957e-07
3.607787941 6.273969034001443e-09
3.609139173 5.146518530121377e-09
3.610490404 5.14747281573508e-09
3.6118416360000003 5.148079239039955e-09
3.6131928670000004 5.1486057218139906e-09
3.6145440979999997 5.14914979579812e-09
3.61589533 5.149599320283723e-09
3.617246561 5.150104416084856e-09
3.6185977929999997 5.150533154734133e-09
3.619949024 5.156221269189358e-09
3.621300256 5.156677146883656e-09
3.622651487 5.156819859387799e-09
3.624002719 5.157008877748591e-09
3.62535395 5.157290918196833e-09
3.6267051809999997 5.157471117776844e-09
3.628056413 5.157778112601222e-09
3.629407644 5.158076113235761e-09
3.630758876 5.158517469707399e-09
3.632110107 5.159351040038221e-09
3.633461339 5.160086145508794e-09
3.6348125700000002 5.160694745145313e-09
3.6361638010000004 5.161480582317714e-09
3.637515033 5.162284672394719e-09
3.638866264 5.163055685154392e-09
3.640217496 5.163909674328212e-09
3.6415687269999997 5.165190533691677e-09
3.642919959 5.1664920179896235e-09
3.64427119 5.1677763671390576e-09
3.6456224219999998 5.1689451810466904e-09
3.646973653 5.170058092479852e-09
3.648324884 5.171009423931384e-09
3.649676116 7.229545317756766e-08
3.6510273470000003 5.522558301718862e-09
3.652378579 5.181643727377158e-09
3.6537298099999997 5.873825858048393e-09
3.655081042 3.6735426918116853e-07
3.656432273 6.798325415261891e-09
3.657783504 5.6377029147274553e-08
3.659134736 1.3512233557989744e-08
3.660485967 9.192412929717351e-07
3.6618371990000003 3.4269900132064656e-06
3.66318843 3.157947628487717e-06
3.664539662 3.198940386048252e-06
3.665890893 3.6773468171331614e-06
3.667242125 3.830550481175611e-06
3.6685933559999997 2.165512989237237e-06
3.669944587 7.847379716554245e-07
3.671295819 1.0332730046636641e-06
3.67264705 2.2743506460879357e-06
3.673998282 2.8848122757905033e-06
3.675349513 2.419156191316413e-06
3.676700745 4.789994860107058e-07
3.6780519760000003 7.828495481604696e-09
3.679403208 5.21169214178601e-09
3.6807544389999998 2.510341835448136e-07
3.68210567 9.728600181600495e-07
3.683456902 1.53803350339646e-06
3.684808133 2.9328162014641464e-06
3.686159365 2.53127620250719e-06
3.687510596 6.193212609024271e-07
3.688861828 5.219622189371805e-09
3.690213059 6.796105019757604e-09
3.6915642899999996 2.3411255296233546e-07
3.692915522 2.016892179771475e-06
3.694266753 8.350771696119768e-07
3.6956179849999997 1.292127876407839e-06
3.696969216 2.53244911771034e-07
3.698320448 5.224104322321379e-09
3.699671679 1.3646171337442779e-08
3.701022911 7.857086693205575e-07
3.702374142 2.315076892002091e-06
3.703725373 4.219420760802015e-06
3.7050766050000004 6.779692912656626e-07
3.706427836 1.8062918874832885e-07
3.707779068 4.837716605385053e-07
3.709130299 2.360765910784318e-06
3.710481531 1.9651179348787794e-06
3.711832762 1.7956933190436936e-06
3.713183993 2.1131001480695218e-06
3.714535225 2.3756678584836165e-06
3.7158864560000002 3.0924990694678713e-06
3.717237688 2.1747406128966734e-06
3.7185889189999997 8.936179624056266e-07
3.719940151 1.868878343875129e-06
3.721291382 3.4234526083907007e-06
3.7226426139999997 4.157228402163057e-06
3.723993845 4.496003825683589e-06
3.725345076 1.1483297585030292e-06
3.726696308 2.711846518037157e-06
3.7280475390000003 7.453566852901793e-07
3.729398771 5.459557141006061e-07
3.730750002 1.098292040551449e-06
3.7321012340000004 5.338037879553518e-06
3.733452465 5.304827891156898e-06
3.7348036959999997 4.523751328084764e-06
3.736154928 4.720062755820063e-06
3.737506159 3.2881073366777147e-06
3.738857391 2.398561746646597e-06
3.740208622 1.1319878884529983e-06
3.741559854 8.182466014778422e-07
3.7429110850000002 1.1563478126934331e-06
3.744262317 3.493771952368003e-06
3.7456135479999997 6.537910342352909e-06
3.746964779 7.279347378930876e-06
3.748316011 5.787862234013637e-06
3.749667242 3.4785594968473235e-06
3.751018474 2.615664918466602e-06
3.752369705 1.1654500464060845e-06
3.753720937 9.639274495603404e-08
3.7550721680000003 4.492150126834401e-07
3.7564234 2.4256205469154083e-06
3.757774631 4.454053940775722e-06
3.759125862 4.327935279025902e-06
3.7604770939999996 2.3043165204760074e-06
3.7618283249999998 4.983281265738883e-07
3.763179557 6.094929539677973e-07
3.764530788 2.7898678332726936e-06
3.76588202 4.073631477956957e-06
3.767233251 3.008917102026077e-06
3.768584482 3.8836421658839e-07
3.7699357140000003 1.4159216349213723e-08
3.771286945 5.883232856290842e-08
3.7726381769999997 2.134080122673629e-06
3.773989408 3.269114978676622e-06
3.77534064 3.8416118658341385e-06
3.776691871 3.3263826435643394e-06
3.778043103 2.5883341615187776e-06
3.779394334 1.8666181853629173e-06
3.780745565 1.8496396851413623e-06
3.7820967970000003 1.7808179710400634e-06
3.7834480279999996 1.2006916720330746e-06
3.7847992599999998 1.1274437339197928e-06
3.786150491 1.8821141699663913e-06
3.7875017229999997 2.9781892643402906e-06
3.7888529539999998 4.001954076120137e-06
3.790204185 3.888092623678303e-06
3.791555417 1.8430982969336638e-06
3.792906648 1.1063839937914498e-06
3.79425788 9.684181081469426e-07
3.795609111 2.4388283707645765e-06
3.7969603430000003 3.84603166247053e-06
3.798311574 3.008947492521248e-06
3.7996628059999997 2.93818535315672e-06
3.801014037 4.03041155811406e-06
3.802365268 3.1153816125617587e-06
3.8037165 2.5351552395379293e-06
3.8050677310000003 3.747040493153008e-06
3.806418963 5.424958542883736e-06
3.807770194 4.987059811246505e-06
3.8091214260000004 3.5372441579760227e-06
3.8104726569999996 2.9053570115183598e-06
3.811823889 2.5500774906430706e-06
3.81317512 1.863523292249465e-06
3.814526351 9.550004566883203e-07
3.815877583 2.356956668611971e-06
3.817228814 3.128960486018509e-06
3.818580046 1.5740379562791445e-06
3.8199312770000002 3.659930393004305e-08
3.821282509 5.263586269832277e-09
3.82263374 1.6430453548395442e-08
3.823984971 3.147915784247272e-07
3.825336203 7.786804779274732e-07
3.826687434 1.1891172265156488e-07
3.828038666 5.258977066329245e-09
3.829389897 8.931496629582123e-09
3.830741129 1.9029397288439684e-07
3.8320923600000003 7.00208719691875e-08
3.833443592 6.209103040768664e-09
3.834794823 1.5169115100655076e-07
3.836146054 1.698382037810772e-06
3.8374972859999996 4.446572465444573e-06
3.8388485169999997 4.121593554748343e-06
3.840199749 2.38704756245903e-06
3.84155098 1.8780144225827846e-06
3.842902212 1.9902307053858793e-06
3.844253443 2.270943955510965e-06
3.845604674 1.6713806632898035e-06
3.8469559060000003 2.4057920536871633e-06
3.848307137 2.28004307756648e-06
3.849658369 5.768148308950366e-07
3.8510096 3.2737455001676685e-07
3.852360832 1.0949035489694843e-06
3.853712063 1.7678947565025352e-06
3.855063295 1.3151736099265626e-06
3.856414526 1.3165503445824028e-06
3.857765757 9.184713971435011e-07
3.859116989 2.780273324342047e-07
3.86046822 6.011387335643156e-09
3.861819452 9.33927128982624e-07
3.863170683 2.2316869507943035e-06
3.8645219149999996 2.026522039416009e-06
3.8658731459999998 6.534906364519402e-07
3.867224377 1.1484988002600994e-08
3.868575609 3.5875220729204284e-07
3.86992684 4.7251942374401025e-06
3.871278072 3.943507614594455e-06
3.872629303 3.140200063558633e-06
3.8739805350000003 3.828993563578962e-06
3.875331766 5.379070556335892e-06
3.876682998 4.316144176478005e-06
3.878034229 5.748738023871853e-07
3.87938546 5.18949902311038e-09
3.880736692 6.369638624184577e-09
3.882087923 7.597457175051642e-07
3.883439155 4.094545897059583e-06
3.884790386 5.188303450047195e-06
3.886141618 3.2553210146345884e-06
3.887492849 1.6175204869379682e-06
3.8888440810000002 1.3812392962846122e-06
3.890195312 1.2377559261071052e-06
3.891546543 2.774505152168828e-06
3.892897775 3.195458688768776e-06
3.894249006 3.4952803730097367e-06
3.895600238 3.5114540336610666e-06
3.8969514690000002 3.842721532913069e-06
3.898302701 5.6669387142119085e-06
3.899653932 6.849072771841185e-06
3.9010051629999998 6.094308469715125e-06
3.902356395 6.32631344968159e-06
3.903707626 6.943475461365912e-06
3.905058858 9.136094219548059e-06
3.906410089 8.174562282979643e-06
3.9077613209999997 5.214074917965385e-06
3.909112552 5.00785760195218e-06
3.910463784 4.342413774566222e-06
3.911815015 3.4286242149271297e-06
3.913166246 3.4114955122544797e-06
3.914517478 5.648140511624316e-06
3.9158687089999997 7.802902488040389e-06
3.917219941 8.213727050210806e-06
3.918571172 7.303621209679963e-06
3.919922404 6.170580693596503e-06
3.921273635 5.0572972222089115e-06
3.922624866 6.1055052078546556e-06
3.9239760980000002 6.907039522984943e-06
3.9253273290000004 5.998524545957095e-06
3.926678561 4.649275433920083e-06
3.928029792 5.946789933139038e-06
3.929381024 8.518247709007081e-06
3.9307322549999997 8.484355784914895e-06
3.932083487 5.9575047759953046e-06
3.933434718 5.4184043015927764e-06
3.934785949 6.058432378358866e-06
3.936137181 5.434285074193812e-06
3.937488412 3.3522049107266777e-06
3.938839644 1.6260939268209066e-06
3.940190875 1.8146413734999646e-06
3.941542107 2.815734337743748e-06
3.9428933379999997 4.88989485048031e-06
3.944244569 5.659643906999547e-06
3.945595801 3.771537608762484e-06
3.946947032 2.4295475370251194e-06
3.948298264 2.302533577232297e-06
3.949649495 4.344452933037609e-06
3.9510007270000003 3.3979270238351846e-06
3.9523519580000004 1.8564656205638848e-06
3.95370319 3.824129252617596e-06
3.955054421 4.768642984960954e-06
3.956405652 4.123887896579894e-06
3.9577568839999997 4.105482821279052e-06
3.959108115 5.237955049421221e-06
3.960459347 8.349479494785732e-06
3.961810578 9.618710284784776e-06
3.96316181 8.087842681916955e-06
3.964513041 5.616918855122629e-06
3.965864273 2.752462246750731e-06
3.967215504 1.1452891748653464e-06
3.968566735 1.7854747840883822e-07
3.9699179669999998 1.1589344076992028e-06
3.971269198 3.590938717263521e-06
3.97262043 6.105253159460521e-06
3.973971661 6.556968494752299e-06
3.975322893 5.155751683276657e-06
3.976674124 6.1821070052424805e-06
3.978025355 7.09068270530562e-06
3.9793765870000004 6.519405366000023e-06
3.9807278179999996 5.283696774561825e-06
3.98207905 5.384108990807365e-06
3.983430281 6.501979689619674e-06
3.9847815129999997 5.4351485999897585e-06
3.986132744 2.4389150046243415e-06
3.987483976 1.4009994624372727e-06
3.988835207 1.916524056197177e-06
3.9901864380000003 4.73874688476366e-06
3.99153767 7.2109098365564434e-06
3.9928889009999997 7.178317459255665e-06
3.994240133 4.8416665843592475e-06
3.995591364 2.3666354802541563e-06
3.996942596 2.335668531598461e-06
3.998293827 3.2820367442714025e-06
3.999645058 3.5674765458351005e-06
4.00099629 3.492005184575093e-06
4.002347521 3.5049752048822663e-06
4.003698753 4.052287262465959e-06
4.005049984 3.900296803157065e-06
4.006401216 2.518673755800958e-06
4.007752447 2.352024698237633e-06
4.009103679 3.256030109705428e-06
4.01045491 4.39230979414864e-06
4.011806141 4.978218857812454e-06
4.013157373 5.124881338392755e-06
4.014508604 4.867637767451476e-06
4.015859836 4.20707240878696e-06
4.017211067 2.5558372914747455e-06
4.018562299 8.322728216854179e-07
4.01991353 5.392505484146372e-07
4.021264761 1.084510076798768e-06
4.022615993 1.4376832465063688e-07
4.023967224 2.253424008254335e-09
4.025318456 2.5485777655089235e-09
4.026669687 5.673834351402646e-07
4.028020919 1.2815819143922645e-06
4.02937215 1.208232754405928e-06
4.030723382 1.1273927834054526e-06
4.032074613 1.4654725719145346e-06
4.033425844 1.8590338967319072e-06
4.034777076 1.7716352167697206e-06
4.036128307 1.5966095594571292e-06
4.037479539 1.7947898498056667e-06
4.03883077 2.0863501022101185e-06
4.040182002 2.489027902967329e-06
4.041533233 2.0269010385874302e-06
4.042884465 1.804505760622721e-06
4.044235696 2.2187429663292784e-06
4.0455869269999996 2.589078273022133e-06
4.046938159 2.21352106227541e-06
4.04828939 2.081924536817604e-06
4.049640622 1.8804366361552592e-06
4.050991853 1.4321249609770162e-06
4.052343085 1.1462450354089114e-06
4.053694316 8.441822103734382e-07
4.055045547 8.842244684671617e-07
4.056396779 9.487274235947518e-07
4.05774801 1.2859620020726232e-06
4.059099241999999 1.6290445791148607e-06
4.0604504729999995 1.5156182965460398e-06
4.061801705 1.1508757374520344e-06
4.063152936 8.222739725783704e-07
4.064504168 6.609315519247846e-07
4.065855399 6.123909800160667e-07
4.06720663 7.563227214780897e-07
4.0685578620000005 8.986571747332416e-07
4.069909093000001 1.015493648167756e-06
4.071260325 1.068566770852451e-06
4.072611556 9.705167389694623e-07
4.073962788 7.116537974810007e-07
4.075314019 5.943170041266277e-07
4.07666525 5.489521512365249e-07
4.078016482 7.544186456014365e-07
4.079367713 7.359959900248773e-07
4.080718945 6.934332781449172e-07
4.082070176 5.637338416555893e-07
4.083421408 3.701699199450367e-07
4.084772639 3.1032468639671084e-07
4.086123871 2.5861456891072306e-07
4.087475102 3.223442636717485e-07
4.088826333 3.222433287883704e-07
4.090177565 2.7388061605450527e-07
4.091528796 3.02430939637196e-07
4.092880028 3.9023816351991484e-07
4.094231259 4.816361551787263e-07
4.095582491 4.6036233297777065e-07
4.096933722 3.883398264351668e-07
4.098284953 3.8254572066538613e-07
4.0996361850000005 3.8229469478083473e-07
4.100987416 3.279107511758537e-07
4.102338648 2.7107862681718844e-07
4.103689878999999 2.3592294990227126e-07
4.105041110999999 2.0263924084998763e-07
4.106392342 1.1847367173165828e-07
4.107743574 8.557287203545374e-08
4.109094805 9.644089252394159e-08
4.110446036 1.133581958966973e-07
4.111797268 1.1462048662395206e-07
4.113148499 1.0935977947820702e-07
4.1144997309999995 1.190677242816224e-07
4.115850962000001 1.107616726651642e-07
4.117202194000001 1.158442987797628e-07
4.118553425 1.0824905699193696e-07
4.119904657 8.016060423311394e-08
4.121255887999999 4.208064555739677e-08
4.122607119 3.880493544858333e-08
4.123958351000001 5.6722414023260686e-08
4.125309582 6.901031343547796e-08
4.126660814 5.009293991927225e-08
4.128012045 2.3085787929699972e-08
4.129363277 2.8045005106289793e-08
4.130714508 3.7267768183602794e-08
4.132065739 4.2651693066673486e-08
4.133416971 6.515020880514563e-08
4.134768202 5.5323631159760364e-08
4.136119434 3.2039077779097095e-08
4.1374706649999995 2.516732933874678e-08
4.138821897 3.213026656632248e-08
4.140173128000001 3.957488859874432e-08
4.14152436 4.9879408094173153e-08
4.142875591 4.73602195745837e-08
4.144226821999999 3.268269557142848e-08
4.145578054 2.0310369248208758e-08
4.146929285000001 1.7127131637029115e-08
4.148280517 1.8251343944283125e-08
4.149631748 2.9884661765654694e-08
4.15098298 3.6582738122721846e-08
4.152334211 3.479902619591769e-08
4.153685442 2.745122694177039e-08
4.155036674 2.133880472474712e-08
4.156387905 1.9559565172091103e-08
4.157739136999999 1.8790860925033178e-08
4.159090368 1.4127833895724124e-08
4.1604416 9.991329361609036e-09
4.161792831 1.0684771845753197e-08
4.163144063 1.0477815013884847e-08
4.164495294 9.091119846913706e-09
4.165846525 4.810481770459652e-09
4.167197757 3.1813202312896746e-09
4.1685489879999995 4.252853194272846e-09
4.169900220000001 6.9091065384547425e-09
4.171251451 6.843896204526917e-09
4.172602683 7.201369183169231e-09
4.173953914 7.570418170447833e-09
4.1753051459999995 8.509743905236893e-09
4.1766563770000005 1.120347162458369e-08
4.178007608 1.3453611756661465e-08
4.17935884 1.3236977978755951e-08
4.180710071 1.1972160222455951e-08
4.182061303 7.94828948653847e-09
4.183412534 3.849559947912326e-09
4.184763766 2.9733692653115824e-09
4.186114997 2.8156425242683935e-09
4.187466228 2.4661675882131416e-09
4.18881746 2.294337363067216e-09
4.190168691 3.2133580333860827e-09
4.1915199229999995 4.659308284580404e-09
4.1928711540000005 4.705482563594116e-09
4.194222386000001 4.794057649228316e-09
4.195573617 5.567640071337601e-09
4.196924849 5.682677882431373e-09
4.198276079999999 4.903887285949066e-09
4.199627311 4.53013927531546e-09
4.200978543 4.379287844119274e-09
4.202329774 2.911302433027162e-09
4.203681006 1.0458079170933942e-09
4.205032237 6.752810113813075e-10
4.206383469 6.224110903407888e-10
4.2077347 5.307612163976922e-10
4.209085931 1.2322699246216913e-09
4.210437163 1.6759513434183443e-09
4.211788394 1.5481126900891468e-09
4.213139626 7.770922645693466e-10
4.2144908569999995 1.0411451065694572e-09
4.215842089 1.1591934434974898e-09
4.217193320000001 6.129703316910719e-10
4.218544552 3.3202404523719335e-10
4.219895783 4.293392348266661e-10
4.221247013999999 2.5346103466028026e-10
4.2225982459999996 1.1615102153932238e-10
4.223949477 5.769587453515398e-11
4.225300709 1.353438761728863e-10
4.22665194 5.4028314344824335e-11
4.228003171999999 5.27710750617678e-13
4.229354403 1.6868662705834177e-13
4.2307056339999995 4.954038726665281e-11
4.232056866 1.10291031573286e-13
4.233408097000001 8.647550536427443e-14
4.234759329 1.0211738841145128e-13
4.23611056 9.761105841291808e-14
4.237461792 7.636782186776275e-14
4.238813023 7.032851487691402e-14
4.240164255 7.25791557405147e-14
4.241515486 7.517746720164592e-14
4.242866717 7.596981975808733e-14
4.244217949 8.164756181998818e-14
4.24556918 1.9782039306606446e-12
4.246920412000001 9.613197882684416e-13
4.248271643 8.285414937679686e-14
4.249622875 9.166004292077543e-14
4.250974105999999 9.671262149754332e-14
4.2523253379999995 8.293082687202965e-14
4.2536765690000005 6.115346175754059e-14
4.2550278 4.671479395016216e-14
4.256379032 4.6382767048111485e-14
4.257730263 5.594068696840633e-14
4.259081495 6.23237955638648e-14
4.260432726 6.07012097315199e-14
4.261783958 4.894102077514938e-14
4.263135189 4.408101023389745e-14
4.26448642 4.6829824170934295e-14
4.265837652 4.2929020458769506e-14
4.267188883 2.030716032557542e-14
4.2685401149999995 1.6959413067749848e-16
4.2698913460000005 2.709775928578798e-16
4.271242578000001 3.4428981873946677e-15
4.272593809 4.1949709760965884e-14
4.273945041 5.632570048434799e-14
4.275296271999999 3.691689649974438e-14
4.276647503 3.0317148357155784e-14
4.277998735 3.143830295469913e-14
4.279349966 5.1852176921587877e-14
4.280701198 6.243184222784841e-14
4.282052429 8.098018348910825e-14
4.283403661 7.987258933717807e-14
4.284754892 6.784321012085885e-14
4.286106123 5.013576009581704e-14
4.287457355 3.599683909545222e-14
4.288808586 2.923508440822563e-14
4.290159818 2.925738929260969e-14
4.2915110489999995 3.2716628246082717e-14
4.292862281 3.5713000427208225e-14
4.294213512000001 3.6114244312518295e-14
4.295564744 3.3136627667973196e-14
4.296915975 2.447098572055265e-14
4.298267206 3.115711674447377e-14
4.299618438 4.932679894812514e-14
4.300969669 7.519693781029917e-14
4.302320901 6.210638503436064e-14
4.303672132 4.705769608704336e-14
4.305023363999999 4.989047064217542e-14
4.306374595 6.957783225434681e-14
4.3077258259999995 8.368281009114292e-14
4.309077058 6.446855633906456e-14
4.310428289000001 2.7865075414770738e-14
4.311779521 5.227765297360011e-15
4.313130752 6.576002938550412e-17
4.314481984 2.4635560745239567e-16
4.315833215 4.216534999737128e-15
4.317184447 4.9419220116367467e-14
4.318535678 5.631849927140741e-14
4.319886909 4.3398745588229724e-14
4.321238141 2.8972938319864186e-14
4.322589372 6.535274640561217e-15
4.323940604000001 7.16718849670789e-17
4.325291835 1.6940291963920656e-15
4.326643067 1.9379350201496537e-14
4.327994297999999 2.9356910490469644e-14
4.329345529999999 3.338483401231621e-14
4.3306967610000004 2.138161875276348e-14
4.332047992 1.496489293788758e-14
4.333399224 2.1948347230776283e-14
4.334750455 2.8039376723693997e-14
4.336101687 2.958359934653622e-14
4.337452918 2.948990802061961e-14
4.33880415 3.7683028812983944e-14
4.340155381 3.434487808602065e-14
4.341506612 2.278451020571909e-14
4.342857844 2.138127673679287e-14
4.344209075 2.6659444967238012e-14
4.3455603069999995 2.1079164201054334e-14
4.3469115380000005 1.527338874105879e-14
4.34826277 1.3109490688321772e-14
4.349614001 1.3022435560561473e-14
4.350965233 7.263433489258959e-15
4.352316464 9.270941773819444e-15
4.353667695 1.642534641519056e-14
4.355018927 3.475871711193241e-14
4.356370158 5.3126443815105184e-14
4.35772139 7.099562144988823e-14
4.359072621 9.318567327149814e-14
4.360423853 1.0766500978589638e-13
4.361775084 8.994647673386256e-14
4.363126315000001 6.027988705921407e-14
4.364477547000001 3.965819581192727e-14
4.365828778 3.0502228776049147e-14
4.36718001 3.203563320458044e-14
4.3685312409999995 4.2672609133322415e-14
4.369882473 5.837987847158127e-14
4.371233704 6.000948091747787e-14
4.372584936 4.723105990524e-14
4.373936167 5.006646116963164e-14
4.375287398 4.799655687685294e-14
4.37663863 3.1010314851882876e-14
4.377989861 2.216961603102357e-14
4.379341093 2.0429493155141908e-14
4.380692324 2.3280820270008443e-14
4.382043555999999 2.2032869341713286e-14
4.383394787 2.269900091254228e-14
4.3847460179999995 2.3675933192910924e-14
4.38609725 2.6150710772859196e-14
4.387448481000001 2.867788822451597e-14
4.388799713 3.1069197632418434e-14
4.390150944 5.3622347804113616e-14
4.391502176 7.261282050240567e-14
4.392853407 7.279102896035305e-14
4.394204639 5.747160755950692e-14
4.39555587 4.865925338329536e-14
4.396907101 3.41650565536128e-14
4.398258332999999 3.216794674872987e-14
4.399609564 2.5576656503662766e-14
4.400960796000001 2.4182362258358805e-14
4.402312027 3.8252499039466187e-14
4.403663259 3.6493037793813443e-14
4.405014489999999 4.200727725444761e-14
4.406365721999999 3.1295553267954216e-14
4.407716953 2.8488638029841806e-14
4.409068184 3.145130755616799e-14
4.410419416 4.5593897972731574e-14
4.411770647 4.8957429875376766e-14
4.413121879 4.3679604934769645e-14
4.41447311 3.452557898998185e-14
4.415824342 3.2727470137383545e-14
4.417175573000001 3.927625459415272e-14
4.418526804 3.652170174244613e-14
4.419878036 5.185570496577481e-14
4.421229266999999 7.327910894195609e-14
4.4225804989999995 7.776841669860848e-14
4.4239317300000005 6.845714207187403e-14
4.425282962 4.2994740686248504e-14
4.426634193 1.465121085801592e-14
4.427985425 6.659156576880383e-15
4.429336656 1.5782939953913582e-14
4.430687887 2.9046479448414864e-14
4.432039119 6.025991318938118e-14
4.43339035 8.833775711503507e-14
4.434741582 9.050338827929153e-14
4.436092813 7.190142487408675e-14
4.437444045 5.819011424690665e-14
4.438795276 4.831031782927073e-14
4.440146507000001 4.771431159097216e-14
4.441497739000001 5.39040186059017e-14
4.44284897 6.005836889396525e-14
4.444200202 6.269215322494448e-14
4.445551432999999 5.979947105504181e-14
4.446902665 4.873639587038091e-14
4.448253896 3.1030056319387273e-14
4.449605128 2.104260125375625e-13
4.450956359 2.0093884480700027e-13
4.45230759 2.7503030962595153e-14
4.453658822 4.9667965861670954e-14
4.455010053 6.709262734469111e-14
4.456361285 6.27554039009268e-14
4.457712516 4.381856307098282e-14
4.459063747999999 4.493704477394483e-14
4.460414979 2.3952176795309754e-13
4.4617662110000005 4.4771770815638934e-11
4.463117442 2.650540544441737e-13
4.464468673000001 5.912729573507793e-14
4.465819905 5.1931668732142995e-14
4.467171136 3.3217274208898276e-14
4.468522368 8.375531827340848e-16
4.469873599 1.5389590548848002e-16
4.471224831000001 9.496589499554582e-15
4.472576062 3.050708951173131e-14
4.473927293 4.7813352183616346e-14
4.475278524999999 6.073459194595148e-14
4.476629756 5.977376522403068e-14
4.4779809880000006 7.353334836339345e-14
4.479332219 8.275309783820074e-14
4.480683451 7.658757500245837e-14
4.482034682 4.127664847341867e-14
4.483385914 3.486732485283418e-14
4.484737145 2.3322335966890685e-14
4.486088376 6.2363271758693916e-15
4.487439608 2.6381989593129344e-15
4.488790839 2.297585477855727e-15
4.490142071 6.6757436733053414e-15
4.491493302 1.2399192162031941e-14
4.492844534 2.3551523407558245e-14
4.494195765000001 2.3702553903174444e-12
4.495546996 6.332949699846486e-13
4.496898228 6.256450807028254e-14
4.498249458999999 6.256047613045762e-14
4.4996006909999995 1.6626393218968037e-12
4.5009519220000005 5.827768585897953e-12
4.502303154 4.521660852343757e-14
4.503654385 5.1844945962595405e-14
4.505005617 3.1954188562865744e-13
4.506356848 8.889384033709203e-11
4.507708079 3.36469011348875e-13
4.509059311 8.049844794114189e-14
4.510410542 1.2533035138407633e-13
4.511761774 1.0273568579211569e-11
4.513113005 1.6056945510493186e-12
4.514464237 9.006522347565612e-14
4.5158154679999996 6.415818404666213e-13
4.517166699000001 4.216873521239315e-12
4.518517931 3.137160169128678e-12
4.519869162 3.918777482683386e-14
4.521220394 7.377047859854985e-13
4.522571624999999 2.0549488728508158e-11
4.523922857 2.532301380644985e-11
4.525274088 2.860631136773636e-13
4.52662532 1.996193841072694e-13
4.527976551 3.0194436878117835e-11
4.529327782 9.241262715917054e-14
4.530679014 3.9765085723571115e-14
4.532030245 5.977626949079796e-14
4.533381477 5.63180275276703e-14
4.534732708 5.0538173424717384e-14
4.53608394 3.8878582747518817e-14
4.537435171 2.3293615488506587e-14
4.5387864030000005 1.669292891968115e-13
4.540137634 2.6706819533498606e-12
4.541488865 2.3857448323488082e-14
4.542840097 8.944627724816423e-15
4.544191328 1.798859142226884e-14
4.5455425599999995 1.2587465364609962e-12
4.5468937910000005 7.75446878331466e-15
4.548245023000001 3.853130529689743e-15
4.549596254 1.534760864622827e-14
4.550947485 6.826019386390097e-13
4.552298716999999 4.959176330177438e-12
4.553649948 4.681356213687037e-14
4.5550011800000005 4.113898976200779e-14
4.556352411 1.3758698430328742e-13
4.557703643 1.989540564182206e-11
4.559054874 2.149874905847206e-13
4.560406106 7.605236418743798e-14
4.561757337 1.0243250765656247e-11
4.563108568 3.5216216445001894e-13
4.5644598 4.829429117265615e-15
4.565811031 5.44550159304268e-17
4.567162263 1.4442264896391624e-15
4.568513493999999 7.035432345584638e-14
4.569864726 1.1147705735769707e-11
4.571215957000001 1.053006786178702e-13
4.572567188 8.035393884778242e-14
4.57391842 2.217947746951448e-11
4.575269650999999 4.836536905751972e-12
4.5766208829999995 3.070779826910621e-14
4.5779721140000005 5.1454125622155965e-17
4.579323346 2.964696182656022e-14
4.580674577 2.952971030136267e-13
4.582025809 2.7962386962461032e-14
4.58337704 3.597390565087355e-14
4.584728271 2.728751744992374e-13
4.586079503 5.60043297731092e-11
4.587430734 2.531423538763104e-13
4.588781966 3.1121057994536636e-14
4.590133197 1.0534193322303341e-14
4.591484429 2.559563200365014e-14
4.5928356599999995 1.7974238883870175e-14
4.5941868910000005 8.512741411232821e-15
4.595538123 1.9770945820665673e-14
4.596889354 1.5123189329962874e-13
4.598240586 9.031518193941001e-12
4.599591817 1.3212653121206907e-13
4.6009430490000005 3.5190266110588525e-14
4.60229428 3.733307051149488e-14
4.603645512 8.5267552925241e-13
4.604996743 1.908040751406688e-12
4.606347974 6.4277690156475e-14
4.607699206 4.267527333498457e-14
4.609050437 1.0671443477298163e-13
4.610401669 1.3214825283459098e-11
4.611752900000001 2.224284017007625e-13
4.613104132 5.528378108740663e-14
4.614455363 1.7430020844766366e-12
4.6158065950000005 6.930329384964957e-12
4.617157826 2.948442815615245e-12
4.618509057 7.040500278067915e-14
4.619860289 4.721288348796558e-13
4.62121152 2.0353234127138345e-12
4.622562751999999 6.631579380255477e-14
4.6239139830000004 4.927141666981164e-14
4.625265215000001 8.729759349818881e-14
4.626616446 3.746727055537729e-12
4.627967677 3.200311916584455e-13
4.629318908999999 1.2666988060621279e-14
4.63067014 1.1668621416948702e-15
4.6320213720000005 3.4750165823821446e-14
4.633372603 1.3588919398358924e-11
4.634723835 8.165396110023485e-14
4.636075066 2.2531530180439748e-14
4.637426298 2.3865048277032528e-14
4.638777529 2.105366633427723e-12
4.64012876 1.823529107164532e-12
4.641479992 3.015878327800242e-14
4.642831223 1.197527035475863e-14
4.644182455 7.311885738468708e-14
4.645533685999999 1.5979491646529772e-11
4.646884918 3.1726526328801894e-13
4.648236149000001 3.401261914648538e-14
4.64958738 2.7542935433841843e-14
4.650938612 5.72188198031394e-13
4.652289842999999 4.497061427670807e-12
4.6536410749999995 5.322038266233357e-14
4.6549923060000005 4.2907861831685794e-13
4.656343538 3.4574150448812013e-11
4.657694769 4.947602986995015e-11
4.659046001 1.3954009974224055e-12
4.660397232 5.892526353208731e-14
4.661748463 4.911031945090539e-12
4.663099695 4.5065243904624906e-11
4.664450926000001 4.478654156243485e-11
4.665802158 1.0681124440923532e-13
4.667153389 3.4136476340267147e-14
4.668504621 3.206655821845865e-12
4.6698558519999995 7.376320879788892e-12
4.6712070830000005 3.211750097570016e-12
4.672558315 4.7989018668538185e-14
4.673909546 4.954510997091765e-13
4.675260778 7.266570209707517e-12
4.676612009 4.795820082847154e-14
4.6779632410000005 6.462792655129024e-15
4.679314472 2.5478091657517416e-14
4.680665704 3.418165161173205e-12
4.682016935 2.274734647110632e-12
4.683368166 2.40364601983425e-14
4.684719398 1.4793561545015128e-14
4.686070629 1.763089588942033e-14
4.687421861 3.7858229937421176e-12
4.688773092 1.6626573359387417e-13
4.690124324 1.1015506932099136e-14
4.691475555 1.0004502213233448e-14
4.6928267869999996 2.11324368155129e-13
4.694178018 2.059920343845345e-11
4.695529249 1.2901562323450777e-13
4.696880481 1.2950509101399407e-13
4.698231712 1.670893753168796e-11
4.699582943999999 7.637909705760529e-11
4.700934175 1.730054112960177e-11
4.702285407000001 8.077506704941304e-14
4.703636638 8.469200073957101e-15
4.704987869 9.93694247534243e-16
4.706339100999999 7.490955291340464e-17
4.707690332 4.619860283253024e-17
4.7090415640000005 4.6149017926951447e-17
4.710392795 4.6101280906883936e-17
4.711744027 1.974392112752826e-16
4.713095258 2.0833744826069053e-14
4.71444649 4.31951223519436e-16
4.7157977209999995 1.0866394108160278e-16
4.717148952 1.2109287647323192e-14
4.718500184000001 5.767091843952392e-14
4.719851415 4.2506076689247614e-14
4.721202647 4.374768801022914e-15
4.722553877999999 6.406937338468467e-14
4.72390511 3.4470262215486205e-11
4.725256341000001 2.8293010660849037e-11
4.726607572 4.41457987870241e-12
4.727958804 2.3527699374844557e-14
4.729310035 5.504209819297161e-14
4.730661267 7.500287110173639e-12
4.7320124980000005 3.760506930317068e-12
4.73336373 2.4480290096482237e-14
4.734714961 4.7701224051723154e-17
4.736066193 3.818545114444857e-15
4.737417424 9.50273726738368e-14
4.738768654999999 4.806340993179306e-14
4.740119887 1.4596983669459714e-13
4.741471118000001 1.7706129494582037e-12
4.74282235 6.533778631652657e-12
4.744173581 7.20935979778345e-13
4.745524813 1.3623352283402545e-14
4.7468760439999995 2.5044580156317795e-16
4.748227276 2.289233766558695e-16
4.749578507 6.751919002443872e-13
4.750929738 1.609641680584078e-13
4.75228097 4.1256972793791646e-15
4.753632201 6.222316287486625e-16
4.7549834330000005 3.224995639630648e-15
4.756334664 4.28070378728717e-13
4.757685896 1.6226325097021453e-14
4.759037127 5.0584597965963406e-14
4.760388358 5.935671220549165e-12
4.76173959 3.1767397984221925e-11
4.763090821 2.045234006874328e-11
4.764442053 7.432444021750853e-15
4.765793284 5.353142327399568e-16
4.767144516 3.148780922939216e-14
4.768495747 6.069831993449522e-13
4.7698469789999995 4.995070796652941e-12
4.77119821 6.166319243102179e-14
4.772549441 1.577695917008314e-13
4.773900673 2.8661919818839395e-11
4.775251904 1.7066799591979233e-11
4.776603135999999 2.101846586150834e-12
4.777954367 1.9886756958111777e-14
4.779305599000001 2.580563436213843e-13
4.78065683 4.912344300911698e-11
4.782008061000001 2.6887805654619172e-11
4.783359293 2.1579003384295944e-12
4.784710524 3.606398337392508e-14
4.7860617560000005 5.758531301945569e-13
4.787412987 4.8721826446305437e-11
4.788764219 2.5070153822027812e-11
4.79011545 6.829826787838684e-12
4.791466682 1.0375665886665232e-12
4.7928179129999995 1.5921467086463117e-12
4.7941691440000005 1.4080642506968623e-11
4.795520376000001 6.809052238956368e-14
4.796871607 1.014643603448274e-14
4.798222839 8.421325520918722e-15
4.799574069999999 8.519008649519037e-13
4.800925302 8.479443697112834e-12
4.802276533000001 4.8340238274288174e-14
4.803627764 6.367520377243342e-14
4.804978996 5.359613355685743e-12
4.806330227 1.9481838190199465e-11
4.807681459 1.1669856273670421e-12
4.80903269 1.625913004390865e-16
4.810383922 4.819007897777036e-16
4.811735153 4.213360272884987e-14
4.813086384999999 3.0494079020282236e-13
4.814437616 3.0809794063013453e-13
4.815788846999999 1.0915832125279346e-14
4.817140079 3.3333360121585304e-14
4.818491310000001 8.158321848508197e-13
4.819842542 2.114468528466017e-12
4.821193773 1.0350800906005126e-13
4.822545005 3.9951547090946955e-15
4.8238962359999995 9.133759135972345e-14
4.825247468 4.554331299239889e-12
4.826598699 3.4064137811338524e-12
4.82794993 2.9748438154053375e-12
4.829301162 4.011299319786794e-14
4.830652393 2.4496944387216863e-13
4.8320036250000005 4.719905289672767e-11
4.833354856 5.701794129160137e-11
4.834706088 5.778847043487121e-12
4.836057318999999 5.5718596418216384e-14
4.83740855 6.205253287483699e-13
4.838759782 2.513023843853313e-11
4.840111013 1.8005312276305017e-11
4.841462245 2.052122755701088e-11
4.842813476 1.5476269574460973e-11
4.844164708 3.5964249944606237e-11
4.845515939 9.682235073848371e-11
4.8468671709999995 4.1953652963491224e-11
4.8482184020000005 2.2063071196563024e-11
4.849569633 1.7187813606013466e-11
4.850920865 2.5418615565731306e-11
4.852272096 8.223959941119118e-11
4.853623327999999 4.797298338551793e-11
4.854974559 3.697654979328134e-11
4.856325791000001 3.648976596261881e-11
4.857677022 5.246260317455365e-11
4.859028253 9.73111769493743e-11
4.860379485 2.892607252662278e-11
4.861730716 1.615459942761229e-11
4.863081948 2.177163116733488e-11
4.864433179 1.0092790919223903e-11
4.865784411 2.0715546699742946e-11
4.867135642 5.725987155446447e-14
4.868486874 1.216149399876785e-15
4.8698381049999995 1.3695139594991576e-14
4.8711893360000005 8.11309153820769e-14
4.872540568000001 1.195276763527787e-13
4.873891799 6.016831783770083e-14
4.875243031 4.947925446409389e-14
4.876594261999999 1.7695667705103634e-12
4.8779454939999995 2.8607662332421637e-12
4.879296725000001 2.0390536413007298e-13
4.880647956 8.788269512762934e-14
4.881999188 4.891246007907971e-14
4.883350419 8.970818818694272e-14
4.884701651 2.3928285001502703e-13
4.8860528819999995 4.330782970474572e-12
4.887404114 9.65544216691549e-12
4.888755345 9.885115070947537e-12
4.890106576999999 2.1898627701553554e-11
4.891457808 1.7204973827736308e-11
4.892809038999999 3.5626722084388293e-13
4.894160271 5.1694004279209855e-14
4.895511502000001 1.750113326401001e-14
4.896862734 5.955514511590252e-14
4.898213965 2.429724389208559e-13
4.899565197 6.697129512333995e-14
4.900916428 3.8300377514652974e-14
4.902267660000001 3.7929111901105694e-14
4.903618891 7.081619636024879e-14
4.904970122 2.3216301449814854e-13
4.906321354 1.0713997964721697e-12
4.907672585 2.9691077674538316e-12
4.9090238170000005 1.591801582039083e-13
4.910375048 3.1274778838862466e-13
4.91172628 1.5685779310673486e-11
4.913077511 1.4387258650847328e-11
4.914428742 9.186971465915626e-12
4.915779974 1.423108356861548e-11
4.917131205 2.9849187011608783e-11
4.918482437 7.019436959886319e-11
4.919833668 2.9681080082250725e-12
4.9211849 3.0343091449479885e-14
4.922536131 5.835590117165302e-13
4.9238873629999995 9.422867894667439e-12
4.9252385940000005 3.7249161820716594e-13
4.926589825 9.109632822104776e-14
4.927941057 3.230834630832339e-14
4.929292288 3.5914822731180575e-13
4.930643519999999 5.938401204974942e-11
4.931994751 4.97499662419549e-11
4.933345983000001 7.634833201806934e-12
4.934697214 4.9745210539350373e-14
4.936048445 2.1112142760174556e-14
4.937399677 8.086606658741403e-14
4.938750908 2.5912844577500947e-13
4.94010214 1.035544729083341e-12
4.941453371 7.493770019518164e-14
4.942804603 5.900951908354222e-14
4.944155834 2.9860967038353926e-12
4.945507066 2.888456020516183e-11
4.9468582969999995 4.245403199064268e-11
4.9482095280000005 7.231845527967251e-13
4.949560760000001 1.7087721628224894e-14
4.950911991 4.55976359836289e-13
4.952263223 1.3842935557423855e-12
4.953614453999999 9.164670661602145e-14
4.9549656859999995 1.6898910646188065e-13
4.9563169170000005 5.949808632584295e-12
4.957668148 1.3311592229832854e-11
4.95901938 4.299160222692644e-11
4.960370611 5.763733223443295e-13
4.961721843 5.383028276798958e-14
4.9630730739999995 4.841653938742795e-14
4.964424306 6.472918917319366e-14
4.965775537000001 1.4940722218321069e-13
4.967126769 7.587816735933908e-14
4.968478 3.9298643121423684e-14
4.969829230999999 5.5458725237716734e-14
4.971180463 7.998294210345028e-14
4.972531694000001 1.259751488731557e-13
4.973882926 3.179301111184304e-13
4.975234157 4.841953253173831e-12
4.976585389 1.4462878334991273e-11
4.97793662 2.3317566204572274e-11
4.979287852000001 3.080729574730277e-11
4.980639083 3.508197564765911e-11
4.981990314 1.813647222382752e-11
4.983341545999999 1.4698684148145764e-11
4.984692777 2.0867636414789893e-11
4.986044009 2.6309632362223083e-12
4.98739524 1.9182219226255234e-13
4.988746472 6.452748894699037e-14
4.990097703 3.8893900725354324e-14
4.991448934 7.813035699813142e-14
4.992800166 1.4706480366216803e-13
4.9941513969999995 1.3424021091014085e-13
4.995502629 9.393369844090239e-14
4.99685386 5.90127860622273e-14
4.998205092 4.750341250687041e-13
4.999556323 2.6052831107140943e-11
5.0009075549999995 2.40538668087474e-11
5.0022587860000005 1.926598580421149e-11
5.003610017 6.548044177648574e-12
5.004961249 3.006208040300423e-12
5.006312479999999 2.499651694620919e-12
5.007663711999999 3.1424265826861748e-12
5.009014943 6.144224731808711e-12
5.010366175 3.919403714175685e-13
5.011717406 4.1260053777594636e-14
5.013068637 8.189359922905468e-14
5.014419869 1.2587894999351485e-13
5.0157711 9.528397769247895e-14
5.017122332 1.8038559650426527e-13
5.018473563 3.391847840367994e-12
5.019824795000001 1.3649765907114443e-12
5.021176026 1.7015022561882984e-13
5.022527258 5.5550568528630447e-14
5.0238784889999994 2.1357815659178892e-14
5.0252297200000005 2.2747121947752223e-14
5.026580952000001 2.949109457559125e-14
5.027932183 6.657687082409946e-14
5.029283415 4.243743180804993e-14
5.030634646 5.850320572275335e-15
5.031985878 7.312234660290445e-15
5.033337109 2.759203480358419e-14
5.034688341 2.1881636992722548e-13
5.036039572 4.093119548748066e-12
5.037390803 1.2687988369439214e-13
5.038742035 2.3923927627104813e-14
5.0400932659999995 5.128965115728179e-14
5.041444498 8.617834349862126e-14
5.042795729000001 1.0364595534101819e-13
5.044146961 2.275030361427281e-13
5.045498192 2.6671736367791488e-12
5.046849422999999 1.3193097508096059e-11
5.048200655 4.9547339073022886e-11
5.049551886000001 3.5852801624389594e-11
5.050903118 1.3947245134999482e-11
5.052254349 1.6632458186371706e-13
5.053605581 2.890671869975515e-14
5.054956812 7.473810776752733e-14
5.056308044000001 1.1469917646861135e-13
5.057659275 1.0624507710569721e-13
5.059010506 6.915977898334116e-14
5.060361737999999 3.823074208505769e-14
5.061712969 5.898284898414285e-14
5.063064201 1.0640529885088901e-13
5.064415432 1.2843601644200976e-13
5.065766664 2.4750718371618327e-13
5.067117895 1.4007439674689812e-12
5.068469126 8.337690223404678e-12
5.069820358 4.480781267925884e-11
5.0711715889999995 7.744309707056013e-11
5.072522821 4.906622891778245e-11
5.073874052 2.042490845198855e-11
5.075225284 7.081760829528228e-12
5.076576515 1.1719458413962867e-11
5.0779277469999995 2.8693987676004946e-11
5.0792789780000005 2.316417165576518e-11
5.080630209 2.19439134839734e-11
5.081981441 2.2156662671665074e-11
5.083332671999999 1.7220272914289095e-11
5.084683904 8.0147835509539e-12
5.086035135 8.456939575317067e-13
5.087386367 2.8761803248855695e-14
5.088737598 1.8977639566008057e-14
5.090088829 3.783318624166867e-14
5.091440061 6.552563721628705e-14
5.092791292 1.1943012250461662e-13
5.094142524 1.551130235529391e-13
5.095493755000001 3.05999306288178e-13
5.096844987000001 1.1798020916812994e-13
5.098196218 8.834617916793579e-14
5.09954745 1.0231635616799034e-13
