Wavelength_microns Throughput
2.0004663860000003 5.173928138146441e-12
2.002074478 5.8366905642860225e-12
2.00368257 6.418849599318605e-12
2.005290662 4.82634268863555e-12
2.006898754 3.8616890739380424e-12
2.008506846 3.634834030250383e-12
2.010114938 3.2401869043627464e-12
2.01172303 2.4833190428600607e-12
2.013331122 2.214951058205167e-12
2.014939214 2.080956826424131e-12
2.016547306 2.146121424398905e-12
2.018155398 2.6010935689046808e-12
2.01976349 2.8557048427835447e-12
2.021371582 2.473908419213332e-12
2.022979674 2.344229596504509e-12
2.0245877660000002 2.4785856114935507e-12
2.026195858 1.9466234332022006e-12
2.027803949 1.6226501225095206e-12
2.029412041 1.7608230731370018e-12
2.031020133 2.431028100973463e-12
2.032628225 2.5533927736110913e-12
2.034236317 2.0337902297816113e-12
2.035844409 1.6274436004767368e-12
2.037452501 1.3844963740175998e-12
2.039060593 1.3470270465116003e-12
2.040668685 1.4461458776433305e-12
2.042276777 1.5521099217618406e-12
2.0438848689999998 1.7134260438585731e-12
2.045492961 1.8747071812147366e-12
2.047101053 2.1919155222122374e-12
2.0487091449999997 1.943791824620527e-12
2.0503172370000002 1.475165080277983e-12
2.0519253290000004 1.368506639015137e-12
2.053533421 1.585367240387059e-12
2.055141513 2.1035878416499354e-13
2.056749605 8.463859739821681e-15
2.058357697 1.0400514061684714e-14
2.059965788 1.5257836442281663e-13
2.06157388 4.371323881222761e-13
2.0631819719999998 6.310548327386404e-13
2.064790064 8.827510462375319e-13
2.066398156 1.1950034953507086e-12
2.068006248 1.800106188124265e-12
2.06961434 2.4255001820634982e-12
2.071222432 2.121731816117539e-12
2.072830524 1.2565338973523735e-12
2.074438616 2.0891733452602094e-12
2.076046708 3.930447115096464e-12
2.0776548 4.638526403414332e-12
2.079262892 2.4070131696031082e-12
2.080870984 1.7594108574143688e-12
2.0824790760000003 2.709573487975333e-12
2.084087168 5.054697432876254e-12
2.08569526 4.752318426710551e-12
2.0873033519999997 4.648338321194142e-12
2.088911444 4.661893168323876e-12
2.090519536 6.682723856293856e-12
2.092127627 9.915384370446977e-12
2.0937357189999997 1.5026137050553914e-11
2.0953438110000002 1.5645628528304184e-11
2.0969519030000003 1.5880770658538544e-11
2.098559995 2.281410490485881e-11
2.100168087 3.652979829600079e-11
2.101776179 2.8335717802378586e-11
2.103384271 1.98166714853686e-11
2.104992363 1.8865112117895572e-11
2.1066004549999997 2.2383705930789392e-11
2.1082085470000003 2.4382492055519136e-11
2.109816639 2.7367295466939692e-11
2.111424731 3.303702694515694e-11
2.113032823 3.16442330041997e-11
2.114640915 3.8109963664792867e-11
2.116249007 3.392941028091153e-11
2.1178570989999996 2.945349767283805e-11
2.1194651909999997 2.8058841445400795e-11
2.1210732830000003 2.6394399826274858e-11
2.122681375 3.55829103929984e-11
2.124289466 5.7744554362275935e-11
2.125897558 4.697668315459412e-11
2.1275056500000002 3.1435226451324005e-11
2.129113742 3.200312508491794e-11
2.130721834 4.9849221989144034e-11
2.1323299259999997 8.028708434291701e-11
2.133938018 6.715501518936139e-11
2.1355461100000004 5.938260054357712e-11
2.137154202 7.157615602310638e-11
2.138762294 8.62688712391517e-11
2.140370386 6.772165361361627e-11
2.141978478 6.501000352114138e-11
2.14358657 6.036883318418687e-11
2.1451946619999998 5.506837056048054e-11
2.146802754 4.284770452189507e-11
2.1484108460000004 3.1213410708780085e-11
2.150018938 3.7737992689127006e-11
2.15162703 2.5063986015914537e-11
2.153235122 2.227778923282824e-11
2.154843214 3.8939811153468814e-11
2.156451305 1.0678437062933952e-10
2.158059397 6.409432957795892e-11
2.159667489 4.4026063260817716e-11
2.161275581 5.185234750523847e-11
2.1628836729999996 7.955856557031406e-11
2.164491765 1.0347612808942462e-10
2.1660998570000003 1.1540845833213256e-10
2.167707949 1.5344209907336362e-10
2.169316041 1.5801291910849367e-10
2.170924133 1.6746874513076904e-10
2.172532225 2.0042438082878704e-10
2.174140317 2.4750164417953574e-10
2.1757484089999997 2.3272354352995576e-10
2.177356501 1.9064825981031731e-10
2.1789645930000003 1.7153665718209718e-10
2.180572685 1.765078020441209e-10
2.182180777 1.6023909803146072e-10
2.183788869 5.705811113806806e-11
2.185396961 3.199117137026237e-11
2.187005053 3.7741212404140174e-11
2.1886131449999997 7.744279425093863e-11
2.1902212359999997 1.463764031306675e-10
2.191829328 1.5410857629132056e-10
2.1934374200000004 1.816702730221369e-10
2.195045512 1.8646803361374346e-10
2.196653604 1.937776109256164e-10
2.198261696 2.2213214789989195e-10
2.199869788 2.586921824249952e-10
2.20147788 2.738650123747955e-10
2.203085972 2.687704234158046e-10
2.204694064 2.8291922725226676e-10
2.206302156 3.6733628036041766e-10
2.207910248 4.798404494937977e-10
2.2095183400000002 4.718930938078911e-10
2.211126432 4.529054513520207e-10
2.212734524 4.827920240482595e-10
2.2143426159999997 5.817068581694384e-10
2.215950708 8.635077816859282e-10
2.2175588 8.881817803062731e-10
2.219166892 9.93672308095722e-10
2.220774984 1.4066506603598496e-09
2.222383075 2.055886854516396e-09
2.2239911670000003 2.9051481408918554e-09
2.225599259 3.9056496538301626e-09
2.227207351 4.963196889349008e-09
2.228815443 4.958841105432521e-09
2.230423535 4.8623715709210844e-09
2.232031627 4.9055818484959955e-09
2.2336397189999997 5.2709307119877685e-09
2.2352478110000003 4.829731773347099e-09
2.236855903 3.766785675969921e-09
2.238463995 3.586738752669745e-09
2.240072087 4.266919848009331e-09
2.241680179 5.5575663850012004e-09
2.243288271 6.886568080216787e-09
2.2448963629999996 6.427250996150852e-09
2.2465044549999997 6.3257566670805625e-09
2.2481125470000003 8.167591130481572e-09
2.249720639 1.0988810499853333e-08
2.251328731 1.177176335326311e-08
2.252936823 1.1957130248275014e-08
2.2545449140000002 1.2067049397995873e-08
2.256153006 1.0504599822077138e-08
2.257761098 9.109117505967205e-09
2.2593691899999997 1.3183990142847141e-08
2.260977282 2.2493512814756978e-08
2.262585374 3.3108776349337686e-08
2.264193466 3.518392808910795e-08
2.265801558 3.807413163816786e-08
2.2674096500000003 4.0501620216829243e-08
2.269017742 4.4051757399827703e-08
2.270625834 3.8052425866206976e-08
2.2722339259999997 2.7011287368700947e-08
2.273842018 1.9977137204500903e-08
2.2754501100000004 1.929220197246745e-08
2.277058202 2.2561752025817525e-08
2.278666294 2.9832863582877477e-08
2.280274386 2.5512863771826746e-08
2.281882478 2.3799342825079187e-08
2.28349057 3.1865631164797195e-08
2.285098662 4.332631556450515e-08
2.286706753 5.425101222332079e-08
2.288314845 6.368631153102487e-08
2.2899229369999996 7.903871014235789e-08
2.291531029 5.826381767192167e-08
2.2931391210000003 4.2458610924794845e-08
2.294747213 4.143217612738936e-08
2.296355305 5.902280073461939e-08
2.297963397 9.379239541042729e-08
2.299571489 5.068363660389595e-08
2.301179581 3.778917193404744e-08
2.3027876729999996 4.08004533099494e-08
2.304395765 6.392740342150934e-08
2.3060038570000003 1.0263531059104267e-07
2.307611949 3.7809773978807176e-08
2.309220041 2.022389314571353e-08
2.310828133 3.883839723961173e-08
2.312436225 6.00918325359054e-08
2.314044317 1.1013204885362416e-07
2.3156524089999997 1.799522594218676e-07
2.3172605010000003 2.6726592135441543e-07
2.318868592 3.7615215455732435e-07
2.3204766840000004 2.4684737468906413e-07
2.322084776 1.657808837810962e-07
2.323692868 2.0533825967312403e-07
2.32530096 4.200312250844502e-07
2.326909052 8.504489354584543e-07
2.328517144 7.006605168803694e-07
2.3301252359999998 7.584190078571558e-07
2.331733328 8.809876120698581e-07
2.33334142 1.1292120830813336e-06
2.334949512 1.9566739826582197e-06
2.3365576040000002 2.275371711424881e-06
2.338165696 1.868444705026273e-06
2.339773788 1.6281827543638145e-06
2.3413818799999997 1.786119588245502e-06
2.342989972 2.1967478300710565e-06
2.344598064 2.491581699793623e-06
2.346206156 2.1918577702285533e-06
2.347814248 1.9672963634986244e-06
2.3494223400000003 1.2001472016223373e-06
2.3510304310000003 1.0274082491743057e-06
2.352638523 1.0962564833597573e-06
2.354246615 1.2923787092241303e-06
2.3558547069999998 1.6103343113063872e-06
2.357462799 1.0041361640226276e-06
2.359070891 7.7023750969496e-07
2.3606789829999997 7.838757749290123e-07
2.3622870750000002 1.2035187986590425e-06
2.363895167 2.1609117118768487e-06
2.365503259 4.508701438223348e-06
2.367111351 2.9934522903290703e-06
2.368719443 2.086632923918847e-06
2.370327535 1.9116103231739474e-06
2.371935627 2.4081106893234217e-06
2.3735437189999997 3.4218583288431055e-06
2.3751518110000003 3.6168571088512765e-06
2.376759903 3.6083991202370077e-06
2.378367995 3.622030053458982e-06
2.379976087 2.4430431133910554e-06
2.381584179 2.030714699109379e-06
2.383192271 1.9432963948164626e-06
2.384800362 2.3038335032672045e-06
2.3864084539999997 3.0216451337857575e-06
2.388016546 2.2810819270396825e-06
2.389624638 1.3736737113457886e-06
2.39123273 9.12083299637941e-07
2.392840822 1.3997674734938164e-06
2.3944489140000003 2.426444934814706e-06
2.396057006 3.573894098959355e-06
2.397665098 1.6107689521077182e-06
2.3992731899999997 9.610057389415e-07
2.400881282 6.74818871933134e-07
2.4024893740000004 6.106107184793153e-07
2.404097466 1.0238150563622972e-06
2.405705558 1.095763514943304e-06
2.40731365 8.057885447911784e-07
2.408921742 7.002956961495815e-07
2.410529834 8.194040044007487e-07
2.4121379259999998 1.008512924621387e-06
2.413746018 1.2283463637478976e-06
2.41535411 1.2755010183617646e-06
2.416962201 1.618537426792793e-06
2.418570293 3.058413846470785e-06
2.4201783850000003 2.104128261068543e-06
2.421786477 1.4720391016940297e-06
2.423394569 1.5463258809734935e-06
2.425002661 2.6652504529174302e-06
2.426610753 4.589771791472872e-06
2.428218845 3.0080674563390518e-06
2.4298269369999996 1.6213927554616117e-06
2.431435029 9.9450795936061e-07
2.4330431210000003 1.3764218694260763e-06
2.434651213 2.4006538542943603e-06
2.436259305 4.643485111138767e-06
2.4378673969999998 4.5801270384742584e-06
2.439475489 4.4428228728810735e-06
2.441083581 4.521333195328893e-06
2.4426916729999997 5.331444294708164e-06
2.4442997650000002 6.2983917907421014e-06
2.4459078570000004 7.147188414504279e-06
2.447515949 7.057199772328302e-06
2.44912404 6.985989551131885e-06
2.450732132 6.413958274925306e-06
2.452340224 5.1351423829262305e-06
2.453948316 4.1380235954866875e-06
2.455556408 4.157042410609178e-06
2.4571644999999998 5.3339767542938275e-06
2.458772592 6.855866609809514e-06
2.460380684 6.5851567821038016e-06
2.461988776 5.120363274907643e-06
2.463596868 4.015606373406532e-06
2.46520496 4.3485204835474525e-06
2.466813052 5.570679580620538e-06
2.468421144 7.214259844119935e-06
2.470029236 4.539276808316894e-06
2.471637328 3.075654747371911e-06
2.47324542 2.3307692289788215e-06
2.474853512 2.145352269196197e-06
2.4764616040000003 2.1234713067336355e-06
2.478069696 2.710767287562634e-06
2.479677788 2.9570848897648133e-06
2.481285879 3.0534389198596636e-06
2.4828939709999998 3.2319058867237133e-06
2.484502063 3.8289148291983855e-06
2.486110155 4.592148083566926e-06
2.4877182469999997 5.532681350752785e-06
2.489326339 6.901592733791659e-06
2.4909344310000003 8.650244183486528e-06
2.492542523 1.0879437613294804e-05
2.494150615 8.097993732419144e-06
2.495758707 6.261833248341058e-06
2.497366799 5.01210730839886e-06
2.498974891 5.949789268612889e-06
2.499778162 1.3005552358811896e-05
2.5011293930000003 1.046605258561308e-05
2.502480624 8.425810194646154e-06
2.5038318559999997 8.500161549746533e-06
2.505183087 8.099539868941772e-06
2.506534319 7.347891467095376e-06
2.50788555 7.64042678915438e-06
2.509236782 1.0172537661426549e-05
2.510588013 6.4662888072596495e-06
2.511939244 6.4681838427847445e-06
2.5132904760000003 4.6687934271264435e-06
2.514641707 3.869187147522532e-06
2.515992939 4.9942564902176935e-06
2.51734417 5.200027442269596e-06
2.5186954019999996 1.9981172336879014e-06
2.5200466329999998 5.0594247058577525e-06
2.521397865 4.182660528098137e-06
2.522749096 6.094147158241624e-06
2.524100327 8.780260633001477e-06
2.525451559 9.075681807295628e-06
2.52680279 8.837721604884424e-06
2.5281540220000003 8.024941175753792e-06
2.529505253 1.0395181971112574e-05
2.5308564849999997 1.1269384543867174e-05
2.532207716 6.453260847642202e-06
2.533558948 4.337842259509171e-06
2.534910179 4.47748150007877e-06
2.5362614100000003 1.7292804980310822e-06
2.537612642 6.5197764544115845e-06
2.538963873 7.607956512322236e-06
2.5403151050000004 4.144285245168732e-06
2.5416663359999996 5.520476508084365e-06
2.5430175680000002 7.415475549195776e-06
2.544368799 4.320238796979827e-06
2.54572003 9.062231422081777e-07
2.547071262 4.593083095839297e-06
2.548422493 1.009246354655588e-05
2.549773725 7.716419036626001e-06
2.551124956 3.5220121131860687e-06
2.552476188 2.5759935657198766e-06
2.553827419 5.28020595886793e-06
2.5551786510000003 4.954793403581437e-06
2.556529882 6.095474590459489e-06
2.557881113 5.408598575498618e-06
2.559232345 3.611917048445326e-06
2.560583576 3.488875494716016e-06
2.561934808 5.4696494016778754e-06
2.5632860390000003 8.170320285376222e-06
2.564637271 4.587237517738046e-06
2.565988502 4.637381012232834e-06
2.567339733 3.24444182051774e-06
2.5686909649999996 8.353642795241625e-06
2.5700421959999997 7.750314284355085e-06
2.571393428 4.701668520000977e-06
2.572744659 5.512335309065939e-06
2.574095891 4.77259658464201e-06
2.575447122 4.253876229550106e-06
2.576798354 2.9429715612460047e-06
2.5781495850000002 6.676897654148918e-06
2.5795008160000004 5.690943756740585e-06
2.580852048 8.896879200862402e-06
2.582203279 7.006266625456002e-06
2.583554511 7.169887124831857e-06
2.584905742 1.0290854625912756e-05
2.586256974 1.0623637557232998e-05
2.587608205 3.839938934227466e-06
2.588959437 4.63258650894298e-06
2.590310668 5.422157682506819e-06
2.591661899 5.044206134498952e-06
2.593013131 7.431267434769546e-06
2.594364362 3.6876564723743254e-06
2.5957155939999996 2.8481424544975136e-06
2.5970668249999997 3.814177952800671e-06
2.598418057 5.7959918711526784e-06
2.599769288 3.3839542468509644e-06
2.601120519 7.422539366213631e-06
2.602471751 7.43400769102097e-06
2.603822982 5.856660679950755e-06
2.6051742140000003 6.166212582564138e-06
2.6065254450000004 5.151667133198784e-06
2.607876677 4.094507879879715e-06
2.609227908 5.816821852931395e-06
2.61057914 3.5195363099868584e-06
2.611930371 1.5424109082374702e-06
2.613281602 8.059402416821844e-06
2.614632834 8.701547553583795e-06
2.615984065 3.2860210940118733e-06
2.617335297 1.8812200194582668e-06
2.618686528 2.3089733782810888e-06
2.62003776 3.0543721361711803e-06
2.621388991 4.35499761226101e-06
2.622740222 7.256230344933662e-06
2.6240914539999998 6.996084789506535e-06
2.625442685 4.176206989498185e-06
2.626793917 3.024569479635119e-06
2.628145148 3.830147310474124e-06
2.62949638 2.9683741410609876e-06
2.630847611 2.69301988186958e-06
2.6321988430000003 3.618842851225294e-06
2.6335500740000004 5.006753516618521e-06
2.634901305 6.6342500846539416e-06
2.636252537 2.4255931795392034e-06
2.637603768 5.4042545573888545e-06
2.6389549999999997 6.157667700464842e-06
2.640306231 5.3952900193519246e-06
2.641657463 4.732344121251535e-06
2.643008694 7.57821975669759e-06
2.6443599250000003 3.606591102915391e-06
2.645711157 4.212115603388219e-06
2.6470623879999997 5.860408706754603e-06
2.64841362 7.685022631272758e-06
2.649764851 6.6042554666641455e-06
2.651116083 6.265877600938612e-06
2.652467314 4.302329480175624e-06
2.653818546 3.6361185023601595e-06
2.6551697770000002 5.62203055549041e-06
2.6565210080000004 3.2964498060025114e-06
2.65787224 2.11646569506669e-06
2.659223471 1.442378189017783e-06
2.6605747030000004 3.7453465304370868e-06
2.6619259339999997 5.246308008686888e-06
2.663277166 3.213084255826569e-06
2.664628397 3.431548581024461e-06
2.6659796289999997 1.9989121896603915e-06
2.66733086 4.3774867846235096e-07
2.668682091 1.3485574008048146e-06
2.670033323 2.9395137023041097e-06
2.6713845540000003 3.907179602721847e-06
2.672735786 3.289266785138768e-06
2.6740870169999997 3.762117150118123e-06
2.675438249 1.977908185071551e-06
2.67678948 1.3348218493605972e-06
2.678140711 3.384718533200119e-08
2.679491943 6.4698569427271e-07
2.680843174 4.6584424075830886e-07
2.6821944060000003 6.535510254771354e-09
2.6835456370000004 2.4074990835397264e-06
2.684896869 4.245343071428366e-06
2.6862481 2.4834766764813266e-06
2.6875993319999996 1.4269668112475855e-06
2.6889505629999997 1.1848198427061026e-06
2.690301794 2.6228367692095652e-06
2.691653026 1.6338031488774841e-06
2.693004257 2.869046239991201e-06
2.694355489 3.4742973351086185e-06
2.69570672 3.1774176827667137e-06
2.697057952 1.037271889262817e-06
2.6984091830000003 6.00770554047821e-07
2.699760414 4.232144460487226e-06
2.7011116459999998 1.9828127286755464e-06
2.702462877 1.097501978554507e-07
2.703814109 3.476710114663602e-07
2.70516534 2.551310765931092e-06
2.706516572 4.010331260251745e-06
2.707867803 1.4029791091044498e-06
2.7092190350000003 3.691992628762682e-06
2.7105702660000004 2.5289286798234003e-06
2.7119214969999996 2.156885212298739e-06
2.713272729 3.828512876024479e-06
2.71462396 1.6413754161613708e-06
2.7159751919999997 3.127334872177803e-06
2.717326423 4.088346943286413e-06
2.718677655 4.7948613858790555e-06
2.720028886 3.0687930397212155e-06
2.7213801170000003 4.1976919819523136e-07
2.722731349 2.0080375237043934e-06
2.7240825799999997 1.8379975423475501e-06
2.7254338120000003 1.5032459457992313e-06
2.726785043 6.28184216814392e-07
2.7281362749999998 7.983636227482663e-09
2.729487506 1.3671682473398325e-06
2.730838738 3.6452976318264194e-07
2.732189969 6.418676250288186e-09
2.7335412000000003 4.324773192488955e-07
2.734892432 2.219334426202489e-06
2.736243663 1.141573352143661e-06
2.737594895 3.7008719555351553e-07
2.7389461259999996 5.841919343306447e-07
2.740297358 4.438545861062382e-09
2.741648589 4.441676204979179e-09
2.7429998209999997 2.1045175141518686e-07
2.744351052 4.438819090133986e-09
2.745702283 4.434864966859826e-09
2.747053515 2.2406017899482304e-08
2.7484047460000003 4.433632693020614e-09
2.749755978 4.4330211865207784e-09
2.7511072089999997 4.4322948464275e-09
2.7524584410000004 4.429206280919274e-09
2.753809672 4.425742140102838e-09
2.755160903 4.425159490249534e-09
2.756512135 4.422014320871972e-09
2.757863366 4.419089900294804e-09
2.7592145980000002 4.419889916379536e-09
2.760565829 4.423849557250867e-09
2.761917061 4.419467673844282e-09
2.7632682920000002 4.4195672640946616e-09
2.764619524 4.420245863552086e-09
2.7659707549999997 4.421071993668522e-09
2.767321986 4.4168883896624236e-09
2.768673218 4.418051702961939e-09
2.770024449 4.419237069166289e-09
2.771375681 4.415121900311185e-09
2.772726912 4.41622861364606e-09
2.774078144 4.417495746786727e-09
2.7754293750000003 4.416704061252602e-09
2.776780606 4.415320893740148e-09
2.7781318379999997 4.41771440290895e-09
2.779483069 4.423949464036721e-09
2.780834301 4.421680873500882e-09
2.782185532 4.423067457701714e-09
2.783536764 4.425430450872498e-09
2.784887995 4.4278850528122674e-09
2.786239227 4.425205210573325e-09
2.787590458 4.427817140755882e-09
2.788941689 4.430482183119112e-09
2.7902929210000003 4.431748538453378e-09
2.791644152 4.431191955073362e-09
2.7929953839999997 4.4343469502418105e-09
2.794346615 4.4356772701415366e-09
2.795697847 4.435374067620696e-09
2.797049078 4.438462474828975e-09
2.7984003090000003 4.4435076485172094e-09
2.799751541 4.445538176358543e-09
2.801102772 4.446497120777089e-09
2.8024540040000003 4.448519654579137e-09
2.803805235 4.450436738429782e-09
2.8051564669999998 4.446950757547107e-09
2.806507698 4.448594998559616e-09
2.80785893 4.450101479503296e-09
2.8092101609999998 4.4503335624441645e-09
2.810561392 4.447387412173726e-09
2.811912624 4.4485244180178884e-09
2.813263855 4.449470989257673e-09
2.814615087 4.446989987546643e-09
2.8159663179999996 4.4455547222943705e-09
2.8173175500000003 4.445951889631865e-09
2.818668781 4.449544220990805e-09
2.8200200129999997 4.4459664270069836e-09
2.821371244 4.445192612002093e-09
2.822722475 4.444262184744143e-09
2.824073707 4.44317504229902e-09
2.8254249380000003 4.44192272850943e-09
2.82677617 4.440538177439748e-09
2.828127401 4.439022149385294e-09
2.8294786330000004 4.4373807056003825e-09
2.830829864 4.435304616476521e-09
2.8321810949999997 4.432922371432999e-09
2.833532327 4.4304608895077726e-09
2.834883558 4.4279411911665336e-09
2.83623479 4.424134519086269e-09
2.837586021 4.4175044171808005e-09
2.838937253 4.41489022913941e-09
2.8402884840000002 4.413716403107184e-09
2.841639716 4.414674722735713e-09
2.8429909469999997 4.4121067066130635e-09
2.8443421779999998 4.40958474738422e-09
2.84569341 4.407114454041681e-09
2.847044641 4.404707677728363e-09
2.848395873 4.4023865042505745e-09
2.849747104 4.400148129581512e-09
2.851098336 4.395419591611377e-09
2.8524495670000003 4.390209266649143e-09
2.8538007980000004 4.385104647080859e-09
2.85515203 4.380120298307637e-09
2.856503261 4.375263651372604e-09
2.8578544929999996 4.370524188513569e-09
2.8592057239999997 4.365917517218909e-09
2.860556956 4.359092247689121e-09
2.861908187 4.353759823747716e-09
2.863259419 4.350865131711765e-09
2.86461065 4.351088824006041e-09
2.865961881 4.350332645209976e-09
2.8673131130000002 4.347785619202051e-09
2.868664344 4.345338157921463e-09
2.8700155759999997 4.3429892492814814e-09
2.871366807 4.341329502352547e-09
2.872718039 4.3397436635551366e-09
2.87406927 4.338225569349907e-09
2.8754205010000002 4.336771304975422e-09
2.876771733 4.335360900557081e-09
2.878122964 4.33398606644763e-09
2.8794741960000003 4.332635539233225e-09
2.8808254270000004 4.3312571497514985e-09
2.882176659 4.329852369450883e-09
2.88352789 4.1845857598462627e-07
2.8848791219999996 1.0462906531890098e-08
2.8862303529999997 4.320329539644296e-09
2.887581584 4.318784127122363e-09
2.888932816 4.317176062070587e-09
2.890284047 4.315759082034656e-09
2.891635279 4.31529750148873e-09
2.89298651 4.319545139729125e-09
2.8943377420000003 4.318927003979119e-09
2.895688973 4.3181269027330404e-09
2.8970402049999997 4.317200567312101e-09
2.898391436 4.316118683522577e-09
2.899742667 4.314898281807839e-09
2.901093899 4.3125868634479915e-09
2.9024451300000003 4.30988290604657e-09
2.903796362 4.307026174405121e-09
2.905147593 4.304000617147814e-09
2.9064988250000003 4.300799395866171e-09
2.907850056 1.0768798371625783e-07
2.9092012869999997 4.29390802995698e-09
2.910552519 4.287647226207508e-09
2.91190375 4.282169317041257e-09
2.9132549819999998 4.2788168668484566e-09
2.914606213 1.380398691196621e-06
2.915957445 1.5282463618735963e-06
2.917308676 1.2938351542164634e-08
2.918659908 1.2202967252943296e-08
2.920011139 3.58265246257324e-07
2.9213623699999998 4.8468396485140405e-08
2.922713602 5.246448175816237e-07
2.924064833 1.5601176425798944e-06
2.925416065 2.371538463057779e-06
2.926767296 1.7507167586542542e-06
2.928118528 1.3601035977848524e-06
2.9294697590000003 2.129284793219341e-06
2.93082099 1.9458296572102247e-06
2.932172222 3.617055402932089e-06
2.933523453 5.051337927521857e-06
2.934874685 5.308336953895006e-06
2.9362259159999997 6.330425749665754e-06
2.937577148 5.1222718247150274e-06
2.938928379 4.5361686432170545e-06
2.940279611 4.921997828614681e-06
2.941630842 7.543866949802441e-06
2.942982073 8.096862287221127e-06
2.9443333050000002 8.75955378312566e-06
2.9456845360000004 1.0702505544890876e-05
2.947035768 9.09514609639293e-06
2.948386999 1.256666508725846e-05
2.949738231 1.27636931677305e-05
2.951089462 1.2637213330893528e-05
2.952440694 1.604165014363324e-05
2.953791925 1.7116106693005945e-05
2.955143156 1.590122010624563e-05
2.956494388 1.3612145822076317e-05
2.957845619 1.6756731370977574e-05
2.959196851 2.131212365268651e-05
2.960548082 2.1552323506102826e-05
2.9618993139999996 2.297871157021679e-05
2.9632505449999997 2.2979258064779793e-05
2.964601776 2.613330786148558e-05
2.965953008 2.9386538609674828e-05
2.967304239 3.025006401835706e-05
2.968655471 3.0866892185706985e-05
2.970006702 3.483221342736771e-05
2.9713579340000003 3.233270346513776e-05
2.9727091650000004 3.367404478008443e-05
2.974060397 3.598808179275164e-05
2.975411628 4.0664085402754295e-05
2.976762859 4.080333502865728e-05
2.978114091 4.4253740956842646e-05
2.979465322 4.6059952589183824e-05
2.980816554 4.539306086022628e-05
2.982167785 4.607379114394893e-05
2.983519017 4.927595900643872e-05
2.984870248 5.400072730889562e-05
2.9862214789999997 5.6659929839217085e-05
2.987572711 6.302367123127547e-05
2.988923942 6.915062417735936e-05
2.9902751739999998 7.268251564958612e-05
2.991626405 7.224608240473012e-05
2.992977637 7.382828912256554e-05
2.994328868 7.796813943176473e-05
2.9956801 7.961818009503506e-05
2.997031331 8.695172463640722e-05
2.9983825619999998 9.439749803647077e-05
2.9997337940000004 0.00010095755820190534
3.001085025 0.00010798561095177191
3.002436257 0.00011815647313924705
3.003787488 0.00012019905573564588
3.0051387199999997 0.00011979259047711961
3.006489951 0.00011213566485905983
3.007841182 0.00011585163650853098
3.009192414 0.00012336371677309628
3.0105436450000003 0.0001240682759414719
3.011894877 0.00012602324369407895
3.0132461079999997 0.00012971184081795112
3.01459734 0.00012980197891569847
3.015948571 0.00012123029715178235
3.017299803 0.00012066221226699904
3.018651034 0.0001186630145500056
3.020002265 0.0001155871739674057
3.021353497 0.00010998045736478493
3.0227047280000003 0.00011203531688583179
3.02405596 0.00011032706530348635
3.0254071909999998 0.0001125421986614501
3.0267584230000004 0.00011676202668512792
3.0281096539999997 0.00012183070755380948
3.029460886 0.0001263556386659788
3.030812117 0.0001285935829118018
3.032163348 0.00013050374599855378
3.03351458 0.00012919736359263994
3.034865811 0.00012915789549474292
3.036217043 0.00013299039537331572
3.0375682740000003 0.00013795620451082294
3.038919506 0.0001373837311895409
3.0402707369999997 0.00014072587108943988
3.041621968 0.00014092575326797477
3.0429732 0.00014675960695124905
3.044324431 0.00015042884947625532
3.045675663 0.00015641295862633262
3.047026894 0.00016042570294411886
3.0483781260000002 0.00016844736381187798
3.0497293570000004 0.00017289231419667853
3.051080589 0.000180299880796205
3.05243182 0.00018913212528973763
3.053783051 0.00019764557416251924
3.0551342829999997 0.00020582424677527983
3.056485514 0.0002108328602180076
3.057836746 0.0002172683768757506
3.059187977 0.00022229984443940793
3.060539209 0.00023287872198410952
3.06189044 0.00024193425769357803
3.063241671 0.0002555543391885515
3.0645929030000003 0.00026885153828473907
3.065944134 0.000283296149780437
3.0672953659999997 0.00029407194559786967
3.068646597 0.0003112033867727714
3.069997829 0.00032064740355494697
3.07134906 0.00033624960512262643
3.072700292 0.0003530943296068481
3.074051523 0.000371528833191102
3.075402754 0.0003826569689120232
3.0767539860000004 0.0004031729862082396
3.0781052169999996 0.00042007457144400983
3.079456449 0.00044077209187390754
3.08080768 0.0004630030806416389
3.0821589119999997 0.0004884048847242776
3.083510143 0.0005083564532110275
3.084861374 0.0005383712012834364
3.086212606 0.0005655807701490106
3.0875638370000003 0.0005932997867058796
3.088915069 0.0006202115678934281
3.0902662999999997 0.0006549821298628929
3.0916175320000003 0.0006897614485984737
3.092968763 0.0007298640313642775
3.0943199949999998 0.0007664593802754373
3.095671226 0.0008093963319798619
3.097022457 0.0008552506675671848
3.098373689 0.0009072830379329006
3.0997249200000003 0.0009645295124762062
3.101076152 0.0010280849118732877
3.102427383 0.0010878495035660913
3.103778615 0.0011546036542356007
3.1051298459999996 0.0012253379699323896
3.106481078 0.0013019033451900437
3.107832309 0.0013851839957687785
3.10918354 0.0014790328510538905
3.110534772 0.0015833013770915605
3.111886003 0.001694745043343867
3.113237235 0.0018146529346364372
3.1145884660000003 0.0019538255736383566
3.115939698 0.002103651741725634
3.1172909289999997 0.0022664185055338267
3.11864216 0.00244310259650583
3.119993392 0.002636725912048758
3.121344623 0.0028583027859123014
3.122695855 0.0031012578971821277
3.124047086 0.0033670059439275244
3.1253983180000002 0.0036643882961005696
3.126749549 0.0039912285471517565
3.128100781 0.004353278915620035
3.1294520120000002 0.0047517301375217995
3.130803243 0.005191747810013146
3.1321544749999997 0.005679478072803345
3.133505706 0.006228961296897941
3.134856938 0.006833609431151713
3.136208169 0.007508904970927212
3.137559401 0.008253795329834696
3.138910632 0.009091935431363232
3.140261863 0.01002195015184342
3.1416130950000003 0.01106846340068358
3.142964326 0.012229383737760398
3.1443155579999997 0.013539375066938836
3.145666789 0.014993992986134087
3.147018021 0.01662306557898554
3.148369252 0.01845163995948457
3.149720484 0.020484618877251122
3.151071715 0.02274181543423404
3.152422946 0.02527057623481618
3.153774178 0.028079851318877816
3.155125409 0.031222140464526964
3.1564766410000002 0.03469583970274693
3.157827872 0.038565320355123285
3.1591791039999997 0.04282921055222049
3.160530335 0.04754785374698948
3.161881566 0.05272861132634154
3.163232798 0.058431888704511825
3.1645840290000002 0.06463807178069787
3.165935261 0.07141574260630537
3.167286492 0.07873928233034481
3.1686377240000003 0.08663288322189851
3.169988955 0.0950884173303678
3.1713401869999998 0.10414430980505916
3.172691418 0.11383906354050434
3.174042649 0.12398309863593958
3.1753938809999998 0.1345031461319209
3.176745112 0.14543885892458877
3.178096344 0.15662417150126648
3.179447575 0.16805160414387377
3.180798807 0.17959218446084388
3.182150038 0.19108674434800346
3.1835012700000003 0.20259916291738514
3.184852501 0.21391937815435605
3.186203732 0.22503623460998956
3.187554964 0.23592031267067387
3.188906195 0.24638628187004954
3.190257427 0.25652199357946054
3.1916086580000003 0.2662591799381926
3.19295989 0.2755092510297653
3.194311121 0.28436535373079197
3.195662352 0.29272177237566727
3.197013584 0.3006443955816677
3.1983648149999997 0.3085359490113388
3.199716047 0.3155722149355014
3.201067278 0.32222389190490336
3.2024185099999998 0.3284877949604629
3.203769741 0.3343424088334235
3.205120973 0.339883099724788
3.206472204 0.345100829237244
3.207823435 0.3499914110254966
3.209174667 0.3546291682907424
3.2105258979999998 0.35896282246942635
3.21187713 0.36305146417937306
3.213228361 0.366523439402336
3.214579593 0.3701501146944131
3.215930824 0.3735935058598235
3.217282055 0.3768315072008041
3.2186332870000003 0.37986794551595165
3.2199845180000004 0.3827412264143747
3.22133575 0.3857323221103549
3.222686981 0.3887081799588183
3.2240382129999996 0.39125687065169823
3.2253894439999997 0.393643413407812
3.226740676 0.3958805410137167
3.228091907 0.3979955468903531
3.229443138 0.4000043877359417
3.23079437 0.4017620560883659
3.232145601 0.4033170539757861
3.2334968330000002 0.4047641464069881
3.234848064 0.4061093593360079
3.2361992959999997 0.40738723821429174
3.237550527 0.408551453627848
3.238901759 0.40963906399047273
3.24025299 0.4106270259657277
3.2416042210000002 0.41150104913803504
3.242955453 0.4123041205098077
3.244306684 0.413212840129709
3.2456579160000003 0.41424940166696006
3.2470091470000004 0.4149003534217402
3.248360379 0.41549186185085857
3.24971161 0.416008044554904
3.251062841 0.41659812024318893
3.2524140729999997 0.41719847621863937
3.253765304 0.41779002933957793
3.255116536 0.4183494694515707
3.256467767 0.4188968359388494
3.257818999 0.4194237945402977
3.25917023 0.41996759348385315
3.2605214620000003 0.4204661142402498
3.261872693 0.4209158720688939
3.263223924 0.42136736222723453
3.264575156 0.4218192920502064
3.265926387 0.42228681430008336
3.267277619 0.42290696541714573
3.2686288500000003 0.4237731773445887
3.269980082 0.4242911262281637
3.271331313 0.4247243254997343
3.272682544 0.42514730282935137
3.274033776 0.4255957187323907
3.2753850069999997 0.42606308150788835
3.276736239 0.42656121210414377
3.27808747 0.42708285768977533
3.2794387019999998 0.4276259443052331
3.280789933 0.4281899879858508
3.282141165 0.4287553512814431
3.283492396 0.4293322607061791
3.2848436270000003 0.42991076919933835
3.286194859 0.4305271455379212
3.2875460899999998 0.43114161610475116
3.288897322 0.4317614224681549
3.290248553 0.43289699867672726
3.291599785 0.4335350850708402
3.292951016 0.4341734334905958
3.294302247 0.43479874014813674
3.2956534790000003 0.43541837041537534
3.29700471 0.436018137645827
3.298355942 0.4366390485471157
3.299707173 0.4372320860037048
3.301058405 0.43769515663671615
3.3024096359999997 0.4381177834650218
3.303760868 0.43854175488147845
3.305112099 0.43895303900024946
3.30646333 0.4393416417508116
3.307814562 0.4397077459838209
3.309165793 0.44004953982388745
3.3105170250000002 0.4403770657451954
3.3118682560000003 0.4411029693934847
3.313219488 0.44144458273706105
3.3145707189999998 0.4417034396721015
3.315921951 0.4419553256139404
3.317273182 0.44219696562223837
3.318624413 0.4424222956195683
3.319975645 0.44264778014520184
3.321326876 0.4428012205158759
3.322678108 0.4429572468776925
3.324029339 0.4431171314051511
3.325380571 0.4432923090829495
3.326731802 0.44347986662485234
3.328083033 0.44367429457503543
3.3294342649999997 0.443867525436618
3.330785496 0.44372836393893206
3.332136728 0.44337431352696804
3.333487959 0.44303994675764197
3.334839191 0.4431768457664956
3.336190422 0.4429687761774771
3.3375416540000002 0.44268574495936963
3.3388928850000004 0.44241951632549514
3.340244116 0.4419572577895249
3.341595348 0.44054730105226414
3.342946579 0.43913472103369233
3.344297811 0.4377508132480739
3.345649042 0.4363841741083444
3.347000274 0.4350369896078101
3.348351505 0.4336986032688801
3.3497027360000002 0.43236308406030766
3.351053968 0.42948795765525194
3.3524051989999997 0.4261725955186668
3.353756431 0.42286673585420764
3.355107662 0.41954612985856277
3.3564588939999997 0.4162188187608889
3.357810125 0.41288331946966816
3.359161357 0.4095423371941872
3.360512588 0.40769490423656785
3.3618638190000003 0.4082736297109543
3.363215051 0.40883223113376294
3.3645662819999997 0.40936996117355906
3.3659175140000004 0.40989725145531886
3.367268745 0.4104129957858779
3.368619977 0.4109199445548692
3.369971208 0.41141309800208936
3.371322439 0.41527386254423027
3.372673671 0.4195147021950939
3.374024902 0.42406713743696367
3.375376134 0.4279549935119744
3.3767273650000003 0.43182718828739014
3.378078597 0.43568934590408026
3.3794298279999997 0.43953618937104716
3.38078106 0.4418001412025337
3.382132291 0.4429134923121631
3.383483522 0.44402534546209854
3.384834754 0.44514284416435296
3.386185985 0.4462467575685872
3.387537217 0.44733920202177846
3.3888884480000003 0.44842785391336853
3.39023968 0.4492562168717921
3.3915909109999998 0.44889818828441885
3.3929421430000004 0.4485403494045318
3.3942933739999996 0.448183551539293
3.3956446049999998 0.4478250670451307
3.396995837 0.447461412116654
3.398347068 0.4471013541507237
3.3996983 0.4467526120857633
3.401049531 0.44639434021731206
3.402400763 0.4460430966450877
3.4037519940000003 0.4457070187309152
3.405103225 0.4453926173188078
3.4064544569999997 0.44509578328214905
3.407805688 0.44482759665261595
3.40915692 0.4446654406128765
3.410508151 0.4449519645586765
3.411859383 0.4449397201941308
3.413210614 0.4449412760803544
3.4145618460000002 0.4449534972603138
3.4159130770000004 0.4454338425686802
3.4172643079999996 0.4455139945854997
3.41861554 0.44556714769966427
3.419966771 0.44562399410232956
3.4213180029999997 0.446049803740589
3.422669234 0.4464929500826989
3.424020466 0.44693345430902465
3.425371697 0.44736507948597065
3.4267229280000002 0.4477864753369214
3.42807416 0.44821911703693085
3.429425391 0.44864472744969675
3.4307766230000003 0.4489812760505721
3.432127854 0.4492863885775997
3.4334790859999997 0.4495728754732652
3.434830317 0.4497902159688491
3.436181549 0.4498981752339559
3.43753278 0.4498991748546864
3.4388840110000003 0.4498794282152145
3.440235243 0.4498076092814304
3.441586474 0.44956026763754536
3.4429377060000004 0.44928850952939914
3.4442889369999996 0.4495091187093321
3.445640169 0.4491870795572327
3.4469914 0.4488170362387541
3.448342631 0.4486059751335275
3.449693863 0.44854851382665145
3.451045094 0.4483416083616491
3.452396326 0.44819433134107733
3.4537475570000002 0.448033456409064
3.455098789 0.4478848377233665
3.45645002 0.4477441006147623
3.4578012520000003 0.44761433677364476
3.459152483 0.44751793617769237
3.460503714 0.4475810964910277
3.461854946 0.447932681762781
3.463206177 0.44831606042409183
3.464557409 0.4487339032691047
3.4659086400000003 0.44921814371807056
3.467259872 0.44974625201669133
3.468611103 0.45034095486881676
3.469962335 0.4509801901821167
3.4713135659999996 0.4513710976492296
3.4726647969999997 0.4518320429502275
3.474016029 0.4523156267622536
3.47536726 0.45285171062801116
3.476718492 0.45380678752526915
3.478069723 0.45456354369045177
3.479420955 0.45541442482111166
3.4807721860000003 0.4565137308363898
3.482123417 0.4574628964887652
3.483474649 0.45836088023579397
3.48482588 0.4591942676362018
3.486177112 0.459946569239577
3.487528343 0.4605468685287722
3.488879575 0.46100444598843304
3.490230806 0.46125008572269705
3.491582038 0.4613543410602034
3.492933269 0.4611968663021894
3.4942845 0.4607039596116806
3.495635732 0.4598711537454726
3.496986963 0.4586087399406584
3.4983381949999997 0.45688398227664145
3.4996894259999998 0.454656014141636
3.501040658 0.45180215649649663
3.502391889 0.44838860608631637
3.50374312 0.44438747545492524
3.505094352 0.4397618100312094
3.506445583 0.43454895282029044
3.5077968150000003 0.4290694592828992
3.509148046 0.4225921544545292
3.5104992779999997 0.4156409906194628
3.511850509 0.4080842882244667
3.513201741 0.39978584948904367
3.514552972 0.39100378592702534
3.515904203 0.38183848493758327
3.517255435 0.3723561637218327
3.518606666 0.3624722757916926
3.519957898 0.35227834982395895
3.521309129 0.34177235656502897
3.5226603610000002 0.33108225294721416
3.524011592 0.3202953358853983
3.5253628239999997 0.30943918138515286
3.526714055 0.29862685366773334
3.528065286 0.28787188631004984
3.529416518 0.277200648450966
3.5307677490000002 0.26671391677720724
3.532118981 0.25640326551744297
3.533470212 0.24635673548584
3.5348214440000003 0.23681272663339545
3.536172675 0.22735850023853754
3.537523906 0.21819494563070238
3.538875138 0.20932347248086705
3.540226369 0.20077534524618768
3.5415776009999997 0.1925334528246894
3.542928832 0.18479431259515694
3.544280064 0.17722815732002917
3.545631295 0.16997191637974005
3.546982527 0.16303465948789217
3.548333758 0.1564248061237992
3.5496849889999997 0.1500878434273135
3.551036221 0.14405315993101533
3.552387452 0.13843996350155954
3.553738684 0.13290281443182494
3.555089915 0.12763830388476563
3.556441147 0.12259527371900815
3.5577923780000003 0.11777923557196139
3.5591436090000004 0.11318272411341933
3.560494841 0.10877096541514635
3.561846072 0.10456936159219328
3.563197304 0.10052389381867807
3.5645485349999997 0.09662334171923924
3.565899767 0.09288818038720573
3.567250998 0.08926936404220469
3.5686022299999998 0.08584686331450796
3.569953461 0.08251881503858122
3.571304692 0.07923751011601278
3.572655924 0.07607439656555381
3.574007155 0.07299623521748971
3.575358387 0.07001397654433676
3.5767096179999998 0.0671300528189254
3.57806085 0.06437175910601485
3.579412081 0.061628468276492314
3.580763312 0.05895163240125788
3.582114544 0.05633520028071805
3.583465775 0.053810221482157736
3.5848170070000003 0.05139289080376007
3.5861682380000004 0.04900382821818712
3.58751947 0.04668012959011002
3.588870701 0.044415758327216025
3.5902219329999996 0.04223406618973668
3.5915731639999997 0.04011080062553406
3.592924395 0.03805023059673082
3.594275627 0.03607844907892601
3.595626858 0.03416542264041558
3.59697809 0.03233253876947837
3.598329321 0.03058013814374413
3.5996805530000002 0.028888083127236862
3.601031784 0.027277603394535357
3.602383016 0.02573624125202303
3.603734247 0.024286651280048442
3.605085478 0.02290322709450206
3.60643671 0.021567665542749852
3.607787941 0.020308553066329157
3.609139173 0.019123672777707924
3.610490404 0.01798522616894729
3.6118416360000003 0.016922781146944108
3.6131928670000004 0.015919064286263163
3.6145440979999997 0.01496904855566924
3.61589533 0.014084787433504883
3.617246561 0.013244807504393698
3.6185977929999997 0.012460772301934958
3.619949024 0.011741207190592295
3.621300256 0.011041989466405855
3.622651487 0.010392937548209894
3.624002719 0.009781762404782228
3.62535395 0.009208295754869304
3.6267051809999997 0.00868683438241674
3.628056413 0.008181292558762878
3.629407644 0.007704521477410628
3.630758876 0.007272194626613421
3.632110107 0.0068563588590110575
3.633461339 0.006476153276756847
3.6348125700000002 0.0061239588158062365
3.6361638010000004 0.005781672425864849
3.637515033 0.005465649747842059
3.638866264 0.0051693771347063955
3.640217496 0.0048973158569345495
3.6415687269999997 0.004650994458368946
3.642919959 0.004406349619927866
3.64427119 0.004178806867018928
3.6456224219999998 0.003971365795132924
3.646973653 0.0037689157181893603
3.648324884 0.0035867244943316944
3.649676116 0.003412734974779523
3.6510273470000003 0.003239791816906643
3.652378579 0.003092372610086366
3.6537298099999997 0.0029462875651676624
3.655081042 0.002806808242712318
3.656432273 0.002685625729455771
3.657783504 0.002559506825905676
3.659134736 0.0024449575617384485
3.660485967 0.0023453247074695562
3.6618371990000003 0.0022425670449365918
3.66318843 0.0021504095909187487
3.664539662 0.002062828515179687
3.665890893 0.0019738735678677044
3.667242125 0.0018962016231484885
3.6685933559999997 0.0018183858399606564
3.669944587 0.00174673714129926
3.671295819 0.0016847893840864472
3.67264705 0.0016168950083676433
3.673998282 0.0015539059345207973
3.675349513 0.001498660607810997
3.676700745 0.0014380027426664688
3.6780519760000003 0.0013875777620905856
3.679403208 0.0013421953556722853
3.6807544389999998 0.001293282966745455
3.68210567 0.0012555830783712507
3.683456902 0.0012132601846739709
3.684808133 0.0011672991168700322
3.686159365 0.0011352472950616206
3.687510596 0.0010933185794378677
3.688861828 0.001049421098830144
3.690213059 0.001018492024262193
3.6915642899999996 0.0009832670520946779
3.692915522 0.0009520857317877766
3.694266753 0.0009277622740306713
3.6956179849999997 0.000895636100203541
3.696969216 0.0008688072646143683
3.698320448 0.0008426856868434796
3.699671679 0.000809649830038061
3.701022911 0.0007831831170825252
3.702374142 0.0007575630734351542
3.703725373 0.0007311003398109673
3.7050766050000004 0.0007122872048443947
3.706427836 0.0006899099964999102
3.707779068 0.0006652830955450001
3.709130299 0.0006447159405437542
3.710481531 0.000620494072108206
3.711832762 0.0005991882542530296
3.713183993 0.0005807954111860963
3.714535225 0.0005580848414002806
3.7158864560000002 0.0005419650656930349
3.717237688 0.0005278756433924391
3.7185889189999997 0.0005065822471272256
3.719940151 0.0004893500550443991
3.721291382 0.00047385752467044023
3.7226426139999997 0.00045635285338302303
3.723993845 0.00044181473890010745
3.725345076 0.00042211422829056643
3.726696308 0.00040162147771608187
3.7280475390000003 0.0003884203075643263
3.729398771 0.0003723965830537832
3.730750002 0.0003574802487092693
3.7321012340000004 0.0003464935866119819
3.733452465 0.0003292989603989021
3.7348036959999997 0.0003149260933520471
3.736154928 0.0003048844270224993
3.737506159 0.00028859076871891635
3.738857391 0.0002769944007462095
3.740208622 0.00026835661936844935
3.741559854 0.0002535574989031629
3.7429110850000002 0.00024240826305970117
3.744262317 0.00023102678580279808
3.7456135479999997 0.00021415086757961918
3.746964779 0.00020318364191689627
3.748316011 0.00019187182843824542
3.749667242 0.00017741949004357227
3.751018474 0.00017047591575397467
3.752369705 0.00016261043416011085
3.753720937 0.00015161448942951244
3.7550721680000003 0.00014534708725168422
3.7564234 0.00013453313933075125
3.757774631 0.00012080603820383647
3.759125862 0.00011335067373272201
3.7604770939999996 0.00010332203531945519
3.7618283249999998 9.218005635918373e-05
3.763179557 8.673845351664444e-05
3.764530788 8.091027143847888e-05
3.76588202 7.649634987145923e-05
3.767233251 7.479438181898508e-05
3.768584482 6.882877235345832e-05
3.7699357140000003 6.410953809171057e-05
3.771286945 6.251444902153434e-05
3.7726381769999997 5.641784037491052e-05
3.773989408 5.142299832441912e-05
3.77534064 4.919573752255346e-05
3.776691871 4.299878636002845e-05
3.778043103 3.93222175290355e-05
3.779394334 3.607460543998881e-05
3.780745565 3.209022691821086e-05
3.7820967970000003 3.1448797235191296e-05
3.7834480279999996 3.231407389563216e-05
3.7847992599999998 2.9634355745839146e-05
3.786150491 2.8635250446620388e-05
3.7875017229999997 2.8067737764555445e-05
3.7888529539999998 2.3366895309030197e-05
3.790204185 2.2454817909422416e-05
3.791555417 2.3293877093741676e-05
3.792906648 1.828036478648695e-05
3.79425788 1.654770023553272e-05
3.795609111 1.879088125854823e-05
3.7969603430000003 1.6724457790615472e-05
3.798311574 1.791500291372383e-05
3.7996628059999997 2.1121360241464158e-05
3.801014037 1.918741713989712e-05
3.802365268 1.9670163822298768e-05
3.8037165 1.8646998823221205e-05
3.8050677310000003 1.5625404346578925e-05
3.806418963 1.9259343369399875e-05
3.807770194 1.8550266994934513e-05
3.8091214260000004 1.1775641854908729e-05
3.8104726569999996 1.3273307486863215e-05
3.811823889 1.6097071509463544e-05
3.81317512 1.4529036130935986e-05
3.814526351 1.3979236535123092e-05
3.815877583 1.2138034779865384e-05
3.817228814 9.401932968585714e-06
3.818580046 1.0427488479351044e-05
3.8199312770000002 1.1429638488792899e-05
3.821282509 1.0137130102931652e-05
3.82263374 1.0122373139727359e-05
3.823984971 1.1748103141969944e-05
3.825336203 1.0966107670121996e-05
3.826687434 1.3112476715549071e-05
3.828038666 1.665500575760036e-05
3.829389897 1.614720907185029e-05
3.830741129 1.6079076055462194e-05
3.8320923600000003 1.680595322307131e-05
3.833443592 1.4761493963226335e-05
3.834794823 1.6781710228815085e-05
3.836146054 1.8036558594476126e-05
3.8374972859999996 1.1837421659792872e-05
3.8388485169999997 1.0792481067999212e-05
3.840199749 1.412660826633431e-05
3.84155098 1.359012894615098e-05
3.842902212 1.6546922365108588e-05
3.844253443 1.4996673694956663e-05
3.845604674 8.442217136650118e-06
3.8469559060000003 7.715888912422336e-06
3.848307137 9.298965967618112e-06
3.849658369 9.667129771967175e-06
3.8510096 1.0897247863839195e-05
3.852360832 1.155333317154505e-05
3.853712063 4.227167396563055e-06
3.855063295 2.1959812451813123e-06
3.856414526 5.460685644166635e-06
3.857765757 8.787936911790889e-06
3.859116989 1.2364200138920269e-05
3.86046822 1.7990530596618744e-05
3.861819452 1.4690251530828042e-05
3.863170683 1.4462454298600515e-05
3.8645219149999996 1.924927600392677e-05
3.8658731459999998 1.9042552934003202e-05
3.867224377 1.9208344190512723e-05
3.868575609 2.031974997957441e-05
3.86992684 1.7861083472991896e-05
3.871278072 1.6546089756546177e-05
3.872629303 1.66495795639288e-05
3.8739805350000003 1.374807406590273e-05
3.875331766 1.096618137820861e-05
3.876682998 1.1746770383419576e-05
3.878034229 1.0741953088186573e-05
3.87938546 8.404710055765591e-06
3.880736692 1.2326577363360094e-05
3.882087923 1.562236475144655e-05
3.883439155 1.4577477336566757e-05
3.884790386 1.5806249585934108e-05
3.886141618 1.4952977525391762e-05
3.887492849 1.2357187097585819e-05
3.8888440810000002 1.1648582363912837e-05
3.890195312 1.2293728762500405e-05
3.891546543 1.1603831629471156e-05
3.892897775 1.4968059083799622e-05
3.894249006 2.1574382998983376e-05
3.895600238 2.2199081793002156e-05
3.8969514690000002 2.2044911388079085e-05
3.898302701 2.2379036424331084e-05
3.899653932 2.0201191133357593e-05
3.9010051629999998 2.216121505119735e-05
3.902356395 2.1704688136372335e-05
3.903707626 1.6146161658688823e-05
3.905058858 1.543435655090404e-05
3.906410089 1.8156316587802882e-05
3.9077613209999997 1.8998055569227317e-05
3.909112552 2.1031243792878838e-05
3.910463784 2.3587606329982888e-05
3.911815015 2.1459491774756384e-05
3.913166246 1.9658904970519838e-05
3.914517478 2.520206139647694e-05
3.9158687089999997 2.437049239415387e-05
3.917219941 1.7653704864035437e-05
3.918571172 2.0891189525908046e-05
3.919922404 2.3998572774406012e-05
3.921273635 2.413785071967465e-05
3.922624866 2.445898336470621e-05
3.9239760980000002 2.2042211489312266e-05
3.9253273290000004 1.9448823577046737e-05
3.926678561 2.1107958276272803e-05
3.928029792 2.5317458931814075e-05
3.929381024 2.445034321277287e-05
3.9307322549999997 2.5057157675112117e-05
3.932083487 2.6990092709887555e-05
3.933434718 2.6356365326341183e-05
3.934785949 2.9135196506849114e-05
3.936137181 3.35990003756716e-05
3.937488412 3.564782327565898e-05
3.938839644 3.6650814910513645e-05
3.940190875 3.8462125674597945e-05
3.941542107 3.889014915579458e-05
3.9428933379999997 3.747879131271367e-05
3.944244569 3.84669430845552e-05
3.945595801 3.730024557038819e-05
3.946947032 3.5056325394547974e-05
3.948298264 3.75641799294376e-05
3.949649495 3.672320260544421e-05
3.9510007270000003 3.467686914154947e-05
3.9523519580000004 3.752470162866727e-05
3.95370319 4.3774046368088044e-05
3.955054421 4.674390558825205e-05
3.956405652 4.7866620643506375e-05
3.9577568839999997 4.866134027202538e-05
3.959108115 4.1269074948615694e-05
3.960459347 3.835618324982563e-05
3.961810578 4.2602043244059066e-05
3.96316181 4.3113515130563855e-05
3.964513041 4.301804675085988e-05
3.965864273 4.629809066861859e-05
3.967215504 4.929035135306128e-05
3.968566735 4.659239580410278e-05
3.9699179669999998 4.5796327772962594e-05
3.971269198 4.872009103864373e-05
3.97262043 4.6601735621250474e-05
3.973971661 4.96680216327521e-05
3.975322893 5.441407208169074e-05
3.976674124 5.4240752145481764e-05
3.978025355 5.221646227587697e-05
3.9793765870000004 5.269857296238329e-05
3.9807278179999996 5.331647394220052e-05
3.98207905 5.074797124297318e-05
3.983430281 5.3096596398534455e-05
3.9847815129999997 5.480695832132197e-05
3.986132744 5.3974424161337234e-05
3.987483976 5.640018289182317e-05
3.988835207 5.86147343506203e-05
3.9901864380000003 5.7111895071704453e-05
3.99153767 5.472520125106969e-05
3.9928889009999997 5.6502097690665137e-05
3.994240133 5.625286685061772e-05
3.995591364 5.284469028161897e-05
3.996942596 5.241302296919475e-05
3.998293827 5.175982108708403e-05
3.999645058 5.145628812445038e-05
4.00099629 5.173203703813028e-05
4.002347521 5.0257388934501335e-05
4.003698753 4.539260333650899e-05
4.005049984 4.3090894162600844e-05
4.006401216 4.407150629039742e-05
4.007752447 4.4913371907215475e-05
4.009103679 5.0124453489664064e-05
4.01045491 5.549340885240192e-05
4.011806141 5.591616601804547e-05
4.013157373 5.3222285994535894e-05
4.014508604 5.4688571502649806e-05
4.015859836 5.4377788542730744e-05
4.017211067 4.743542405518625e-05
4.018562299 4.5667264347537114e-05
4.01991353 4.474928248563243e-05
4.021264761 4.1899422204203713e-05
4.022615993 3.9970967298273894e-05
4.023967224 4.256916433948862e-05
4.025318456 4.437056479169746e-05
4.026669687 4.229965522929742e-05
4.028020919 4.223448782016975e-05
4.02937215 4.054884264691877e-05
4.030723382 3.9536258679474626e-05
4.032074613 4.128302578752146e-05
4.033425844 4.4065666076848746e-05
4.034777076 4.1894442905158914e-05
4.036128307 4.15537929272339e-05
4.037479539 4.7987594421796094e-05
4.03883077 5.169365353455296e-05
4.040182002 5.25032324772124e-05
4.041533233 5.154330341793045e-05
4.042884465 4.9214381895181426e-05
4.044235696 4.603726964255681e-05
4.0455869269999996 4.964336622125825e-05
4.046938159 5.357686557904344e-05
4.04828939 5.217187139243451e-05
4.049640622 5.185877120248735e-05
4.050991853 5.3804221613394114e-05
4.052343085 5.503501268528593e-05
4.053694316 5.346446058496858e-05
4.055045547 5.5878784359479896e-05
4.056396779 5.577830728855224e-05
4.05774801 5.3185834857534985e-05
4.059099241999999 5.315333051358077e-05
4.0604504729999995 5.414115188447686e-05
4.061801705 5.180298023750775e-05
4.063152936 4.7776595172201025e-05
4.064504168 5.288393913986539e-05
4.065855399 5.71219577883241e-05
4.06720663 5.846827335620706e-05
4.0685578620000005 5.862510145494868e-05
4.069909093000001 5.764510602723255e-05
4.071260325 5.3981504051494944e-05
4.072611556 5.3286245514716695e-05
4.073962788 5.72329525530263e-05
4.075314019 5.711955442690023e-05
4.07666525 5.6059470176337466e-05
4.078016482 5.630884188964853e-05
4.079367713 5.666640528861035e-05
4.080718945 5.259005382713405e-05
4.082070176 5.2972759332889366e-05
4.083421408 5.536095253333023e-05
4.084772639 5.384000664786578e-05
4.086123871 5.1459052542332874e-05
4.087475102 5.114292260431737e-05
4.088826333 5.098162600744585e-05
4.090177565 4.6440588665700125e-05
4.091528796 4.7954190009819926e-05
4.092880028 5.123026538075703e-05
4.094231259 5.277635329588552e-05
4.095582491 5.2896597793262946e-05
4.096933722 5.5899498801639486e-05
4.098284953 5.636899950939803e-05
4.0996361850000005 5.3814704763109664e-05
4.100987416 5.530810770940964e-05
4.102338648 5.819253113312068e-05
4.103689878999999 5.93227286227159e-05
4.105041110999999 5.840132948262439e-05
4.106392342 6.032531347584588e-05
4.107743574 5.843341319090219e-05
4.109094805 5.604882028649812e-05
4.110446036 5.599184526997074e-05
4.111797268 5.7589942989755496e-05
4.113148499 5.613271853165372e-05
4.1144997309999995 5.5155529517683684e-05
4.115850962000001 5.603285408231637e-05
4.117202194000001 5.32697133244632e-05
4.118553425 4.9580171734194034e-05
4.119904657 4.85584494335338e-05
4.121255887999999 5.1623803162347634e-05
4.122607119 5.102480889323374e-05
4.123958351000001 5.285908776166053e-05
4.125309582 5.634030910369487e-05
4.126660814 5.922067246455926e-05
4.128012045 5.914531509899314e-05
4.129363277 6.005462808211874e-05
4.130714508 5.843589259958787e-05
4.132065739 5.403595628172483e-05
4.133416971 5.170026940109544e-05
4.134768202 5.173084420543108e-05
4.136119434 5.016389750399521e-05
4.1374706649999995 4.5454900709101313e-05
4.138821897 4.773015818547223e-05
4.140173128000001 5.189546070303991e-05
4.14152436 5.459888908400031e-05
4.142875591 5.4137480980239104e-05
4.144226821999999 5.355702575621287e-05
4.145578054 4.979167581079152e-05
4.146929285000001 4.720566851940645e-05
4.148280517 4.775321940305577e-05
4.149631748 5.0281161930405176e-05
4.15098298 5.019283974984373e-05
4.152334211 5.126949428413972e-05
4.153685442 5.4727576812293994e-05
4.155036674 5.475112425085144e-05
4.156387905 5.16489206021243e-05
4.157739136999999 4.850154528253718e-05
4.159090368 4.8697611951048156e-05
4.1604416 4.677158466275309e-05
4.161792831 4.572480445701561e-05
4.163144063 4.592007688200085e-05
4.164495294 4.650033342672988e-05
4.165846525 4.5568041197064296e-05
4.167197757 4.8709157538189244e-05
4.1685489879999995 5.128882313100466e-05
4.169900220000001 5.065628880471379e-05
4.171251451 4.780955336585019e-05
4.172602683 4.79615302494502e-05
4.173953914 4.833379990067274e-05
4.1753051459999995 4.757251707264098e-05
4.1766563770000005 4.805207925425184e-05
4.178007608 4.957136556707722e-05
4.17935884 4.8165098059899716e-05
4.180710071 4.588515467134608e-05
4.182061303 4.8445494089943324e-05
4.183412534 5.145950256946358e-05
4.184763766 5.2066010761603596e-05
4.186114997 4.9901481067506796e-05
4.187466228 4.8663228144267006e-05
4.18881746 4.3962784707273495e-05
4.190168691 3.9924142049068986e-05
4.1915199229999995 3.9092402642305996e-05
4.1928711540000005 4.425435570087633e-05
4.194222386000001 4.5978344488380346e-05
4.195573617 4.6482596185573416e-05
4.196924849 4.610302573947409e-05
4.198276079999999 4.4196685092141466e-05
4.199627311 3.845605495338838e-05
4.200978543 3.8470845719064166e-05
4.202329774 4.222219174485663e-05
4.203681006 4.525607172680157e-05
4.205032237 4.36762227633598e-05
4.206383469 4.0557843316746044e-05
4.2077347 3.7525760821762535e-05
4.209085931 3.393693434729295e-05
4.210437163 3.180028662216877e-05
4.211788394 3.323603081963557e-05
4.213139626 3.535986484192704e-05
4.2144908569999995 3.4780359864430134e-05
4.215842089 3.610842918562491e-05
4.217193320000001 3.92448829380875e-05
4.218544552 4.327390462549659e-05
4.219895783 4.6242313234474093e-05
4.221247013999999 4.8949973630334e-05
4.2225982459999996 4.826760588720432e-05
4.223949477 4.4241695270568066e-05
4.225300709 4.0536833556624244e-05
4.22665194 4.2650107677750315e-05
4.228003171999999 4.232274221883129e-05
4.229354403 3.997173415183255e-05
4.2307056339999995 3.713978655416794e-05
4.232056866 3.7552848604261374e-05
4.233408097000001 3.517712752138861e-05
4.234759329 3.231198533365109e-05
4.23611056 3.0753458330782075e-05
4.237461792 3.157875291509078e-05
4.238813023 3.137926527843252e-05
4.240164255 3.326188952545643e-05
4.241515486 3.594245099993515e-05
4.242866717 3.778226194372303e-05
4.244217949 3.504746271706539e-05
4.24556918 3.3765186967414444e-05
4.246920412000001 3.328639593597541e-05
4.248271643 3.34324656067935e-05
4.249622875 3.3144877054284375e-05
4.250974105999999 3.664097670933257e-05
4.2523253379999995 3.710160772400767e-05
4.2536765690000005 3.349305711388432e-05
4.2550278 2.7880982691014205e-05
4.256379032 2.6546704676469845e-05
4.257730263 2.61832573987249e-05
4.259081495 2.6183012241990123e-05
4.260432726 2.7381923166349515e-05
4.261783958 3.204821286959826e-05
4.263135189 3.241400219201767e-05
4.26448642 3.0774133785528195e-05
4.265837652 3.0104043715311354e-05
4.267188883 3.1593732080626345e-05
4.2685401149999995 2.9955479581963626e-05
4.2698913460000005 2.8029841873353486e-05
4.271242578000001 2.7330451055928286e-05
4.272593809 2.814753142058409e-05
4.273945041 2.589426728864073e-05
4.275296271999999 2.501210951410202e-05
4.276647503 2.6427544884262797e-05
4.277998735 2.7696740229057243e-05
4.279349966 2.488457847541116e-05
4.280701198 2.2714796598716386e-05
4.282052429 2.3112049833849993e-05
4.283403661 2.4602043053074024e-05
4.284754892 2.4962009439938224e-05
4.286106123 2.6890772080692018e-05
4.287457355 2.8609433557327623e-05
4.288808586 2.8875151379751342e-05
4.290159818 2.7082816715139453e-05
4.2915110489999995 2.6251685916393104e-05
4.292862281 2.3301462476514793e-05
4.294213512000001 1.9195010453677114e-05
4.295564744 1.802833185026213e-05
4.296915975 2.1284276472889394e-05
4.298267206 2.419344454868502e-05
4.299618438 2.3946880572540816e-05
4.300969669 2.1871871314761526e-05
4.302320901 2.2310744261900595e-05
4.303672132 2.2060730602654647e-05
4.305023363999999 2.062726367238132e-05
4.306374595 2.049881255244272e-05
4.3077258259999995 2.4159136546130153e-05
4.309077058 2.6918739609983577e-05
4.310428289000001 2.9922106604159042e-05
4.311779521 3.31911187501032e-05
4.313130752 3.655413686258145e-05
4.314481984 3.309750755689979e-05
4.315833215 2.8911332856892973e-05
4.317184447 2.5122110740188345e-05
4.318535678 2.437141142360383e-05
4.319886909 2.105665012225324e-05
4.321238141 1.9315478150083516e-05
4.322589372 1.891419069136554e-05
4.323940604000001 2.3185306828198553e-05
4.325291835 2.517374753910595e-05
4.326643067 2.6507899174577148e-05
4.327994297999999 2.7661177575407647e-05
4.329345529999999 2.7197465014745887e-05
4.3306967610000004 2.0782148302477644e-05
4.332047992 1.663131904432062e-05
4.333399224 1.3832931005052832e-05
4.334750455 1.3778322447908737e-05
4.336101687 1.4537039948940723e-05
4.337452918 1.7367027386569434e-05
4.33880415 2.0339891977004458e-05
4.340155381 1.9965858862741658e-05
4.341506612 1.6562196041765454e-05
4.342857844 1.562640756016043e-05
4.344209075 1.6657517985056076e-05
4.3455603069999995 1.8669142091624837e-05
4.3469115380000005 2.0132387723978127e-05
4.34826277 2.2050467159456556e-05
4.349614001 2.38817753220945e-05
4.350965233 2.1975916341412995e-05
4.352316464 1.8586692326283757e-05
4.353667695 1.6946457985385466e-05
4.355018927 1.6568699558280564e-05
4.356370158 1.4605503898201333e-05
4.35772139 1.314863921724014e-05
4.359072621 1.3536980765851925e-05
4.360423853 1.5741791453858093e-05
4.361775084 1.583775084141331e-05
4.363126315000001 1.5130155733650877e-05
4.364477547000001 1.4157311548097464e-05
4.365828778 1.3504954442377752e-05
4.36718001 1.1693732307053814e-05
4.3685312409999995 1.2512936671102202e-05
4.369882473 1.1440156999327654e-05
4.371233704 1.3598329002683047e-05
4.372584936 1.4747518543681846e-05
4.373936167 1.4862185560035542e-05
4.375287398 1.4294156054580637e-05
4.37663863 1.4238329739627355e-05
4.377989861 1.4081860701650847e-05
4.379341093 1.441509699179743e-05
4.380692324 1.5372618661252223e-05
4.382043555999999 1.353338979401887e-05
4.383394787 1.2121743266930025e-05
4.3847460179999995 1.147530024817312e-05
4.38609725 1.2460466322080823e-05
4.387448481000001 1.4444258090245394e-05
4.388799713 1.6478255488673258e-05
4.390150944 1.8183838373229836e-05
4.391502176 1.8786764526723622e-05
4.392853407 1.6383418893314857e-05
4.394204639 1.2803673262466742e-05
4.39555587 9.168600305797316e-06
4.396907101 8.979483877332337e-06
4.398258332999999 9.857138399091091e-06
4.399609564 1.1471649390646043e-05
4.400960796000001 1.303727125548714e-05
4.402312027 1.3738435966148429e-05
4.403663259 1.3107910318236283e-05
4.405014489999999 1.1486293250171055e-05
4.406365721999999 1.079570063480941e-05
4.407716953 1.1408794784852554e-05
4.409068184 1.2003141019785993e-05
4.410419416 1.1381321030927704e-05
4.411770647 1.0505170998772066e-05
4.413121879 9.899027999918339e-06
4.41447311 9.219193028203477e-06
4.415824342 7.335587469388656e-06
4.417175573000001 7.122769523468896e-06
4.418526804 8.213603668531857e-06
4.419878036 1.1396434716625999e-05
4.421229266999999 1.2382867583030805e-05
4.4225804989999995 1.211830652847895e-05
4.4239317300000005 1.0975409310721205e-05
4.425282962 9.636336737131913e-06
4.426634193 7.857640220772147e-06
4.427985425 6.390937621971852e-06
4.429336656 6.055267360822294e-06
4.430687887 5.44181465161169e-06
4.432039119 6.0363274412430485e-06
4.43339035 7.04433411193493e-06
4.434741582 8.055785835473005e-06
4.436092813 8.14304186742022e-06
4.437444045 7.947906486149617e-06
4.438795276 7.723032924742213e-06
4.440146507000001 7.4826160505415765e-06
4.441497739000001 6.551003087362203e-06
4.44284897 5.678527415916186e-06
4.444200202 6.775107696805513e-06
4.445551432999999 9.438603606056773e-06
4.446902665 1.2525670302955612e-05
4.448253896 1.2628681099695572e-05
4.449605128 9.116174062085206e-06
4.450956359 7.369006873084746e-06
4.45230759 7.386288434654574e-06
4.453658822 8.2620575824581e-06
4.455010053 9.294869501284906e-06
4.456361285 1.0281489972313292e-05
4.457712516 1.1191609911990634e-05
4.459063747999999 1.0830154505220399e-05
4.460414979 1.196490706737649e-05
4.4617662110000005 1.40834805571492e-05
4.463117442 1.4774626190686924e-05
4.464468673000001 1.324046722369188e-05
4.465819905 1.0549808563114128e-05
4.467171136 9.283934505252616e-06
4.468522368 9.683241145549862e-06
4.469873599 1.0267909000226485e-05
4.471224831000001 1.0098238856615441e-05
4.472576062 1.0915044856458703e-05
4.473927293 1.1111905217616091e-05
4.475278524999999 9.911540244590416e-06
4.476629756 7.28656915596623e-06
4.4779809880000006 7.949430122935136e-06
4.479332219 9.4381276734621e-06
4.480683451 1.1074321579439021e-05
4.482034682 1.2092996794267818e-05
4.483385914 1.2214080160709452e-05
4.484737145 1.2332847914344896e-05
4.486088376 1.0674359674418143e-05
4.487439608 1.106455571210956e-05
4.488790839 1.0531597816754853e-05
4.490142071 8.598643185571526e-06
4.491493302 8.130184735844233e-06
4.492844534 9.562879469318214e-06
4.494195765000001 1.0233834534476216e-05
4.495546996 1.1261303660500295e-05
4.496898228 1.204416258982536e-05
4.498249458999999 1.0844497254780832e-05
4.4996006909999995 1.0477005649648472e-05
4.5009519220000005 1.0560709174766604e-05
4.502303154 1.1073738753083359e-05
4.503654385 9.686618612038366e-06
4.505005617 9.093150221411354e-06
4.506356848 9.767468907512043e-06
4.507708079 1.143303247221146e-05
4.509059311 1.1966232940192626e-05
4.510410542 1.1548478807446765e-05
4.511761774 1.2323522634238257e-05
4.513113005 1.2982440706617245e-05
4.514464237 1.2805846688241544e-05
4.5158154679999996 1.0029931638843162e-05
4.517166699000001 8.685410983165037e-06
4.518517931 8.704399888447134e-06
4.519869162 1.0645622741572685e-05
4.521220394 1.2330133842620001e-05
4.522571624999999 1.3890680240880677e-05
4.523922857 1.6245968232843386e-05
4.525274088 1.627312970816665e-05
4.52662532 1.4061459869205207e-05
4.527976551 1.2426575708715432e-05
4.529327782 1.2141417467415837e-05
4.530679014 1.200823082304967e-05
4.532030245 1.2698105003377739e-05
4.533381477 1.5190466998550037e-05
4.534732708 1.860704532340883e-05
4.53608394 2.2206322841973787e-05
4.537435171 2.1266598549440534e-05
4.5387864030000005 1.998774464390551e-05
4.540137634 1.8687700344662355e-05
4.541488865 1.812561702974594e-05
4.542840097 1.5139419922882406e-05
4.544191328 1.2297236485389098e-05
4.5455425599999995 1.1406312345574947e-05
4.5468937910000005 1.1836632693274724e-05
4.548245023000001 1.153194030828259e-05
4.549596254 9.311574962023751e-06
4.550947485 8.091707116027242e-06
4.552298716999999 7.450149638107056e-06
4.553649948 7.636325443416566e-06
4.5550011800000005 6.465795589086777e-06
4.556352411 7.024392930544068e-06
4.557703643 9.281909966464545e-06
4.559054874 1.1670399870057474e-05
4.560406106 1.2684528568539224e-05
4.561757337 1.0883421512097388e-05
4.563108568 1.1435746105294936e-05
4.5644598 1.1967724119494514e-05
4.565811031 1.1999564404132007e-05
4.567162263 9.594617485157553e-06
4.568513493999999 1.0050365409627868e-05
4.569864726 1.4045321257097595e-05
4.571215957000001 1.4799048563120043e-05
4.572567188 1.1639268285798813e-05
4.57391842 8.740004775840013e-06
4.575269650999999 8.014655555109376e-06
4.5766208829999995 6.679181008268803e-06
4.5779721140000005 6.6955313668011536e-06
4.579323346 6.655417994270925e-06
4.580674577 6.873745983301287e-06
4.582025809 9.867292965312968e-06
4.58337704 7.836742684458652e-06
4.584728271 5.727845015679981e-06
4.586079503 4.695207219205117e-06
4.587430734 4.407607438786878e-06
4.588781966 5.30810229447512e-06
4.590133197 4.740766793704436e-06
4.591484429 3.906214127648805e-06
4.5928356599999995 5.775266823880615e-06
4.5941868910000005 7.421043751124814e-06
4.595538123 5.7586631060779e-06
4.596889354 4.4702531466994e-06
4.598240586 4.964869331080454e-06
4.599591817 3.751570014703813e-06
4.6009430490000005 3.1572221071708735e-06
4.60229428 2.4367527171966506e-06
4.603645512 2.726929285591315e-06
4.604996743 2.834415213289698e-06
4.606347974 4.162423144203118e-06
4.607699206 3.252681153845415e-06
4.609050437 2.81917143887073e-06
4.610401669 2.9716132057052045e-06
4.611752900000001 3.6773470928669053e-06
4.613104132 3.711117960707551e-06
4.614455363 2.6473062834638743e-06
4.6158065950000005 2.450004382935644e-06
4.617157826 2.649445216510081e-06
4.618509057 5.3270769034990625e-06
4.619860289 6.619026934338575e-06
4.62121152 4.415228101253465e-06
4.622562751999999 4.482493525955332e-06
4.6239139830000004 4.832031198037883e-06
4.625265215000001 5.191580281944856e-06
4.626616446 4.918140491051123e-06
4.627967677 6.818601729517615e-06
4.629318908999999 1.1264123755569944e-05
4.63067014 1.2607741001507146e-05
4.6320213720000005 1.2152209450824299e-05
4.633372603 1.1111715622551496e-05
4.634723835 1.12822059214477e-05
4.636075066 1.05422964631306e-05
4.637426298 9.424483367260006e-06
4.638777529 8.721027168091673e-06
4.64012876 9.25865250246872e-06
4.641479992 1.1090814594577483e-05
4.642831223 9.26395707199099e-06
4.644182455 7.3011303631943835e-06
4.645533685999999 8.4760046241971e-06
4.646884918 1.0350842020045332e-05
4.648236149000001 1.1090100459888904e-05
4.64958738 1.076375541148489e-05
4.650938612 1.1668311810962913e-05
4.652289842999999 1.1296419357134858e-05
4.6536410749999995 1.00110569712422e-05
4.6549923060000005 6.538831380714757e-06
4.656343538 6.769180673659247e-06
4.657694769 8.078863707720788e-06
4.659046001 9.161312929046676e-06
4.660397232 1.0714520785202929e-05
4.661748463 9.02395271164442e-06
4.663099695 7.968219921922713e-06
4.664450926000001 8.106564293518788e-06
4.665802158 7.59989727525732e-06
4.667153389 7.5495145203671986e-06
4.668504621 6.345959483006573e-06
4.6698558519999995 7.02288764130531e-06
4.6712070830000005 8.602331949757846e-06
4.672558315 1.0444409516218311e-05
4.673909546 1.151142715236327e-05
4.675260778 1.2788403307543019e-05
4.676612009 1.4231613148707828e-05
4.6779632410000005 1.4443735370117849e-05
4.679314472 1.3799875665205146e-05
4.680665704 1.129429366086108e-05
4.682016935 9.734327648902637e-06
4.683368166 9.468325889993248e-06
4.684719398 9.047370974745472e-06
4.686070629 7.964290076526058e-06
4.687421861 7.977727156087602e-06
4.688773092 8.507925618247802e-06
4.690124324 8.060729594078973e-06
4.691475555 6.302711356539784e-06
4.6928267869999996 5.086701218362046e-06
4.694178018 4.087130492677955e-06
4.695529249 3.7368802217707444e-06
4.696880481 5.707575213327578e-06
4.698231712 6.180880674335765e-06
4.699582943999999 6.963702785257948e-06
4.700934175 6.690246950230676e-06
4.702285407000001 8.900025511739e-06
4.703636638 9.642091785657183e-06
4.704987869 9.616679173426482e-06
4.706339100999999 9.79595138133347e-06
4.707690332 8.414445598724661e-06
4.7090415640000005 6.644716193208359e-06
4.710392795 1.5816531396705759e-06
4.711744027 8.845582947688144e-07
4.713095258 5.197101328128243e-07
4.71444649 7.082670642558182e-07
4.7157977209999995 1.2181174521729877e-06
4.717148952 1.5298840503089512e-06
4.718500184000001 2.530194179742289e-06
4.719851415 4.921022905630018e-06
4.721202647 4.830009549753616e-06
4.722553877999999 2.244192145367921e-06
4.72390511 1.3011044818483596e-06
4.725256341000001 1.285873104243033e-06
4.726607572 1.4333447931081105e-06
4.727958804 2.0161807112461803e-06
4.729310035 2.284432232617514e-06
4.730661267 2.699985576572884e-06
4.7320124980000005 3.5439896221291087e-06
4.73336373 3.971658119743e-06
4.734714961 4.005667603128219e-06
4.736066193 3.607018850883699e-06
4.737417424 3.876295997806922e-06
4.738768654999999 4.497179664036911e-06
4.740119887 3.179072434917574e-06
4.741471118000001 3.0442954368698124e-06
4.74282235 4.734730599759708e-06
4.744173581 7.023128017432949e-06
4.745524813 9.661372558783673e-06
4.7468760439999995 8.11976372750757e-06
4.748227276 6.539889156302332e-06
4.749578507 5.130426511547495e-06
4.750929738 4.764787840624647e-06
4.75228097 5.4266360149450536e-06
4.753632201 4.883734710846166e-06
4.7549834330000005 3.3342045548828557e-06
4.756334664 4.134351015045223e-06
4.757685896 4.317861377646947e-06
4.759037127 4.636689597270616e-06
4.760388358 3.1981564834125236e-06
4.76173959 2.206781246414746e-06
4.763090821 1.4994343931657766e-06
4.764442053 8.972332509829494e-07
4.765793284 1.201412510177579e-06
4.767144516 1.102662558758375e-06
4.768495747 4.686033696343741e-08
4.7698469789999995 6.223848895873262e-09
4.77119821 2.631177143320029e-08
4.772549441 2.1662886084039668e-07
4.773900673 2.1484232942902223e-06
4.775251904 2.575015429397267e-06
4.776603135999999 1.9163593084587515e-06
4.777954367 6.718941112772137e-07
4.779305599000001 4.882360438393198e-08
4.78065683 5.292823453990932e-09
4.782008061000001 5.289894884474741e-09
4.783359293 5.286984125683622e-09
4.784710524 5.284086398111114e-09
4.7860617560000005 5.281202008340952e-09
4.787412987 6.95880240892995e-09
4.788764219 2.556440001116451e-07
4.79011545 1.4493920735187194e-06
4.791466682 7.915139920590252e-07
4.7928179129999995 3.20492380788008e-08
4.7941691440000005 5.264264568695636e-09
4.795520376000001 5.261496502904951e-09
4.796871607 5.2587368606388105e-09
4.798222839 5.255987173103687e-09
4.799574069999999 1.2168918832304721e-07
4.800925302 1.8417283952227092e-06
4.802276533000001 3.1032386525523754e-06
4.803627764 2.2216526329753592e-06
4.804978996 2.4733145210872323e-06
4.806330227 2.797468355927077e-06
4.807681459 3.2062710911440117e-06
4.80903269 3.7614619177707828e-06
4.810383922 3.123440196119021e-06
4.811735153 1.7021561852077043e-06
4.813086384999999 2.535150823947536e-08
4.814437616 5.229410458282394e-09
4.815788846999999 5.226661353743878e-09
4.817140079 5.22391243318275e-09
4.818491310000001 6.281704058277539e-09
4.819842542 2.3435938630103838e-07
4.821193773 3.1269353742789236e-06
4.822545005 4.727898917238154e-06
4.8238962359999995 4.1113085704999395e-06
4.825247468 3.012620029790327e-06
4.826598699 1.6374193743275304e-06
4.82794993 1.9223484311804515e-07
4.829301162 7.2106926797615544e-09
4.830652393 5.197087358600046e-09
4.8320036250000005 5.194345435128633e-09
4.833354856 5.1915957786181716e-09
4.834706088 5.188837602336191e-09
4.836057318999999 5.186070354278127e-09
4.83740855 5.183293292604804e-09
4.838759782 7.256304408908132e-09
4.840111013 2.1613901893063472e-07
4.841462245 1.8256020818494118e-06
4.842813476 3.2386235105310703e-06
4.844164708 4.153399289964636e-06
4.845515939 4.687072602477015e-06
4.8468671709999995 4.189800566158655e-06
4.8482184020000005 2.6359258374643423e-06
4.849569633 1.0535638503874791e-06
4.850920865 5.4821520852613086e-08
4.852272096 5.6271703004404706e-09
4.853623327999999 5.3300605599219607e-08
4.854974559 9.830817368114407e-08
4.856325791000001 7.610268679745617e-09
4.857677022 5.140568590711634e-09
4.859028253 5.341553696677688e-09
4.860379485 8.483154509843643e-08
4.861730716 2.6525722878553585e-07
4.863081948 9.601720623454078e-09
4.864433179 5.125788498587649e-09
4.865784411 5.122764092588628e-09
4.867135642 6.611632115752992e-08
4.868486874 9.581211586644966e-07
4.8698381049999995 1.346737395350755e-06
4.8711893360000005 8.859740147689894e-07
4.872540568000001 1.7613021930381457e-06
4.873891799 1.3042921805226921e-06
4.875243031 4.4539777503681007e-07
4.876594261999999 1.4284057112894411e-08
4.8779454939999995 5.099688990817801e-09
4.879296725000001 5.09430770876818e-09
4.880647956 5.088851303281816e-09
4.881999188 5.922561257317826e-09
4.883350419 1.4565605865435552e-07
4.884701651 1.958104991697107e-06
4.8860528819999995 3.2055353641941273e-06
4.887404114 3.9551890734522185e-06
4.888755345 4.309531212431297e-06
4.890106576999999 4.074219132964682e-06
4.891457808 3.865643648461301e-06
4.892809038999999 3.9636635867830655e-06
4.894160271 3.9224218202076695e-06
4.895511502000001 2.694015494999936e-06
4.896862734 9.114112481438569e-08
4.898213965 5.016279231783829e-09
4.899565197 5.0105321905171766e-09
4.900916428 5.004756584417988e-09
4.902267660000001 4.99895417997896e-09
4.903618891 4.993130467070738e-09
4.904970122 4.987286248061599e-09
4.906321354 4.981418740083368e-09
4.907672585 4.9755306306682385e-09
4.9090238170000005 4.969622058601254e-09
4.910375048 2.056683529968513e-08
4.91172628 1.0409101503635885e-06
4.913077511 1.9637100249785635e-06
4.914428742 1.1900347643464002e-06
4.915779974 2.2517000341011056e-08
4.917131205 4.933848702865766e-09
4.918482437 4.9278166910784185e-09
4.919833668 4.921765577983177e-09
4.9211849 4.91565029567118e-09
4.922536131 4.909508953562226e-09
4.9238873629999995 4.903349229701412e-09
4.9252385940000005 4.897169501737447e-09
4.926589825 4.89097099177144e-09
4.927941057 4.8847547891538175e-09
4.929292288 4.8785189740720385e-09
4.930643519999999 4.8722598390861565e-09
4.931994751 4.865977519952659e-09
4.933345983000001 4.859676123201911e-09
4.934697214 4.853358327643394e-09
4.936048445 4.84702409602963e-09
4.937399677 4.840672036125573e-09
4.938750908 4.834304441938102e-09
4.94010214 4.8279237227245845e-09
4.941453371 4.8239444075908276e-09
4.942804603 4.820433702984739e-09
4.944155834 4.814033423650145e-09
4.945507066 1.850804696368788e-08
4.9468582969999995 7.409104774878524e-07
4.9482095280000005 5.7774440538933275e-08
4.949560760000001 4.788285754295412e-09
4.950911991 4.781821006837483e-09
4.952263223 4.775345394954478e-09
4.953614453999999 4.768856928970762e-09
4.9549656859999995 4.762356294404444e-09
4.9563169170000005 4.7558424233450005e-09
4.957668148 4.74931685384012e-09
4.95901938 4.742779920055777e-09
4.960370611 4.736229258828286e-09
4.961721843 7.1192950231078526e-09
4.9630730739999995 7.05670258812671e-08
4.964424306 3.803165552696763e-07
4.965775537000001 9.089264393437424e-07
4.967126769 1.3779714492222198e-06
4.968478 2.4910511447718422e-06
4.969829230999999 1.2541628111465954e-06
4.971180463 1.0127251417491103e-06
4.972531694000001 1.2563531853295135e-06
4.973882926 1.9347853689728215e-06
4.975234157 3.222104015822757e-06
4.976585389 3.277921172339339e-06
4.97793662 2.885734174471644e-06
4.979287852000001 2.2089133426860446e-06
4.980639083 1.7988281993191482e-06
4.981990314 1.8282954672476471e-06
4.983341545999999 2.394889413769182e-06
4.984692777 2.4090922067795763e-06
4.986044009 2.7215668333675286e-06
4.98739524 3.3683460759843255e-06
4.988746472 1.3308259621370078e-06
4.990097703 6.919206184226319e-07
4.991448934 4.5624329630873425e-07
4.992800166 4.817525014185967e-07
4.9941513969999995 1.0611048484134695e-06
4.995502629 1.0732941339575796e-06
4.99685386 1.5855727376888538e-06
4.998205092 5.271811082766219e-07
4.999556323 1.1241604471104995e-07
5.0009075549999995 2.2109561003586763e-07
5.0022587860000005 8.680666815846296e-07
5.003610017 1.1663522182043152e-06
5.004961249 3.161504326440672e-07
5.006312479999999 1.1735147141074051e-08
5.007663711999999 4.507310981508012e-09
5.009014943 4.506126865846813e-09
5.010366175 1.0391670345567346e-08
5.011717406 4.9584852774334514e-08
5.013068637 1.7687757798392901e-07
5.014419869 5.324569175265436e-07
5.0157711 9.21038958228093e-07
5.017122332 1.2831754096562014e-06
5.018473563 1.399280680036979e-06
5.019824795000001 1.4751404751017766e-06
5.021176026 1.5297364800230314e-06
5.022527258 1.0550887617429515e-06
5.0238784889999994 1.3554003586020227e-06
5.0252297200000005 4.0236656925328505e-08
5.026580952000001 4.4261663493617924e-09
5.027932183 4.419956695497376e-09
5.029283415 4.4137376865378256e-09
5.030634646 4.407509639205088e-09
5.031985878 4.401272557673891e-09
5.033337109 4.39502544876438e-09
5.034688341 4.388768918780104e-09
5.036039572 4.575011418860784e-09
5.037390803 2.8484996744460853e-08
5.038742035 2.6355153590969423e-07
5.0400932659999995 6.858055541332713e-07
5.041444498 1.383718200093495e-06
5.042795729000001 2.092164690811078e-06
5.044146961 2.013396158525808e-06
5.045498192 1.5551701108119081e-06
5.046849422999999 7.536530908121939e-08
5.048200655 4.48349289136314e-09
5.049551886000001 4.319245458983157e-09
5.050903118 4.3128537219405836e-09
5.052254349 4.306447738974347e-09
5.053605581 4.300028722482677e-09
5.054956812 4.293596877161895e-09
5.056308044000001 4.287150370006038e-09
5.057659275 4.280690225838549e-09
5.059010506 4.274216336523774e-09
5.060361737999999 4.2677265750082386e-09
5.061712969 2.720102114497579e-08
5.063064201 6.223126501072497e-07
5.064415432 8.881760168523472e-07
5.065766664 5.750006631963723e-07
5.067117895 1.737075293404825e-08
5.068469126 4.233890320905359e-09
5.069820358 4.228620193627965e-09
5.0711715889999995 4.223328443855455e-09
5.072522821 4.21801463243751e-09
5.073874052 4.212679856205312e-09
5.075225284 4.2073218953988435e-09
5.076576515 4.2019412180320605e-09
5.0779277469999995 4.2007750531499006e-09
5.0792789780000005 4.195671635994072e-09
5.080630209 4.1902149433933875e-09
5.081981441 4.1847352628088636e-09
5.083332671999999 4.179229057988458e-09
5.084683904 4.173698990449114e-09
5.086035135 4.168144601314524e-09
5.087386367 4.162562650772421e-09
5.088737598 4.156956057605953e-09
5.090088829 4.151323569516209e-09
5.091440061 4.1456629443980695e-09
5.092791292 4.13997673359765e-09
5.094142524 4.134263013778999e-09
5.095493755000001 4.1285206974600215e-09
5.096844987000001 4.122751881108055e-09
5.098196218 4.116953937205394e-09
5.09954745 4.111127028124927e-09
