Wavelength_microns Throughput
2.0004663860000003 3.3890803209524866e-15
2.002074478 2.9962547111050536e-16
2.00368257 1.0565989556480144e-16
2.005290662 4.737409507364285e-16
2.006898754 3.2889592202337815e-15
2.008506846 3.79126074330117e-15
2.010114938 5.0313091641702014e-15
2.01172303 8.9044632196533e-15
2.013331122 1.505622232324004e-14
2.014939214 2.3272905136543204e-14
2.016547306 3.1512183475029414e-14
2.018155398 3.69453916016117e-14
2.01976349 4.0789812593629467e-14
2.021371582 4.329042458681828e-14
2.022979674 4.3481571630665506e-14
2.0245877660000002 4.109321011033884e-14
2.026195858 4.024198062866559e-14
2.027803949 4.009351394230515e-14
2.029412041 3.8752296876193414e-14
2.031020133 3.68219178708072e-14
2.032628225 3.550384872235626e-14
2.034236317 3.4123011206945104e-14
2.035844409 3.3124147574867295e-14
2.037452501 3.218758040080792e-14
2.039060593 2.847990286676759e-14
2.040668685 2.4413861753934397e-14
2.042276777 1.8422872622340635e-14
2.0438848689999998 1.323839886802622e-14
2.045492961 6.99729189184122e-15
2.047101053 3.29884959512878e-15
2.0487091449999997 2.297466545580392e-15
2.0503172370000002 1.9017547287223263e-15
2.0519253290000004 4.421152427079168e-16
2.053533421 1.2344575331838411e-16
2.055141513 1.2344943431407286e-16
2.056749605 3.439509297039482e-16
2.058357697 4.975849333857506e-16
2.059965788 4.022342719034246e-16
2.06157388 2.225033544814069e-16
2.0631819719999998 1.1081219694274582e-16
2.064790064 1.6118246728111492e-16
2.066398156 6.112385815922363e-16
2.068006248 2.3242285884932564e-16
2.06961434 7.972077991298982e-18
2.071222432 1.0085998395525265e-17
2.072830524 4.563805083254589e-16
2.074438616 1.7196493942525022e-15
2.076046708 5.08733309636466e-16
2.0776548 4.2656481680983767e-16
2.079262892 1.4083038251966624e-15
2.080870984 3.439749711722088e-15
2.0824790760000003 2.8365353635265e-15
2.084087168 2.4355360655006214e-15
2.08569526 2.4812682304173383e-15
2.0873033519999997 3.23773214761356e-15
2.088911444 5.62792776045373e-15
2.090519536 8.072673264741703e-15
2.092127627 2.2120314023941525e-15
2.0937357189999997 1.1409107793933118e-15
2.0953438110000002 3.2624320245842806e-15
2.0969519030000003 1.2825117784592244e-14
2.098559995 7.0530141211073e-15
2.100168087 4.3495621975288325e-15
2.101776179 7.092432371370336e-15
2.103384271 1.874859408788452e-14
2.104992363 2.2898747161274093e-14
2.1066004549999997 2.0875614459056275e-14
2.1082085470000003 2.2030256314116388e-14
2.109816639 2.5878154617266263e-14
2.111424731 3.190015123708643e-14
2.113032823 3.563653940863743e-14
2.114640915 2.0842999367697565e-14
2.116249007 5.670320502998133e-15
2.1178570989999996 3.70979599429066e-15
2.1194651909999997 1.4953555250265863e-14
2.1210732830000003 1.0214987767155792e-13
2.122681375 2.8338499940065102e-15
2.124289466 7.735861471872615e-17
2.125897558 7.187318149351768e-16
2.1275056500000002 2.0568981038823702e-14
2.129113742 3.044641776006758e-14
2.130721834 1.8975374891075987e-14
2.1323299259999997 2.0330672655524113e-14
2.133938018 3.627552669946847e-14
2.1355461100000004 6.529970734572764e-14
2.137154202 6.262960974290377e-14
2.138762294 5.354461309139757e-14
2.140370386 2.8904658710554176e-14
2.141978478 1.851044245752293e-14
2.14358657 2.5886823837195626e-14
2.1451946619999998 4.51889939352277e-14
2.146802754 1.7680325390064062e-14
2.1484108460000004 6.313201407753339e-15
2.150018938 6.101367875460755e-15
2.15162703 1.4466920531546897e-14
2.153235122 1.3004814408004514e-14
2.154843214 4.908764616219854e-16
2.156451305 4.0949903848110234e-17
2.158059397 9.85504537385414e-16
2.159667489 2.5727694532207092e-14
2.161275581 2.717782519260713e-14
2.1628836729999996 1.9530950817383814e-14
2.164491765 8.279445567295606e-15
2.1660998570000003 3.366291583292345e-15
2.167707949 2.9101282954335987e-15
2.169316041 7.553193626158135e-15
2.170924133 1.7018524942020368e-14
2.172532225 8.610359686634164e-16
2.174140317 4.510454615003011e-17
2.1757484089999997 6.524514220237907e-16
2.177356501 1.8187039531180834e-14
2.1789645930000003 7.53554999243493e-15
2.180572685 2.9401234437506335e-16
2.182180777 1.237998370824651e-16
2.183788869 3.0102866183540225e-15
2.185396961 5.296040161574441e-14
2.187005053 3.79514910835029e-14
2.1886131449999997 3.46798683952417e-14
2.1902212359999997 3.3930578695557975e-14
2.191829328 3.6828735075839005e-14
2.1934374200000004 5.34663941056443e-14
2.195045512 6.367373736087299e-14
2.196653604 4.0824631276528913e-14
2.198261696 1.981192335420616e-15
2.199869788 9.789196687832801e-17
2.20147788 1.3125636497336308e-15
2.203085972 3.7221342482393993e-14
2.204694064 2.6457475623477408e-14
2.206302156 1.1203472928820393e-15
2.207910248 2.207141402743571e-16
2.2095183400000002 5.430463575458607e-15
2.211126432 1.3417034740164374e-13
2.212734524 1.2608866059448462e-14
2.2143426159999997 6.615423583088213e-16
2.215950708 3.9925968169761995e-16
2.2175588 4.016580959981506e-15
2.219166892 3.859139586026913e-14
2.220774984 9.399930216179473e-14
2.222383075 2.6013794855883516e-13
2.2239911670000003 1.985869488486998e-13
2.225599259 1.3695119893149992e-13
2.227207351 1.5297596253359834e-13
2.228815443 3.097228475526987e-13
2.230423535 8.635047702978959e-13
2.232031627 1.536707106575814e-13
2.2336397189999997 4.7948624488944795e-14
2.2352478110000003 9.39689672237416e-14
2.236855903 4.399205808811465e-13
2.238463995 9.467456280768593e-13
2.240072087 2.766095239677182e-13
2.241680179 1.1721020475846273e-13
2.243288271 1.0356769101786953e-13
2.2448963629999996 1.4716953923250662e-13
2.2465044549999997 2.1265519889648644e-13
2.2481125470000003 2.047939767027755e-13
2.249720639 1.7698501962913758e-13
2.251328731 2.7956384493447478e-14
2.252936823 1.6158616274215864e-13
2.2545449140000002 5.410106061762562e-13
2.256153006 1.0852960540828062e-12
2.257761098 2.006994912966607e-12
2.2593691899999997 4.420989712358665e-13
2.260977282 1.4509367746029206e-13
2.262585374 4.1175605837357206e-13
2.264193466 2.2787624049099717e-12
2.265801558 3.0106502227716688e-12
2.2674096500000003 1.4858290693079135e-13
2.269017742 8.008478023107104e-15
2.270625834 5.083328201921179e-14
2.2722339259999997 8.011439531572948e-13
2.273842018 2.1306921311413395e-12
2.2754501100000004 9.769293561783968e-13
2.277058202 6.038214917285135e-13
2.278666294 7.938286347530001e-14
2.280274386 1.3763434156757521e-14
2.281882478 2.859074704947377e-14
2.28349057 4.4889392176737126e-13
2.285098662 7.367008924272277e-12
2.286706753 2.9675018770843997e-12
2.288314845 3.845698508161018e-12
2.2899229369999996 1.2868811156423403e-12
2.291531029 7.069819440592649e-13
2.2931391210000003 1.3856931222959125e-11
2.294747213 1.0139031585558186e-12
2.296355305 1.5428543141966485e-12
2.297963397 6.5147107685764084e-12
2.299571489 4.163161319202923e-12
2.301179581 9.1378838214836e-12
2.3027876729999996 4.5213660517595096e-12
2.304395765 7.193533318720529e-12
2.3060038570000003 1.0324338167722685e-11
2.307611949 9.418164121396728e-12
2.309220041 8.643902566987252e-12
2.310828133 1.2909199414037697e-12
2.312436225 2.043370305611965e-12
2.314044317 6.827710058017858e-12
2.3156524089999997 1.554970134387168e-12
2.3172605010000003 1.6554481789649802e-11
2.318868592 6.578443705606861e-12
2.3204766840000004 7.606231077696189e-12
2.322084776 6.682344260596707e-11
2.323692868 6.436040098631583e-12
2.32530096 3.2011131340987444e-11
2.326909052 2.8961279325401874e-11
2.328517144 1.4353717726210612e-11
2.3301252359999998 2.643599897211616e-10
2.331733328 1.7352523700415224e-10
2.33334142 1.445018752262862e-10
2.334949512 1.212768251682458e-10
2.3365576040000002 9.875084905207287e-11
2.338165696 1.179492430860732e-10
2.339773788 1.3810618365725262e-10
2.3413818799999997 1.3740703593205178e-10
2.342989972 1.0628111124058197e-10
2.344598064 9.540747046086788e-12
2.346206156 9.561981581281463e-13
2.347814248 9.902309280296538e-13
2.3494223400000003 1.2970715883004651e-11
2.3510304310000003 1.8975648583384578e-10
2.352638523 3.095578868041086e-11
2.354246615 2.2760403815911487e-12
2.3558547069999998 6.131238851123562e-13
2.357462799 8.313096227183855e-12
2.359070891 1.2119460745009149e-10
2.3606789829999997 1.0603975470474663e-10
2.3622870750000002 7.789473234515873e-12
2.363895167 6.187512292387106e-13
2.365503259 3.9400964363811034e-12
2.367111351 5.201571174977227e-11
2.368719443 3.536564167747981e-10
2.370327535 2.536748307726396e-10
2.371935627 3.05460058980948e-10
2.3735437189999997 1.9095028378358508e-10
2.3751518110000003 6.792940468346231e-11
2.376759903 2.7048493436628568e-11
2.378367995 4.824789829944092e-11
2.379976087 1.4011220976962337e-10
2.381584179 4.1992642787846917e-10
2.383192271 2.7262770966689758e-11
2.384800362 1.9126297792579396e-12
2.3864084539999997 9.805416163157445e-13
2.388016546 1.1857747986631594e-11
2.389624638 1.659237837304937e-10
2.39123273 7.865218909031115e-11
2.392840822 5.635747550435526e-12
2.3944489140000003 5.351077835950636e-13
2.396057006 2.9128102195735135e-12
2.397665098 2.5302834552858797e-11
2.3992731899999997 1.1805955213735267e-10
2.400881282 1.3120698296823964e-11
2.4024893740000004 1.558623321195284e-12
2.404097466 6.298841669058857e-13
2.405705558 2.847652183852067e-12
2.40731365 1.982645695778573e-11
2.408921742 6.189078374593392e-11
2.410529834 1.245433397813538e-10
2.4121379259999998 3.7750228602278167e-10
2.413746018 5.836524668986275e-11
2.41535411 4.842923969096281e-12
2.416962201 5.360827371624986e-13
2.418570293 7.743871772460797e-12
2.4201783850000003 1.1140667287473406e-10
2.421786477 4.1357878048288367e-10
2.423394569 2.8798805021338845e-11
2.425002661 2.0104495057555638e-12
2.426610753 1.1761914209917407e-12
2.428218845 1.6007354521720838e-11
2.4298269369999996 2.4591971752891673e-10
2.431435029 1.2510327548673848e-10
2.4330431210000003 8.162931643672408e-12
2.434651213 6.673369991144579e-13
2.436259305 1.3337047911155596e-12
2.4378673969999998 7.55597636735609e-12
2.439475489 4.9210195097578355e-11
2.441083581 8.465557012053542e-11
2.4426916729999997 1.6749833698338898e-10
2.4442997650000002 4.0385901063206853e-10
2.4459078570000004 3.4393145979261836e-11
2.447515949 2.9764987825880955e-12
2.44912404 8.350817352902317e-13
2.450732132 1.1378600360092609e-11
2.452340224 1.551397535296649e-10
2.453948316 3.9853050446364724e-10
2.455556408 6.230296791725755e-11
2.4571644999999998 1.2571927970338495e-11
2.458772592 1.0988733550952035e-11
2.460380684 5.0513882374745905e-11
2.461988776 3.1915923055340745e-10
2.463596868 1.823516553573031e-10
2.46520496 1.4134043822209863e-11
2.466813052 1.1053783779237851e-12
2.468421144 1.814331824245329e-12
2.470029236 2.079159192457607e-11
2.471637328 2.648446507896085e-10
2.47324542 4.855601085193388e-10
2.474853512 4.5859425179635957e-10
2.4764616040000003 4.334347758085631e-10
2.478069696 2.0239302872665956e-10
2.479677788 9.198231012278614e-11
2.481285879 4.38022814758656e-11
2.4828939709999998 8.805177133421443e-11
2.484502063 2.474998650548442e-10
2.486110155 1.128785085225701e-09
2.4877182469999997 1.1218598749587112e-10
2.489326339 7.973687921749925e-12
2.4909344310000003 5.773418844973121e-13
2.492542523 6.4223947347469284e-12
2.494150615 8.810302545213963e-11
2.495758707 2.2031354640219705e-09
2.497366799 2.548629583332179e-10
2.498974891 2.459942020681314e-11
2.499778162 2.250286103546667e-12
2.5005829829999997 2.573519321358725e-11
2.5011293930000003 3.927554754939345e-09
2.5021910750000003 2.810370941076377e-09
2.502480624 3.1132387753548674e-09
2.5038318559999997 4.3585612038659074e-09
2.505183087 3.449163639400031e-09
2.506534319 5.276896942845416e-09
2.50788555 1.3879993957659668e-09
2.509236782 1.93118989515689e-09
2.510588013 5.493798998051468e-09
2.511939244 5.762027072871722e-09
2.5132904760000003 5.6570325707606405e-09
2.514641707 3.1894304545005346e-09
2.515992939 3.0505366278940227e-09
2.51734417 1.676755132342278e-09
2.5186954019999996 3.6881676373430735e-09
2.5200466329999998 3.339999553380091e-09
2.521397865 1.5422822861903655e-09
2.522749096 1.5133860877734815e-09
2.524100327 6.178648520139053e-10
2.525451559 1.3931759176397534e-09
2.52680279 8.565364913799428e-10
2.5281540220000003 1.8640259263467693e-09
2.529505253 3.582211823301202e-09
2.5308564849999997 1.7349733209508627e-09
2.532207716 8.586168747168051e-11
2.533558948 3.9527207674875376e-10
2.534910179 1.4335470240059007e-09
2.5362614100000003 2.8164114773272407e-09
2.537612642 2.0054230276004966e-09
2.538963873 7.459316838216008e-10
2.5403151050000004 5.987136250880535e-10
2.5416663359999996 2.8261272119330945e-10
2.5430175680000002 4.2445319031750414e-10
2.544368799 2.7843024647598923e-10
2.54572003 4.934369990593e-10
2.547071262 5.101852258070655e-10
2.548422493 1.3106384603096005e-11
2.549773725 1.9542747127174608e-10
2.551124956 4.4475639495222395e-10
2.552476188 7.008100912089926e-10
2.553827419 3.6634892861499967e-10
2.5551786510000003 2.2232042865543344e-10
2.556529882 3.59283802064966e-10
2.557881113 8.517873191321107e-11
2.559232345 6.358963696559172e-11
2.560583576 1.096251861242893e-10
2.561934808 9.888682627423335e-11
2.5632860390000003 2.697943433359343e-10
2.564637271 1.5975400239944757e-10
2.565988502 1.6456013856747174e-10
2.567339733 1.2082814597198783e-10
2.5686909649999996 6.652043299496373e-11
2.5700421959999997 4.745606930719859e-11
2.571393428 4.433756791158e-11
2.572744659 4.269692567362903e-11
2.574095891 1.45530276613746e-10
2.575447122 8.981703182992268e-11
2.576798354 3.891717656952899e-11
2.5781495850000002 3.034843103837796e-11
2.5795008160000004 3.183605096445564e-11
2.580852048 3.7059604973123736e-11
2.582203279 3.363170669945237e-11
2.583554511 3.8261678484205505e-11
2.584905742 1.827502138349211e-11
2.586256974 2.0440849430920423e-11
2.587608205 2.2234062736205013e-11
2.588959437 1.965358821750538e-11
2.590310668 1.6513869355880122e-11
2.591661899 1.640602520141663e-11
2.593013131 1.6679065063503497e-12
2.594364362 1.4276134292997752e-11
2.5957155939999996 4.841849927739735e-13
2.5970668249999997 1.2148588322434918e-11
2.598418057 1.519514837085537e-11
2.599769288 1.1528779345945743e-11
2.601120519 1.1598428057480658e-11
2.602471751 5.609661562928072e-14
2.603822982 6.190919223767733e-12
2.6051742140000003 2.5930041668040513e-11
2.6065254450000004 1.7707418534708643e-11
2.607876677 1.481783389691464e-11
2.609227908 3.290988078385572e-11
2.61057914 5.397037612721681e-11
2.611930371 1.3055706851955734e-11
2.613281602 1.3823309454976325e-11
2.614632834 3.3103376192254305e-11
2.615984065 1.758230912138784e-11
2.617335297 2.1425384476640473e-11
2.618686528 9.916254714328708e-12
2.62003776 6.490970225851339e-14
2.621388991 8.980111241667173e-15
2.622740222 2.5094034345097285e-12
2.6240914539999998 2.776670696801112e-12
2.625442685 3.73655638131437e-12
2.626793917 4.841921903161542e-12
2.628145148 7.616838690332226e-14
2.62949638 3.196228463731776e-13
2.630847611 7.89188849373746e-12
2.6321988430000003 5.639240764294142e-14
2.6335500740000004 7.68167663215895e-12
2.634901305 1.69434139896065e-11
2.636252537 2.7080709933581347e-11
2.637603768 1.1893642390014387e-11
2.6389549999999997 2.9776050388962865e-11
2.640306231 3.898361063407888e-11
2.641657463 2.4105105011796238e-11
2.643008694 1.0118988481379215e-11
2.6443599250000003 2.3372281796970207e-11
2.645711157 8.38216807328336e-12
2.6470623879999997 9.092956842332241e-12
2.64841362 8.329655583263674e-13
2.649764851 3.1378918453702147e-12
2.651116083 3.1473851265616944e-12
2.652467314 1.2822199205091376e-11
2.653818546 1.0515021416053758e-11
2.6551697770000002 1.1332046750743644e-11
2.6565210080000004 1.1092793375028066e-11
2.65787224 6.768627125953435e-12
2.659223471 6.853217399124394e-13
2.6605747030000004 5.800775732578568e-12
2.6619259339999997 1.319034536737807e-11
2.663277166 2.8079542706477082e-11
2.664628397 1.8233627145458455e-11
2.6659796289999997 1.6383371982198218e-11
2.66733086 1.8181233765615558e-13
2.668682091 7.208610837922152e-12
2.670033323 1.3454356603565092e-11
2.6713845540000003 1.0190764899083033e-11
2.672735786 1.4290544643770153e-11
2.6740870169999997 6.479298053352642e-12
2.675438249 5.64138360012521e-12
2.67678948 6.154918864417639e-12
2.678140711 9.803279648916656e-12
2.679491943 1.0655707585227552e-11
2.680843174 8.847603180804094e-12
2.6821944060000003 5.7687485028243666e-12
2.6835456370000004 1.1071249527654765e-12
2.684896869 1.2334763356355862e-12
2.6862481 6.031691569441893e-12
2.6875993319999996 5.774248192574514e-12
2.6889505629999997 3.1823993355016373e-12
2.690301794 5.375802595867481e-12
2.691653026 1.5268256081649326e-13
2.693004257 1.240162708944076e-12
2.694355489 1.92419968229232e-12
2.69570672 9.204104257560257e-13
2.697057952 2.2968400639358028e-12
2.6984091830000003 1.921268993861971e-12
2.699760414 3.231553863640163e-12
2.7011116459999998 1.9264136037627555e-12
2.702462877 3.820893036788328e-12
2.703814109 6.683254575635879e-12
2.70516534 3.0918626160177657e-12
2.706516572 2.160260890851642e-14
2.707867803 2.0920838971406614e-13
2.7092190350000003 3.905546432787389e-12
2.7105702660000004 4.292508297896619e-12
2.7119214969999996 4.585841483545221e-12
2.713272729 4.563735401545358e-13
2.71462396 7.32970385020216e-15
2.7159751919999997 1.236760754410264e-14
2.717326423 5.707913232201209e-12
2.718677655 7.425059062063334e-13
2.720028886 8.78499647410757e-14
2.7213801170000003 3.99905069842618e-12
2.722731349 1.6224255133983133e-12
2.7240825799999997 5.902805881902605e-12
2.7254338120000003 1.0274682363525523e-12
2.726785043 4.189912222130054e-14
2.7281362749999998 2.3245373995242817e-12
2.729487506 1.2138722728301526e-12
2.730838738 4.44052329759174e-12
2.732189969 1.3008910144590298e-12
2.7335412000000003 1.4079571339123038e-12
2.734892432 4.532861340828532e-12
2.736243663 9.077141501094431e-12
2.737594895 3.011577741667661e-12
2.7389461259999996 3.5557977480275994e-13
2.740297358 5.477666735443619e-13
2.741648589 1.9412211267638634e-13
2.7429998209999997 1.392555789832146e-12
2.744351052 3.4393034796214953e-12
2.745702283 1.9739770912908843e-12
2.747053515 1.0994548835949148e-12
2.7484047460000003 1.247333261986814e-12
2.749755978 6.645567804861988e-13
2.7511072089999997 8.806047166929402e-14
2.7524584410000004 8.733491356899564e-13
2.753809672 1.1014254784377717e-13
2.755160903 4.843874139947526e-12
2.756512135 2.5276206075508205e-12
2.757863366 5.467361520696955e-12
2.7592145980000002 6.0429079573662035e-12
2.760565829 9.535974678799994e-12
2.761917061 1.8055968961622644e-12
2.7632682920000002 4.506854254020836e-12
2.764619524 1.8167125128229178e-12
2.7659707549999997 1.787993767619059e-12
2.767321986 1.9367470483230437e-12
2.768673218 4.976492684959733e-13
2.770024449 1.3979207534668686e-13
2.771375681 7.744824401723841e-13
2.772726912 1.7647948161221748e-12
2.774078144 2.042372755524018e-12
2.7754293750000003 2.5876531760732404e-13
2.776780606 9.428295513234892e-14
2.7781318379999997 4.944801699623834e-15
2.779483069 4.0900555176305454e-14
2.780834301 7.753649098296401e-12
2.782185532 6.297795691750987e-12
2.783536764 1.4608325640062446e-12
2.784887995 5.530471663944454e-14
2.786239227 5.940957968196059e-13
2.787590458 2.2682927250445898e-14
2.788941689 3.0844480980393262e-12
2.7902929210000003 2.9503236801012127e-12
2.791644152 7.709313197785724e-12
2.7929953839999997 9.387171808452834e-12
2.794346615 8.991832615573495e-12
2.795697847 4.894623912796609e-12
2.797049078 9.663535620990323e-13
2.7984003090000003 5.745745382367573e-15
2.799751541 6.919918621223649e-15
2.801102772 8.900893915149432e-13
2.8024540040000003 1.719537183243074e-12
2.803805235 2.0604909742215438e-13
2.8051564669999998 3.887281983098051e-12
2.806507698 1.9320239009512354e-12
2.80785893 1.8666953647368497e-12
2.8092101609999998 1.6765272150387667e-14
2.810561392 3.9882036878645963e-13
2.811912624 4.894372736560885e-12
2.813263855 7.574177995108342e-12
2.814615087 7.405181799254684e-12
2.8159663179999996 7.333663362483537e-12
2.8173175500000003 5.8951212261707586e-12
2.818668781 7.76211409158105e-13
2.8200200129999997 4.070241959436373e-15
2.821371244 4.3204180414951135e-15
2.822722475 2.5895414961981162e-14
2.824073707 6.8529522013812e-13
2.8254249380000003 1.629357506724303e-12
2.82677617 6.454963239207423e-13
2.828127401 1.078973536636754e-12
2.8294786330000004 1.2980588604673896e-13
2.830829864 1.1092471687050853e-14
2.8321810949999997 1.263339330195689e-12
2.833532327 1.3676869069113166e-12
2.834883558 6.205717563915801e-12
2.83623479 2.163287820986648e-12
2.837586021 7.853513500074813e-13
2.838937253 4.375346327554204e-13
2.8402884840000002 1.637807481497539e-12
2.841639716 1.2176813889022906e-12
2.8429909469999997 1.5935873666733074e-14
2.8443421779999998 2.9677868464315792e-15
2.84569341 2.0248900397643882e-15
2.847044641 1.2725580020456517e-13
2.848395873 3.604027243140287e-13
2.849747104 4.5059889955698565e-13
2.851098336 7.523750513946732e-14
2.8524495670000003 7.846947984546576e-13
2.8538007980000004 2.4585001231435116e-14
2.85515203 1.993163320151129e-12
2.856503261 6.003449784838277e-12
2.8578544929999996 2.1635857286063047e-12
2.8592057239999997 4.0676547222187595e-13
2.860556956 8.605843945466104e-13
2.861908187 1.4904497154691127e-13
2.863259419 4.62332501066515e-15
2.86461065 1.5308767380446648e-14
2.865961881 1.4494854842455846e-12
2.8673131130000002 1.2631843626442384e-13
2.868664344 2.539394979134231e-12
2.8700155759999997 1.0680936721000171e-12
2.871366807 8.589528031581899e-15
2.872718039 9.798469080975145e-15
2.87406927 8.582868057912222e-15
2.8754205010000002 7.012699128997175e-15
2.876771733 8.624381289154402e-14
2.878122964 3.654183672998145e-12
2.8794741960000003 1.0292982242337116e-14
2.8808254270000004 9.57134780580993e-15
2.882176659 2.0699712029624086e-12
2.88352789 1.0928581082277847e-14
2.8848791219999996 7.773229357390545e-13
2.8862303529999997 4.899642129820271e-13
2.887581584 1.3455502006536302e-14
2.888932816 3.264507166972471e-12
2.890284047 9.677014428383237e-14
2.891635279 6.566021024492865e-13
2.89298651 3.1579831538601813e-12
2.8943377420000003 5.015772926663091e-13
2.895688973 6.669886367593158e-13
2.8970402049999997 4.459416202643582e-13
2.898391436 9.945818576422611e-13
2.899742667 6.830802071182664e-13
2.901093899 1.4787787422226338e-13
2.9024451300000003 1.2316407835267428e-12
2.903796362 1.5286973097263513e-12
2.905147593 1.8788021201358937e-12
2.9064988250000003 5.990617817926264e-12
2.907850056 2.90745795305922e-12
2.9092012869999997 3.102194748066428e-13
2.910552519 4.959590145900885e-12
2.91190375 5.021969953473286e-12
2.9132549819999998 3.1240285701196994e-12
2.914606213 1.4433508947853153e-12
2.915957445 7.393558140809756e-12
2.917308676 4.0498369833078744e-12
2.918659908 1.6574296956842764e-12
2.920011139 2.8494266644150075e-12
2.9213623699999998 1.795249592366007e-12
2.922713602 3.280649258691005e-12
2.924064833 6.50071188424953e-12
2.925416065 3.6243489714678877e-12
2.926767296 4.78612602228799e-12
2.928118528 5.631844203993461e-12
2.9294697590000003 2.1946917390089107e-12
2.93082099 5.340008262642587e-12
2.932172222 8.949881251608637e-12
2.933523453 7.041848392802403e-12
2.934874685 4.514807278592015e-12
2.9362259159999997 1.2453087852114915e-14
2.937577148 2.567355467031709e-14
2.938928379 5.13350584043749e-12
2.940279611 3.809607439583947e-12
2.941630842 1.134517574233863e-12
2.942982073 8.801399776411879e-15
2.9443333050000002 1.3374553700237346e-14
2.9456845360000004 3.2867116670313354e-12
2.947035768 8.725692032853446e-14
2.948386999 6.08069572615602e-13
2.949738231 3.536898873748441e-12
2.951089462 2.4261303984583374e-12
2.952440694 3.2963002326607803e-12
2.953791925 2.440353439771858e-12
2.955143156 2.965600937607907e-14
2.956494388 4.467431279581173e-15
2.957845619 1.1231091233502898e-12
2.959196851 1.8170739252816171e-12
2.960548082 6.047611068416977e-13
2.9618993139999996 1.0798987201342524e-12
2.9632505449999997 7.602244280195341e-15
2.964601776 1.704656724782146e-14
2.965953008 1.5275859937727015e-12
2.967304239 7.79807447275651e-13
2.968655471 1.0409926669786441e-12
2.970006702 2.0102067291584953e-12
2.9713579340000003 1.5462404608112132e-12
2.9727091650000004 6.491769588340982e-15
2.974060397 6.032419285778646e-14
2.975411628 9.269152676019078e-13
2.976762859 7.782232754410305e-14
2.978114091 1.5797753804927904e-12
2.979465322 2.2610646346571025e-12
2.980816554 1.0118785315533268e-12
2.982167785 1.9797825287125757e-12
2.983519017 5.914580083026955e-13
2.984870248 1.5191022166166105e-12
2.9862214789999997 4.358583648447828e-13
2.987572711 6.739035027042154e-13
2.988923942 6.159287992519805e-13
2.9902751739999998 2.9869325300791183e-12
2.991626405 2.384621868805621e-12
2.992977637 1.354255138314813e-12
2.994328868 2.2132810217409858e-12
2.9956801 1.90093691551959e-12
2.997031331 2.2422474104140326e-13
2.9983825619999998 3.971332347011162e-12
2.9997337940000004 2.7716343029610416e-13
3.001085025 1.7786778917713113e-12
3.002436257 2.054166882782813e-12
3.003787488 9.162800734902146e-12
3.0051387199999997 6.819577550496326e-12
3.006489951 1.233224910146502e-12
3.007841182 6.779744088226575e-14
3.009192414 2.0807467312660257e-12
3.0105436450000003 4.571661832033847e-12
3.011894877 4.089526696796022e-12
3.0132461079999997 3.165746976234157e-12
3.01459734 4.368600368374358e-13
3.015948571 2.13391578469732e-12
3.017299803 1.5947516406933301e-12
3.018651034 1.4396274067515278e-12
3.020002265 2.5552905007242164e-12
3.021353497 4.534597557708331e-12
3.0227047280000003 3.767436163098769e-12
3.02405596 3.0507819749665763e-12
3.0254071909999998 5.751343446609706e-12
3.0267584230000004 5.999958574091505e-12
3.0281096539999997 1.173521256673284e-12
3.029460886 1.3848578032940635e-11
3.030812117 1.5432614749138447e-11
3.032163348 5.359087913337487e-12
3.03351458 1.0335867178025965e-11
3.034865811 1.5176822043492146e-11
3.036217043 1.1439241584123762e-11
3.0375682740000003 2.687943231146847e-13
3.038919506 2.1622603976784112e-14
3.0402707369999997 1.0161111923322222e-12
3.041621968 3.4153120845357756e-12
3.0429732 1.0468130901276508e-11
3.044324431 1.1561847858238178e-11
3.045675663 9.073434580435718e-14
3.047026894 2.120385494614013e-14
3.0483781260000002 1.2799613214944711e-11
3.0497293570000004 1.00949986045725e-11
3.051080589 2.3903694326800785e-12
3.05243182 2.2683796638582444e-11
3.053783051 1.6840309494439195e-11
3.0551342829999997 2.4990470005266858e-11
3.056485514 3.19324615823779e-11
3.057836746 2.1910722305173086e-11
3.059187977 1.5583599715059262e-11
3.060539209 1.1206741397826322e-11
3.06189044 4.327846727978137e-12
3.063241671 1.9400549531665362e-11
3.0645929030000003 2.1021606286329416e-13
3.065944134 2.0958181901206234e-14
3.0672953659999997 2.0540851248559912e-14
3.068646597 2.0966031317046167e-14
3.069997829 1.7428298818206577e-11
3.07134906 4.450567852600439e-12
3.072700292 1.2743219300049426e-13
3.074051523 1.6089736705692566e-11
3.075402754 1.014152797332676e-11
3.0767539860000004 2.4909100791854974e-11
3.0781052169999996 3.348801851164922e-11
3.079456449 2.608020391673555e-11
3.08080768 1.5481312925077466e-11
3.0821589119999997 1.5151590009642988e-11
3.083510143 7.34016601576738e-12
3.084861374 6.54250465340483e-12
3.086212606 1.2478291996248781e-11
3.0875638370000003 1.3449703329948158e-11
3.088915069 3.5367843921395873e-12
3.0902662999999997 3.810390768431848e-12
3.0916175320000003 1.1635442173235964e-11
3.092968763 2.1444986566773746e-11
3.0943199949999998 8.594125152968759e-12
3.095671226 9.797591243093575e-12
3.097022457 2.0111419622498658e-11
3.098373689 1.9537535496728494e-11
3.0997249200000003 2.913122351695915e-11
3.101076152 2.8068505647198535e-11
3.102427383 2.728061730261195e-11
3.103778615 2.0228773573233202e-11
3.1051298459999996 9.281802411252337e-12
3.106481078 1.6735701156002918e-11
3.107832309 2.2556089865785534e-11
3.10918354 6.784960687334473e-12
3.110534772 4.996398268224122e-12
3.111886003 1.3159268725192022e-11
3.113237235 2.241307037998703e-11
3.1145884660000003 3.454615493851696e-11
3.115939698 2.639043953292688e-11
3.1172909289999997 1.522531506456276e-11
3.11864216 1.642683849916607e-11
3.119993392 3.587716165514243e-11
3.121344623 3.1521112675771296e-11
3.122695855 2.768946151101853e-11
3.124047086 3.2955065630845084e-11
3.1253983180000002 4.078847572471837e-11
3.126749549 6.454182382613374e-11
3.128100781 7.885163243232627e-11
3.1294520120000002 5.608203891913407e-11
3.130803243 4.0707255374127645e-11
3.1321544749999997 5.907344886810908e-11
3.133505706 5.4544819307374515e-11
3.134856938 9.799105526572196e-11
3.136208169 4.4313994519723775e-11
3.137559401 4.623745139584227e-11
3.138910632 1.0239028631846922e-10
3.140261863 1.1372304247084322e-10
3.1416130950000003 1.0838203882754513e-10
3.142964326 9.600827545417695e-11
3.1443155579999997 9.080700246558995e-11
3.145666789 8.508136635318678e-11
3.147018021 4.01236657780438e-11
3.148369252 1.514139417437948e-11
3.149720484 2.6757503354674202e-11
3.151071715 5.578657141399191e-11
3.152422946 7.076804949462305e-11
3.153774178 7.057183693823344e-11
3.155125409 5.4180701789830414e-11
3.1564766410000002 3.5519509559847165e-11
3.157827872 1.555192558093864e-11
3.1591791039999997 6.1185657766422175e-12
3.160530335 1.4352658493665008e-12
3.161881566 2.0845906070452872e-11
3.163232798 3.7956554611042905e-11
3.1645840290000002 3.880376832130285e-11
3.165935261 4.4949028440187955e-11
3.167286492 4.061201445313122e-11
3.1686377240000003 4.715708725208073e-11
3.169988955 6.269047068024148e-11
3.1713401869999998 3.2798592558106243e-11
3.172691418 2.6742705020040787e-11
3.174042649 2.5967941783932708e-11
3.1753938809999998 2.1933746225632773e-11
3.176745112 2.0987608704465573e-11
3.178096344 2.2800694506355376e-11
3.179447575 1.1397060197839367e-11
3.180798807 3.743133172216908e-12
3.182150038 4.196083702233513e-12
3.1835012700000003 4.704178442312763e-12
3.184852501 9.921275064011664e-13
3.186203732 2.191318740823778e-12
3.187554964 1.5763208168427113e-11
3.188906195 2.570873689646955e-11
3.190257427 2.107085122789706e-11
3.1916086580000003 1.0749471869313295e-11
3.19295989 2.00108070165053e-11
3.194311121 2.6614805427258087e-11
3.195662352 6.474857092652133e-11
3.197013584 4.413697669868359e-11
3.1983648149999997 2.533312814834223e-11
3.199716047 3.593843178992936e-11
3.201067278 3.530230003981872e-11
3.2024185099999998 4.325474930985855e-11
3.203769741 4.476931148551855e-11
3.205120973 3.1086949761601064e-11
3.206472204 3.1583366870133414e-11
3.207823435 7.289106877756095e-11
3.209174667 7.326978156973584e-11
3.2105258979999998 3.7731446038120214e-11
3.21187713 3.473615423650329e-11
3.213228361 7.261423819175296e-11
3.214579593 8.804932306052305e-11
3.215930824 7.260999448788528e-11
3.217282055 7.300220736833662e-11
3.2186332870000003 7.717704373084234e-11
3.2199845180000004 5.5876519575592226e-11
3.22133575 7.08777037273152e-11
3.222686981 1.0328199188940402e-10
3.2240382129999996 9.44658365881408e-11
3.2253894439999997 6.690243100403197e-11
3.226740676 5.5904742428172705e-11
3.228091907 7.761708210790077e-11
3.229443138 7.103888826134148e-11
3.23079437 6.912498420118393e-11
3.232145601 1.0556356886828762e-10
3.2334968330000002 1.0835019373894082e-10
3.234848064 7.171214873892105e-11
3.2361992959999997 8.468135664801787e-11
3.237550527 9.69370645328374e-11
3.238901759 8.125177045110216e-11
3.24025299 8.669446264698229e-11
3.2416042210000002 1.0047414294055117e-10
3.242955453 1.1408228773997389e-10
3.244306684 9.223747253837333e-11
3.2456579160000003 3.947577909690117e-11
3.2470091470000004 4.5026862381676066e-11
3.248360379 6.814743953856497e-11
3.24971161 7.738080063952644e-11
3.251062841 8.018847006402155e-11
3.2524140729999997 9.138282379653081e-11
3.253765304 1.017334435207282e-10
3.255116536 8.342014974660356e-11
3.256467767 5.398729838874044e-11
3.257818999 5.085285471560524e-11
3.25917023 3.4405848152763316e-11
3.2605214620000003 4.408519383644678e-11
3.261872693 5.557022494944129e-11
3.263223924 4.280971594459913e-11
3.264575156 5.0712088905057194e-11
3.265926387 1.6768156384819387e-11
3.267277619 1.6490019418166626e-11
3.2686288500000003 6.414727663490952e-11
3.269980082 8.210442712129565e-11
3.271331313 4.896103927225955e-11
3.272682544 1.6619698430632014e-11
3.274033776 4.0772848375237865e-11
3.2753850069999997 7.17519251744366e-11
3.276736239 9.517189460670627e-11
3.27808747 1.017382882030594e-10
3.2794387019999998 1.2627001101523486e-10
3.280789933 1.458930745444462e-10
3.282141165 1.2780258821625785e-10
3.283492396 8.683252693359989e-11
3.2848436270000003 1.1507527818536937e-10
3.286194859 1.1369425753522935e-10
3.2875460899999998 7.952180621151446e-11
3.288897322 8.688732231620246e-11
3.290248553 9.003645964984733e-11
3.291599785 8.640742430953742e-11
3.292951016 4.80575041209349e-11
3.294302247 8.93495435396221e-12
3.2956534790000003 9.718625753465588e-12
3.29700471 5.33852666181904e-11
3.298355942 5.520002437736691e-11
3.299707173 6.276107540296665e-11
3.301058405 6.843390145160702e-11
3.3024096359999997 6.88028594509309e-11
3.303760868 5.4322341601057215e-11
3.305112099 4.596964841343007e-11
3.30646333 6.769237781142875e-11
3.307814562 1.238251635595888e-10
3.309165793 1.1140896810977173e-10
3.3105170250000002 6.575152705695313e-11
3.3118682560000003 2.023800611710555e-11
3.313219488 1.1008925155295138e-11
3.3145707189999998 1.7096174975936773e-11
3.315921951 8.133765735895978e-11
3.317273182 6.986375582288016e-11
3.318624413 3.901364390198003e-11
3.319975645 5.8184808668157275e-11
3.321326876 3.089406269989979e-11
3.322678108 4.693180985474812e-14
3.324029339 1.3285522589998366e-13
3.325380571 8.911049969819968e-12
3.326731802 2.5264068396244805e-11
3.328083033 3.745462055507618e-11
3.3294342649999997 3.621988491489779e-11
3.330785496 3.7211510909612546e-11
3.332136728 1.2860097618358052e-11
3.333487959 9.349704471357504e-12
3.334839191 2.127263716720505e-11
3.336190422 1.6016549113450365e-11
3.3375416540000002 8.818608313158467e-12
3.3388928850000004 3.533878383636121e-11
3.340244116 5.681865926414232e-11
3.341595348 6.304451451578386e-11
3.342946579 3.0291955363231535e-11
3.344297811 3.2333841539377556e-11
3.345649042 4.728183209907288e-11
3.347000274 4.257701617222239e-11
3.348351505 7.336448705779822e-11
3.3497027360000002 9.995794039331613e-11
3.351053968 7.976271414406169e-11
3.3524051989999997 7.198355247723104e-11
3.353756431 4.315060860418401e-11
3.355107662 1.0160204887534738e-11
3.3564588939999997 5.690576509895624e-12
3.357810125 7.240377014024841e-12
3.359161357 3.054409806373252e-11
3.360512588 5.153937948943388e-11
3.3618638190000003 2.5395935700492994e-11
3.363215051 1.5371103680695212e-11
3.3645662819999997 6.317100237047186e-11
3.3659175140000004 8.586970755357498e-11
3.367268745 8.539420336939643e-11
3.368619977 4.2806588534128216e-11
3.369971208 4.388937560623117e-12
3.371322439 1.1382371564466328e-11
3.372673671 5.911270173145488e-13
3.374024902 2.501966293297797e-13
3.375376134 2.5109439977260906e-11
3.3767273650000003 2.5154355521103535e-11
3.378078597 7.144516550397948e-13
3.3794298279999997 1.2991520785072603e-13
3.38078106 1.3093603503093047e-13
3.382132291 1.2968514919424677e-13
3.383483522 2.8390848544991917e-13
3.384834754 2.879918306380077e-13
3.386185985 1.3516101902846733e-13
3.387537217 1.4608481682820425e-13
3.3888884480000003 1.5300320856359922e-13
3.39023968 1.5513769117077842e-13
3.3915909109999998 2.5993960538574713e-12
3.3929421430000004 1.8053299062538925e-13
3.3942933739999996 3.0860335966804232e-12
3.3956446049999998 1.5689118595003648e-13
3.396995837 1.5724636323436723e-13
3.398347068 1.5568523743790727e-13
3.3996983 1.5029865775512304e-13
3.401049531 1.4654348454422817e-13
3.402400763 1.1216076523411164e-12
3.4037519940000003 7.336897067946141e-11
3.405103225 4.867156059762206e-11
3.4064544569999997 4.2867951430361015e-11
3.407805688 7.85374495895835e-12
3.40915692 1.5496007205357425e-13
3.410508151 5.870234938084565e-12
3.411859383 8.644049074530673e-11
3.413210614 2.0264263533774292e-10
3.4145618460000002 1.215785271748468e-10
3.4159130770000004 8.092997699076215e-12
3.4172643079999996 2.3703518475809043e-11
3.41861554 8.796873118338251e-11
3.419966771 1.0535028109964585e-10
3.4213180029999997 1.5585059629392872e-10
3.422669234 1.4315159653146459e-10
3.424020466 1.398874580545488e-10
3.425371697 1.6787188808026306e-10
3.4267229280000002 1.65511680838853e-10
3.42807416 2.358364961613232e-10
3.429425391 3.4258230724669327e-10
3.4307766230000003 4.567133688807299e-10
3.432127854 5.744816711240017e-10
3.4334790859999997 6.818775619028596e-10
3.434830317 7.17945157805872e-10
3.436181549 7.136407863621782e-10
3.43753278 7.299965135949388e-10
3.4388840110000003 7.543820350408953e-10
3.440235243 7.666498610827359e-10
3.441586474 8.103444742504236e-10
3.4429377060000004 8.225388146336637e-10
3.4442889369999996 7.717401610933131e-10
3.445640169 6.914448212049148e-10
3.4469914 6.26286905680264e-10
3.448342631 5.840837851587158e-10
3.449693863 5.969979533583049e-10
3.451045094 6.36740375270344e-10
3.452396326 6.613056828713694e-10
3.4537475570000002 7.157201596166318e-10
3.455098789 8.135280331618396e-10
3.45645002 8.951594646470174e-10
3.4578012520000003 9.548636860879804e-10
3.459152483 1.001818921034711e-09
3.460503714 1.055918008687031e-09
3.461854946 1.098148431766435e-09
3.463206177 1.0984172605215936e-09
3.464557409 1.0775011895502176e-09
3.4659086400000003 1.0628642458247698e-09
3.467259872 1.0498169973501495e-09
3.468611103 1.0030889093617055e-09
3.469962335 9.82785758193903e-10
3.4713135659999996 9.53331728815356e-10
3.4726647969999997 8.393563136089127e-10
3.474016029 8.112645309657004e-10
3.47536726 8.704233646461194e-10
3.476718492 8.946199664960271e-10
3.478069723 8.211402906917189e-10
3.479420955 7.342360183896443e-10
3.4807721860000003 7.435373216119798e-10
3.482123417 7.721300455039328e-10
3.483474649 7.741834515116578e-10
3.48482588 7.782717828281177e-10
3.486177112 7.627404773124835e-10
3.487528343 7.392655684231492e-10
3.488879575 7.683271260520601e-10
3.490230806 8.017401495332009e-10
3.491582038 8.256192675811642e-10
3.492933269 9.21988970981034e-10
3.4942845 9.44904485031811e-10
3.495635732 7.247100465939862e-10
3.496986963 5.411220498712709e-10
3.4983381949999997 5.103514181038379e-10
3.4996894259999998 5.228715458473905e-10
3.501040658 5.242149372539563e-10
3.502391889 5.170135719758802e-10
3.50374312 4.634359424033089e-10
3.505094352 3.510575974374097e-10
3.506445583 2.6561446329555667e-10
3.5077968150000003 2.7604189713083176e-10
3.509148046 3.0395484822197534e-10
3.5104992779999997 3.1520069274574155e-10
3.511850509 2.9829008474036597e-10
3.513201741 2.338610787774743e-10
3.514552972 1.9488847259580913e-10
3.515904203 1.66553364868821e-10
3.517255435 1.3653797695096578e-10
3.518606666 1.2063899560828314e-10
3.519957898 1.294282318455897e-10
3.521309129 1.5513565045362999e-10
3.5226603610000002 9.515765803931896e-11
3.524011592 7.281908514321718e-11
3.5253628239999997 5.2185540899525054e-11
3.526714055 7.455642082718971e-11
3.528065286 1.265555683342101e-10
3.529416518 1.4426112497325764e-10
3.5307677490000002 1.662775271994561e-10
3.532118981 2.0960486479468895e-10
3.533470212 1.6133141902076844e-10
3.5348214440000003 1.1076430637573271e-10
3.536172675 1.3018881633431418e-10
3.537523906 1.9703138877624135e-10
3.538875138 2.2381493071689176e-10
3.540226369 1.864364758958238e-10
3.5415776009999997 1.5320242261681208e-10
3.542928832 1.3985742601993091e-10
3.544280064 2.1889628982438524e-10
3.545631295 2.6930065722179173e-10
3.546982527 2.457197942910174e-10
3.548333758 2.0466381874198516e-10
3.5496849889999997 1.4596828561953274e-10
3.551036221 7.917910619652198e-11
3.552387452 9.229169638493658e-11
3.553738684 1.9388892965023128e-10
3.555089915 2.940357106448235e-10
3.556441147 2.942027472980167e-10
3.5577923780000003 2.1240325017897993e-10
3.5591436090000004 1.978536732410846e-10
3.560494841 2.7518173334270135e-10
3.561846072 3.4955465753059386e-10
3.563197304 3.143426065038628e-10
3.5645485349999997 2.1897836599704032e-10
3.565899767 2.1831452852400901e-10
3.567250998 3.4990899730301424e-10
3.5686022299999998 4.793985542323038e-10
3.569953461 4.961347646730675e-10
3.571304692 4.5308487129909535e-10
3.572655924 4.2545429870829036e-10
3.574007155 4.179498475969225e-10
3.575358387 4.680832462355224e-10
3.5767096179999998 4.957603586013285e-10
3.57806085 3.992050588274611e-10
3.579412081 2.4298751224281403e-10
3.580763312 1.5407195410398632e-10
3.582114544 2.321796001873771e-10
3.583465775 3.345581738652934e-10
3.5848170070000003 3.5607601101042623e-10
3.5861682380000004 3.436138263770547e-10
3.58751947 4.66624079465243e-10
3.588870701 5.182301968514761e-10
3.5902219329999996 4.7067440128807e-10
3.5915731639999997 5.068401455817692e-10
3.592924395 5.976448853306126e-10
3.594275627 6.099080755879121e-10
3.595626858 6.174234209290744e-10
3.59697809 6.856217603358959e-10
3.598329321 7.407962080133892e-10
3.5996805530000002 7.479141521749254e-10
3.601031784 7.652293295119827e-10
3.602383016 8.163446007363359e-10
3.603734247 8.616128175156768e-10
3.605085478 9.763968183082144e-10
3.60643671 1.1017539109342952e-09
3.607787941 1.0609229812666366e-09
3.609139173 9.810446964215602e-10
3.610490404 9.932460292964514e-10
3.6118416360000003 1.0278238053556736e-09
3.6131928670000004 1.0566591216958464e-09
3.6145440979999997 9.929759982672109e-10
3.61589533 9.383545296169367e-10
3.617246561 1.019940612741539e-09
3.6185977929999997 1.0711645765114764e-09
3.619949024 1.0772656999338018e-09
3.621300256 1.1787851797033237e-09
3.622651487 1.2399565700915552e-09
3.624002719 1.2924963361185568e-09
3.62535395 1.4063911032886748e-09
3.6267051809999997 1.3489669124100042e-09
3.628056413 1.2175114511088672e-09
3.629407644 1.176355565385847e-09
3.630758876 1.031354983772821e-09
3.632110107 8.770157349908233e-10
3.633461339 8.22597397520674e-10
3.6348125700000002 8.16893610144423e-10
3.6361638010000004 8.07522088222821e-10
3.637515033 7.344036490812092e-10
3.638866264 7.169339180914529e-10
3.640217496 8.304861818402793e-10
3.6415687269999997 8.650701902640832e-10
3.642919959 6.483717048978193e-10
3.64427119 3.766624343926896e-10
3.6456224219999998 3.5601328766702096e-10
3.646973653 6.331720854883871e-10
3.648324884 9.325675977335953e-10
3.649676116 7.834657354111691e-10
3.6510273470000003 5.354692739622589e-10
3.652378579 5.887296253930846e-10
3.6537298099999997 7.816700563395663e-10
3.655081042 7.777344171933588e-10
3.656432273 4.734913104066219e-10
3.657783504 1.8872720213848451e-10
3.659134736 2.964045524009211e-10
3.660485967 4.297370020874717e-10
3.6618371990000003 4.921643656667031e-10
3.66318843 4.558480994573811e-10
3.664539662 3.312599097881726e-10
3.665890893 2.1361004585259498e-10
3.667242125 1.7259957609240687e-10
3.6685933559999997 2.0935941282919315e-10
3.669944587 3.576830617955961e-10
3.671295819 4.820061450958303e-10
3.67264705 6.290833330314825e-10
3.673998282 6.364852963909566e-10
3.675349513 5.21394003896429e-10
3.676700745 3.6980350780786025e-10
3.6780519760000003 5.637586183069663e-10
3.679403208 7.033263161343353e-10
3.6807544389999998 7.98342394156096e-10
3.68210567 9.68932813636648e-10
3.683456902 1.2245302641457821e-09
3.684808133 1.4230116149188322e-09
3.686159365 1.471935396957022e-09
3.687510596 1.423211741589886e-09
3.688861828 1.3787294373024187e-09
3.690213059 1.354848559783038e-09
3.6915642899999996 1.2027581627245524e-09
3.692915522 9.378366565070245e-10
3.694266753 9.206355743634839e-10
3.6956179849999997 1.3377310513428514e-09
3.696969216 1.7881962411083123e-09
3.698320448 1.963022395688439e-09
3.699671679 1.917067868624864e-09
3.701022911 1.7583399741424107e-09
3.702374142 1.7040830016574705e-09
3.703725373 1.7300790574107874e-09
3.7050766050000004 1.769303132792549e-09
3.706427836 2.0905505181987073e-09
3.707779068 2.9615063076067758e-09
3.709130299 3.3793815013873453e-09
3.710481531 2.9996273019764102e-09
3.711832762 2.4882393899495776e-09
3.713183993 2.1433086584067885e-09
3.714535225 2.136267570765742e-09
3.7158864560000002 2.2583473591134597e-09
3.717237688 2.2377630950146607e-09
3.7185889189999997 2.300784570217258e-09
3.719940151 2.6590021385042106e-09
3.721291382 2.837904089840309e-09
3.7226426139999997 2.213515443723744e-09
3.723993845 1.5111822661151489e-09
3.725345076 1.8546663816255124e-09
3.726696308 2.1773702042082573e-09
3.7280475390000003 2.1431756957629848e-09
3.729398771 2.623927837554792e-09
3.730750002 3.3103333808590807e-09
3.7321012340000004 3.137601580130109e-09
3.733452465 3.0254538067555027e-09
3.7348036959999997 3.64695255249275e-09
3.736154928 4.127861786007108e-09
3.737506159 3.95593504035237e-09
3.738857391 3.663849298642352e-09
3.740208622 3.1408311077792872e-09
3.741559854 2.277688012320498e-09
3.7429110850000002 2.0564305920865706e-09
3.744262317 2.510333627445808e-09
3.7456135479999997 3.2073375739393835e-09
3.746964779 3.6925280745917538e-09
3.748316011 4.2045285551713815e-09
3.749667242 6.275041437524549e-09
3.751018474 6.112207377348446e-09
3.752369705 5.070160557039072e-09
3.753720937 5.449360997529703e-09
3.7550721680000003 5.0942756624327986e-09
3.7564234 4.185655557735064e-09
3.757774631 2.3560322602888683e-09
3.759125862 1.14455416968955e-09
3.7604770939999996 2.282582570562906e-10
3.7618283249999998 6.072445775006705e-10
3.763179557 3.125844036805701e-09
3.764530788 7.67571593382185e-09
3.76588202 1.0581144092975033e-08
3.767233251 1.4107009008707138e-08
3.768584482 1.9578510773586193e-08
3.7699357140000003 2.6075482356449776e-08
3.771286945 2.9554188816669402e-08
3.7726381769999997 3.382340689017803e-08
3.773989408 3.7053524668584244e-08
3.77534064 3.6268450112931126e-08
3.776691871 3.742994219028261e-08
3.778043103 4.186471062042738e-08
3.779394334 4.283096217318493e-08
3.780745565 3.871365934806206e-08
3.7820967970000003 3.212292705109247e-08
3.7834480279999996 2.5890146493676314e-08
3.7847992599999998 2.7925548456505e-08
3.786150491 2.374544865024478e-08
3.7875017229999997 1.5902661586156234e-08
3.7888529539999998 1.0915494250072415e-08
3.790204185 8.434626005561166e-09
3.791555417 1.2401091085130257e-09
3.792906648 7.972973786346897e-09
3.79425788 1.4601094761010455e-08
3.795609111 2.1992618739457484e-08
3.7969603430000003 3.1244399940899216e-08
3.798311574 4.421447835525424e-08
3.7996628059999997 4.485484449911534e-08
3.801014037 3.34238821906647e-08
3.802365268 1.2269532467291019e-08
3.8037165 5.2771832790436985e-11
3.8050677310000003 5.070724795853679e-11
3.806418963 5.358928276901081e-11
3.807770194 5.665086924541327e-11
3.8091214260000004 5.99125911672112e-11
3.8104726569999996 6.33964592350359e-11
3.811823889 6.711046407945249e-11
3.81317512 7.107175010976708e-11
3.814526351 7.530344035953859e-11
3.815877583 7.983203838618765e-11
3.817228814 8.470968457406542e-11
3.818580046 9.000254971606241e-11
3.8199312770000002 9.560009495165235e-11
3.821282509 1.0161242770760094e-10
3.82263374 1.0808636400526164e-10
3.823984971 1.150683324028188e-10
3.825336203 1.2260025019383825e-10
3.826687434 1.30725659703672e-10
3.828038666 1.3949131547344535e-10
3.829389897 1.4895606878003535e-10
3.830741129 1.591907154110677e-10
3.8320923600000003 1.7026494170657992e-10
3.833443592 1.822523984168703e-10
3.834794823 1.952378460048863e-10
3.836146054 2.09314918380273e-10
3.8374972859999996 2.2458740632492354e-10
3.8388485169999997 2.4139743005929214e-10
3.840199749 2.594687098643243e-10
3.84155098 2.790522495272839e-10
3.842902212 3.0032974472560613e-10
3.844253443 3.234506459180265e-10
3.845604674 3.485736122628112e-10
3.8469559060000003 3.7587120015778303e-10
3.848307137 4.055277567266568e-10
3.849658369 4.37739492223917e-10
3.8510096 4.727087412672004e-10
3.852360832 5.106576628651965e-10
3.853712063 5.518213096669981e-10
3.855063295 5.964330472961358e-10
3.856414526 6.447301806751031e-10
3.857765757 6.97569570080331e-10
3.859116989 7.541970477496527e-10
3.86046822 8.150213488494714e-10
3.861819452 8.804565472467728e-10
3.863170683 9.506853824391987e-10
3.8645219149999996 1.025872976642976e-09
3.8658731459999998 1.1061603278802612e-09
3.867224377 1.1916353251492757e-09
3.868575609 1.282333316416362e-09
3.86992684 1.3782498193959765e-09
3.871278072 1.4792582776369951e-09
3.872629303 1.5852051118182438e-09
3.8739805350000003 1.6958560333800944e-09
3.875331766 1.810877776958566e-09
3.876682998 8.023155311411456e-09
3.878034229 9.724700045246323e-07
3.87938546 1.2038530525187278e-06
3.880736692 8.255315412507169e-07
3.882087923 1.50445153675522e-06
3.883439155 2.6190780507545567e-06
3.884790386 2.5274845619152735e-06
3.886141618 2.0241431048710983e-06
3.887492849 2.493048001557236e-06
3.8888440810000002 3.0449301953371583e-06
3.890195312 1.5949583274306236e-06
3.891546543 1.0394133174626666e-06
3.892897775 5.439922750170725e-08
3.894249006 3.54392005638498e-09
3.895600238 3.6507306448200387e-09
3.8969514690000002 3.752718296141296e-09
3.898302701 3.854163443657161e-09
3.899653932 3.946265056258742e-09
3.9010051629999998 4.033273715195658e-09
3.902356395 4.1152717208097025e-09
3.903707626 4.192431698643283e-09
3.905058858 4.2648931468811365e-09
3.906410089 4.332790705892952e-09
3.9077613209999997 4.3964290935146554e-09
3.909112552 4.456041602603205e-09
3.910463784 4.511831300123126e-09
3.911815015 4.564112179833328e-09
3.913166246 4.612999982044972e-09
3.914517478 4.661302667306792e-09
3.9158687089999997 4.706452335393481e-09
3.917219941 4.746293143038684e-09
3.918571172 4.783459816385685e-09
3.919922404 4.81812365488394e-09
3.921273635 1.2076717277159453e-07
3.922624866 1.1108977637142193e-06
3.9239760980000002 1.800898656056812e-06
3.9253273290000004 4.042349450259759e-06
3.926678561 6.873826653403419e-06
3.928029792 7.127979406034539e-06
3.929381024 6.4892435812460225e-06
3.9307322549999997 8.912053356933221e-06
3.932083487 1.1897840905952314e-05
3.933434718 1.1068131367818899e-05
3.934785949 9.378044806209448e-06
3.936137181 7.192439476855737e-06
3.937488412 2.1005998152308636e-06
3.938839644 7.051303412232509e-08
3.940190875 5.126766250184197e-09
3.941542107 5.1371877477339844e-09
3.9428933379999997 7.580006654561923e-09
3.944244569 2.0969402891527947e-07
3.945595801 2.4721620151991665e-07
3.946947032 1.2157386918216219e-06
3.948298264 5.955118729280497e-06
3.949649495 1.1959477906474763e-05
3.9510007270000003 1.702322555743863e-05
3.9523519580000004 2.0515268646255092e-05
3.95370319 2.251706740887243e-05
3.955054421 2.3730546231295426e-05
3.956405652 2.4780066828500677e-05
3.9577568839999997 2.6747806381595432e-05
3.959108115 2.828249191253654e-05
3.960459347 3.050614565580484e-05
3.961810578 3.68027188097219e-05
3.96316181 4.636328105538368e-05
3.964513041 5.70888612710898e-05
3.965864273 6.812616199584747e-05
3.967215504 7.943900082750935e-05
3.968566735 8.907970490607136e-05
3.9699179669999998 9.492107915049136e-05
3.971269198 9.912936271005271e-05
3.97262043 0.00010561406592023521
3.973971661 0.00011234484627668937
3.975322893 0.00011745757511369871
3.976674124 0.00012262686900419635
3.978025355 0.00013056175332544072
3.9793765870000004 0.00014055670980760173
3.9807278179999996 0.00014793519788894354
3.98207905 0.0001482521600993549
3.983430281 0.00014566889785967962
3.9847815129999997 0.00014747670964314715
3.986132744 0.0001540250287679871
3.987483976 0.00016829235062763826
3.988835207 0.00019387715171496854
3.9901864380000003 0.000231598865817872
3.99153767 0.00027910164636905677
3.9928889009999997 0.0003345067887666115
3.994240133 0.00039839994956360577
3.995591364 0.00046820021133300816
3.996942596 0.0005454602651955079
3.998293827 0.0006343946828938626
3.999645058 0.0007409315706285052
4.00099629 0.0008732549823866718
4.002347521 0.0010407760434937392
4.003698753 0.0012521667460723752
4.005049984 0.0015165331590371396
4.006401216 0.0018562362889722665
4.007752447 0.0022945705588501273
4.009103679 0.0028622379695716336
4.01045491 0.003604750416165407
4.011806141 0.004586294252802954
4.013157373 0.005895947601253649
4.014508604 0.007661333368743215
4.015859836 0.010080011400435615
4.017211067 0.01345933812930731
4.018562299 0.01823485711531269
4.01991353 0.02505760524439975
4.021264761 0.03492118163306608
4.022615993 0.04916649651933491
4.023967224 0.06971204801132284
4.025318456 0.0988600176713814
4.026669687 0.13816202795782567
4.028020919 0.18703832333220893
4.02937215 0.24218575043734597
4.030723382 0.2972932960310343
4.032074613 0.34494081491224193
4.033425844 0.37953128623979865
4.034777076 0.39954054126284116
4.036128307 0.40694273891053573
4.037479539 0.40771160871273526
4.03883077 0.4066387890563282
4.040182002 0.40601443991698294
4.041533233 0.40713176617723296
4.042884465 0.41042992713354576
4.044235696 0.41584046982555917
4.0455869269999996 0.42285534843062383
4.046938159 0.43040566613248277
4.04828939 0.43747972633258486
4.049640622 0.44328315045036376
4.050991853 0.4471814000457032
4.052343085 0.4488879395423356
4.053694316 0.44837325075763534
4.055045547 0.4456603255005565
4.056396779 0.4415541368866559
4.05774801 0.4369289600724999
4.059099241999999 0.4324139278478708
4.0604504729999995 0.42878418124121864
4.061801705 0.4262552472808507
4.063152936 0.42460679360984843
4.064504168 0.4236349185154806
4.065855399 0.4217131506651862
4.06720663 0.41679478581974694
4.0685578620000005 0.4066133158592352
4.069909093000001 0.389169995189581
4.071260325 0.3633142737764436
4.072611556 0.32837923999277596
4.073962788 0.28506499566115384
4.075314019 0.23875793039115356
4.07666525 0.19343903070224336
4.078016482 0.15223338649215973
4.079367713 0.1170513234464787
4.080718945 0.08853977093624342
4.082070176 0.06635072025169997
4.083421408 0.04971401786941353
4.084772639 0.037391173092439646
4.086123871 0.02830385476239294
4.087475102 0.021597113935560137
4.088826333 0.016626503830641473
4.090177565 0.01293849059583399
4.091528796 0.010165054415225694
4.092880028 0.00805768797795341
4.094231259 0.006445171208614763
4.095582491 0.005201263971294583
4.096933722 0.004232045903247145
4.098284953 0.0034698778358194524
4.0996361850000005 0.002863933276905033
4.100987416 0.0023798375251159014
4.102338648 0.0019907368689461567
4.103689878999999 0.0016764368563937672
4.105041110999999 0.0014178813513494562
4.106392342 0.001204392395957747
4.107743574 0.0010258320628700882
4.109094805 0.00087530475542507
4.110446036 0.0007489060448219888
4.111797268 0.0006431381302845346
4.113148499 0.0005545275005473935
4.1144997309999995 0.0004802802943707754
4.115850962000001 0.00041856975059065916
4.117202194000001 0.00036757418454249876
4.118553425 0.0003258812262472936
4.119904657 0.0002916905588753102
4.121255887999999 0.00026350124833781973
4.122607119 0.00024016437663425453
4.123958351000001 0.00022076212611775908
4.125309582 0.00020432039281716817
4.126660814 0.0001890796789533811
4.128012045 0.00017342591414015455
4.129363277 0.0001566407216416462
4.130714508 0.0001412777745210512
4.132065739 0.00012818196265742927
4.133416971 0.0001166786991331059
4.134768202 0.0001060749585108718
4.136119434 9.598107438628499e-05
4.1374706649999995 8.620816758276735e-05
4.138821897 7.795223265545052e-05
4.140173128000001 7.162927735657509e-05
4.14152436 6.646006585564919e-05
4.142875591 6.143781458984779e-05
4.144226821999999 5.575033488746377e-05
4.145578054 4.909382760428308e-05
4.146929285000001 4.062026161910828e-05
4.148280517 3.160785569505302e-05
4.149631748 2.470159592873153e-05
4.15098298 2.1915123309725294e-05
4.152334211 2.301353704766775e-05
4.153685442 2.2650538811327496e-05
4.155036674 2.0311621111039786e-05
4.156387905 1.711367387612348e-05
4.157739136999999 1.3814793514626342e-05
4.159090368 1.079354845498071e-05
4.1604416 8.487804701023918e-06
4.161792831 7.0282460730915436e-06
4.163144063 5.604666799767895e-07
4.164495294 5.429192897333114e-09
4.165846525 5.4293857730558934e-09
4.167197757 1.4693955794756212e-07
4.1685489879999995 1.3704126459167764e-06
4.169900220000001 5.179717616038543e-06
4.171251451 6.218173742020844e-06
4.172602683 7.357853227288039e-06
4.173953914 8.561452344482175e-06
4.1753051459999995 1.0992793403234243e-05
4.1766563770000005 1.421282413962035e-05
4.178007608 1.842207596678924e-05
4.17935884 2.079226076191223e-05
4.180710071 1.955219439504997e-05
4.182061303 1.761827021469185e-05
4.183412534 1.6331359206468064e-05
4.184763766 1.6087972110843127e-05
4.186114997 1.6693352821740056e-05
4.187466228 1.7112664648896716e-05
4.18881746 1.7588345808099175e-05
4.190168691 1.774791565933421e-05
4.1915199229999995 1.6765110083477327e-05
4.1928711540000005 1.398507242859359e-05
4.194222386000001 9.2928910992001e-06
4.195573617 5.835957127955538e-06
4.196924849 7.327951264237018e-06
4.198276079999999 7.452488259684092e-06
4.199627311 7.91022934962337e-06
4.200978543 8.769571871024761e-06
4.202329774 9.682001982572978e-06
4.203681006 1.0098252036467548e-05
4.205032237 1.0885227251416419e-05
4.206383469 1.044775918959179e-05
4.2077347 8.077124093681219e-06
4.209085931 5.600667874234614e-06
4.210437163 3.4699987621811373e-06
4.211788394 1.9190894461312147e-06
4.213139626 1.0242306729368192e-06
4.2144908569999995 2.1600801733456524e-06
4.215842089 4.096786450795011e-06
4.217193320000001 4.792013090895592e-06
4.218544552 3.1206125627160705e-06
4.219895783 1.0326949769974961e-06
4.221247013999999 1.3833811393965773e-06
4.2225982459999996 2.7286494320433407e-06
4.223949477 4.543477135114658e-06
4.225300709 5.016387959012783e-06
4.22665194 3.8134552544595667e-06
4.228003171999999 3.011503865932923e-06
4.229354403 3.152705620993096e-06
4.2307056339999995 4.745404285499799e-06
4.232056866 5.766960582956721e-06
4.233408097000001 5.355725538301692e-06
4.234759329 5.035538081345686e-06
4.23611056 5.0449218647309525e-06
4.237461792 5.216915847531658e-06
4.238813023 3.9838224039164345e-06
4.240164255 2.737378355706788e-06
4.241515486 1.9625300672945775e-06
4.242866717 1.477033082635205e-06
4.244217949 7.709242961142799e-07
4.24556918 1.6492171666186067e-08
4.246920412000001 5.410908602504457e-09
4.248271643 1.2653875782107356e-08
4.249622875 2.4104125135099437e-06
4.250974105999999 4.277212704288007e-06
4.2523253379999995 4.302579228827447e-06
4.2536765690000005 2.834247155999114e-06
4.2550278 1.6165151247281274e-06
4.256379032 2.447972247707448e-06
4.257730263 5.2854328519896005e-06
4.259081495 8.891061078048044e-06
4.260432726 1.4230562363231387e-05
4.261783958 1.4985226307816336e-05
4.263135189 1.1624455746956556e-05
4.26448642 9.34464301552582e-06
4.265837652 8.86301482612714e-06
4.267188883 9.44149679096847e-06
4.2685401149999995 9.380528604874546e-06
4.2698913460000005 8.01553832351275e-06
4.271242578000001 6.506640446972764e-06
4.272593809 5.45884143664139e-06
4.273945041 5.717295340167928e-06
4.275296271999999 6.43897220440968e-06
4.276647503 8.165887600770695e-06
4.277998735 1.0286456143830184e-05
4.279349966 1.1942012241172279e-05
4.280701198 1.1213785199621156e-05
4.282052429 9.55906339435947e-06
4.283403661 7.673252805605676e-06
4.284754892 1.0361552600968387e-05
4.286106123 1.4064316129884687e-05
4.287457355 1.4838902885051364e-05
4.288808586 1.1201473683088105e-05
4.290159818 6.643419224829996e-06
4.2915110489999995 3.6690591666438535e-06
4.292862281 3.506958759822057e-06
4.294213512000001 5.498569304227647e-06
4.295564744 6.584569059452459e-06
4.296915975 6.684631247914594e-06
4.298267206 6.6898702222356e-06
4.299618438 7.83281652411702e-06
4.300969669 8.50908056162496e-06
4.302320901 8.685875788437816e-06
4.303672132 9.53443751150563e-06
4.305023363999999 1.1444412244378095e-05
4.306374595 9.604095658177476e-06
4.3077258259999995 6.107001746958678e-06
4.309077058 2.6987434029228756e-06
4.310428289000001 3.177193748299733e-06
4.311779521 3.930702683104998e-06
4.313130752 4.42433026688661e-06
4.314481984 4.733528395467217e-06
4.315833215 4.9583392119395515e-06
4.317184447 5.060690672284189e-06
4.318535678 5.206827296076925e-06
4.319886909 5.939671018301336e-06
4.321238141 7.4628253471059465e-06
4.322589372 8.303814064071397e-06
4.323940604000001 8.449932264632897e-06
4.325291835 8.104460707269645e-06
4.326643067 7.708302080280928e-06
4.327994297999999 7.694707360419014e-06
4.329345529999999 7.049447851169717e-06
4.3306967610000004 6.902953398894884e-06
4.332047992 7.96398111249877e-06
4.333399224 8.423559319387384e-06
4.334750455 8.2212868979081e-06
4.336101687 8.138867261753815e-06
4.337452918 8.492026847659842e-06
4.33880415 7.745170707011702e-06
4.340155381 6.410379726266059e-06
4.341506612 6.374256635393072e-06
4.342857844 6.4425481155260175e-06
4.344209075 6.2883853554331575e-06
4.3455603069999995 5.5287991298759685e-06
4.3469115380000005 5.116972995468274e-06
4.34826277 4.661512161399666e-06
4.349614001 4.911147817727815e-06
4.350965233 5.207407999139429e-06
4.352316464 4.315924885356894e-06
4.353667695 2.0043907289359876e-06
4.355018927 3.885158609105572e-07
4.356370158 9.5022452462216e-09
4.35772139 5.381538671335817e-09
4.359072621 5.379717045528148e-09
4.360423853 5.377876371657681e-09
4.361775084 5.376075348495386e-09
4.363126315000001 5.3742086393902425e-09
4.364477547000001 5.372268379390579e-09
4.365828778 5.370256117944805e-09
4.36718001 5.368177050299523e-09
4.3685312409999995 1.8048293215672635e-08
4.369882473 1.335075131577346e-07
4.371233704 6.803621889915721e-09
4.372584936 5.3591588347466915e-09
4.373936167 5.356754369700284e-09
4.375287398 5.354303785470795e-09
4.37663863 5.351801698617813e-09
4.377989861 5.349277275006021e-09
4.379341093 5.346712153575631e-09
4.380692324 5.344169777385325e-09
4.382043555999999 5.341629468345723e-09
4.383394787 5.339065804833876e-09
4.3847460179999995 5.3364718223221004e-09
4.38609725 5.333864006359482e-09
4.387448481000001 5.331229459318669e-09
4.388799713 5.3285972723551664e-09
4.390150944 5.3259580416845525e-09
4.391502176 5.32330290676808e-09
4.392853407 5.320658346036654e-09
4.394204639 1.2721103618268188e-08
4.39555587 5.677314175674899e-07
4.396907101 3.0154974996201273e-07
4.398258332999999 1.829815787222937e-06
4.399609564 1.4812404419997358e-06
4.400960796000001 7.06247787507575e-07
4.402312027 1.1205493478558682e-06
4.403663259 1.6558132907706308e-06
4.405014489999999 1.1105087598333541e-06
4.406365721999999 1.0866981778681911e-08
4.407716953 5.303413672010766e-09
4.409068184 5.3016760337473645e-09
4.410419416 5.299989020019689e-09
4.411770647 5.298369478892814e-09
4.413121879 5.297547742897128e-09
4.41447311 5.301364067692191e-09
4.415824342 5.299942926550419e-09
4.417175573000001 5.298592626915709e-09
4.418526804 5.297296859186264e-09
4.419878036 5.296052682689627e-09
4.421229266999999 5.294885223725462e-09
4.4225804989999995 5.293763117720406e-09
4.4239317300000005 5.2926918389833845e-09
4.425282962 5.291654119909413e-09
4.426634193 5.290676802954235e-09
4.427985425 5.2897328757139935e-09
4.429336656 5.288849555277901e-09
4.430687887 5.28794989560375e-09
4.432039119 5.287048843743708e-09
4.43339035 5.2861730305817315e-09
4.434741582 5.285346202411965e-09
4.436092813 5.2845527710683005e-09
4.437444045 5.283791682558684e-09
4.438795276 5.283055103786318e-09
4.440146507000001 5.2823517884797235e-09
4.441497739000001 5.281738127090718e-09
4.44284897 5.281142207172613e-09
4.444200202 5.2805427184967686e-09
4.445551432999999 5.279751240661442e-09
4.446902665 5.278988114586237e-09
4.448253896 5.278218587333969e-09
4.449605128 5.277467675927019e-09
4.450956359 5.276681516823359e-09
4.45230759 5.2759028047842456e-09
4.453658822 5.275117317917357e-09
4.455010053 5.274335873546183e-09
4.456361285 5.273555424129784e-09
4.457712516 5.272776138080466e-09
4.459063747999999 5.2719962238396e-09
4.460414979 5.271216654454853e-09
4.4617662110000005 5.270476120478305e-09
4.463117442 5.26972825431899e-09
4.464468673000001 5.268983841831801e-09
4.465819905 5.26820802672967e-09
4.467171136 5.267435280527976e-09
4.468522368 5.266644182667251e-09
4.469873599 5.26584966333424e-09
4.471224831000001 5.265023090601149e-09
4.472576062 2.9077059329357747e-07
4.473927293 5.219665593514329e-06
4.475278524999999 7.639023180661601e-06
4.476629756 9.452808515722997e-06
4.4779809880000006 1.0867065605141619e-05
4.479332219 1.0864730742347712e-05
4.480683451 1.024231628787679e-05
4.482034682 9.465430740195544e-06
4.483385914 8.134227687186962e-06
4.484737145 6.322712543153518e-06
4.486088376 5.056295147731983e-06
4.487439608 6.025134123689069e-06
4.488790839 6.897684609215301e-06
4.490142071 6.34515994828947e-06
4.491493302 4.27418548146959e-06
4.492844534 5.216897806444524e-06
4.494195765000001 7.194816063804289e-06
4.495546996 8.373471636221774e-06
4.496898228 8.785126945480283e-06
4.498249458999999 8.48529371849015e-06
4.4996006909999995 9.257633315255596e-06
4.5009519220000005 1.0642047442649585e-05
4.502303154 1.2471750276127228e-05
4.503654385 1.3703282131216849e-05
4.505005617 1.64637142431309e-05
4.506356848 1.736487137369755e-05
4.507708079 1.652353056061301e-05
4.509059311 1.541997823811013e-05
4.510410542 1.449853451324814e-05
4.511761774 1.535465721278983e-05
4.513113005 1.530661840519685e-05
4.514464237 1.246747308380477e-05
4.5158154679999996 8.965875963347569e-06
4.517166699000001 8.443300517345082e-06
4.518517931 9.296450493432838e-06
4.519869162 1.0630841691177581e-05
4.521220394 1.1861775691108023e-05
4.522571624999999 1.7229514913570722e-05
4.523922857 1.942134899662376e-05
4.525274088 1.9435971439756e-05
4.52662532 1.8581962501190122e-05
4.527976551 1.6764896125564904e-05
4.529327782 1.429266113146196e-05
4.530679014 1.3335036625788833e-05
4.532030245 1.3457042990802235e-05
4.533381477 1.4262860711777963e-05
4.534732708 1.3891795387261821e-05
4.53608394 1.2127761215779645e-05
4.537435171 8.664782415611408e-06
4.5387864030000005 5.3396467468066655e-06
4.540137634 3.208450359710479e-06
4.541488865 1.8689813204573783e-06
4.542840097 3.216283183946763e-07
4.544191328 3.486135464831805e-08
4.5455425599999995 6.413759253791922e-09
4.5468937910000005 1.1489189021273739e-08
4.548245023000001 8.32775193718897e-08
4.549596254 1.661529103904721e-06
4.550947485 3.2176571965903513e-06
4.552298716999999 7.271385468786416e-06
4.553649948 5.638219031627957e-06
4.5550011800000005 7.399644066904988e-07
4.556352411 3.097115581501322e-07
4.557703643 8.120581904433698e-07
4.559054874 1.3467924881696753e-06
4.560406106 2.52859962561374e-07
4.561757337 5.794947272460229e-09
4.563108568 1.3493060210415084e-07
4.5644598 1.941329789257857e-06
4.565811031 2.5553242378900034e-06
4.567162263 2.6496675756411527e-08
4.568513493999999 5.153283020094608e-09
4.569864726 5.150696890705765e-09
4.571215957000001 1.8017792914220243e-07
4.572567188 1.8772228585025827e-06
4.57391842 1.7119475142837101e-06
4.575269650999999 2.0395008678806315e-08
4.5766208829999995 5.143379066836433e-09
4.5779721140000005 5.140733897390799e-09
4.579323346 5.13808569561825e-09
4.580674577 5.135436096557618e-09
4.582025809 5.1328374742576785e-09
4.58337704 5.130214470557668e-09
4.584728271 5.1275815800236894e-09
4.586079503 5.124930571460357e-09
4.587430734 5.12227551591358e-09
4.588781966 5.1196197437897266e-09
4.590133197 5.116899662437108e-09
4.591484429 5.114097362350659e-09
4.5928356599999995 5.111283612018195e-09
4.5941868910000005 5.108494506354742e-09
4.595538123 5.105669243300836e-09
4.596889354 5.102812148145509e-09
4.598240586 5.099946747548017e-09
4.599591817 5.097077969926804e-09
4.6009430490000005 5.094212692811643e-09
4.60229428 5.091284275053654e-09
4.603645512 1.852133112952717e-08
4.604996743 2.2269953908201837e-08
4.606347974 5.340960822658117e-09
4.607699206 5.079370862406911e-09
4.609050437 5.076289682780487e-09
4.610401669 5.0734163334794526e-09
4.611752900000001 5.0710288732966474e-09
4.613104132 5.068602341876337e-09
4.614455363 5.066095441658602e-09
4.6158065950000005 5.063558822516172e-09
4.617157826 5.061008423641801e-09
4.618509057 5.058424964585563e-09
4.619860289 5.055801987918133e-09
4.62121152 5.052419504311175e-09
4.622562751999999 5.0489467515760436e-09
4.6239139830000004 5.045432763605797e-09
4.625265215000001 5.041866115092721e-09
4.626616446 5.038242199767603e-09
4.627967677 5.034579854454648e-09
4.629318908999999 5.030901964906449e-09
4.63067014 5.027174677351956e-09
4.6320213720000005 5.023407438572292e-09
4.633372603 5.01957372309069e-09
4.634723835 5.015716050234306e-09
4.636075066 5.011821456037245e-09
4.637426298 5.5021363342884105e-09
4.638777529 1.0135777326852016e-07
4.64012876 7.985855532477782e-08
4.641479992 5.02439235886705e-09
4.642831223 4.99167835454444e-09
4.644182455 4.987551190421911e-09
4.645533685999999 4.98341000431528e-09
4.646884918 4.9792627299481995e-09
4.648236149000001 4.97511398270303e-09
4.64958738 4.970900570006514e-09
4.650938612 7.419833720241424e-08
4.652289842999999 1.2708060947949722e-06
4.6536410749999995 2.7552421502902084e-06
4.6549923060000005 3.2758778555452856e-06
4.656343538 2.7081217607221584e-06
4.657694769 1.8264380675128585e-06
4.659046001 1.1250779839616457e-06
4.660397232 4.496970564500518e-07
4.661748463 1.2640771945225556e-08
4.663099695 4.932761898930787e-09
4.664450926000001 4.9284719842687265e-09
4.665802158 4.9242012592615315e-09
4.667153389 1.4804899549322955e-08
4.668504621 9.256516150342481e-07
4.6698558519999995 1.4562675344814638e-06
4.6712070830000005 4.633420599761227e-07
4.672558315 9.630830177487921e-09
4.673909546 4.8991364163373525e-09
4.675260778 4.8950713128586845e-09
4.676612009 4.891076316115737e-09
4.6779632410000005 4.887127626982583e-09
4.679314472 4.883188826705147e-09
4.680665704 4.8792276647309386e-09
4.682016935 4.875254085791019e-09
4.683368166 4.871368646844081e-09
4.684719398 4.86752991512572e-09
4.686070629 4.863737649133378e-09
4.687421861 4.860015356132874e-09
4.688773092 4.856389951807278e-09
4.690124324 7.127730864465942e-09
4.691475555 1.130347521236697e-07
4.6928267869999996 6.543091334842413e-07
4.694178018 1.7655849096251636e-06
4.695529249 2.4559317810137804e-06
4.696880481 2.4264666355745617e-06
4.698231712 1.8085922630093819e-06
4.699582943999999 2.6865924643634935e-08
4.700934175 4.8330663323024185e-09
4.702285407000001 4.830269442584637e-09
4.703636638 4.8275321437809435e-09
4.704987869 4.824832670705842e-09
4.706339100999999 4.822232512633129e-09
4.707690332 4.819723547592962e-09
4.7090415640000005 4.817305443044693e-09
4.710392795 4.815118457403459e-09
4.711744027 1.3079855820850364e-08
4.713095258 3.933060273124856e-07
4.71444649 4.967424797005288e-07
4.7157977209999995 4.942907983926235e-07
4.717148952 6.106591928228353e-07
4.718500184000001 4.3307240005894624e-08
4.719851415 4.804717912697972e-09
4.721202647 4.802856928358256e-09
4.722553877999999 3.32751272765111e-08
4.72390511 2.0917402839523877e-06
4.725256341000001 3.762154501625129e-06
4.726607572 4.810788067564826e-06
4.727958804 4.4580297784641806e-06
4.729310035 3.106403043739207e-06
4.730661267 2.2664231062603773e-06
4.7320124980000005 1.0236770818873202e-06
4.73336373 8.205155231157338e-08
4.734714961 4.904555772921438e-09
4.736066193 3.04326383824829e-08
4.737417424 2.8010953285781926e-07
4.738768654999999 1.1192478912414169e-06
4.740119887 2.115114012181097e-06
4.741471118000001 3.0698234892674305e-06
4.74282235 3.5213095111996867e-06
4.744173581 3.38130794967479e-06
4.745524813 5.481153112414506e-06
4.7468760439999995 6.002843745656235e-06
4.748227276 5.482320863493574e-06
4.749578507 4.116289228560774e-06
4.750929738 4.631809534181462e-06
4.75228097 6.391073213057622e-06
4.753632201 8.725749907395123e-06
4.7549834330000005 1.0562552722056243e-05
4.756334664 1.1476276027390884e-05
4.757685896 8.642437960238618e-06
4.759037127 5.531279614522993e-06
4.760388358 4.332631011988461e-06
4.76173959 3.595781483357033e-06
4.763090821 2.874056984086186e-06
4.764442053 2.1869986238721095e-06
4.765793284 2.588914031976693e-06
4.767144516 3.873346356837615e-06
4.768495747 4.377575381933702e-06
4.7698469789999995 4.659233320106885e-06
4.77119821 2.309166896416204e-06
4.772549441 1.986407279319517e-07
4.773900673 4.68368732341674e-07
4.775251904 2.1931230658866553e-08
4.776603135999999 4.727112623842793e-09
4.777954367 4.724379580423631e-09
4.779305599000001 4.721608149273345e-09
4.78065683 4.7187561032689325e-09
4.782008061000001 4.715877767995405e-09
4.783359293 1.1062880956977668e-08
4.784710524 3.6084228701671803e-07
4.7860617560000005 1.2330164741373774e-06
4.787412987 2.0193043432818765e-06
4.788764219 2.3903259976637303e-06
4.79011545 2.688385677572564e-06
4.791466682 2.883950032503152e-06
4.7928179129999995 2.6654818429918956e-06
4.7941691440000005 2.2825889272025846e-06
4.795520376000001 1.639120292729215e-06
4.796871607 1.0161195976762327e-06
4.798222839 1.354004608135087e-06
4.799574069999999 1.2255176709433138e-06
4.800925302 1.5998852193139335e-06
4.802276533000001 8.238196857758449e-07
4.803627764 6.203855311109537e-08
4.804978996 4.668093535216251e-09
4.806330227 4.665525567326799e-09
4.807681459 4.663026536725784e-09
4.80903269 4.665690351606442e-09
4.810383922 2.81935076764516e-08
4.811735153 9.096138841022468e-07
4.813086384999999 1.2382225008621257e-06
4.814437616 1.3698870125662548e-06
4.815788846999999 1.1365444613793199e-06
4.817140079 1.2614136497162368e-06
4.818491310000001 1.5249307394867109e-06
4.819842542 1.778552503748425e-06
4.821193773 1.818189723765271e-06
4.822545005 1.5823204263136583e-06
4.8238962359999995 1.1140668113299567e-06
4.825247468 4.822215557282468e-07
4.826598699 1.4430720252949163e-08
4.82794993 1.3704313437853866e-08
4.829301162 2.4226431565484105e-07
4.830652393 5.977093791583224e-07
4.8320036250000005 3.724277034792872e-06
4.833354856 2.6323888984024467e-06
4.834706088 3.486585612639893e-07
4.836057318999999 8.264255846615051e-09
4.83740855 2.2751006239898704e-08
4.838759782 2.0620068955924937e-07
4.840111013 1.1597121867880051e-08
4.841462245 1.2687928242059227e-08
4.842813476 5.159837749959395e-07
4.844164708 5.542514911154416e-08
4.845515939 4.610375183565402e-09
4.8468671709999995 4.608164121757518e-09
4.8482184020000005 1.1514412828387074e-08
4.849569633 4.2454814028928166e-07
4.850920865 1.9091910882968873e-06
4.852272096 3.6529717363556352e-06
4.853623327999999 2.3729773549893758e-06
4.854974559 3.462013973407885e-07
4.856325791000001 8.152826255487616e-09
4.857677022 3.3112720388398696e-08
4.859028253 1.7140513450419642e-06
4.860379485 1.7060445063280948e-06
4.861730716 4.1338763127226625e-07
4.863081948 3.375550221237951e-07
4.864433179 1.7602598895430648e-06
4.865784411 2.7813524086927945e-06
4.867135642 3.149479671702042e-06
4.868486874 3.133479196830236e-06
4.8698381049999995 2.2904507175849844e-06
4.8711893360000005 1.7070039731314292e-07
4.872540568000001 5.435752603426879e-09
4.873891799 4.540021210647779e-09
4.875243031 4.534846483996306e-09
4.876594261999999 4.532394108191871e-09
4.8779454939999995 7.939264824993604e-09
4.879296725000001 5.5486764227671766e-08
4.880647956 3.5779044612939107e-07
4.881999188 3.062889870954121e-06
4.883350419 2.9342685490681037e-06
4.884701651 3.196147039840499e-06
4.8860528819999995 2.6728095760434003e-06
4.887404114 2.148353441006981e-06
4.888755345 1.756864484413503e-06
4.890106576999999 7.811171777920836e-07
4.891457808 5.70677860214107e-07
4.892809038999999 5.798150125798799e-07
4.894160271 1.7717460124459304e-06
4.895511502000001 3.294037339969962e-06
4.896862734 3.5197897758183567e-06
4.898213965 3.383186034778045e-06
4.899565197 2.1296867369687514e-06
4.900916428 5.029332480390323e-07
4.902267660000001 1.0612089934130832e-06
4.903618891 2.137298133139548e-06
4.904970122 3.0135166252950335e-06
4.906321354 1.4383493594062746e-06
4.907672585 3.5660741538763315e-07
4.9090238170000005 2.052002998341986e-08
4.910375048 2.260588019161656e-08
4.91172628 4.910694950166997e-07
4.913077511 1.304452283740406e-06
4.914428742 2.0524164881113756e-06
4.915779974 2.304643138284031e-06
4.917131205 2.5956062941948226e-06
4.918482437 2.936324631515976e-06
4.919833668 2.3470514664922395e-06
4.9211849 1.7696433813061811e-06
4.922536131 4.5377218934125773e-07
4.9238873629999995 3.182021938196998e-07
4.9252385940000005 1.1544060752626829e-08
4.926589825 4.1984231870186574e-09
4.927941057 4.189038535530932e-09
4.929292288 1.6986540752299185e-08
4.930643519999999 2.6805509064718866e-07
4.931994751 1.5120246211835408e-08
4.933345983000001 4.151355430859449e-09
4.934697214 4.141883809136031e-09
4.936048445 4.132317382586482e-09
4.937399677 4.122615298957339e-09
4.938750908 4.11280225405174e-09
4.94010214 4.102858284095333e-09
4.941453371 4.0947700968271345e-09
4.942804603 4.086840981815146e-09
4.944155834 4.076162886354414e-09
4.945507066 4.065217518340024e-09
4.9468582969999995 4.053938869355927e-09
4.9482095280000005 8.035731588364367e-08
4.949560760000001 3.3487958496821996e-06
4.950911991 5.600344627845823e-06
4.952263223 8.464675588750239e-06
4.953614453999999 9.751579702817728e-06
4.9549656859999995 9.702893670687187e-06
4.9563169170000005 8.565729907391149e-06
4.957668148 4.928726545135663e-06
4.95901938 3.874923066252615e-06
4.960370611 2.341833352956596e-06
4.961721843 1.767966254440591e-06
4.9630730739999995 1.5355999299981184e-06
4.964424306 1.8579650388282649e-06
4.965775537000001 2.3187512943846214e-06
4.967126769 1.835988005569016e-06
4.968478 2.015792452642756e-06
4.969829230999999 1.8153207997347415e-06
4.971180463 1.5850267483633904e-06
4.972531694000001 1.6321164211526571e-06
4.973882926 1.7167373169938782e-06
4.975234157 1.2811607875199866e-06
4.976585389 6.5139636312849e-08
4.97793662 3.6678949069544314e-09
4.979287852000001 5.712695069881977e-08
4.980639083 1.2135262697289612e-06
4.981990314 1.6529851181129246e-06
4.983341545999999 2.040850492800271e-06
4.984692777 2.587904887012279e-06
4.986044009 3.4313810808474296e-06
4.98739524 3.3296416410946403e-06
4.988746472 3.712212122420139e-06
4.990097703 4.823589776472364e-06
4.991448934 6.864654142380047e-06
4.992800166 8.87629272436439e-06
4.9941513969999995 9.311150200436632e-06
4.995502629 8.446260710852685e-06
4.99685386 6.719953277058181e-06
4.998205092 4.861974973439649e-06
4.999556323 4.658636530030742e-06
5.0009075549999995 4.076257539613155e-06
5.0022587860000005 2.861809214752051e-06
5.003610017 1.4707057212410828e-06
5.004961249 9.144895287244912e-07
5.006312479999999 5.53944276028439e-07
5.007663711999999 5.761374455366231e-07
5.009014943 1.1610600376231987e-06
5.010366175 1.4368812954236266e-06
5.011717406 1.443205260896451e-06
5.013068637 1.0542289742752347e-06
5.014419869 1.361540386358956e-06
5.0157711 1.287516196797022e-06
5.017122332 1.0348335047615205e-06
5.018473563 6.925073158748399e-07
5.019824795000001 6.35996224413366e-07
5.021176026 1.116032397267442e-06
5.022527258 1.3991635237494764e-06
5.0238784889999994 1.3321033568109036e-06
5.0252297200000005 7.450720927569295e-07
5.026580952000001 2.0960507223207512e-07
5.027932183 6.10593408183485e-09
5.029283415 5.278980003626236e-09
5.030634646 1.9956295185281244e-07
5.031985878 9.66148102577561e-07
5.033337109 1.4359112730715849e-06
5.034688341 1.5672558093505612e-06
5.036039572 1.7665884586766106e-06
5.037390803 1.6717626876335255e-06
5.038742035 1.76385615306396e-06
5.0400932659999995 1.6883000219045767e-06
5.041444498 1.645326309041086e-06
5.042795729000001 1.5866941623917112e-06
5.044146961 1.3737338912144347e-06
5.045498192 1.2893283098830388e-06
5.046849422999999 1.2850584558915174e-06
5.048200655 1.4858270147798154e-06
5.049551886000001 1.5609942362077308e-06
5.050903118 2.0559003693129626e-06
5.052254349 2.139853020047788e-06
5.053605581 2.131635659236273e-06
5.054956812 2.2469371729101435e-06
5.056308044000001 2.320289721686474e-06
5.057659275 2.2174750677446294e-06
5.059010506 2.1007974817460945e-06
5.060361737999999 2.0003192939827667e-06
5.061712969 2.1867271394113743e-06
5.063064201 2.573984980927301e-06
5.064415432 2.5304086446903526e-06
5.065766664 2.3754161810470212e-06
5.067117895 1.8303272966721696e-06
5.068469126 1.3749514450193593e-06
5.069820358 9.61852941783678e-07
5.0711715889999995 8.20188034098259e-07
5.072522821 8.79788955723782e-07
5.073874052 1.113987477353575e-06
5.075225284 1.6357969656220423e-06
5.076576515 1.8783049512155431e-06
5.0779277469999995 2.0572076637969173e-06
5.0792789780000005 1.806247335910045e-06
5.080630209 1.5965869581409586e-06
5.081981441 1.3583756677418356e-06
5.083332671999999 1.2186484214682994e-06
5.084683904 1.1870086803572691e-06
5.086035135 1.1761745972011306e-06
5.087386367 1.13051742920465e-06
5.088737598 1.0950173052187396e-06
5.090088829 1.053703791546388e-06
5.091440061 1.0816372310074401e-06
5.092791292 1.1436686029380477e-06
5.094142524 1.1249526890696812e-06
5.095493755000001 1.0961359781514394e-06
5.096844987000001 9.780751301942897e-07
5.098196218 8.510964828501705e-07
5.09954745 7.630512580776975e-07
