Wavelength_microns Throughput
3.9982938279999996 0.0
3.9996450589999997 0.0
4.00099629 2.7055414790792857e-05
4.002347521 2.841682200287159e-05
4.003698753 2.747318809292611e-05
4.005049984 2.5450308766485553e-05
4.006401216 2.472501829596761e-05
4.007752447 2.4461137424619693e-05
4.009103679 2.433099093590065e-05
4.01045491 2.4906937500330735e-05
4.011806141 2.5909090931226777e-05
4.013157373 2.687452727233436e-05
4.014508604 2.5633547892013083e-05
4.015859836 2.3482422115695696e-05
4.017211067 2.1242732453974244e-05
4.018562299 1.915820223456395e-05
4.01991353 1.9165721308373125e-05
4.021264761 2.147205617333559e-05
4.022615993 2.4490093013089202e-05
4.023967224 2.712398967585481e-05
4.025318456 2.9081876102037696e-05
4.026669687 2.9543172187295582e-05
4.028020919 2.840538280724868e-05
4.02937215 2.6181289140201682e-05
4.030723382 2.5735682752256143e-05
4.032074613 2.7613703040177928e-05
4.033425844 3.229886081101512e-05
4.034777076 3.5150780065656527e-05
4.036128307 3.2172250799318734e-05
4.037479539 2.97611033829083e-05
4.03883077 3.191136612050757e-05
4.040182002 3.650657919140615e-05
4.041533233 4.089212347028641e-05
4.042884465 4.3674715805679374e-05
4.044235696 4.570662357490598e-05
4.0455869269999996 4.8449867840963456e-05
4.046938159 5.404660132394341e-05
4.04828939 5.93765870632898e-05
4.049640622 6.143735774078567e-05
4.050991853 6.206737962263877e-05
4.052343085 6.566449925471084e-05
4.053694316 7.539760365313887e-05
4.055045547 8.676952334382704e-05
4.056396779 9.708936216783854e-05
4.05774801 0.00010734233607543188
4.059099241999999 0.00011674539724977906
4.0604504729999995 0.00012506074157171677
4.061801705 0.00013302312275789103
4.063152936 0.00014270941069095055
4.064504168 0.00015494001164256506
4.065855399 0.00016801557923452136
4.06720663 0.00018044879777367337
4.0685578620000005 0.00019213415214686761
4.069909093000001 0.00020398384623442826
4.071260325 0.00021713302883600734
4.072611556 0.00023119186715981932
4.073962788 0.0002478545218278901
4.075314019 0.0002687503481306276
4.07666525 0.0002921274327745602
4.078016482 0.0003165614506388606
4.079367713 0.0003417428161599805
4.080718945 0.00036939912324413665
4.082070176 0.0003993094952419341
4.083421408 0.00043237348382288426
4.084772639 0.00046981354548066
4.086123871 0.0005108384376334243
4.087475102 0.0005543229485991074
4.088826333 0.0006014046012881904
4.090177565 0.0006570731134830767
4.091528796 0.0007189623917343803
4.092880028 0.000785602763545372
4.094231259 0.0008577026766273119
4.095582491 0.000935935209528076
4.096933722 0.0010208734547639724
4.098284953 0.0011147416458276262
4.0996361850000005 0.0012199477720548073
4.100987416 0.001335482618677595
4.102338648 0.0014626382326672935
4.103689878999999 0.0016035927101116147
4.105041110999999 0.0017624534089063122
4.106392342 0.0019377922968146508
4.107743574 0.0021283886291973996
4.109094805 0.002338502677897382
4.110446036 0.002570756254912196
4.111797268 0.002828939850394137
4.113148499 0.00311731635186334
4.1144997309999995 0.0034414464804397157
4.115850962000001 0.0038022787931208204
4.117202194000001 0.004201214462589721
4.118553425 0.0046416513525398585
4.119904657 0.00513170357604651
4.121255887999999 0.005681914528643093
4.122607119 0.00629754495969124
4.123958351000001 0.006984234113013429
4.125309582 0.007753506617632247
4.126660814 0.008612885361840053
4.128012045 0.009574723475418857
4.129363277 0.010646302103482616
4.130714508 0.01184634494511674
4.132065739 0.013191249913668506
4.133416971 0.014693898307741638
4.134768202 0.0163766203609413
4.136119434 0.018267339231952645
4.1374706649999995 0.0203864732909214
4.138821897 0.02275833612736952
4.140173128000001 0.025420742110270053
4.14152436 0.028402273959131363
4.142875591 0.03174429181822505
4.144226821999999 0.03549182767483213
4.145578054 0.03968759163119964
4.146929285000001 0.04438269263825495
4.148280517 0.0496389168585147
4.149631748 0.05550535565861631
4.15098298 0.06205911909043814
4.152334211 0.06935884766774969
4.153685442 0.07745367824953361
4.155036674 0.08644486581784994
4.156387905 0.09638640459696961
4.157739136999999 0.10735613771587064
4.159090368 0.11939931897265547
4.1604416 0.13254739256015755
4.161792831 0.14686278957704715
4.163144063 0.16238986259929966
4.164495294 0.17910775404853513
4.165846525 0.19696354315333678
4.167197757 0.21579972190685748
4.1685489879999995 0.2355949248652257
4.169900220000001 0.25626121503083715
4.171251451 0.2776704053838962
4.172602683 0.29948303045960706
4.173953914 0.32121054437397406
4.1753051459999995 0.34294235847397847
4.1766563770000005 0.36436248921338343
4.178007608 0.385262540719564
4.17935884 0.40530073280401774
4.180710071 0.4237585829040044
4.182061303 0.4409982811416385
4.183412534 0.4568622507770536
4.184763766 0.47129290852605565
4.186114997 0.48419232314184074
4.187466228 0.49501677328955124
4.18881746 0.5044684715043718
4.190168691 0.5126114422144956
4.1915199229999995 0.5194643306437186
4.1928711540000005 0.5250829577668988
4.194222386000001 0.5294627464421446
4.195573617 0.5329766533009498
4.196924849 0.535732919170785
4.198276079999999 0.5378506968064084
4.199627311 0.5394026305311667
4.200978543 0.5403954767278386
4.202329774 0.5410613676186135
4.203681006 0.5414624885686191
4.205032237 0.5416797955097593
4.206383469 0.5416820489106249
4.2077347 0.5415596154032447
4.209085931 0.5414075602313773
4.210437163 0.5412151465643268
4.211788394 0.5409863574937507
4.213139626 0.5407797013981896
4.2144908569999995 0.5406395021520841
4.215842089 0.5405339630538507
4.217193320000001 0.5404744150286217
4.218544552 0.5404891963330468
4.219895783 0.5405976556993726
4.221247013999999 0.5407286932607804
4.2225982459999996 0.5409242597978252
4.223949477 0.541190934501999
4.225300709 0.5415105383859896
4.22665194 0.54183304452015
4.228003171999999 0.5421954055991839
4.229354403 0.5425945808399929
4.2307056339999995 0.5430046961671319
4.232056866 0.5433862813651908
4.233408097000001 0.5438057113778243
4.234759329 0.5442157530569841
4.23611056 0.5445916026268623
4.237461792 0.5449355831265145
4.238813023 0.5452969156050854
4.240164255 0.5456170403356351
4.241515486 0.5459068865689672
4.242866717 0.546164689395389
4.244217949 0.5464073488555583
4.24556918 0.5465575647846432
4.246920412000001 0.546637083595383
4.248271643 0.5466553928492438
4.249622875 0.5466399585402917
4.250974105999999 0.5464947439920012
4.2523253379999995 0.5462821983053838
4.2536765690000005 0.5460177440403658
4.2550278 0.5456898313279701
4.256379032 0.5452275360106091
4.257730263 0.5446765515622392
4.259081495 0.5440458078375362
4.260432726 0.5433142218035706
4.261783958 0.5424291507345631
4.263135189 0.5413853691111251
4.26448642 0.5401826267521652
4.265837652 0.5387725023462245
4.267188883 0.5371186876300743
4.2685401149999995 0.5351185090954623
4.2698913460000005 0.532783504303443
4.271242578000001 0.5301850599740784
4.272593809 0.5274211789561949
4.273945041 0.5248369436695042
4.275296271999999 0.523205704873478
4.276647503 0.5227932698709125
4.277998735 0.5236927944601626
4.279349966 0.5259685875697953
4.280701198 0.5285407414207087
4.282052429 0.5305022632811291
4.283403661 0.5316701287205775
4.284754892 0.5319837505001456
4.286106123 0.5315220003888109
4.287457355 0.5308522759368662
4.288808586 0.5300964128265552
4.290159818 0.5293538083411926
4.2915110489999995 0.5285732062477067
4.292862281 0.5278124422289153
4.294213512000001 0.5271075212471007
4.295564744 0.5264197499531201
4.296915975 0.52573168556477
4.298267206 0.5251043195574631
4.299618438 0.5244961200664899
4.300969669 0.523923180314794
4.302320901 0.5233838452992899
4.303672132 0.5228975252373333
4.305023363999999 0.5224934997655365
4.306374595 0.5221115398657725
4.3077258259999995 0.5217553278617145
4.309077058 0.5215276828982154
4.310428289000001 0.5213410772373503
4.311779521 0.5212051277272091
4.313130752 0.5211326141458071
4.314481984 0.521140844187117
4.315833215 0.5212023956386189
4.317184447 0.5213343141613611
4.318535678 0.5214686777250391
4.319886909 0.5217007734068151
4.321238141 0.5220000247950576
4.322589372 0.5222966275113947
4.323940604000001 0.5226145892819167
4.325291835 0.5230295291272005
4.326643067 0.5234113161841326
4.327994297999999 0.5237807747731686
4.329345529999999 0.5241666346395674
4.3306967610000004 0.524544729299851
4.332047992 0.5249148725912568
4.333399224 0.5252079143552983
4.334750455 0.5254492356745047
4.336101687 0.5256693731349754
4.337452918 0.5257696882949796
4.33880415 0.5257748337481817
4.340155381 0.5257090185215992
4.341506612 0.5255050076119967
4.342857844 0.5251720515911219
4.344209075 0.524735157577653
4.3455603069999995 0.5241399263079696
4.3469115380000005 0.523418710917637
4.34826277 0.5225958088234169
4.349614001 0.5216041903319413
4.350965233 0.5204876357650718
4.352316464 0.5192623187783042
4.353667695 0.5179102592792493
4.355018927 0.5164569627825067
4.356370158 0.5149104955645297
4.35772139 0.5132935531891901
4.359072621 0.5116188126057103
4.360423853 0.5098632102924998
4.361775084 0.5080809734068275
4.363126315000001 0.5062636609860539
4.364477547000001 0.5043902494457512
4.365828778 0.5024582452306936
4.36718001 0.5004807059918843
4.3685312409999995 0.49839873564794196
4.369882473 0.49619710206537393
4.371233704 0.4938128057273193
4.372584936 0.49117351464398884
4.373936167 0.488233904303669
4.375287398 0.48494169730436854
4.37663863 0.4810178986546872
4.377989861 0.4764376760631748
4.379341093 0.4711920832761402
4.380692324 0.465219266368696
4.382043555999999 0.45784921736746015
4.383394787 0.44949169968903596
4.3847460179999995 0.4401143921105747
4.38609725 0.4294306532989859
4.387448481000001 0.4170144709262526
4.388799713 0.40344261021275674
4.390150944 0.3887651140608084
4.391502176 0.37237095420989397
4.392853407 0.35458068398863835
4.394204639 0.3359353207760993
4.39555587 0.31662305102480254
4.396907101 0.29576223937882634
4.398258332999999 0.27470516907933146
4.399609564 0.2536756638962008
4.400960796000001 0.23261515743050148
4.402312027 0.2115913717389437
4.403663259 0.19142433626417787
4.405014489999999 0.1722848157846395
4.406365721999999 0.15395171404960128
4.407716953 0.13688942025963574
4.409068184 0.1212675966302827
4.410419416 0.10703446800882965
4.411770647 0.09409324073604063
4.413121879 0.08256251635143821
4.41447311 0.07232573410210558
4.415824342 0.0632673033613924
4.417175573000001 0.05530509239606497
4.418526804 0.048332632262441735
4.419878036 0.04223809601720715
4.421229266999999 0.03694355764165247
4.4225804989999995 0.032333631774885095
4.4239317300000005 0.02832072221129226
4.425282962 0.024837537417500923
4.426634193 0.02181827428531426
4.427985425 0.019189352759175854
4.429336656 0.0168977248820836
4.430687887 0.014912636738706238
4.432039119 0.013181951366862728
4.43339035 0.011668810759949398
4.434741582 0.010346317013760476
4.436092813 0.009190209434564745
4.437444045 0.008174654086973262
4.438795276 0.007282288373870828
4.440146507000001 0.006499127614645124
4.441497739000001 0.005808151557044659
4.44284897 0.005197944248917327
4.444200202 0.0046609139069518765
4.445551432999999 0.00418338450715987
4.446902665 0.0037595009422220515
4.448253896 0.0033844339764689145
4.449605128 0.0030531068893481397
4.450956359 0.0027549616694981785
4.45230759 0.0024869486211263566
4.453658822 0.0022500485249976076
4.455010053 0.0020402310453010806
4.456361285 0.0018518132775203308
4.457712516 0.0016809167205121824
4.459063747999999 0.0015271799084587022
4.460414979 0.0013887013009072514
4.4617662110000005 0.0012640031445096931
4.463117442 0.0011526963657268693
4.464468673000001 0.001054550775583479
4.465819905 0.0009669246391058843
4.467171136 0.0008868932681476007
4.468522368 0.0008100080342024167
4.469873599 0.0007387565019191835
4.471224831000001 0.0006737951738181647
4.472576062 0.000616131409300869
4.473927293 0.0005640266876880628
4.475278524999999 0.0005168296372492391
4.476629756 0.0004740639136293488
4.4779809880000006 0.000434090320161208
4.479332219 0.00039741717504775196
4.480683451 0.0003652016958427458
4.482034682 0.00033757366518846695
4.483385914 0.00031157976619950795
4.484737145 0.00028548939308631875
4.486088376 0.000261149406234822
4.487439608 0.00024098721490808955
4.488790839 0.00022491841232899853
4.490142071 0.00020924659304925143
4.491493302 0.00019233066620967203
4.492844534 0.00017518867922953303
4.494195765000001 0.00015924693882315906
4.495546996 0.00014672641820741303
4.496898228 0.0001369722051663615
4.498249458999999 0.00013055305389375705
4.4996006909999995 0.0001235695725157157
4.5009519220000005 0.0001153547573937815
4.502303154 0.00010534228159514455
4.503654385 9.662637382918181e-05
4.505005617 8.844943639244604e-05
4.506356848 8.105676057919228e-05
4.507708079 7.118204811232474e-05
4.509059311 6.378117388922427e-05
4.510410542 5.863313041631811e-05
4.511761774 5.5136492503801795e-05
4.513113005 5.012098069142698e-05
4.514464237 4.498807510465489e-05
4.5158154679999996 4.137681247188608e-05
4.517166699000001 3.997644610726576e-05
4.518517931 3.891185538158768e-05
4.519869162 3.718816069592943e-05
4.521220394 3.51612576302635e-05
4.522571624999999 3.353892877677785e-05
4.523922857 3.249608195019847e-05
4.525274088 3.180483492548712e-05
4.52662532 3.122505071579713e-05
4.527976551 3.0739036239984766e-05
4.529327782 3.007647846592659e-05
4.530679014 2.985740377349251e-05
4.532030245 3.0017436960659138e-05
4.533381477 3.008999746511274e-05
4.534732708 2.841569140254438e-05
4.53608394 2.5795740110759126e-05
4.537435171 2.3497205015197726e-05
4.5387864030000005 2.3527910491041208e-05
4.540137634 2.4530364420219496e-05
4.541488865 2.475012559666943e-05
4.542840097 2.3136845326101537e-05
4.544191328 2.1152123437110092e-05
4.5455425599999995 1.9728378452745682e-05
4.5468937910000005 1.933930048970883e-05
4.548245023000001 1.9663975136600202e-05
4.549596254 2.0309172449938903e-05
4.550947485 0.0
4.552298716 0.0
