Wavelength_microns Throughput
2.0004663860000003 1.8770911215681167e-10
2.002610509 1.6358892153173312e-10
2.004754632 1.417875415104197e-10
2.006898754 1.2476378627432764e-10
2.009042877 1.1208223044410297e-10
2.011186999 1.0341074267513914e-10
2.013331122 9.65582568964145e-11
2.015475245 9.134838895770099e-11
2.017619367 8.562899423637094e-11
2.01976349 7.98583052770757e-11
2.021907612 7.531108352865654e-11
2.024051735 7.00283195645354e-11
2.026195858 6.635152527879886e-11
2.02833998 6.322818995163148e-11
2.030484103 6.070384907022915e-11
2.032628225 5.899507115078489e-11
2.034772348 5.69400363640902e-11
2.036916471 5.536109504772711e-11
2.039060593 5.434921712066726e-11
2.0412047159999998 5.46464562000973e-11
2.043348838 5.479708053361364e-11
2.045492961 5.5423087679118765e-11
2.0476370839999998 5.649736910702572e-11
2.049781206 5.874490261177467e-11
2.0519253290000004 6.094418859196369e-11
2.0540694509999997 6.42545385348852e-11
2.056213574 6.752456431699546e-11
2.058357697 7.18296145959335e-11
2.060501819 7.586731832997789e-11
2.062645942 8.05080776369596e-11
2.064790064 8.645882826165305e-11
2.0669341869999998 9.379156591801145e-11
2.06907831 1.0249117035671298e-10
2.071222432 1.1281118051636258e-10
2.073366555 1.2596667051040253e-10
2.075510677 1.439518555552567e-10
2.0776548 1.652419319804307e-10
2.079798923 1.943187141796367e-10
2.081943045 2.2929939079971382e-10
2.084087168 2.7447427685760323e-10
2.08623129 3.3061893296077863e-10
2.088375413 3.97617834585684e-10
2.090519536 4.632907357263978e-10
2.0926636579999998 5.440904328640695e-10
2.094807781 6.012267687795142e-10
2.0969519030000003 6.589828131004237e-10
2.0990960260000002 7.021603902001907e-10
2.101240149 7.341974224536455e-10
2.103384271 7.523705400801794e-10
2.105528394 7.220977085939994e-10
2.107672516 6.818493354780371e-10
2.109816639 6.174057792206222e-10
2.1119607620000003 5.413334435535269e-10
2.114104884 4.427219188537334e-10
2.116249007 3.454983968003951e-10
2.118393129 2.701325082489835e-10
2.120537252 2.3813712846720594e-10
2.122681375 2.133126595228625e-10
2.124825497 1.8600343346845587e-10
2.1269696199999997 1.6329787505396003e-10
2.129113742 1.218820563786929e-10
2.1312578650000003 8.663851963092559e-11
2.133401988 6.993590647445902e-11
2.1355461100000004 6.692278174540886e-11
2.137690233 7.87095758635849e-11
2.139834355 8.001457012471889e-11
2.141978478 8.118122510407973e-11
2.144122601 8.786812747566421e-11
2.146266723 9.578992907338572e-11
2.1484108460000004 1.1154825570796714e-10
2.150554968 9.483144938145548e-11
2.152699091 8.216097824363078e-11
2.154843214 7.329400279636852e-11
2.1569873360000003 7.94253178685836e-11
2.159131459 1.0768047756835437e-10
2.161275581 1.1877774439858687e-10
2.163419704 1.3139311541957945e-10
2.165563827 1.3890659252759222e-10
2.167707949 1.4778987002545693e-10
2.1698520720000003 1.3611966058933002e-10
2.1719961939999997 1.0516756317765465e-10
2.174140317 9.18039371309365e-11
2.17628444 8.073807449344505e-12
2.178428562 5.089963119649975e-13
2.180572685 2.643069493353975e-13
2.182716807 2.181355302674204e-12
2.1848609299999997 2.9061339783874488e-11
2.187005053 4.334454347753782e-12
2.189149175 1.260958383131895e-12
2.191293298 3.7047942546569615e-12
2.1934374200000004 1.6461695670242918e-11
2.195581543 7.539106274563499e-11
2.1977256659999997 2.5764698953706907e-11
2.199869788 1.9537004829448574e-11
2.202013911 5.882517409148296e-11
2.204158033 1.2318557185553626e-10
2.206302156 2.9081783784234123e-10
2.208446279 3.56612753184795e-10
2.210590401 4.4795717974505314e-10
2.212734524 4.1989484074999607e-10
2.2148786460000003 3.5380179291122496e-10
2.217022769 3.964961590602372e-10
2.219166892 2.843913722284927e-10
2.221311014 2.617584792449731e-10
2.2234551369999997 3.096523062982782e-10
2.225599259 3.6790346306587447e-10
2.2277433820000003 5.476522188333661e-10
2.229887505 6.802578106150977e-10
2.232031627 8.405493779162612e-10
2.23417575 7.768887517810764e-10
2.236319872 4.375754374887812e-10
2.238463995 2.537021903549244e-10
2.240608118 5.987609797845571e-11
2.2427522399999997 6.986184431037157e-11
2.2448963629999996 1.7295512196067796e-10
2.247040485 3.590562979754217e-11
2.249184608 1.2002462189127183e-11
2.251328731 1.1516424146819003e-11
2.2534728530000003 1.3816412895323723e-11
2.2556169759999998 1.8621257607150047e-11
2.257761098 1.3224117540054049e-10
2.259905221 1.8514836852913333e-09
2.2620493440000002 6.8493532838871776e-09
2.264193466 7.602884393577933e-09
2.2663375890000004 8.298566883162323e-09
2.2684817109999997 9.526958072197174e-09
2.270625834 1.1668980755562301e-08
2.272769957 1.5451348646290062e-08
2.274914079 1.3448510675562497e-08
2.277058202 1.202561642351283e-08
2.279202324 9.94441704822805e-09
2.2813464469999998 8.36432784336181e-09
2.28349057 8.938005203490999e-09
2.285634692 9.373630962436575e-09
2.2877788150000002 1.2051535236410778e-08
2.2899229369999996 8.365787225790861e-09
2.29206706 4.546689386992102e-09
2.294211183 3.2111537282261723e-09
2.296355305 5.4201168923529724e-09
2.298499428 1.1436043138499715e-08
2.3006435499999998 2.2890291445942414e-08
2.3027876729999996 2.4216131635486358e-08
2.304931796 3.012671663987837e-08
2.307075918 3.794243745526907e-08
2.309220041 4.744384315068488e-08
2.3113641630000004 6.023134442763407e-08
2.3135082860000002 9.40935931059616e-09
2.3156524089999997 1.2933651144316666e-09
2.317796531 7.161092970342701e-10
2.319940654 7.225375377353764e-09
2.322084776 9.119289856907659e-08
2.3242288990000004 3.2905078385844617e-07
2.3263730220000003 3.6514447077128333e-07
2.328517144 4.4211356395622003e-07
2.330661267 7.560239504406786e-08
2.3328053890000002 9.173376699921744e-09
2.334949512 2.2132135936703374e-09
2.337093635 2.4304884737777003e-09
2.339237757 2.6086246384995742e-09
2.3413818799999997 2.733531267148833e-09
2.343526002 2.8111384965562653e-09
2.3456701250000003 2.8547887154957575e-09
2.347814248 2.8818328385990315e-09
2.34995837 2.9085984754097485e-09
2.352102493 2.9486197926306777e-09
2.354246615 3.010643314574375e-09
2.356390738 3.0974151252976807e-09
2.358534861 4.112855634795755e-09
2.3606789829999997 3.3192540784161646e-08
2.362823106 3.3920055866188195e-07
2.364967228 1.428273429625487e-06
2.367111351 1.4641330882522594e-06
2.369255474 1.4996439722697083e-06
2.3713995960000003 8.471964427507544e-07
2.3735437189999997 4.6182357858459456e-07
2.375687841 2.854531388591148e-07
2.377831964 6.157301016453222e-08
2.379976087 3.694098691444867e-08
2.382120209 1.1396095119068453e-07
2.3842643320000003 3.863930944153899e-08
2.3864084539999997 1.330450253655924e-07
2.388552577 6.989367304167877e-07
2.3906967 9.613407763973293e-07
2.392840822 1.3508010993395803e-06
2.394984945 5.797847050877558e-07
2.397129067 5.753746171369686e-08
2.3992731899999997 7.690830347749505e-09
2.401417313 7.661333997768163e-09
2.403561435 3.634294333252349e-08
2.405705558 2.3603658669104632e-07
2.40784968 4.7288699612046243e-07
2.409993803 7.395832351367408e-07
2.4121379259999998 1.685660727766718e-06
2.414282048 1.8480076396458097e-06
2.416426171 1.912088969234278e-06
2.418570293 1.9210668903076962e-06
2.4207144159999996 1.4434214044984198e-06
2.422858539 1.3003596579021112e-06
2.425002661 2.0860038159195974e-06
2.427146784 1.9101534082505806e-06
2.4292909060000003 1.800967685395572e-06
2.431435029 1.8405769651222575e-06
2.4335791519999996 2.1420984622850867e-06
2.435723274 2.6140647102984146e-06
2.4378673969999998 1.6726663663560838e-06
2.440011519 6.527701959092686e-07
2.4421556420000003 3.460758279393951e-07
2.4442997650000002 3.74970082514964e-07
2.446443887 7.348880295062562e-07
2.44858801 2.008148202293988e-06
2.450732132 2.56336816122636e-06
2.452876255 2.6408313022048893e-06
2.455020378 3.0608150863732055e-06
2.4571644999999998 3.0324409785344555e-06
2.459308623 2.921492827028831e-06
2.461452745 2.8435007966756366e-06
2.463596868 1.9212690858777016e-06
2.465740991 1.2126103793038266e-06
2.467885113 8.389878887233726e-07
2.470029236 1.5200304589267203e-07
2.472173358 7.008837242269632e-08
2.474317481 3.172104644789487e-07
2.4764616040000003 5.515008142917955e-07
2.4786057259999996 9.427436459460685e-07
2.480749849 2.183269655873511e-06
2.4828939709999998 2.067512066152399e-06
2.485038094 1.9163453272404337e-06
2.487182217 1.809679670392069e-06
2.489326339 2.2821450215405903e-06
2.491470462 3.04909816505823e-06
2.493614584 4.456928496120438e-06
2.495758707 2.607159472515293e-06
2.49790283 1.9462229899700547e-06
2.500046952 1.1607616876250453e-06
2.5021910750000003 1.7404481322289932e-06
2.5038318559999997 6.854276776589406e-07
2.505183087 1.4657144195874911e-06
2.506534319 4.439625880208938e-09
2.50788555 1.157120171214029e-06
2.509236782 1.0503060840956872e-06
2.510588013 2.2510161247785463e-06
2.511939244 2.402723930390809e-06
2.5132904760000003 1.4721346563289405e-08
2.514641707 1.437654900274095e-07
2.515992939 2.3048804355303024e-07
2.51734417 4.414755521818344e-09
2.5186954019999996 5.951403362985912e-07
2.5200466329999998 1.8535341288437065e-06
2.521397865 5.563376177348374e-08
2.522749096 9.067812402180611e-07
2.524100327 4.684818258511274e-09
2.525451559 2.572002365681732e-07
2.52680279 3.156322584169655e-07
2.5281540220000003 7.105070360774185e-07
2.529505253 7.577414780910026e-07
2.5308564849999997 3.0662643406088634e-07
2.532207716 6.117744416029629e-09
2.533558948 1.598256375571367e-06
2.534910179 4.07046424135479e-06
2.5362614100000003 6.943682273857323e-07
2.537612642 1.0251656401561643e-06
2.538963873 1.0399001269317065e-08
2.5403151050000004 1.4750904136534443e-06
2.5416663359999996 1.0222391121876386e-07
2.5430175680000002 2.8266998041070685e-06
2.544368799 2.424222356514271e-07
2.54572003 1.986502534590328e-06
2.547071262 3.0075459222647464e-06
2.548422493 3.4985507569977836e-06
2.549773725 1.8528639710232775e-06
2.551124956 4.0321864927708096e-08
2.552476188 4.920717176913259e-07
2.553827419 2.448037002064617e-06
2.5551786510000003 2.4591122718814628e-06
2.556529882 2.665684836913886e-06
2.557881113 8.027010430219622e-07
2.559232345 1.2143494579108525e-06
2.560583576 6.676701435633025e-06
2.561934808 5.546416640789023e-06
2.5632860390000003 3.937680167537224e-06
2.564637271 3.6956013066913895e-06
2.565988502 3.378634893467253e-06
2.567339733 3.603025396954038e-06
2.5686909649999996 1.4344295061876734e-06
2.5700421959999997 1.426146446849281e-06
2.571393428 2.5928151940369525e-06
2.572744659 5.7839043436684665e-06
2.574095891 5.1923969385661926e-06
2.575447122 2.711353912222926e-07
2.576798354 1.716481480656227e-06
2.5781495850000002 5.935213779588924e-07
2.5795008160000004 1.0355030925209247e-06
2.580852048 1.6337399149977278e-06
2.582203279 1.9473143149011105e-06
2.583554511 1.1872464905767919e-06
2.584905742 3.200281777031451e-06
2.586256974 3.6234221071775395e-06
2.587608205 2.613664828606297e-06
2.588959437 5.39005067786576e-06
2.590310668 4.411274163410381e-06
2.591661899 4.204650340401248e-06
2.593013131 7.117761782012883e-06
2.594364362 5.951015222719276e-06
2.5957155939999996 6.307410627324697e-07
2.5970668249999997 9.043118102407485e-07
2.598418057 4.315813080672668e-06
2.599769288 4.538090707516685e-06
2.601120519 3.437352654398874e-06
2.602471751 3.676195907699706e-06
2.603822982 7.823629618865797e-06
2.6051742140000003 7.5659531707823055e-06
2.6065254450000004 7.529586809722801e-07
2.607876677 3.669566893100938e-06
2.609227908 3.0861699216939942e-06
2.61057914 2.108407211575424e-06
2.611930371 3.950721702931801e-06
2.613281602 4.37986831967718e-06
2.614632834 5.139607935849287e-06
2.615984065 5.971177423831688e-06
2.617335297 6.640866938652521e-06
2.618686528 3.073536721258818e-06
2.62003776 2.992863944719938e-06
2.621388991 7.537533215082836e-06
2.622740222 9.646493376656166e-06
2.6240914539999998 6.909908806611859e-06
2.625442685 6.479890697915184e-06
2.626793917 6.610411192787068e-06
2.628145148 2.564547318997256e-06
2.62949638 4.228373519831455e-06
2.630847611 5.240909694837129e-06
2.6321988430000003 7.316685117535862e-06
2.6335500740000004 1.8598097845249905e-06
2.634901305 3.318769815577329e-06
2.636252537 7.80900692452964e-06
2.637603768 1.4728175053135131e-06
2.6389549999999997 2.9807892141503635e-06
2.640306231 2.8743596338230653e-06
2.641657463 5.448733640232455e-06
2.643008694 5.40907753370578e-06
2.6443599250000003 4.986461966069477e-06
2.645711157 3.772301862720983e-06
2.6470623879999997 3.216469702382717e-06
2.64841362 2.7299469646750865e-06
2.649764851 1.908948342801745e-06
2.651116083 1.6526239917540562e-06
2.652467314 2.3439056797680557e-06
2.653818546 3.3522366168555025e-06
2.6551697770000002 2.3202292009060363e-06
2.6565210080000004 6.397184889572329e-06
2.65787224 2.8423211850868086e-06
2.659223471 3.876491244354318e-06
2.6605747030000004 4.827681750895954e-06
2.6619259339999997 5.124565577318194e-06
2.663277166 4.0344042268157585e-06
2.664628397 1.6347667926782473e-06
2.6659796289999997 2.371232534683587e-06
2.66733086 1.3548374338370817e-06
2.668682091 5.492399727937704e-06
2.670033323 5.805311325391453e-06
2.6713845540000003 4.3127333339781646e-06
2.672735786 3.899250181455799e-06
2.6740870169999997 3.950048969934767e-06
2.675438249 4.6544133516905425e-06
2.67678948 3.353061302381786e-06
2.678140711 5.957821935524144e-06
2.679491943 5.4452270780459305e-06
2.680843174 3.1373581920863887e-06
2.6821944060000003 1.866464799905356e-06
2.6835456370000004 5.266497844985822e-07
2.684896869 2.8298853349153683e-06
2.6862481 1.2762228437067034e-06
2.6875993319999996 1.3751191083768217e-06
2.6889505629999997 2.255974431715588e-06
2.690301794 3.918887775073424e-06
2.691653026 3.6325490923746305e-06
2.693004257 2.8934265522370234e-06
2.694355489 1.553693334058331e-06
2.69570672 3.099118199962033e-06
2.697057952 3.209868477743106e-06
2.6984091830000003 3.4615913713832936e-06
2.699760414 3.2376598267255304e-06
2.7011116459999998 2.4639576205905155e-07
2.702462877 9.757923466398504e-07
2.703814109 3.2477115996410304e-06
2.70516534 9.17375782883943e-07
2.706516572 2.7402031065003297e-06
2.707867803 6.102326127951231e-06
2.7092190350000003 3.6650009676758407e-06
2.7105702660000004 3.560882049556228e-06
2.7119214969999996 1.711984589416772e-06
2.713272729 2.4782747116134707e-06
2.71462396 5.907764413640764e-06
2.7159751919999997 4.712402717603699e-06
2.717326423 5.478022539233357e-06
2.718677655 3.7504088975770413e-06
2.720028886 5.438480685243942e-06
2.7213801170000003 5.188912047289738e-06
2.722731349 2.845751864248147e-06
2.7240825799999997 2.1874016931951053e-06
2.7254338120000003 2.1279683245305714e-06
2.726785043 3.1980660019719535e-06
2.7281362749999998 2.3973561436273142e-06
2.729487506 3.4187066002646027e-06
2.730838738 3.7052806797589824e-06
2.732189969 2.6821566898915647e-06
2.7335412000000003 4.334372861784967e-06
2.734892432 1.7693367979682062e-06
2.736243663 1.5507827482867172e-06
2.737594895 2.014073908796958e-06
2.7389461259999996 3.9926242676562615e-07
2.740297358 1.9396410198338314e-06
2.741648589 2.608455373645406e-06
2.7429998209999997 1.8667475293085425e-06
2.744351052 1.2098878533972383e-06
2.745702283 2.2854371803294128e-06
2.747053515 2.672433491446481e-06
2.7484047460000003 2.2967544660223455e-06
2.749755978 2.3876741250474348e-06
2.7511072089999997 1.0819371934128569e-06
2.7524584410000004 2.862225499418922e-07
2.753809672 2.1498820874636195e-06
2.755160903 1.749993803765765e-06
2.756512135 2.984625698731853e-08
2.757863366 5.953261798596661e-09
2.7592145980000002 4.419889916379536e-09
2.760565829 4.4807946845862197e-07
2.761917061 3.3774090630007047e-06
2.7632682920000002 4.41325562941471e-08
2.764619524 4.420245863552086e-09
2.7659707549999997 2.9877065063643514e-07
2.767321986 2.9346660732684676e-06
2.768673218 6.131342475034844e-06
2.770024449 5.252642508879259e-06
2.771375681 3.4007327125568615e-06
2.772726912 1.0107532920622289e-06
2.774078144 2.6027171774896233e-07
2.7754293750000003 7.937597380311697e-07
2.776780606 1.7467890983450185e-06
2.7781318379999997 1.3766751390092354e-06
2.779483069 9.096603372740138e-07
2.780834301 2.10564790717524e-06
2.782185532 1.7436742793748266e-06
2.783536764 7.920325203926069e-07
2.784887995 6.943405926104102e-07
2.786239227 4.0025819817358626e-08
2.787590458 9.854743769432633e-09
2.788941689 2.858321821373165e-07
2.7902929210000003 1.7059916444075396e-06
2.791644152 1.9629822788414726e-06
2.7929953839999997 1.732838144280041e-06
2.794346615 3.805047344024386e-07
2.795697847 2.1843733895010447e-06
2.797049078 7.04758132331732e-09
2.7984003090000003 1.017451424881945e-06
2.799751541 4.569508893561865e-08
2.801102772 4.446497120777089e-09
2.8024540040000003 4.448519654579137e-09
2.803805235 4.450436738429782e-09
2.8051564669999998 8.748573823630667e-07
2.806507698 4.448594998559616e-09
2.80785893 5.98820691779657e-09
2.8092101609999998 4.0388184490525075e-07
2.810561392 1.941727857467593e-06
2.811912624 2.1595563630709977e-06
2.813263855 4.7680631505882757e-07
2.814615087 4.5407495684914285e-09
2.8159663179999996 4.4455547222943705e-09
2.8173175500000003 3.866571789040948e-08
2.818668781 1.8933470536053512e-06
2.8200200129999997 1.6512584272802701e-06
2.821371244 5.502248665273651e-07
2.822722475 9.33896050342611e-09
2.824073707 1.5363820258004308e-06
2.8254249380000003 2.0440732649782488e-07
2.82677617 4.440538177439748e-09
2.828127401 4.439022149385294e-09
2.8294786330000004 4.4373807056003825e-09
2.830829864 6.520498376250898e-08
2.8321810949999997 6.641481382106665e-09
2.833532327 4.4304608895077726e-09
2.834883558 5.8012643189808966e-08
2.83623479 7.785362837624123e-07
2.837586021 7.371016480109602e-09
2.838937253 4.141347884245576e-08
2.8402884840000002 1.0580338950970337e-06
2.841639716 3.627028506935862e-06
2.8429909469999997 2.006929206625673e-06
2.8443421779999998 6.796821403291204e-07
2.84569341 1.8733835713713076e-06
2.847044641 2.6824971376462068e-06
2.848395873 1.481331383545011e-06
2.849747104 7.998833723230785e-07
2.851098336 1.3976245180409165e-06
2.8524495670000003 1.4838103880632116e-06
2.8538007980000004 2.1853299039146463e-06
2.85515203 1.05909207558686e-06
2.856503261 4.375263651372604e-09
2.8578544929999996 4.370524188513569e-09
2.8592057239999997 6.59694644832105e-07
2.860556956 1.8105787854838691e-06
2.861908187 6.453968880532077e-09
2.863259419 4.1925709345120005e-07
2.86461065 8.784592695410297e-08
2.865961881 4.134938556834336e-07
2.8673131130000002 6.648861427529749e-07
2.868664344 1.3067970098567185e-06
2.8700155759999997 4.6978713297661787e-07
2.871366807 4.3763984609299476e-07
2.872718039 4.3397436635551366e-09
2.87406927 9.96693107726113e-08
2.8754205010000002 2.741243133175457e-06
2.876771733 1.034541711659019e-06
2.878122964 4.33398606644763e-09
2.8794741960000003 4.332635539233225e-09
2.8808254270000004 4.3312571497514985e-09
2.882176659 4.329852369450883e-09
2.88352789 4.328431323757608e-09
2.8848791219999996 4.326983452142114e-09
2.8862303529999997 4.320329539644296e-09
2.887581584 4.318784127122363e-09
2.888932816 1.7555114565979505e-07
2.890284047 2.7407646625032093e-08
2.891635279 4.31529750148873e-09
2.89298651 4.319545139729125e-09
2.8943377420000003 4.318927003979119e-09
2.895688973 1.0375272902624923e-07
2.8970402049999997 4.317200567312101e-09
2.898391436 1.770652371404136e-08
2.899742667 4.314898281807839e-09
2.901093899 1.5397371375918403e-07
2.9024451300000003 3.068124644204908e-07
2.903796362 1.3505776439253534e-06
2.905147593 1.10255956252179e-06
2.9064988250000003 3.405810958177181e-07
2.907850056 1.3677826508508342e-06
2.9092012869999997 1.0067894530096568e-07
2.910552519 1.7199960378361434e-07
2.91190375 2.465957821532243e-06
2.9132549819999998 1.9493168518597803e-06
2.914606213 1.2976329226875924e-06
2.915957445 4.271678819349753e-09
2.917308676 4.2678919126653305e-09
2.918659908 5.384731516357141e-07
2.920011139 4.1463113806047217e-07
2.9213623699999998 4.253991206311031e-09
2.922713602 4.247946389632149e-09
2.924064833 4.2418243665840145e-09
2.925416065 4.235629961959587e-09
2.926767296 4.2330455667788295e-09
2.928118528 4.227868436200135e-09
2.9294697590000003 4.221556451030658e-09
2.93082099 4.214494819215363e-09
2.932172222 4.2069614842957405e-09
2.933523453 4.199452028351639e-09
2.934874685 4.1919784008198e-09
2.9362259159999997 4.184560197754982e-09
2.937577148 8.742022271807274e-07
2.938928379 1.628996184379407e-06
2.940279611 3.700626429874373e-08
2.941630842 4.151617916077637e-09
2.942982073 9.965725034766051e-08
2.9443333050000002 1.4662351351386903e-06
2.9456845360000004 4.182321719451232e-08
2.947035768 1.696419235140985e-08
2.948386999 4.126963704014036e-09
2.949738231 1.6951456410870162e-07
2.951089462 1.0386679681920463e-07
2.952440694 4.1123322477758246e-09
2.953791925 4.105711359733925e-09
2.955143156 7.081580589443707e-09
2.956494388 1.1080720012036242e-06
2.957845619 4.313680521453362e-07
2.959196851 4.2117470127785784e-09
2.960548082 4.0755551099095055e-09
2.9618993139999996 4.0700816727537226e-09
2.9632505449999997 4.064818965856646e-09
2.964601776 4.059747944357764e-09
2.965953008 1.2958197660987573e-08
2.967304239 1.014583882675062e-06
2.968655471 2.0219721704878787e-07
2.970006702 4.041301190561324e-09
2.9713579340000003 9.288813790153814e-09
2.9727091650000004 1.0097699057850253e-06
2.974060397 7.512992012685003e-07
2.975411628 4.0309535502557964e-09
2.976762859 4.033260938863589e-09
2.978114091 4.030185053826984e-09
2.979465322 4.027231685947511e-09
2.980816554 4.022988275279833e-09
2.982167785 4.017928726130804e-09
2.983519017 4.01294841659749e-09
2.984870248 5.413096305575114e-09
2.9862214789999997 1.0456653243566036e-06
2.987572711 1.1112265444534231e-07
2.988923942 2.648086802088261e-07
2.9902751739999998 9.990279347290626e-08
2.991626405 1.2737391537535598e-07
2.992977637 3.9873788289397975e-09
2.994328868 3.984410730274751e-09
2.9956801 3.981411634836543e-09
2.997031331 3.9783709793940956e-09
2.9983825619999998 3.975270190226643e-09
2.9997337940000004 3.972106313031641e-09
3.001085025 3.966814566345586e-09
3.002436257 3.964243762764964e-09
3.003787488 3.957809726961138e-09
3.0051387199999997 3.95126219202587e-09
3.006489951 3.946894996259583e-09
3.007841182 3.9424975511404244e-09
3.009192414 9.741656516911856e-07
3.0105436450000003 7.609233046101361e-08
3.011894877 3.925496007970029e-09
3.0132461079999997 1.202289294224262e-07
3.01459734 1.422383869320527e-08
3.015948571 1.495954700509937e-07
3.017299803 2.1406193145918662e-06
3.018651034 2.9053333472586338e-06
3.020002265 1.0918047631196122e-06
3.021353497 3.499640156109508e-07
3.0227047280000003 5.5476554001262505e-09
3.02405596 7.345726016275335e-07
3.0254071909999998 2.9248973888607388e-06
3.0267584230000004 5.262671004247447e-07
3.0281096539999997 8.953386177552695e-07
3.029460886 2.2183117456276245e-06
3.030812117 4.150926744540525e-06
3.032163348 5.1017106568449614e-06
3.03351458 2.771407417138488e-06
3.034865811 6.078353159344564e-07
3.036217043 9.261129067032303e-08
3.0375682740000003 2.88595078883814e-07
3.038919506 2.098810059916669e-07
3.0402707369999997 1.0167002194301008e-08
3.041621968 1.2174807199279678e-06
3.0429732 2.365014386559945e-06
3.044324431 2.6517983371438783e-06
3.045675663 8.546938979480901e-07
3.047026894 3.9120198014772315e-09
3.0483781260000002 3.7943827319610374e-09
3.0497293570000004 3.794079383616569e-09
3.051080589 3.790165754568867e-09
3.05243182 1.163766355155937e-06
3.053783051 2.307011090543039e-06
3.0551342829999997 2.279693742532053e-06
3.056485514 1.8850639052978219e-06
3.057836746 3.1076770821471584e-06
3.059187977 1.803806096483728e-06
3.060539209 1.802982083253301e-06
3.06189044 1.9703391992451047e-06
3.063241671 2.5052553904462565e-06
3.0645929030000003 5.774231695230397e-06
3.065944134 5.363692682846268e-06
3.0672953659999997 2.024700997102769e-06
3.068646597 3.40263838789771e-06
3.069997829 5.29676637072629e-06
3.07134906 4.61519223579547e-06
3.072700292 4.404519346060016e-06
3.074051523 6.4426825517857985e-06
3.075402754 6.362839770990695e-06
3.0767539860000004 7.608315506269213e-06
3.0781052169999996 5.9096749851072654e-06
3.079456449 5.56712433856279e-06
3.08080768 6.318170952406214e-06
3.0821589119999997 5.838338500042892e-06
3.083510143 9.5590982736089e-06
3.084861374 1.3605054672972856e-05
3.086212606 1.282658423463035e-05
3.0875638370000003 1.3868843383768644e-05
3.088915069 1.279519352457332e-05
3.0902662999999997 1.4293296453922549e-05
3.0916175320000003 1.6473478992791516e-05
3.092968763 1.4130424741680926e-05
3.0943199949999998 1.3768782963646336e-05
3.095671226 1.3746194047291599e-05
3.097022457 1.4686789438933078e-05
3.098373689 1.715770695623667e-05
3.0997249200000003 1.7405293757140032e-05
3.101076152 1.7303673171424772e-05
3.102427383 1.5536493214524833e-05
3.103778615 1.3939416071222597e-05
3.1051298459999996 1.7301271817850813e-05
3.106481078 2.1197424348850852e-05
3.107832309 2.022650860468996e-05
3.10918354 1.8574785588386605e-05
3.110534772 1.782087382221054e-05
3.111886003 1.957519743276627e-05
3.113237235 2.069876553156402e-05
3.1145884660000003 1.9089991668004826e-05
3.115939698 1.8005712675195376e-05
3.1172909289999997 1.9818317915272327e-05
3.11864216 2.0611837590835733e-05
3.119993392 2.014568995960719e-05
3.121344623 1.9220356363380803e-05
3.122695855 1.71603204930393e-05
3.124047086 1.6162880237254938e-05
3.1253983180000002 1.5819365822175994e-05
3.126749549 1.365510222988555e-05
3.128100781 1.3967728199917306e-05
3.1294520120000002 1.4148999410535912e-05
3.130803243 1.1936743452682305e-05
3.1321544749999997 1.0056751599989367e-05
3.133505706 1.1829887415419993e-05
3.134856938 7.9087426259151e-06
3.136208169 3.505653199345677e-06
3.137559401 3.957563338173492e-06
3.138910632 6.716372984097346e-06
3.140261863 8.035160630897989e-06
3.1416130950000003 6.594720281567521e-06
3.142964326 5.5395114640091845e-06
3.1443155579999997 5.043656215206451e-06
3.145666789 5.3482937272034725e-06
3.147018021 6.148721581000441e-06
3.148369252 6.831613542843826e-06
3.149720484 6.269091854911275e-06
3.151071715 6.484440484281899e-06
3.152422946 5.519258986967131e-06
3.153774178 7.771139390594305e-06
3.155125409 8.982550741865336e-06
3.1564766410000002 1.0394414682028103e-05
3.157827872 5.231444842091384e-06
3.1591791039999997 2.0473905625368626e-06
3.160530335 2.416998404227724e-06
3.161881566 1.2255180671545166e-06
3.163232798 1.1399952523426437e-06
3.1645840290000002 3.88609400232723e-06
3.165935261 3.276297973408284e-06
3.167286492 3.915910314947145e-06
3.1686377240000003 3.8019387312588062e-06
3.169988955 2.3933160488564573e-06
3.1713401869999998 1.949357855394204e-06
3.172691418 1.7846494271369505e-06
3.174042649 1.6949790550735712e-06
3.1753938809999998 2.143462085745443e-06
3.176745112 2.252549847292457e-06
3.178096344 2.4747167204164555e-06
3.179447575 2.233184091629455e-06
3.180798807 1.4882371276881854e-06
3.182150038 5.042368153741604e-06
3.1835012700000003 4.9953271565630695e-06
3.184852501 4.954975780170672e-06
3.186203732 3.5616344981802185e-06
3.187554964 2.1048670735072214e-06
3.188906195 3.427112656790896e-06
3.190257427 5.147374985148867e-06
3.1916086580000003 4.094879687914509e-06
3.19295989 4.076360393441335e-06
3.194311121 4.845188779071e-06
3.195662352 5.581297745383829e-06
3.197013584 6.924223986613798e-06
3.1983648149999997 8.365638480464864e-06
3.199716047 5.573137202872498e-06
3.201067278 3.13253275264296e-06
3.2024185099999998 4.739188263358694e-06
3.203769741 8.064033221402901e-06
3.205120973 6.447629938586969e-06
3.206472204 1.741561621520532e-06
3.207823435 1.5284672796915336e-06
3.209174667 2.5823830847083585e-06
3.2105258979999998 5.615378879949958e-06
3.21187713 9.81959864954518e-06
3.213228361 9.803691354246085e-06
3.214579593 5.8147257769584075e-06
3.215930824 2.678446646317714e-06
3.217282055 3.1299516067516796e-06
3.2186332870000003 4.9037375868401855e-06
3.2199845180000004 6.991946966532107e-06
3.22133575 6.702639074625656e-06
3.222686981 7.004345340601317e-06
3.2240382129999996 6.7258240445191656e-06
3.2253894439999997 3.4630395576112884e-06
3.226740676 2.4132500685127836e-06
3.228091907 3.259375981115062e-06
3.229443138 3.7474120688336626e-06
3.23079437 5.305436289797178e-06
3.232145601 5.338668638318604e-06
3.2334968330000002 3.288718167016173e-06
3.234848064 5.419144665509218e-06
3.2361992959999997 6.496300887319954e-06
3.237550527 3.735640093521885e-06
3.238901759 2.5785229480714334e-06
3.24025299 1.0506843545684425e-06
3.2416042210000002 2.6655732092816012e-06
3.242955453 3.862862521774697e-06
3.244306684 4.898496425541275e-06
3.2456579160000003 5.566483782611422e-06
3.2470091470000004 5.4501255464164e-06
3.248360379 3.2796407438868926e-06
3.24971161 2.543842603181945e-06
3.251062841 2.525719157112974e-06
3.2524140729999997 3.907188528201461e-06
3.253765304 6.670601139925448e-06
3.255116536 8.311269579403155e-06
3.256467767 9.833767792517805e-06
3.257818999 1.182190423223257e-05
3.25917023 1.1227034687766732e-05
3.2605214620000003 1.0372495426593239e-05
3.261872693 7.810937172686484e-06
3.263223924 7.53454475872912e-06
3.264575156 9.15096129660826e-06
3.265926387 1.1786148815616938e-05
3.267277619 1.3399666806394004e-05
3.2686288500000003 9.323768312807016e-06
3.269980082 5.494493813232102e-06
3.271331313 3.5733459488944058e-06
3.272682544 2.5384872160618653e-06
3.274033776 3.742375458485731e-06
3.2753850069999997 4.47957607003594e-06
3.276736239 4.234037642170309e-06
3.27808747 3.7796963048866992e-06
3.2794387019999998 4.973978765123071e-06
3.280789933 4.8797093965980695e-06
3.282141165 5.579877727992307e-06
3.283492396 6.6979086743275635e-06
3.2848436270000003 3.769216767045311e-06
3.286194859 2.1461302760728616e-06
3.2875460899999998 1.8770708673584782e-06
3.288897322 2.982865240474895e-06
3.290248553 5.563231388515862e-06
3.291599785 5.1348521095076e-06
3.292951016 2.9248609392718836e-06
3.294302247 3.4387241786578914e-06
3.2956534790000003 3.605525449879803e-06
3.29700471 4.284485550086016e-06
3.298355942 5.442127869235233e-06
3.299707173 5.377122404865893e-06
3.301058405 4.7968442715195045e-06
3.3024096359999997 4.776224059389085e-06
3.303760868 4.026339239000145e-06
3.305112099 2.815046213836317e-06
3.30646333 2.781111010544636e-06
3.307814562 4.057429754485757e-06
3.309165793 3.996696217948089e-06
3.3105170250000002 4.0070757408033115e-06
3.3118682560000003 4.528444505831851e-06
3.313219488 7.0570383604510905e-06
3.3145707189999998 6.336501232946954e-06
3.315921951 5.798775809916977e-06
3.317273182 6.377887398481672e-06
3.318624413 6.176020677959078e-06
3.319975645 3.41449392496669e-06
3.321326876 4.694218392641438e-06
3.322678108 4.880392751693715e-06
3.324029339 5.2942951727366876e-06
3.325380571 6.762408760482554e-06
3.326731802 7.830112818253667e-06
3.328083033 8.14804482157633e-06
3.3294342649999997 8.140746770419924e-06
3.330785496 6.818632780584472e-06
3.332136728 4.413894824161328e-06
3.333487959 4.61380789325306e-06
3.334839191 5.8600766667979794e-06
3.336190422 6.756419829345409e-06
3.3375416540000002 5.635839870634353e-06
3.3388928850000004 4.421592734129971e-06
3.340244116 5.640267914065073e-06
3.341595348 4.38597685073171e-06
3.342946579 4.453855011688931e-06
3.344297811 6.644919416439332e-06
3.345649042 5.6587258352874435e-06
3.347000274 3.445284746475082e-06
3.348351505 5.388655612996485e-06
3.3497027360000002 7.103615764335727e-06
3.351053968 7.190008146550945e-06
3.3524051989999997 7.605911955016583e-06
3.353756431 7.394742303883084e-06
3.355107662 5.856238100596232e-06
3.3564588939999997 2.588999149219459e-06
3.357810125 1.6775170816830855e-06
3.359161357 3.880001500071089e-06
3.360512588 6.752699092859118e-06
3.3618638190000003 8.53376028821426e-06
3.363215051 9.301985571548672e-06
3.3645662819999997 9.215300958289217e-06
3.3659175140000004 7.64141519767094e-06
3.367268745 5.262897694434165e-06
3.368619977 2.64668531828699e-06
3.369971208 1.3849959291055494e-06
3.371322439 3.5293596191946183e-06
3.372673671 5.441353828386166e-06
3.374024902 4.630282162565714e-06
3.375376134 3.692864451228936e-06
3.3767273650000003 3.286386160059458e-06
3.378078597 2.5834578555866042e-06
3.3794298279999997 3.781620154413393e-06
3.38078106 7.79854372681289e-06
3.382132291 7.818406095948136e-06
3.383483522 5.319031626137952e-06
3.384834754 5.613208357371201e-06
3.386185985 6.89399886431387e-06
3.387537217 5.396056767320211e-06
3.3888884480000003 1.6593091633768526e-06
3.39023968 6.038278639394446e-08
3.3915909109999998 2.1196145753742734e-06
3.3929421430000004 5.520276950955376e-06
3.3942933739999996 6.55843406431199e-06
3.3956446049999998 6.418742043724995e-06
3.396995837 5.592505979624447e-06
3.398347068 5.498355445818448e-06
3.3996983 5.11790506983122e-06
3.401049531 2.2221532551452175e-06
3.402400763 3.725024022447927e-06
3.4037519940000003 3.40666525855952e-06
3.405103225 1.5817554733529105e-06
3.4064544569999997 2.2816848286074447e-06
3.407805688 1.4968474063089915e-06
3.40915692 2.7121729217725004e-06
3.410508151 4.763955297861638e-06
3.411859383 5.030091769092576e-06
3.413210614 5.649608225881005e-06
3.4145618460000002 4.876249071866417e-06
3.4159130770000004 6.074411557109965e-06
3.4172643079999996 6.880776313584591e-06
3.41861554 6.240373984583015e-06
3.419966771 4.925422363353244e-06
3.4213180029999997 3.280584686629936e-06
3.422669234 2.2573222802958312e-06
3.424020466 3.428169813924944e-06
3.425371697 4.831034864104398e-06
3.4267229280000002 6.199545133969587e-06
3.42807416 4.136664530207273e-06
3.429425391 1.9077903119702e-06
3.4307766230000003 1.8970483401618822e-06
3.432127854 3.7132697032066506e-06
3.4334790859999997 1.9459411808408417e-06
3.434830317 1.7295502824061957e-06
3.436181549 2.0667281214897946e-06
3.43753278 1.58059941112233e-06
3.4388840110000003 1.412573729184444e-06
3.440235243 1.6975420360343767e-06
3.441586474 6.359810957287487e-07
3.4429377060000004 2.365484271675959e-07
3.4442889369999996 8.881517268290979e-07
3.445640169 2.673273769737634e-06
3.4469914 2.314005594436844e-06
3.448342631 4.255372661885194e-07
3.449693863 1.06965274220858e-06
3.451045094 8.366942143392038e-07
3.452396326 2.103195085307956e-06
3.4537475570000002 2.286043280518697e-06
3.455098789 2.0644387612585874e-07
3.45645002 5.266583792153042e-07
3.4578012520000003 3.0525672365795585e-06
3.459152483 4.849626197158439e-06
3.460503714 6.080489777068835e-06
3.461854946 7.730664724113945e-06
3.463206177 9.10157398225667e-06
3.464557409 7.264490542258987e-06
3.4659086400000003 4.749332587164748e-06
3.467259872 3.7567906193006075e-06
3.468611103 4.821583937678212e-06
3.469962335 7.980586002426107e-06
3.4713135659999996 1.1243278995247624e-05
3.4726647969999997 1.2116470182377435e-05
3.474016029 1.14208470635856e-05
3.47536726 1.0983436190463694e-05
3.476718492 1.122352178832661e-05
3.478069723 1.2238690379288546e-05
3.479420955 1.1509111886682968e-05
3.4807721860000003 9.755640191293018e-06
3.482123417 9.61090817486145e-06
3.483474649 8.294982519841284e-06
3.48482588 6.7318245897429375e-06
3.486177112 5.76934371694083e-06
3.487528343 7.482351562249701e-06
3.488879575 9.462780156005287e-06
3.490230806 7.6010843127848665e-06
3.491582038 6.4964854532232745e-06
3.492933269 8.218242663168881e-06
3.4942845 9.567749731273387e-06
3.495635732 7.779504497153733e-06
3.496986963 5.292485611110301e-06
3.4983381949999997 5.441296931307477e-06
3.4996894259999998 4.765591956883974e-06
3.501040658 3.839704899956095e-06
3.502391889 4.126802311002726e-06
3.50374312 4.160506611476351e-06
3.505094352 5.16601144658273e-06
3.506445583 6.250576971344392e-06
3.5077968150000003 6.864315966854605e-06
3.509148046 9.503397167553457e-06
3.5104992779999997 6.847404394976747e-06
3.511850509 3.8555285925285665e-06
3.513201741 4.521366530293213e-06
3.514552972 6.777602729244087e-06
3.515904203 7.388880905759251e-06
3.517255435 7.78070712067995e-06
3.518606666 6.5464645042669085e-06
3.519957898 4.05647156935233e-06
3.521309129 2.4936562290239057e-06
3.5226603610000002 1.6448985900944555e-06
3.524011592 1.2888934039647266e-06
3.5253628239999997 2.856516843890189e-06
3.526714055 3.7693663481874918e-06
3.528065286 5.111225982301108e-06
3.529416518 4.653777775773043e-06
3.5307677490000002 4.765322897158183e-06
3.532118981 6.184244830064632e-06
3.533470212 5.3845640103902964e-06
3.5348214440000003 5.286468770971559e-06
3.536172675 3.933258901675065e-06
3.537523906 2.1846017488227614e-06
3.538875138 2.558285903972583e-06
3.540226369 2.986312947008974e-06
3.5415776009999997 1.1714761867748737e-06
3.542928832 1.4806204569774035e-06
3.544280064 4.0497972638696035e-06
3.545631295 4.800307364517864e-06
3.546982527 4.228654612039418e-06
3.548333758 2.1883737968705177e-06
3.5496849889999997 6.829698755408536e-07
3.551036221 2.816546474052975e-06
3.552387452 4.631252001659263e-06
3.553738684 8.412386089449047e-06
3.555089915 8.64768877040075e-06
3.556441147 6.440423676072048e-06
3.5577923780000003 6.9756150504446685e-06
3.5591436090000004 6.541339601716306e-06
3.560494841 8.254987834359553e-06
3.561846072 7.357745714309402e-06
3.563197304 6.1643830438340515e-06
3.5645485349999997 7.681165606631005e-06
3.565899767 8.553314627430482e-06
3.567250998 8.105012438393209e-06
3.5686022299999998 7.170132740015107e-06
3.569953461 5.900821450668674e-06
3.571304692 6.502062166330866e-06
3.572655924 9.673782922874232e-06
3.574007155 8.352237801243982e-06
3.575358387 6.7358630927231736e-06
3.5767096179999998 8.136712604638122e-06
3.57806085 9.729253542745822e-06
3.579412081 7.967771963833294e-06
3.580763312 5.5794140738176155e-06
3.582114544 4.236419865471104e-06
3.583465775 2.284321039280796e-06
3.5848170070000003 1.7213906952371952e-06
3.5861682380000004 1.1341647791482684e-06
3.58751947 2.3005415780105317e-06
3.588870701 1.7208067257993505e-06
3.5902219329999996 1.2119835735624223e-07
3.5915731639999997 5.976590262024086e-09
3.592924395 5.393547962342723e-09
3.594275627 5.394782472486617e-09
3.595626858 5.396033547574236e-09
3.59697809 5.397300012295175e-09
3.598329321 5.398584507556305e-09
3.5996805530000002 5.399883518304699e-09
3.601031784 5.401207475891453e-09
3.602383016 5.402550630837683e-09
3.603734247 5.408519897987146e-09
3.605085478 5.411559293285576e-09
3.60643671 5.4129416730844576e-09
3.607787941 5.41433419366916e-09
3.609139173 5.415736932286048e-09
3.610490404 5.416910606844968e-09
3.6118416360000003 5.41767248967945e-09
3.6131928670000004 5.418441633697024e-09
3.6145440979999997 5.419216855047448e-09
3.61589533 5.4199965755032485e-09
3.617246561 5.420780624295559e-09
3.6185977929999997 5.421567533095227e-09
3.619949024 5.428099340707744e-09
3.621300256 5.429094526395035e-09
3.622651487 5.429776879726363e-09
3.624002719 5.4304580871155e-09
3.62535395 5.431137122685362e-09
3.6267051809999997 5.431813089764037e-09
3.628056413 5.43248508747012e-09
3.629407644 5.433151776160669e-09
3.630758876 5.434248936499436e-09
3.632110107 5.43568008928036e-09
3.633461339 5.437103589304905e-09
3.6348125700000002 5.438519413128096e-09
3.6361638010000004 5.439926171401803e-09
3.637515033 8.992345114437496e-09
3.638866264 8.738563256852088e-08
3.640217496 2.5122808275078282e-08
3.6415687269999997 5.446285154430502e-09
3.642919959 5.448357770863076e-09
3.64427119 5.450416994704038e-09
3.6456224219999998 5.452463510913178e-09
3.646973653 5.454497432736447e-09
3.648324884 5.456516143040325e-09
3.649676116 3.7969194210847176e-07
3.6510273470000003 1.584945488661034e-06
3.652378579 7.263707551508677e-07
3.6537298099999997 5.4729507703291436e-09
3.655081042 8.464578952614983e-09
3.656432273 1.2907347936651545e-06
3.657783504 2.6569889804106644e-06
3.659134736 1.720686098951078e-06
3.660485967 2.7149254929738158e-06
3.6618371990000003 4.08234297576535e-06
3.66318843 4.008760216596811e-06
3.664539662 4.120646133664566e-06
3.665890893 1.1578091839580528e-06
3.667242125 7.683590811681869e-07
3.6685933559999997 1.930946828364094e-06
3.669944587 4.969719788293373e-06
3.671295819 6.385564970882144e-06
3.67264705 5.703125184077394e-06
3.673998282 6.281014260692112e-06
3.675349513 6.442619299641583e-06
3.676700745 6.865863148091151e-06
3.6780519760000003 8.02851136485714e-06
3.679403208 9.094025441627046e-06
3.6807544389999998 9.455175601099656e-06
3.68210567 7.213972857051915e-06
3.683456902 5.076092558960141e-06
3.684808133 6.079481344828099e-06
3.686159365 7.05283520563619e-06
3.687510596 5.817162255834557e-06
3.688861828 5.022900459866145e-06
3.690213059 5.145100752116344e-06
3.6915642899999996 4.460669442524013e-06
3.692915522 6.714135510001004e-06
3.694266753 9.309561674471897e-06
3.6956179849999997 9.216635815425769e-06
3.696969216 6.356990819126566e-06
3.698320448 4.1508520275533676e-06
3.699671679 3.358958966989242e-06
3.701022911 3.962459954635415e-06
3.702374142 3.4142030899127643e-06
3.703725373 4.248312319074797e-06
3.7050766050000004 6.151227396103078e-06
3.706427836 7.2352117249535765e-06
3.707779068 1.022069789222652e-05
3.709130299 1.4256895385916168e-05
3.710481531 1.3464066189973558e-05
3.711832762 1.0655504662360751e-05
3.713183993 1.0260732713011265e-05
3.714535225 1.0062617036385422e-05
3.7158864560000002 9.585073953881971e-06
3.717237688 1.1188718973608278e-05
3.7185889189999997 1.1674746662542566e-05
3.719940151 1.0945431291666905e-05
3.721291382 1.1654558112770555e-05
3.7226426139999997 1.4814786749633248e-05
3.723993845 1.5641678449903135e-05
3.725345076 1.1813965886239477e-05
3.726696308 9.380383131819427e-06
3.7280475390000003 1.2203536649857116e-05
3.729398771 1.3980270281520333e-05
3.730750002 1.1983911334672396e-05
3.7321012340000004 1.1605575460208754e-05
3.733452465 1.176299665016865e-05
3.7348036959999997 1.043866360560647e-05
3.736154928 9.41578070065682e-06
3.737506159 1.1883418384753826e-05
3.738857391 1.5858293327712017e-05
3.740208622 1.722667492539939e-05
3.741559854 1.6484487723921044e-05
3.7429110850000002 1.655648058258979e-05
3.744262317 1.7003322544206438e-05
3.7456135479999997 1.6718052006239794e-05
3.746964779 1.685260293772569e-05
3.748316011 1.7942715617630175e-05
3.749667242 1.8390916340987073e-05
3.751018474 1.7071738945209482e-05
3.752369705 1.6283690832748235e-05
3.753720937 1.7759940513250685e-05
3.7550721680000003 1.8357697164129568e-05
3.7564234 1.5844885795635347e-05
3.757774631 1.3419635847893851e-05
3.759125862 1.338208203353471e-05
3.7604770939999996 1.2843596689720217e-05
3.7618283249999998 9.459359260071587e-06
3.763179557 4.696034937469984e-06
3.764530788 2.590486057513281e-06
3.76588202 6.96373670643063e-07
3.767233251 7.607276568595463e-07
3.768584482 3.053412845076147e-06
3.7699357140000003 2.1965399801931623e-06
3.771286945 1.7652302479364182e-06
3.7726381769999997 2.029080924757373e-06
3.773989408 3.2424142960012403e-06
3.77534064 6.367699695901623e-06
3.776691871 6.282312115310258e-06
3.778043103 5.6844367871042095e-06
3.779394334 6.967166568659577e-06
3.780745565 9.719626953996117e-06
3.7820967970000003 1.1638873748884106e-05
3.7834480279999996 1.1515234858547582e-05
3.7847992599999998 1.142651482121812e-05
3.786150491 1.2803500434918622e-05
3.7875017229999997 1.394655021492873e-05
3.7888529539999998 1.3895559108835367e-05
3.790204185 1.333528144189288e-05
3.791555417 1.2743445472905539e-05
3.792906648 1.1785101138522953e-05
3.79425788 1.0819585997235851e-05
3.795609111 1.1321308091430701e-05
3.7969603430000003 1.457967550290791e-05
3.798311574 1.789973567156496e-05
3.7996628059999997 1.687677978161949e-05
3.801014037 1.3781600910959944e-05
3.802365268 1.3889153740630219e-05
3.8037165 1.6154754646297422e-05
3.8050677310000003 1.667518243294125e-05
3.806418963 1.580558151553919e-05
3.807770194 1.5469823636405772e-05
3.8091214260000004 1.5486308133237828e-05
3.8104726569999996 1.5191687305614463e-05
3.811823889 1.5364996863693752e-05
3.81317512 1.494128389596417e-05
3.814526351 1.2372664068698855e-05
3.815877583 9.969155077676392e-06
3.817228814 1.047278557743541e-05
3.818580046 1.3272051906934815e-05
3.8199312770000002 1.6209062961657365e-05
3.821282509 1.780477007550354e-05
3.82263374 1.770578424585174e-05
3.823984971 1.6989281711408788e-05
3.825336203 1.641423552566049e-05
3.826687434 1.494218579132767e-05
3.828038666 1.3229760272828063e-05
3.829389897 1.3812916817864422e-05
3.830741129 1.6327584155430385e-05
3.8320923600000003 1.740874734378342e-05
3.833443592 1.789514612267672e-05
3.834794823 1.962686563670811e-05
3.836146054 2.1285291260818283e-05
3.8374972859999996 2.194272743467245e-05
3.8388485169999997 2.0143502207954103e-05
3.840199749 1.5753325127094402e-05
3.84155098 1.2880222980115387e-05
3.842902212 1.3046535301574163e-05
3.844253443 1.4181159783047506e-05
3.845604674 1.6144929443243628e-05
3.8469559060000003 1.8636180656313225e-05
3.848307137 1.9805521681827383e-05
3.849658369 1.88392126414451e-05
3.8510096 1.720749294712454e-05
3.852360832 1.6876106637015606e-05
3.853712063 1.839713454049843e-05
3.855063295 1.977503095407019e-05
3.856414526 1.9590825505288168e-05
3.857765757 1.9803977934134344e-05
3.859116989 2.04113528451494e-05
3.86046822 1.7528006678542273e-05
3.861819452 1.4721588980329357e-05
3.863170683 1.7098701614424394e-05
3.8645219149999996 1.8122300007244274e-05
3.8658731459999998 1.4149621991484352e-05
3.867224377 9.476534015732759e-06
3.868575609 7.648714583133515e-06
3.86992684 6.15450172166616e-06
3.871278072 6.133410880000215e-06
3.872629303 6.7905457009875885e-06
3.8739805350000003 6.251438109513849e-06
3.875331766 5.828477958436528e-06
3.876682998 5.729266368827237e-06
3.878034229 5.988975733473009e-06
3.87938546 6.380357712429538e-06
3.880736692 7.343031875986738e-06
3.882087923 8.713893682620128e-06
3.883439155 9.25503223466079e-06
3.884790386 9.054139763446732e-06
3.886141618 7.464764672036204e-06
3.887492849 7.152573032252555e-06
3.8888440810000002 8.269959261107045e-06
3.890195312 1.02602204494425e-05
3.891546543 1.1829713538814924e-05
3.892897775 1.2378043476597347e-05
3.894249006 1.3581087843904438e-05
3.895600238 1.1863700508243358e-05
3.8969514690000002 1.0368638500853617e-05
3.898302701 8.874505577490184e-06
3.899653932 8.44801933367825e-06
3.9010051629999998 9.266922653705896e-06
3.902356395 1.0226331501237014e-05
3.903707626 1.0654454633750334e-05
3.905058858 9.943239365803021e-06
3.906410089 8.661638904807155e-06
3.9077613209999997 8.668410212979215e-06
3.909112552 9.753264490862295e-06
3.910463784 1.144512355809014e-05
3.911815015 1.2853355277719098e-05
3.913166246 1.2721500595861934e-05
3.914517478 1.2434153661245027e-05
3.9158687089999997 1.1042903596016223e-05
3.917219941 9.110547496632082e-06
3.918571172 9.23259477808421e-06
3.919922404 1.1139981392085662e-05
3.921273635 1.3271817382659498e-05
3.922624866 1.1979583443040788e-05
3.9239760980000002 9.876184184578806e-06
3.9253273290000004 9.322862064431583e-06
3.926678561 1.0472448983351392e-05
3.928029792 1.2895265250972297e-05
3.929381024 1.4218377024843552e-05
3.9307322549999997 1.5282688015299928e-05
3.932083487 1.7018524575771688e-05
3.933434718 1.5392996624864132e-05
3.934785949 1.2412211057530577e-05
3.936137181 1.2281365527202832e-05
3.937488412 1.4261787648582859e-05
3.938839644 1.5967188453430068e-05
3.940190875 1.5129607232719996e-05
3.941542107 1.1033126342988242e-05
3.9428933379999997 9.805347425014288e-06
3.944244569 1.0912527103977651e-05
3.945595801 1.5824508016246813e-05
3.946947032 1.8045874111047742e-05
3.948298264 1.7225993457672e-05
3.949649495 1.581987912876636e-05
3.9510007270000003 1.41169178464335e-05
3.9523519580000004 1.1611799309976883e-05
3.95370319 9.113879741397827e-06
3.955054421 6.8280874135437205e-06
3.956405652 4.43460774170261e-06
3.9577568839999997 1.3143070639771291e-06
3.959108115 6.438280537459063e-09
3.960459347 5.746439363000674e-09
3.961810578 5.747110820992623e-09
3.96316181 5.747778055249465e-09
3.964513041 5.748440534878925e-09
3.965864273 5.74909796390922e-09
3.967215504 5.749749656317932e-09
3.968566735 5.750395279346989e-09
3.9699179669999998 5.75689402333855e-09
3.971269198 5.758200942747566e-09
3.97262043 5.758986955003686e-09
3.973971661 2.3673291821057652e-07
3.975322893 2.12348807349742e-06
3.976674124 3.859238844317208e-06
3.978025355 5.579933820872074e-06
3.9793765870000004 6.989448959237374e-06
3.9807278179999996 6.945689465951879e-06
3.98207905 5.5538102197140555e-06
3.983430281 5.073342936543385e-06
3.9847815129999997 7.012713740348621e-06
3.986132744 9.22751288204175e-06
3.987483976 1.0416518378233594e-05
3.988835207 1.0828518934991319e-05
3.9901864380000003 1.0670066741757784e-05
3.99153767 9.764832093806086e-06
3.9928889009999997 7.807648454607146e-06
3.994240133 6.997041898815054e-06
3.995591364 8.136283628386991e-06
3.996942596 9.920432081810804e-06
3.998293827 1.1696574099383043e-05
3.999645058 1.1569180683240704e-05
4.00099629 9.22144645396011e-06
4.002347521 9.27252283982559e-06
4.003698753 9.220663043078219e-06
4.005049984 1.0627001826121101e-05
4.006401216 1.1197345292336752e-05
4.007752447 1.2624899958404177e-05
4.009103679 1.4058057726556259e-05
4.01045491 1.4726546317689024e-05
4.011806141 1.4758857288675072e-05
4.013157373 1.4706706184076762e-05
4.014508604 1.4399108350087478e-05
4.015859836 1.3882551952815005e-05
4.017211067 1.4626549522696876e-05
4.018562299 1.5825495145487323e-05
4.01991353 1.6433540786542347e-05
4.021264761 1.6093694998975803e-05
4.022615993 1.53767552904424e-05
4.023967224 1.5337956038136223e-05
4.025318456 1.6967616400395026e-05
4.026669687 1.7943287114399778e-05
4.028020919 1.6223018070409247e-05
4.02937215 1.4901658639558612e-05
4.030723382 1.5522102718621872e-05
4.032074613 1.7524956011016536e-05
4.033425844 1.949457991533457e-05
4.034777076 2.109321965438155e-05
4.036128307 2.207895869770336e-05
4.037479539 2.1600062336531902e-05
4.03883077 2.169651854693354e-05
4.040182002 2.2814564477746784e-05
4.041533233 2.4615820191865082e-05
4.042884465 2.6208855123199952e-05
4.044235696 2.9328958079554552e-05
4.0455869269999996 2.9730435720498736e-05
4.046938159 2.7368969164206444e-05
4.04828939 2.776630804487435e-05
4.049640622 3.064748778911166e-05
4.050991853 3.5518617435884295e-05
4.052343085 4.104788001304552e-05
4.053694316 4.807978518904832e-05
4.055045547 5.413789468583806e-05
4.056396779 5.6769256403283315e-05
4.05774801 5.824085832487394e-05
4.059099241999999 5.919388128818212e-05
4.0604504729999995 6.02678958682733e-05
4.061801705 6.255032959320768e-05
4.063152936 6.779313081512884e-05
4.064504168 7.121675971543244e-05
4.065855399 7.038618794882964e-05
4.06720663 7.10486723287807e-05
4.0685578620000005 7.637831908547288e-05
4.069909093000001 8.648158454347177e-05
4.071260325 9.80836225783094e-05
4.072611556 0.00010846408616179471
4.073962788 0.00011779636093672905
4.075314019 0.00012820960084791453
4.07666525 0.00014080387274030412
4.078016482 0.0001552087480884977
4.079367713 0.00017015157670998232
4.080718945 0.00018561907868966965
4.082070176 0.00020537766527507794
4.083421408 0.00022835287994124004
4.084772639 0.00025284396121722934
4.086123871 0.00027878348294940557
4.087475102 0.00030713199248179183
4.088826333 0.000339020431092165
4.090177565 0.0003740025355535034
4.091528796 0.0004118717133710901
4.092880028 0.0004533586619144018
4.094231259 0.0004993110606769118
4.095582491 0.0005504070211336993
4.096933722 0.0006070158739725237
4.098284953 0.0006694005104387215
4.0996361850000005 0.000738703543144082
4.100987416 0.0008149143126866905
4.102338648 0.0008978832814353793
4.103689878999999 0.0009893874723361827
4.105041110999999 0.001091499311115052
4.106392342 0.0012108720087689138
4.107743574 0.0013484994508980355
4.109094805 0.0015022358175981669
4.110446036 0.0016725017991669408
4.111797268 0.0018614215546239035
4.113148499 0.002072798376801123
4.1144997309999995 0.0023116568284363326
4.115850962000001 0.0025834972736577446
4.117202194000001 0.0028937150081915324
4.118553425 0.003249282017352795
4.119904657 0.003653349796850579
4.121255887999999 0.0041103969378761575
4.122607119 0.004632506851199758
4.123958351000001 0.005228094238370984
4.125309582 0.005908298562494957
4.126660814 0.006685617942905489
4.128012045 0.007574402212482613
4.129363277 0.008592997127691277
4.130714508 0.009767536411163754
4.132065739 0.011120754661718938
4.133416971 0.012680425527664305
4.134768202 0.014479223722012557
4.136119434 0.016557244987224
4.1374706649999995 0.01896552890663026
4.138821897 0.02175049547286793
4.140173128000001 0.024974828745087944
4.14152436 0.028715700874154322
4.142875591 0.03304868979010167
4.144226821999999 0.038064187664086424
4.145578054 0.04386893244119798
4.146929285000001 0.05056641683726652
4.148280517 0.05834276959297867
4.149631748 0.06720607210198183
4.15098298 0.07735112006740383
4.152334211 0.0888686413187918
4.153685442 0.10188229264666658
4.155036674 0.11651160085424554
4.156387905 0.132846811966513
4.157739136999999 0.15094296600574003
4.159090368 0.1706716383046711
4.1604416 0.19203858280575578
4.161792831 0.2149306834465729
4.163144063 0.23897828735645082
4.164495294 0.2640342364016498
4.165846525 0.289541954853392
4.167197757 0.3147569069655169
4.1685489879999995 0.33963066335468395
4.169900220000001 0.3637554492781463
4.171251451 0.38672357003020325
4.172602683 0.407948812675876
4.173953914 0.42665519932636736
4.1753051459999995 0.44342830254882803
4.1766563770000005 0.4581770225592222
4.178007608 0.47089819256127324
4.17935884 0.48162515886889
4.180710071 0.4901137605165081
4.182061303 0.4971151582326947
4.183412534 0.502819962247249
4.184763766 0.5074101509774447
4.186114997 0.5110173877041109
4.187466228 0.5136250906611175
4.18881746 0.5157009997146574
4.190168691 0.5173254106790551
4.1915199229999995 0.5185661464729586
4.1928711540000005 0.5194870268640434
4.194222386000001 0.5207931155615564
4.195573617 0.5213650945873952
4.196924849 0.5218282870663922
4.198276079999999 0.522223070198281
4.199627311 0.522610094481843
4.200978543 0.5229470758594985
4.202329774 0.5232659267780857
4.203681006 0.5239887302441393
4.205032237 0.5245203822045884
4.206383469 0.5248352909670414
4.2077347 0.5251414281624455
4.209085931 0.5254613531602578
4.210437163 0.525774600572842
4.211788394 0.5260639085887423
4.213139626 0.526346950179316
4.2144908569999995 0.5266310186605395
4.215842089 0.5268714096060613
4.217193320000001 0.527074902352272
4.218544552 0.527271892854327
4.219895783 0.5274592677354539
4.221247013999999 0.527566549885743
4.2225982459999996 0.5276397537794048
4.223949477 0.5276929372617418
4.225300709 0.5277163493754073
4.22665194 0.52766193240277
4.228003171999999 0.5275941629126214
4.229354403 0.5275004983672142
4.2307056339999995 0.5273674435085454
4.232056866 0.5271673810108614
4.233408097000001 0.5269643928759818
4.234759329 0.5267310716544058
4.23611056 0.526460244754354
4.237461792 0.5261556710647796
4.238813023 0.5258844511055847
4.240164255 0.5255869172184658
4.241515486 0.5252581495625527
4.242866717 0.5254381095567882
4.244217949 0.5251996242637501
4.24556918 0.5248289825380822
4.246920412000001 0.5244284128624594
4.248271643 0.524589129994705
4.249622875 0.524170098399862
4.250974105999999 0.5236586457442837
4.2523253379999995 0.5231137145203467
4.2536765690000005 0.5225391149004021
4.2550278 0.5219253638246745
4.256379032 0.5211907572682869
4.257730263 0.5203676546134658
4.259081495 0.5194529656003465
4.260432726 0.518104078593632
4.261783958 0.5159144672470589
4.263135189 0.5135002028093729
4.26448642 0.5108544020163521
4.265837652 0.5079089298539062
4.267188883 0.5046007009979447
4.2685401149999995 0.500721390961276
4.2698913460000005 0.4962726381910983
4.271242578000001 0.4909534659661146
4.272593809 0.4853681940008513
4.273945041 0.4801491396276602
4.275296271999999 0.4767616661402117
4.276647503 0.47573053568135487
4.277998735 0.47719498510924946
4.279349966 0.4812373873523003
4.280701198 0.4878591192982872
4.282052429 0.49520525361004597
4.283403661 0.5011291594286699
4.284754892 0.5054190917350401
4.286106123 0.5081925494977575
4.287457355 0.5105737089758348
4.288808586 0.512752810412352
4.290159818 0.5146076537810408
4.2915110489999995 0.514404200882587
4.292862281 0.5142049150606102
4.294213512000001 0.5147132666907169
4.295564744 0.5150049500869306
4.296915975 0.5148035470400268
4.298267206 0.5146197937504644
4.299618438 0.514459865872828
4.300969669 0.5142539885475679
4.302320901 0.5139955896258097
4.303672132 0.5137648820542705
4.305023363999999 0.5135606111757333
4.306374595 0.5133753576699172
4.3077258259999995 0.5131860772294765
4.309077058 0.513056954205468
4.310428289000001 0.5129552047935543
4.311779521 0.512861881008902
4.313130752 0.5127537534360149
4.314481984 0.5126929871748955
4.315833215 0.5126412890691209
4.317184447 0.5125856813824717
4.318535678 0.5125088038338005
4.319886909 0.5124739153223093
4.321238141 0.5124485848781077
4.322589372 0.5124098057428167
4.323940604000001 0.5123460122535264
4.325291835 0.512302419409102
4.326643067 0.5122274484510582
4.327994297999999 0.5121179239985298
4.329345529999999 0.5119702963862796
4.3306967610000004 0.5118256580030065
4.332047992 0.5116359600732869
4.333399224 0.5114006340707561
4.334750455 0.5111212806567782
4.336101687 0.510824974247472
4.337452918 0.5104713261474152
4.33880415 0.5100596555658276
4.340155381 0.509599984470075
4.341506612 0.5091088573619154
4.342857844 0.5085611559056823
4.344209075 0.5079589291600956
4.3455603069999995 0.5076356956071403
4.3469115380000005 0.5072189948437904
4.34826277 0.5065117510639934
4.349614001 0.5057529780031081
4.350965233 0.5049965325242173
4.352316464 0.5048179105202557
4.353667695 0.5040514883570603
4.355018927 0.5032704181769063
4.356370158 0.5025382549861656
4.35772139 0.5018240880900731
4.359072621 0.5011124047439974
4.360423853 0.5003967373609525
4.361775084 0.4997362024415205
4.363126315000001 0.4990553098988462
4.364477547000001 0.49833839693225546
4.365828778 0.49755516002839606
4.36718001 0.4966730358733833
4.3685312409999995 0.4956282487171245
4.369882473 0.49438471734981676
4.371233704 0.49282133417909385
4.372584936 0.4908270046622985
4.373936167 0.4883789243638052
4.375287398 0.4854186303973887
4.37663863 0.4815881806009317
4.377989861 0.4768902310092026
4.379341093 0.4713553626940276
4.380692324 0.4649338450523771
4.382043555999999 0.4568876085537704
4.383394787 0.44773439533282056
4.3847460179999995 0.4374669724225276
4.38609725 0.4258080676447369
4.387448481000001 0.41235924753160674
4.388799713 0.39778798920360764
4.390150944 0.38218219803016673
4.391502176 0.36497353875738814
4.392853407 0.3465520505716258
4.394204639 0.32747727322390796
4.39555587 0.30793098995705415
4.396907101 0.2872023844209113
4.398258332999999 0.26651316446367074
4.399609564 0.2460895392519276
4.400960796000001 0.2258822438181689
4.402312027 0.20593994505803598
4.403663259 0.18692530557089096
4.405014489999999 0.16894424818055204
4.406365721999999 0.1519786240092075
4.407716953 0.13603919470881307
4.409068184 0.12142057942950607
4.410419416 0.10807447854808695
4.411770647 0.09590619270973715
4.413121879 0.08500118394818255
4.41447311 0.07531337408014899
4.415824342 0.06659863104421711
4.417175573000001 0.05886808266819057
4.418526804 0.05203135586005657
4.419878036 0.04599200198472475
4.421229266999999 0.04068349275107038
4.4225804989999995 0.036008811463004026
4.4239317300000005 0.031892362940301046
4.425282962 0.028276593595548308
4.426634193 0.025107284281436323
4.427985425 0.022317672320559024
4.429336656 0.019859618391774865
4.430687887 0.01770507737356727
4.432039119 0.01580314800303446
4.43339035 0.014121473088837582
4.434741582 0.012635138101216255
4.436092813 0.011322354369615135
4.437444045 0.010159578411504949
4.438795276 0.009129698668721506
4.440146507000001 0.008219022424124534
4.441497739000001 0.007406196183968119
4.44284897 0.006680309278018778
4.444200202 0.006034767643542338
4.445551432999999 0.005459636073357171
4.446902665 0.004945817683642219
4.448253896 0.004487313349532295
4.449605128 0.004078646467609739
4.450956359 0.0037091802032341954
4.45230759 0.003374927568767338
4.453658822 0.003074158110581944
4.455010053 0.002803295473451144
4.456361285 0.002558247371990765
4.457712516 0.0023362222239172357
4.459063747999999 0.002137783685213
4.460414979 0.001959470314261625
4.4617662110000005 0.0017990952179949577
4.463117442 0.0016522058192153912
4.464468673000001 0.0015168271951685622
4.465819905 0.0013927924680091257
4.467171136 0.0012811975758100806
4.468522368 0.0011820280673720419
4.469873599 0.0010924398204842942
4.471224831000001 0.0010112384170479008
4.472576062 0.0009358838389035741
4.473927293 0.0008664420914332405
4.475278524999999 0.0008025577337738122
4.476629756 0.00074550101443563
4.4779809880000006 0.0006924486277025383
4.479332219 0.0006429304172958302
4.480683451 0.0005966956230483309
4.482034682 0.0005539723431652043
4.483385914 0.0005147645808454467
4.484737145 0.0004795180456857281
4.486088376 0.0004485519456336408
4.487439608 0.00041983221862901114
4.488790839 0.0003930930219167748
4.490142071 0.0003662404725278372
4.491493302 0.00034098281700829395
4.492844534 0.00031713973791055273
4.494195765000001 0.00029398703726756116
4.495546996 0.00027264881609713763
4.496898228 0.00025405595457272614
4.498249458999999 0.00024006724706604607
4.4996006909999995 0.0002275868080271306
4.5009519220000005 0.0002149782124304313
4.502303154 0.0002014550042239494
4.503654385 0.00019148186144935422
4.505005617 0.0001840602256364012
4.506356848 0.00017886953493935134
4.507708079 0.0001724114342169092
4.509059311 0.00016524266278456962
4.510410542 0.00015763041366331358
4.511761774 0.0001498684713206827
4.513113005 0.0001424086079668425
4.514464237 0.0001353189862538062
4.5158154679999996 0.0001287985061367359
4.517166699000001 0.00012228245970245837
4.518517931 0.00011646087332252292
4.519869162 0.00011194467976308608
4.521220394 0.00010842947164236136
4.522571624999999 0.00010355292491905455
4.523922857 9.6469101973501e-05
4.525274088 8.740594393577447e-05
4.52662532 7.948544950257694e-05
4.527976551 7.277313971829733e-05
4.529327782 6.614939827606941e-05
4.530679014 6.0042850026054846e-05
4.532030245 5.468837493617814e-05
4.533381477 4.8707416525157775e-05
4.534732708 4.113058974076562e-05
4.53608394 3.3727161820952015e-05
4.537435171 2.885199607486746e-05
4.5387864030000005 2.749856699887933e-05
4.540137634 2.7169518408476744e-05
4.541488865 2.6473925196818557e-05
4.542840097 2.6059729956964007e-05
4.544191328 2.571541145750565e-05
4.5455425599999995 2.5217342368595408e-05
4.5468937910000005 2.19572068681322e-05
4.548245023000001 2.0287706949040158e-05
4.549596254 1.8080522646880882e-05
4.550947485 1.6069434422321048e-05
4.552298716999999 1.610379731178887e-05
4.553649948 1.6196507587911087e-05
4.5550011800000005 1.6476128147559644e-05
4.556352411 1.6900592450822394e-05
4.557703643 1.6597088005254933e-05
4.559054874 1.4170802677526254e-05
4.560406106 1.3553590629614648e-05
4.561757337 1.339301707072438e-05
4.563108568 1.2773637812804065e-05
4.5644598 1.2951231185736272e-05
4.565811031 1.4218090901816475e-05
4.567162263 1.6493928098870962e-05
4.568513493999999 1.7444066752494148e-05
4.569864726 1.659010119972462e-05
4.571215957000001 1.3692225233654519e-05
4.572567188 1.1953484184185564e-05
4.57391842 1.1075993517548972e-05
4.575269650999999 1.0346115146922944e-05
4.5766208829999995 9.234377603871685e-06
4.5779721140000005 7.890374001549703e-06
4.579323346 7.735660744343033e-06
4.580674577 7.620207453634976e-06
4.582025809 7.547948098851003e-06
4.58337704 7.3128933734065905e-06
4.584728271 7.4530674277104704e-06
4.586079503 7.955395431081752e-06
4.587430734 7.795074500802612e-06
4.588781966 6.895041820049496e-06
4.590133197 5.524324335591309e-06
4.591484429 3.6378846944546717e-06
4.5928356599999995 2.186748539648174e-06
4.5941868910000005 1.2029362112522838e-06
4.595538123 2.1843914839841717e-06
4.596889354 4.029869611465522e-06
4.598240586 7.735451308832854e-06
4.599591817 1.0328994131744392e-05
4.6009430490000005 1.2939262169497611e-05
4.60229428 1.4388978640310093e-05
4.603645512 1.5252553265052356e-05
4.604996743 1.5750426050862396e-05
4.606347974 1.578543665686779e-05
4.607699206 1.6434898965220544e-05
4.609050437 1.672963712257522e-05
4.610401669 1.628809838518648e-05
4.611752900000001 1.2201471377068084e-05
4.613104132 8.101370009675137e-06
4.614455363 6.137338562704087e-06
4.6158065950000005 6.889583434597905e-06
4.617157826 7.98747356800289e-06
4.618509057 9.220627511305948e-06
4.619860289 1.0953850220099036e-05
4.62121152 1.188858998664523e-05
4.622562751999999 1.1799575733221517e-05
4.6239139830000004 9.83817361382268e-06
4.625265215000001 1.0069649597058634e-05
4.626616446 1.028414510680913e-05
4.627967677 1.0463270689192262e-05
4.629318908999999 1.0718765859219606e-05
4.63067014 1.149156150821221e-05
4.6320213720000005 1.2611243132764281e-05
4.633372603 1.3034798408063278e-05
4.634723835 1.1733021550193465e-05
4.636075066 1.0263152400850814e-05
4.637426298 9.968057873577157e-06
4.638777529 1.1393253492709754e-05
4.64012876 1.2729146830523827e-05
4.641479992 1.3940408456628413e-05
4.642831223 1.3446583006568925e-05
4.644182455 1.3046351919340674e-05
4.645533685999999 1.3306462702132664e-05
4.646884918 1.4632090097861604e-05
4.648236149000001 1.5761274052645042e-05
4.64958738 1.570815647935728e-05
4.650938612 1.3690451573186243e-05
4.652289842999999 1.409549326160515e-05
4.6536410749999995 1.539928313119598e-05
4.6549923060000005 1.7810546557079252e-05
4.656343538 2.201604901738004e-05
4.657694769 2.583653988204455e-05
4.659046001 2.7010344585676064e-05
4.660397232 2.6117590737336456e-05
4.661748463 2.4857325254993223e-05
4.663099695 2.5163598526522624e-05
4.664450926000001 2.6721979896349776e-05
4.665802158 2.7901670993284853e-05
4.667153389 2.895508450940615e-05
4.668504621 2.9600693885342964e-05
4.6698558519999995 3.039416378172486e-05
4.6712070830000005 3.1271198445097e-05
4.672558315 3.217267226300345e-05
4.673909546 3.292074137575087e-05
4.675260778 3.383495062554226e-05
4.676612009 3.384266359726883e-05
4.6779632410000005 3.351749178269968e-05
4.679314472 3.3169239363931996e-05
4.680665704 3.336125513405824e-05
4.682016935 3.3190426992974296e-05
4.683368166 3.3039197407325234e-05
4.684719398 3.253568602673751e-05
4.686070629 3.3284912975520334e-05
4.687421861 3.424849203888722e-05
4.688773092 3.349097549809019e-05
4.690124324 3.2427369411059996e-05
4.691475555 3.0251187332619898e-05
4.6928267869999996 2.913720354339571e-05
4.694178018 2.8276955468527866e-05
4.695529249 2.74926688773911e-05
4.696880481 2.7010472582252865e-05
4.698231712 2.736109497806565e-05
4.699582943999999 2.848459734793425e-05
4.700934175 2.9440850932463953e-05
4.702285407000001 3.0063602155584516e-05
4.703636638 2.9815332023858743e-05
4.704987869 2.94657097540121e-05
4.706339100999999 2.9395333024046764e-05
4.707690332 2.8934177354440444e-05
4.7090415640000005 2.8252245433356926e-05
4.710392795 2.722533061047565e-05
4.711744027 2.699958815413304e-05
4.713095258 2.757155267327724e-05
4.71444649 2.825043488646634e-05
4.7157977209999995 2.860708082491906e-05
4.717148952 2.8242253365005532e-05
4.718500184000001 2.8078302448287116e-05
4.719851415 2.7927898790624397e-05
4.721202647 2.7440468334524385e-05
4.722553877999999 2.628184905431193e-05
4.72390511 2.466401395665342e-05
4.725256341000001 2.3282885883666457e-05
4.726607572 2.2276007309377704e-05
4.727958804 2.179593715499407e-05
4.729310035 2.1923520691324533e-05
4.730661267 2.240266230961455e-05
4.7320124980000005 2.372445839458809e-05
4.73336373 2.4964636524892433e-05
4.734714961 2.6169443856660437e-05
4.736066193 2.5705423802381743e-05
4.737417424 2.4766725727709027e-05
4.738768654999999 2.3182419271368278e-05
4.740119887 2.209193502205509e-05
4.741471118000001 2.1316066231059378e-05
4.74282235 2.1288362950883293e-05
4.744173581 2.110734471603493e-05
4.745524813 2.0813972005389936e-05
4.7468760439999995 2.0387935492962974e-05
4.748227276 2.0319121266544688e-05
4.749578507 2.0905365168556293e-05
4.750929738 2.1663244607699712e-05
4.75228097 2.234258466265581e-05
4.753632201 2.2006757310798533e-05
4.7549834330000005 2.1375984122718363e-05
4.756334664 2.0500526615668526e-05
4.757685896 2.052981932506081e-05
4.759037127 2.0992642794880408e-05
4.760388358 2.233842091904466e-05
4.76173959 2.3329643124342826e-05
4.763090821 2.404243165752826e-05
4.764442053 2.3088353056512292e-05
4.765793284 2.2094144777290883e-05
4.767144516 2.1047057110638386e-05
4.768495747 2.0768331497075397e-05
4.7698469789999995 2.0561408555899908e-05
4.77119821 1.996738644358758e-05
4.772549441 1.9191442970977444e-05
4.773900673 1.830210338532113e-05
4.775251904 1.8269559907079428e-05
4.776603135999999 1.8144326201859877e-05
4.777954367 1.7715204933354912e-05
4.779305599000001 1.664701722901438e-05
4.78065683 1.5477833574314637e-05
4.782008061000001 1.6131573862296765e-05
4.783359293 1.761143230380338e-05
4.784710524 2.0475399334258985e-05
4.7860617560000005 2.195918223010526e-05
4.787412987 2.2609145068297662e-05
4.788764219 2.095430604218511e-05
4.79011545 1.9620503912177456e-05
4.791466682 1.8546369906266193e-05
4.7928179129999995 1.9000932202901786e-05
4.7941691440000005 1.9684522725984978e-05
4.795520376000001 2.0414307860009774e-05
4.796871607 2.0848471541318905e-05
4.798222839 2.107614855884687e-05
4.799574069999999 2.113544750575064e-05
4.800925302 2.1015896904776107e-05
4.802276533000001 2.0530134095401346e-05
4.803627764 1.9654120709430595e-05
4.804978996 1.8630979587537747e-05
4.806330227 1.7753745501549647e-05
4.807681459 1.7184515778352506e-05
4.80903269 1.7093574480006104e-05
4.810383922 1.7229768289594183e-05
4.811735153 1.742107967487383e-05
4.813086384999999 1.7087966968828896e-05
4.814437616 1.666818537313263e-05
4.815788846999999 1.6133586208897447e-05
4.817140079 1.5984434115023698e-05
4.818491310000001 1.592047372735818e-05
4.819842542 1.5607414573959284e-05
4.821193773 1.4987892237397583e-05
4.822545005 1.4034298203227319e-05
4.8238962359999995 1.3252564113887135e-05
4.825247468 1.2624931198808697e-05
4.826598699 1.256647625176615e-05
4.82794993 1.2910904838274379e-05
4.829301162 1.3751982856697646e-05
4.830652393 1.4896004280359585e-05
4.8320036250000005 1.602696984626837e-05
4.833354856 1.6118138468358663e-05
4.834706088 1.5718764576254374e-05
4.836057318999999 1.4808857520183759e-05
4.83740855 1.4395666912638853e-05
4.838759782 1.4167943066957066e-05
4.840111013 1.4374027307677891e-05
4.841462245 1.4229063071506719e-05
4.842813476 1.3685766605009956e-05
4.844164708 1.217564936933226e-05
4.845515939 1.0568296506983814e-05
4.8468671709999995 8.914913182458504e-06
4.8482184020000005 8.175245140366862e-06
4.849569633 8.352375193454963e-06
4.850920865 9.387181854858041e-06
4.852272096 1.0833101637644013e-05
4.853623327999999 1.1929176350522385e-05
4.854974559 1.2972992493596757e-05
4.856325791000001 1.384340748286582e-05
4.857677022 1.4165241616428852e-05
4.859028253 1.4210894225080754e-05
4.860379485 1.2946220239628553e-05
4.861730716 1.1769193287499894e-05
4.863081948 1.0655854538212219e-05
4.864433179 9.978681863656937e-06
4.865784411 9.510756853994787e-06
4.867135642 9.267504303184157e-06
4.868486874 9.255791846072853e-06
4.8698381049999995 9.838745621286455e-06
4.8711893360000005 1.0490799588180136e-05
4.872540568000001 1.1210524066520118e-05
4.873891799 1.1181977080422115e-05
4.875243031 1.1055495838428586e-05
4.876594261999999 1.0919747140948686e-05
4.8779454939999995 1.0776220609703145e-05
4.879296725000001 1.0618467591918848e-05
4.880647956 1.0176239414611824e-05
4.881999188 9.702229117809831e-06
4.883350419 9.398339326179057e-06
4.884701651 9.077100131069724e-06
4.8860528819999995 8.72771982926544e-06
4.887404114 8.648087338710084e-06
4.888755345 8.68318072774914e-06
4.890106576999999 9.765851013762464e-06
4.891457808 1.0836070260669494e-05
4.892809038999999 1.1585407319021272e-05
4.894160271 1.1792499741314862e-05
4.895511502000001 1.1575040103070931e-05
4.896862734 1.101741821864623e-05
4.898213965 1.0145060281006778e-05
4.899565197 7.991331999081715e-06
4.900916428 5.3801962099000384e-06
4.902267660000001 2.968054125740771e-06
4.903618891 2.3521267042434154e-06
4.904970122 2.1483581679912543e-06
4.906321354 3.3856261631311486e-06
4.907672585 4.827015460614606e-06
4.9090238170000005 5.395651086430359e-06
4.910375048 5.085114338066006e-06
4.91172628 4.2184552734585915e-06
4.913077511 2.646030307195393e-06
4.914428742 1.5889777035737624e-06
4.915779974 9.874320293755967e-07
4.917131205 8.237910982211325e-07
4.918482437 1.0611064670239341e-06
4.919833668 1.2799041926475317e-06
4.9211849 1.4962046227107585e-06
4.922536131 1.8934731924486536e-06
4.9238873629999995 2.2608406979516006e-06
4.9252385940000005 2.165156217164508e-06
4.926589825 2.8227325772877233e-07
4.927941057 7.710085804183713e-09
4.929292288 4.8785189740720385e-09
4.930643519999999 4.8722598390861565e-09
4.931994751 4.865977519952659e-09
4.933345983000001 4.859676123201911e-09
4.934697214 4.853358327643394e-09
4.936048445 4.84702409602963e-09
4.937399677 4.840672036125573e-09
4.938750908 4.834304441938102e-09
4.94010214 4.8279237227245845e-09
4.941453371 4.8239444075908276e-09
4.942804603 4.820433702984739e-09
4.944155834 4.814033423650145e-09
4.945507066 4.807617823520661e-09
4.9468582969999995 4.801188310018983e-09
4.9482095280000005 2.7519610043514282e-08
4.949560760000001 4.998597627195524e-07
4.950911991 8.747835442524945e-07
4.952263223 3.4972209800430766e-07
4.953614453999999 1.0819073999557276e-08
4.9549656859999995 4.762356294404444e-09
4.9563169170000005 4.7558424233450005e-09
4.957668148 4.74931685384012e-09
4.95901938 4.742779920055777e-09
4.960370611 4.736229258828286e-09
4.961721843 4.7296640536142114e-09
4.9630730739999995 4.72308818864851e-09
4.964424306 4.7165012512074934e-09
4.965775537000001 4.709904483534705e-09
4.967126769 4.703297745544028e-09
4.968478 5.017095182725936e-09
4.969829230999999 9.843982872651282e-08
4.971180463 1.7237458587121474e-06
4.972531694000001 2.3536831945623395e-06
4.973882926 1.2558857964121373e-06
4.975234157 2.837360568131975e-07
4.976585389 4.6664113565315824e-08
4.97793662 6.211699382559179e-07
4.979287852000001 1.4131536282921563e-06
4.980639083 2.5139170972353526e-06
4.981990314 2.0825517811189574e-06
4.983341545999999 1.8008105735837775e-06
4.984692777 1.6422551851564287e-06
4.986044009 1.6099269528106414e-06
4.98739524 1.6345840742958112e-06
4.988746472 7.506907926181391e-07
4.990097703 3.0727375800131195e-07
4.991448934 1.03343003002713e-07
4.992800166 8.634741202717444e-08
4.9941513969999995 4.046533049108565e-07
4.995502629 9.551988051017824e-07
4.99685386 1.3091595306797868e-06
4.998205092 1.823926668719898e-06
4.999556323 2.552616336967873e-06
5.0009075549999995 2.3532949763678067e-06
5.0022587860000005 1.8546226236131741e-06
5.003610017 8.254429525552009e-07
5.004961249 6.7893799276443e-07
5.006312479999999 1.2640570669635917e-06
5.007663711999999 2.0325198879530517e-06
5.009014943 3.0121978960280014e-06
5.010366175 2.427435481502563e-06
5.011717406 1.728530049332872e-06
5.013068637 9.384425595077395e-07
5.014419869 6.261708557476336e-07
5.0157711 7.37637655613407e-07
5.017122332 1.5771988475768062e-07
5.018473563 7.647770336135704e-09
5.019824795000001 4.457085324965654e-09
5.021176026 4.450918532235927e-09
5.022527258 4.444743258886313e-09
5.0238784889999994 4.438559734201851e-09
5.0252297200000005 4.4323674055036645e-09
5.026580952000001 6.240812257627979e-09
5.027932183 6.593230869560465e-08
5.029283415 4.213209009744153e-07
5.030634646 8.361666474855453e-07
5.031985878 1.4268030978608296e-06
5.033337109 2.2528348023398526e-06
5.034688341 3.0196142915697852e-06
5.036039572 3.888582964837813e-06
5.037390803 3.883710515048215e-06
5.038742035 3.812572604285341e-06
5.0400932659999995 3.537847583519954e-06
5.041444498 3.484109603879386e-06
5.042795729000001 3.722800970649149e-06
5.044146961 3.923753319619656e-06
5.045498192 4.099020756453915e-06
5.046849422999999 4.146910485590726e-06
5.048200655 4.159887926927557e-06
5.049551886000001 4.3562500030658595e-06
5.050903118 4.562629874407083e-06
5.052254349 4.751944852154827e-06
5.053605581 4.8859946106737165e-06
5.054956812 4.895589709140063e-06
5.056308044000001 4.664849432784123e-06
5.057659275 4.234121918059386e-06
5.059010506 3.6510461693008334e-06
5.060361737999999 3.074414552212011e-06
5.061712969 3.3000762529108986e-06
5.063064201 3.7014553935601792e-06
5.064415432 4.649221775233407e-06
5.065766664 5.5606038732197124e-06
5.067117895 5.448423771083618e-06
5.068469126 4.565401083554699e-06
5.069820358 2.913378196727517e-06
5.0711715889999995 8.664353759766966e-07
5.072522821 1.3307253567082558e-07
5.073874052 2.3621938985493284e-07
5.075225284 1.24242462784668e-06
5.076576515 2.439617184100631e-06
5.0779277469999995 4.019664918969555e-06
5.0792789780000005 3.551782713861514e-06
5.080630209 2.98340273832002e-06
5.081981441 1.9788662344747352e-06
5.083332671999999 1.6063967596053761e-06
5.084683904 1.9517422134423325e-06
5.086035135 2.3163907322138303e-06
5.087386367 2.6825018957670234e-06
5.088737598 2.6719593978403587e-06
5.090088829 2.4469596177382074e-06
5.091440061 2.59451752148646e-06
5.092791292 2.8578620991839184e-06
5.094142524 3.291263756687283e-06
5.095493755000001 3.7401577704611494e-06
5.096844987000001 3.6229016522132458e-06
5.098196218 3.4483041296086323e-06
5.09954745 3.1019410224573667e-06
