Wavelength_microns Throughput
3.9982938279999996 0.0
3.9996450589999997 0.0
4.00099629 1.010571430258168e-05
4.002347521 1.0162557814797119e-05
4.003698753 1.0106180693722639e-05
4.005049984 1.1648574209028556e-05
4.006401216 1.227430702728977e-05
4.007752447 1.3839799288754877e-05
4.009103679 1.5412192363087066e-05
4.01045491 1.6145081032977422e-05
4.011806141 1.6179061844307824e-05
4.013157373 1.6121106671246885e-05
4.014508604 1.578251898486541e-05
4.015859836 1.5214975909514432e-05
4.017211067 1.6029615522663012e-05
4.018562299 1.7330820018196536e-05
4.01991353 1.7986048345336185e-05
4.021264761 1.759589707807483e-05
4.022615993 1.6812693969438675e-05
4.023967224 1.677092028764474e-05
4.025318456 1.8554395321538246e-05
4.026669687 1.9622059997858898e-05
4.028020919 1.774237455361771e-05
4.02937215 1.62978799189459e-05
4.030723382 1.6977162992613062e-05
4.032074613 1.916962473349379e-05
4.033425844 2.1325046155465477e-05
4.034777076 2.3074807573631448e-05
4.036128307 2.4155561697528464e-05
4.037479539 2.3632646223332397e-05
4.03883077 2.3739186786465842e-05
4.040182002 2.4964604965007712e-05
4.041533233 2.69330379291578e-05
4.042884465 2.867326972255451e-05
4.044235696 3.2085778562895044e-05
4.0455869269999996 3.252182709539217e-05
4.046938159 2.9935699431219465e-05
4.04828939 3.036949860885067e-05
4.049640622 3.3517468001696456e-05
4.050991853 3.884476890011178e-05
4.052343085 4.4896987923595576e-05
4.053694316 5.259016498671019e-05
4.055045547 5.922366358677003e-05
4.056396779 6.210436669721128e-05
4.05774801 6.371639552604407e-05
4.059099241999999 6.47670515671945e-05
4.0604504729999995 6.591015395409433e-05
4.061801705 6.836507771717894e-05
4.063152936 7.410458172265699e-05
4.064504168 7.784903141448777e-05
4.065855399 7.69430765782227e-05
4.06720663 7.767741957238391e-05
4.0685578620000005 8.350634300463428e-05
4.069909093000001 9.455467592156872e-05
4.071260325 0.0001072406847428641
4.072611556 0.00011849647661667828
4.073962788 0.00012862180774930322
4.075314019 0.00013999260358356315
4.07666525 0.00015372643010511892
4.078016482 0.0001694548339365849
4.079367713 0.00018574734938204795
4.080718945 0.00020262315399098752
4.082070176 0.00022422527780878733
4.083421408 0.000249313161488879
4.084772639 0.00027605663104010705
4.086123871 0.00030442375913186925
4.087475102 0.0003353845110073464
4.088826333 0.00037021143394788957
4.090177565 0.00040847563001108556
4.091528796 0.0004498416816223875
4.092880028 0.0004951598021075098
4.094231259 0.000545436631446388
4.095582491 0.000601260208847601
4.096933722 0.0006631069802157494
4.098284953 0.0007313757978787338
4.0996361850000005 0.0008071039563713325
4.100987416 0.0008904653895620203
4.102338648 0.0009814186592378383
4.103689878999999 0.001080733260122577
4.105041110999999 0.0011922067203777413
4.106392342 0.001322778951653509
4.107743574 0.0014733319116213368
4.109094805 0.0016417953197783045
4.110446036 0.0018280613552170688
4.111797268 0.0020345894987466497
4.113148499 0.002266042423343562
4.1144997309999995 0.002527214810582542
4.115850962000001 0.002824454568287208
4.117202194000001 0.0031641822762443978
4.118553425 0.0035508731754020266
4.119904657 0.0039905475620329225
4.121255887999999 0.004490550044713622
4.122607119 0.005060982359514667
4.123958351000001 0.005711698174688003
4.125309582 0.006455921701253489
4.126660814 0.00730534382709427
4.128012045 0.008277914424492609
4.129363277 0.009391191978423197
4.130714508 0.01067568575797149
4.132065739 0.012158396316857426
4.133416971 0.013865593446035458
4.134768202 0.01583480820715405
4.136119434 0.018112814699631757
4.1374706649999995 0.020750382932968273
4.138821897 0.023800931799822164
4.140173128000001 0.027336459582585414
4.14152436 0.03142768240848808
4.142875591 0.036166025672817716
4.144226821999999 0.04165622673635399
4.145578054 0.048003679479023134
4.146929285000001 0.055326631625200885
4.148280517 0.06376422902457576
4.149631748 0.07344355774588344
4.15098298 0.08452952914956405
4.152334211 0.09713150008013519
4.153685442 0.11135837279505612
4.155036674 0.12736819792479198
4.156387905 0.14522995233504016
4.157739136999999 0.16501816135715186
4.159090368 0.1866146651213161
4.1604416 0.2098812186963719
4.161792831 0.23476048548728073
4.163144063 0.2610612755333905
4.164495294 0.28843911350451834
4.165846525 0.31631220982010666
4.167197757 0.3439026149933879
4.1685489879999995 0.37109027727643396
4.169900220000001 0.3974617291296406
4.171251451 0.42260374742211937
4.172602683 0.445808713585564
4.173953914 0.4662627942818502
4.1753051459999995 0.48464221599461427
4.1766563770000005 0.5007750231457574
4.178007608 0.5147282029904452
4.17935884 0.5264683849672285
4.180710071 0.5357634193240596
4.182061303 0.5434662736390864
4.183412534 0.54972051544373
4.184763766 0.5547573526110079
4.186114997 0.5587487166127544
4.187466228 0.5616195251726507
4.18881746 0.563909824533985
4.190168691 0.5657318155124094
4.1915199229999995 0.5671161746528687
4.1928711540000005 0.5681515923665554
4.194222386000001 0.5689774847209682
4.195573617 0.5696314759383491
4.196924849 0.5701673879675476
4.198276079999999 0.5706443534290002
4.199627311 0.571097780487621
4.200978543 0.5715009814374834
4.202329774 0.5718975814091397
4.203681006 0.5722944228383179
4.205032237 0.5727192880388826
4.206383469 0.5731007281036623
4.2077347 0.5734731751645378
4.209085931 0.5738659491564801
4.210437163 0.5742403585096255
4.211788394 0.5745758642559382
4.213139626 0.5749067546600463
4.2144908569999995 0.5752369276350535
4.215842089 0.5755197636816671
4.217193320000001 0.5757619801703387
4.218544552 0.5759977224108676
4.219895783 0.576223271710075
4.221247013999999 0.5763720648080807
4.2225982459999996 0.5764874049902504
4.223949477 0.5765810756268059
4.225300709 0.5766380172824823
4.22665194 0.5766141734320801
4.228003171999999 0.5765705328128704
4.229354403 0.5765037895271488
4.2307056339999995 0.5763917135257852
4.232056866 0.5761982018342893
4.233408097000001 0.5760074076395738
4.234759329 0.5757834090895875
4.23611056 0.5755119896525737
4.237461792 0.575209871591827
4.238813023 0.5749440670546716
4.240164255 0.574644444228295
4.241515486 0.5743261604867602
4.242866717 0.5739953742969968
4.244217949 0.5736826693577097
4.24556918 0.5733183820367385
4.246920412000001 0.5729210857445742
4.248271643 0.5725008191616489
4.249622875 0.57208331460793
4.250974105999999 0.5715729494115577
4.2523253379999995 0.5710255040904777
4.2536765690000005 0.5704487936394066
4.2550278 0.5698268251777886
4.256379032 0.5690746724583968
4.257730263 0.5682253362788257
4.259081495 0.5672752313919408
4.260432726 0.5661895733615896
4.261783958 0.5649008948906971
4.263135189 0.563361999222922
4.26448642 0.5615603729398736
4.265837652 0.5594209812465185
4.267188883 0.556876332765369
4.2685401149999995 0.553685729642089
4.2698913460000005 0.5498509879790417
4.271242578000001 0.5455195169057427
4.272593809 0.5409016269259148
4.273945041 0.5366651367988299
4.275296271999999 0.5344647459027687
4.276647503 0.5348917123437748
4.277998735 0.5381348432619709
4.279349966 0.5443237702558907
4.280701198 0.5512580680818046
4.282052429 0.5569532580991988
4.283403661 0.5609900299334497
4.284754892 0.563168441187813
4.286106123 0.56366093556342
4.287457355 0.5636997161490183
4.288808586 0.5635158406244548
4.290159818 0.5632948660115972
4.2915110489999995 0.5630212015447837
4.292862281 0.5627516581119251
4.294213512000001 0.5625204220181481
4.295564744 0.5622824624044813
4.296915975 0.5620101500701176
4.298267206 0.5617800062021664
4.299618438 0.5615524864515163
4.300969669 0.5613375759282072
4.302320901 0.5611150813481031
4.303672132 0.5608973422948078
4.305023363999999 0.56073487562281
4.306374595 0.5605661901128968
4.3077258259999995 0.5603927145428291
4.309077058 0.5603129302552556
4.310428289000001 0.5602359354552398
4.311779521 0.560170827980068
4.313130752 0.5601189223029104
4.314481984 0.5600889522605139
4.315833215 0.5600686313995754
4.317184447 0.5600745349425447
4.318535678 0.560026358864099
4.319886909 0.5600238339451037
4.321238141 0.5600477664629695
4.322589372 0.5600240476604903
4.323940604000001 0.5599728196914298
4.325291835 0.5599754396984464
4.326643067 0.5599117987433517
4.327994297999999 0.5598102715918373
4.329345529999999 0.5596990080092777
4.3306967610000004 0.559564222378602
4.332047992 0.5594169156622288
4.333399224 0.5591877848170299
4.334750455 0.5589104987600513
4.336101687 0.5586459538590329
4.337452918 0.5582872836505173
4.33880415 0.5578651776249077
4.340155381 0.5574212818102827
4.341506612 0.5569142894868381
4.342857844 0.5563454600463338
4.344209075 0.555746332086997
4.3455603069999995 0.5550808486093294
4.3469115380000005 0.5543876304003585
4.34826277 0.5536762534450579
4.349614001 0.5528815978147555
4.350965233 0.5520943513692457
4.352316464 0.5513261400246436
4.353667695 0.5505307502975797
4.355018927 0.5497318512533349
4.356370158 0.548973788735107
4.35772139 0.5482355460065691
4.359072621 0.547510537695975
4.360423853 0.5467653662448169
4.361775084 0.5460691918555487
4.363126315000001 0.545359234104827
4.364477547000001 0.5446015299416286
4.365828778 0.5437715714572838
4.36718001 0.542839731587754
4.3685312409999995 0.5417239866961597
4.369882473 0.5403912169113202
4.371233704 0.5387166494339461
4.372584936 0.5365675091088434
4.373936167 0.5339223981232577
4.375287398 0.5307185002383732
4.37663863 0.5265615344051856
4.377989861 0.5214558569991286
4.379341093 0.5154335464353607
4.380692324 0.5084367945159258
4.382043555999999 0.4996550410201423
4.383394787 0.4896648713077454
4.3847460179999995 0.4784555803921248
4.38609725 0.46571892014276745
4.387448481000001 0.45102830964709284
4.388799713 0.4351089889022481
4.390150944 0.4180511207365878
4.391502176 0.3992468226221682
4.392853407 0.37911410830839826
4.394204639 0.358258238127452
4.39555587 0.3368914373010631
4.396907101 0.31420987285110996
4.398258332999999 0.29159611109982847
4.399609564 0.26925752155278593
4.400960796000001 0.2471548895143455
4.402312027 0.22535085745766248
4.403663259 0.2045501412838574
4.405014489999999 0.18488370319342848
4.406365721999999 0.16614252657613604
4.407716953 0.148722143852261
4.409068184 0.13274963633813996
4.410419416 0.11816205848713095
4.411770647 0.10486165991160698
4.413121879 0.09293196222259748
4.41447311 0.08226087484080573
4.415824342 0.07274476437871921
4.417175573000001 0.06430517958268937
4.418526804 0.056838994310928065
4.419878036 0.05024336594818058
4.421229266999999 0.04444695128630647
4.4225804989999995 0.03934102599368224
4.4239317300000005 0.0348446971412685
4.425282962 0.03089611170265359
4.426634193 0.02743401802191059
4.427985425 0.02438660964717381
4.429336656 0.02170200825139482
4.430687887 0.01934832989772044
4.432039119 0.017271244578432123
4.43339035 0.01543406283914916
4.434741582 0.013810210707318348
4.436092813 0.0123763202957879
4.437444045 0.01110580990784263
4.438795276 0.009980459226970363
4.440146507000001 0.00898562787294661
4.441497739000001 0.008097249051215965
4.44284897 0.007303862596325732
4.444200202 0.006598565071373756
4.445551432999999 0.0059699550264453866
4.446902665 0.005408334886867829
4.448253896 0.004907192739386781
4.449605128 0.004460468055758324
4.450956359 0.004056602295585714
4.45230759 0.003691263031090702
4.453658822 0.0033624631312953097
4.455010053 0.003066389122587818
4.456361285 0.0027984734690218857
4.457712516 0.002555716288584796
4.459063747999999 0.0023387852698811534
4.460414979 0.002143796701727578
4.4617662110000005 0.001968406307432443
4.463117442 0.0018078022054846164
4.464468673000001 0.001659732052980364
4.465819905 0.0015240629236863514
4.467171136 0.0014020389329283687
4.468522368 0.0012935575612680805
4.469873599 0.0011955534059394362
4.471224831000001 0.0011067621828058543
4.472576062 0.0010243209185554476
4.473927293 0.0009483451799579273
4.475278524999999 0.00087848423158527
4.476629756 0.0008154887354084525
4.4779809880000006 0.0007571685252896569
4.479332219 0.0007030743952963404
4.480683451 0.0006525310731710847
4.482034682 0.0006058575879342469
4.483385914 0.0005629911963310575
4.484737145 0.0005240150486118271
4.486088376 0.0004900692965936325
4.487439608 0.0004587010985481145
4.488790839 0.00042949495663474434
4.490142071 0.000400190523827652
4.491493302 0.0003726022394570019
4.492844534 0.0003465577393607472
4.494195765000001 0.00032129033413824177
4.495546996 0.00029797979998507436
4.496898228 0.0002776679851440681
4.498249458999999 0.0002624035312239157
4.4996006909999995 0.0002487691207214799
4.5009519220000005 0.00023499083843448265
4.502303154 0.00022022629882968006
4.503654385 0.00020932600715915504
4.505005617 0.00020122945801915118
4.506356848 0.0001955563263898505
4.507708079 0.00018849724533131896
4.509059311 0.00018067516321084408
4.510410542 0.00017235320790028082
4.511761774 0.00016386742872293153
4.513113005 0.0001557247069512766
4.514464237 0.00014797303047310513
4.5158154679999996 0.00014084351527349998
4.517166699000001 0.00013373039373827398
4.518517931 0.00012736432428467386
4.519869162 0.0001224257339875571
4.521220394 0.00011859172138792147
4.522571624999999 0.00011325757309157322
4.523922857 0.0001055092914044383
4.525274088 9.560521341503502e-05
4.52662532 8.694118810050684e-05
4.527976551 7.95987382590269e-05
4.529327782 7.236017700377252e-05
4.530679014 6.568022720652038e-05
4.532030245 5.982913794295744e-05
4.533381477 5.3286224487615e-05
4.534732708 4.499733867818033e-05
4.53608394 3.690168462469501e-05
4.537435171 3.156779171543306e-05
4.5387864030000005 3.0087098900457978e-05
4.540137634 2.973011377898827e-05
4.541488865 2.8969067069109723e-05
4.542840097 2.8515937176929798e-05
4.544191328 2.8142001997732054e-05
4.5455425599999995 2.7597095135809167e-05
4.5468937910000005 2.402943080724293e-05
4.548245023000001 2.220452604106226e-05
4.549596254 1.9788914639394656e-05
4.550947485 0.0
4.552298716 0.0
