Wavelength_microns Throughput
2.0004663860000003 2.315227233009993e-10
2.002074478 2.0873112372333563e-10
2.00368257 1.892431184812226e-10
2.005290662 1.7271909764877966e-10
2.006898754 1.5837764843582056e-10
2.008506846 1.4686408390461271e-10
2.010114938 1.3707691192757205e-10
2.01172303 1.2832061833918255e-10
2.013331122 1.2157212672672454e-10
2.014939214 1.1607568849975256e-10
2.016547306 1.095700068223979e-10
2.018155398 1.0481256350443876e-10
2.01976349 9.93305995675058e-11
2.021371582 9.543323599704925e-11
2.022979674 9.177667521293696e-11
2.0245877660000002 8.717544273095685e-11
2.026195858 8.415989218942215e-11
2.027803949 8.149629630822548e-11
2.029412041 7.906725742594759e-11
2.031020133 7.695695343046848e-11
2.032628225 7.523636713646038e-11
2.034236317 7.29030788508535e-11
2.035844409 7.183100836765803e-11
2.037452501 7.107926162192334e-11
2.039060593 7.075385382925647e-11
2.040668685 7.140212984103409e-11
2.042276777 7.156408937595781e-11
2.0438848689999998 7.19936540012714e-11
2.045492961 7.269182578702201e-11
2.047101053 7.359028331479747e-11
2.0487091449999997 7.526969065558492e-11
2.0503172370000002 7.703250263741935e-11
2.0519253290000004 7.887220383656895e-11
2.053533421 8.203037513423956e-11
2.055141513 8.49311106404206e-11
2.056749605 8.899208665180043e-11
2.058357697 9.315317839284309e-11
2.059965788 9.850280600157597e-11
2.06157388 1.0433985138963208e-10
2.0631819719999998 1.1065106548341031e-10
2.064790064 1.178411841628642e-10
2.066398156 1.2599036612365933e-10
2.068006248 1.349741744926126e-10
2.06961434 1.4474929127480716e-10
2.071222432 1.558602311801639e-10
2.072830524 1.7002382245904933e-10
2.074438616 1.848255767410329e-10
2.076046708 2.0327048857226824e-10
2.0776548 2.2351220775440852e-10
2.079262892 2.4869322964331456e-10
2.080870984 2.777955840980441e-10
2.0824790760000003 3.098506181239997e-10
2.084087168 3.4890511145720983e-10
2.08569526 3.9430868898682215e-10
2.0873033519999997 4.4718490574852606e-10
2.088911444 5.087455661229568e-10
2.090519536 5.819424325224319e-10
2.092127627 6.679779787556481e-10
2.0937357189999997 7.717973539969346e-10
2.0953438110000002 9.003761212880941e-10
2.0969519030000003 1.0469009067175776e-09
2.098559995 1.2223719658604802e-09
2.100168087 1.4345306873610184e-09
2.101776179 1.6739564601962799e-09
2.103384271 1.9575377167029458e-09
2.104992363 2.278045916606929e-09
2.1066004549999997 2.6173055408377354e-09
2.1082085470000003 2.987344554240853e-09
2.109816639 3.3620190848308286e-09
2.111424731 3.726936053664066e-09
2.113032823 4.052048673988678e-09
2.114640915 4.304031211570512e-09
2.116249007 4.505719223182818e-09
2.1178570989999996 4.598309662950786e-09
2.1194651909999997 4.621400446397931e-09
2.1210732830000003 4.5837287429878595e-09
2.122681375 4.4928916052105665e-09
2.124289466 4.35395353983627e-09
2.125897558 4.215133028416978e-09
2.1275056500000002 4.069795237862836e-09
2.129113742 3.914167460846936e-09
2.130721834 3.771659226891809e-09
2.1323299259999997 3.6338018840150153e-09
2.133938018 3.5054006914561744e-09
2.1355461100000004 3.392960355540398e-09
2.137154202 3.307272694458799e-09
2.138762294 3.2241475803226756e-09
2.140370386 3.1587459242719814e-09
2.141978478 3.092586461559927e-09
2.14358657 3.0465317925305475e-09
2.1451946619999998 3.0026427846172004e-09
2.146802754 2.959540595563743e-09
2.1484108460000004 2.9185582642464392e-09
2.150018938 2.882534161777951e-09
2.15162703 2.8564223518249472e-09
2.153235122 2.843237817580143e-09
2.154843214 2.83777381590847e-09
2.156451305 2.848191038767542e-09
2.158059397 2.860516777584474e-09
2.159667489 2.889739079813575e-09
2.161275581 2.9295293483993167e-09
2.1628836729999996 2.963263608383245e-09
2.164491765 3.0088519425644088e-09
2.1660998570000003 3.0585185739570326e-09
2.167707949 3.112672828940696e-09
2.169316041 3.173144058505087e-09
2.170924133 3.2317243850507745e-09
2.172532225 3.306928466783792e-09
2.174140317 3.3858677981537405e-09
2.1757484089999997 3.4732665168906175e-09
2.177356501 3.568583662560181e-09
2.1789645930000003 3.6760793757209402e-09
2.180572685 3.797563025901002e-09
2.182180777 3.92935219852237e-09
2.183788869 4.079725921407375e-09
2.185396961 4.253717717795722e-09
2.187005053 4.434370116178245e-09
2.1886131449999997 4.637028188214247e-09
2.1902212359999997 4.864095388406311e-09
2.191829328 5.114799081900229e-09
2.1934374200000004 5.388507443603616e-09
2.195045512 5.689781711829558e-09
2.196653604 6.036185758391637e-09
2.198261696 6.426469349074781e-09
2.199869788 6.873834149204856e-09
2.20147788 7.4152181149101255e-09
2.203085972 8.028774474227715e-09
2.204694064 8.74167179001396e-09
2.206302156 9.574250837186466e-09
2.207910248 1.0556555115587514e-08
2.2095183400000002 1.1749687395677906e-08
2.211126432 1.3171559339997085e-08
2.212734524 1.490419275308807e-08
2.2143426159999997 1.70593540631057e-08
2.215950708 1.968281913899607e-08
2.2175588 2.301650773494775e-08
2.219166892 2.7132346511517796e-08
2.220774984 3.219812903712782e-08
2.222383075 3.823763962196607e-08
2.2239911670000003 4.487575595554298e-08
2.225599259 5.1151943989787326e-08
2.227207351 5.636654977154101e-08
2.228815443 5.994817825569499e-08
2.230423535 6.227023871143878e-08
2.232031627 6.396859897761241e-08
2.2336397189999997 6.57544287983639e-08
2.2352478110000003 6.820433252288166e-08
2.236855903 7.163994726135606e-08
2.238463995 7.62967582685001e-08
2.240072087 8.22616444124033e-08
2.241680179 9.014024328010148e-08
2.243288271 9.980721762541143e-08
2.2448963629999996 1.1188055063785409e-07
2.2465044549999997 1.2658265008700422e-07
2.2481125470000003 1.4406772033439504e-07
2.249720639 1.6500231897463325e-07
2.251328731 1.8952655952503198e-07
2.252936823 2.1715388057186276e-07
2.2545449140000002 2.4824327092616844e-07
2.256153006 2.820527863353756e-07
2.257761098 3.185193308857391e-07
2.2593691899999997 3.567215572943391e-07
2.260977282 3.967397629300852e-07
2.262585374 4.3718644222802865e-07
2.264193466 4.776780547152537e-07
2.265801558 5.174237248492689e-07
2.2674096500000003 5.548126218916776e-07
2.269017742 5.901126965186199e-07
2.270625834 6.230512702080112e-07
2.2722339259999997 6.527407040759422e-07
2.273842018 6.809082455693676e-07
2.2754501100000004 7.075864807974285e-07
2.277058202 7.339533895596355e-07
2.278666294 7.600428232962127e-07
2.280274386 7.879077184699268e-07
2.281882478 8.194751443053472e-07
2.28349057 8.544094730865341e-07
2.285098662 8.938862377500784e-07
2.286706753 9.390828268310658e-07
2.288314845 9.888993815368924e-07
2.2899229369999996 1.0463958623832346e-06
2.291531029 1.1123812956844146e-06
2.2931391210000003 1.1881240331506147e-06
2.294747213 1.2772309388765307e-06
2.296355305 1.3823751323969413e-06
2.297963397 1.5048750081637795e-06
2.299571489 1.6513117268226045e-06
2.301179581 1.8189132180453336e-06
2.3027876729999996 2.017749938315164e-06
2.304395765 2.253020037564517e-06
2.3060038570000003 2.533217582017538e-06
2.307611949 2.869870940130133e-06
2.309220041 3.269772342441531e-06
2.310828133 3.7565306961004953e-06
2.312436225 4.351968400174388e-06
2.314044317 5.073133327611583e-06
2.3156524089999997 5.980092613598744e-06
2.3172605010000003 7.098109774774838e-06
2.318868592 8.450213657052434e-06
2.3204766840000004 1.0076909698576433e-05
2.322084776 1.195229074936918e-05
2.323692868 1.4065144285450134e-05
2.32530096 1.6323197887049713e-05
2.326909052 1.8701979593268006e-05
2.328517144 2.109757176203466e-05
2.3301252359999998 2.348570161591578e-05
2.331733328 2.586691845898236e-05
2.33334142 2.8132661944123888e-05
2.334949512 3.0260600778341207e-05
2.3365576040000002 3.2083971139320034e-05
2.338165696 3.359683306603375e-05
2.339773788 3.46552551750911e-05
2.3413818799999997 3.533165410513849e-05
2.342989972 3.567998282102074e-05
2.344598064 3.577513006208574e-05
2.346206156 3.5781087835994915e-05
2.347814248 3.578582660512754e-05
2.3494223400000003 3.586667014888808e-05
2.3510304310000003 3.608068443727248e-05
2.352638523 3.64410303244916e-05
2.354246615 3.7042607563414525e-05
2.3558547069999998 3.783142150854267e-05
2.357462799 3.8823397929693805e-05
2.359070891 3.9893801385436356e-05
2.3606789829999997 4.115586880678155e-05
2.3622870750000002 4.2409875990981704e-05
2.363895167 4.369070559202159e-05
2.365503259 4.4904190429775914e-05
2.367111351 4.6057356133077546e-05
2.368719443 4.7122056640632e-05
2.370327535 4.800626146942477e-05
2.371935627 4.868775925237177e-05
2.3735437189999997 4.917172551502559e-05
2.3751518110000003 4.942228048228627e-05
2.376759903 4.942278189915171e-05
2.378367995 4.922400518542448e-05
2.379976087 4.884484901681943e-05
2.381584179 4.8369311258970506e-05
2.383192271 4.776904433972934e-05
2.384800362 4.7139072755316505e-05
2.3864084539999997 4.650404207562351e-05
2.388016546 4.598605133985605e-05
2.389624638 4.549072763287855e-05
2.39123273 4.5083942380133545e-05
2.392840822 4.476464573355585e-05
2.3944489140000003 4.455541144001568e-05
2.396057006 4.442698012653223e-05
2.397665098 4.4358871873336926e-05
2.3992731899999997 4.437448708016219e-05
2.400881282 4.444339810455011e-05
2.4024893740000004 4.456161822933986e-05
2.404097466 4.472930022517895e-05
2.405705558 4.4915053194830843e-05
2.40731365 4.5106579970621236e-05
2.408921742 4.528840209956932e-05
2.410529834 4.550151844503402e-05
2.4121379259999998 4.574282657880055e-05
2.413746018 4.599477784256418e-05
2.41535411 4.621947937773544e-05
2.416962201 4.641456325360577e-05
2.418570293 4.655735171493348e-05
2.4201783850000003 4.6583466272376535e-05
2.421786477 4.653822218406248e-05
2.423394569 4.6311515236552266e-05
2.425002661 4.594893927250861e-05
2.426610753 4.547590530909587e-05
2.428218845 4.5004294074641474e-05
2.4298269369999996 4.4554595329978376e-05
2.431435029 4.419597233752338e-05
2.4330431210000003 4.401562611471952e-05
2.434651213 4.401188081080014e-05
2.436259305 4.4143747409388016e-05
2.4378673969999998 4.435567101612499e-05
2.439475489 4.464853163629563e-05
2.441083581 4.494873772928128e-05
2.4426916729999997 4.5225929947387117e-05
2.4442997650000002 4.548029118691377e-05
2.4459078570000004 4.568026125116387e-05
2.447515949 4.577127419846859e-05
2.44912404 4.578491078048681e-05
2.450732132 4.5770658863931706e-05
2.452340224 4.569297163582121e-05
2.453948316 4.5554680996444644e-05
2.455556408 4.543578230117287e-05
2.4571644999999998 4.538672599746906e-05
2.458772592 4.5423853139256555e-05
2.460380684 4.556974079944093e-05
2.461988776 4.581807260855525e-05
2.463596868 4.618433737127722e-05
2.46520496 4.6604306680109594e-05
2.466813052 4.705402336558267e-05
2.468421144 4.746614381976739e-05
2.470029236 4.783997846469537e-05
2.471637328 4.819307357689886e-05
2.47324542 4.853450253642822e-05
2.474853512 4.8934626686361655e-05
2.4764616040000003 4.9330706754160665e-05
2.478069696 4.9840681278206704e-05
2.479677788 5.03495586752721e-05
2.481285879 5.0825733286712915e-05
2.4828939709999998 5.121005961283109e-05
2.484502063 5.1545418171180506e-05
2.486110155 5.17887248012319e-05
2.4877182469999997 5.1884168986944595e-05
2.489326339 5.1941665155849416e-05
2.4909344310000003 5.195840452685013e-05
2.492542523 5.207628403759829e-05
2.494150615 5.2256733278478054e-05
2.495758707 9.583147144919293e-05
2.497366799 0.00013903047469480693
2.498974891 0.00018161169561279591
2.499778162 0.0002239044564604153
2.5011293930000003 0.00026480861590370385
2.502480624 0.00030532164742298366
2.5038318559999997 0.00034448104545934126
2.505183087 0.0003820922965933024
2.506534319 0.00037542902686023586
2.50788555 0.0003680192667587443
2.509236782 0.0003601915707866744
2.510588013 0.0003508298467211988
2.511939244 0.00034181218417323817
2.5132904760000003 0.00033122842224834434
2.514641707 0.0003204693548030226
2.515992939 0.00031023112926795464
2.51734417 0.0002993837388667204
2.5186954019999996 0.0002878515855390467
2.5200466329999998 0.0002761332833979409
2.521397865 0.0002650940689018441
2.522749096 0.0002532110646240573
2.524100327 0.00024166296979819403
2.525451559 0.00023001615654085533
2.52680279 0.00021771431020747826
2.5281540220000003 0.00020612653336070296
2.529505253 0.0001948320287664703
2.5308564849999997 0.00018338902856076023
2.532207716 0.00017174720050693317
2.533558948 0.0001607071850211604
2.534910179 0.00014957492517778164
2.5362614100000003 0.00013893586285057614
2.537612642 0.00012836414953226426
2.538963873 0.00011794383507389745
2.5403151050000004 0.00010805443948099541
2.5416663359999996 9.914293501660327e-05
2.5430175680000002 9.050163488227646e-05
2.544368799 8.183270042129116e-05
2.54572003 7.358358901217846e-05
2.547071262 6.653986514865405e-05
2.548422493 6.059140133756218e-05
2.549773725 5.4104769822375526e-05
2.551124956 4.816709876431345e-05
2.552476188 4.1950168155315806e-05
2.553827419 3.702614282950499e-05
2.5551786510000003 3.315054554245299e-05
2.556529882 2.9986792235783507e-05
2.557881113 2.5322673136676054e-05
2.559232345 2.1084995749316074e-05
2.560583576 1.8750125922383897e-05
2.561934808 1.6732021885776254e-05
2.5632860390000003 1.5130927463214451e-05
2.564637271 1.361835109746207e-05
2.565988502 1.1821030434397731e-05
2.567339733 1.0173120752287012e-05
2.5686909649999996 9.937097954038655e-06
2.5700421959999997 9.453181998716276e-06
2.571393428 8.056938065419815e-06
2.572744659 7.134978886569093e-06
2.574095891 6.186902928371377e-06
2.575447122 5.048775793837136e-06
2.576798354 4.289797640163943e-06
2.5781495850000002 4.115301111846847e-06
2.5795008160000004 3.469234715644912e-06
2.580852048 3.2910551057983343e-06
2.582203279 3.5110720186233075e-06
2.583554511 2.9736425556797127e-06
2.584905742 2.677932326782226e-06
2.586256974 2.6140447008638163e-06
2.587608205 2.608024479242689e-06
2.588959437 2.0954763809102326e-06
2.590310668 2.2902116367020535e-06
2.591661899 2.2630674506419348e-06
2.593013131 1.86290611698195e-06
2.594364362 1.9400006405822295e-06
2.5957155939999996 1.9001330609626818e-06
2.5970668249999997 1.6897423087318621e-06
2.598418057 1.4855424180496782e-06
2.599769288 1.4974268892931592e-06
2.601120519 1.4967152407993766e-06
2.602471751 1.2869590314371559e-06
2.603822982 1.5575746963768651e-06
2.6051742140000003 2.0366656955065825e-06
2.6065254450000004 2.27965610656801e-06
2.607876677 2.3561534294177367e-06
2.609227908 2.701076403369204e-06
2.61057914 3.1436977732739973e-06
2.611930371 2.8327026977772403e-06
2.613281602 2.634195485301286e-06
2.614632834 2.635114304411721e-06
2.615984065 2.1649705081305555e-06
2.617335297 1.9354439585062963e-06
2.618686528 1.784567918111687e-06
2.62003776 1.3620594016502041e-06
2.621388991 8.98011124166717e-07
2.622740222 8.897697402451734e-07
2.6240914539999998 8.762088796970936e-07
2.625442685 5.365108796349446e-07
2.626793917 8.599163567626902e-07
2.628145148 1.1224277736811721e-06
2.62949638 1.3661099949689402e-06
2.630847611 1.7774115020443376e-06
2.6321988430000003 2.1563032576517223e-06
2.6335500740000004 2.551902217226108e-06
2.634901305 2.9435953942634362e-06
2.636252537 2.979779935281274e-06
2.637603768 2.5765799116100586e-06
2.6389549999999997 2.639828903616549e-06
2.640306231 2.70874262474139e-06
2.641657463 2.281474171916137e-06
2.643008694 1.8320304888657277e-06
2.6443599250000003 1.610855807328854e-06
2.645711157 1.2225277480691367e-06
2.6470623879999997 1.246173202508715e-06
2.64841362 1.4485834577045025e-06
2.649764851 1.1236736195057475e-06
2.651116083 9.459737028010389e-07
2.652467314 9.758165437398085e-07
2.653818546 1.1053334402001304e-06
2.6551697770000002 1.230670837598529e-06
2.6565210080000004 1.3876814562112148e-06
2.65787224 1.6857189741859712e-06
2.659223471 1.6858305480307203e-06
2.6605747030000004 1.939538797113401e-06
2.6619259339999997 2.1292152422557115e-06
2.663277166 2.669693286707205e-06
2.664628397 2.7259167094277715e-06
2.6659796289999997 2.301284087346779e-06
2.66733086 2.166042244106024e-06
2.668682091 1.7906717581551435e-06
2.670033323 1.4921277643661118e-06
2.6713845540000003 1.2854509535033405e-06
2.672735786 1.5129491691638896e-06
2.6740870169999997 9.481090684375097e-07
2.675438249 7.325884633168883e-07
2.67678948 7.32329417672291e-07
2.678140711 7.798529409202752e-07
2.679491943 9.323796215860343e-07
2.680843174 1.2561137814393135e-06
2.6821944060000003 1.191518794857208e-06
2.6835456370000004 6.142883232984002e-07
2.684896869 5.899891198717102e-07
2.6862481 6.258804751881261e-07
2.6875993319999996 6.264243376740294e-07
2.6889505629999997 6.157903134229171e-07
2.690301794 5.072447043208295e-07
2.691653026 1.7574643890295982e-07
2.693004257 1.850912886911108e-07
2.694355489 1.8510814027628526e-07
2.69570672 1.6789444763371658e-07
2.697057952 4.5207935653157067e-07
2.6984091830000003 4.900216031902452e-07
2.699760414 4.30129505776144e-07
2.7011116459999998 4.2031193718785075e-07
2.702462877 7.321473255980184e-07
2.703814109 1.3269299282942534e-06
2.70516534 1.386981599667897e-06
2.706516572 1.3924272656505066e-06
2.707867803 1.369731613420468e-06
2.7092190350000003 1.5462377544756283e-06
2.7105702660000004 1.5481386639181412e-06
2.7119214969999996 1.611393552050404e-06
2.713272729 1.2942383822009157e-06
2.71462396 7.32970385020216e-07
2.7159751919999997 6.745216967294154e-07
2.717326423 8.28624606319894e-07
2.718677655 6.387790674099775e-07
2.720028886 6.162834640923948e-07
2.7213801170000003 7.46442904180618e-07
2.722731349 6.41105223800704e-07
2.7240825799999997 6.408269767423935e-07
2.7254338120000003 7.672774871595492e-07
2.726785043 9.085162388684332e-07
2.7281362749999998 7.491791093930516e-07
2.729487506 7.261167669900394e-07
2.730838738 5.354992929380954e-07
2.732189969 4.083251664732865e-07
2.7335412000000003 4.3954251513735507e-07
2.734892432 7.648427670516686e-07
2.736243663 7.353578889072531e-07
2.737594895 7.716011770632073e-07
2.7389461259999996 7.720342623434205e-07
2.740297358 7.163134181783573e-07
2.741648589 7.160976866611176e-07
2.7429998209999997 7.125475489674665e-07
2.744351052 7.523241192626042e-07
2.745702283 4.260406369039262e-07
2.747053515 2.838127693946704e-07
2.7484047460000003 1.1131609586604385e-07
2.749755978 1.1085770353831566e-07
2.7511072089999997 8.595886570946855e-08
2.7524584410000004 3.8930678330261884e-07
2.753809672 5.871064540280035e-07
2.755160903 7.383995641851149e-07
2.756512135 8.218354184455096e-07
2.757863366 8.21654463967669e-07
2.7592145980000002 8.314962018908637e-07
2.760565829 9.208719472758789e-07
2.761917061 9.153210503828627e-07
2.7632682920000002 6.120853524818035e-07
2.764619524 4.1432120519434075e-07
2.7659707549999997 2.669657592149533e-07
2.767321986 1.831069864190026e-07
2.768673218 1.9509821557875626e-07
2.770024449 3.3650897853513147e-07
2.771375681 3.729252195734719e-07
2.772726912 3.735610112564151e-07
2.774078144 5.317359659226453e-07
2.7754293750000003 5.365303177245491e-07
2.776780606 4.6215066976639e-07
2.7781318379999997 4.944801699623833e-07
2.779483069 7.304368171042551e-07
2.780834301 8.544835079946171e-07
2.782185532 7.293406028394004e-07
2.783536764 7.31015252544651e-07
2.784887995 7.49889576816048e-07
2.786239227 1.1298512135184842e-06
2.787590458 1.346717103865079e-06
2.788941689 1.3162960555534852e-06
2.7902929210000003 1.0695793348681036e-06
2.791644152 9.812820405680795e-07
2.7929953839999997 1.2132061089506048e-06
2.794346615 1.213479263747157e-06
2.795697847 1.0385461988470742e-06
2.797049078 6.940024584523043e-07
2.7984003090000003 5.745745382367573e-07
2.799751541 6.919918621223649e-07
2.801102772 6.980623944956747e-07
2.8024540040000003 5.667572587990409e-07
2.803805235 4.890098590175815e-07
2.8051564669999998 5.969720515973528e-07
2.806507698 6.763336147849949e-07
2.80785893 8.514439785544988e-07
2.8092101609999998 8.669168056975294e-07
2.810561392 7.774341921566217e-07
2.811912624 7.707813317928695e-07
2.813263855 8.269383938020795e-07
2.814615087 7.996387355612636e-07
2.8159663179999996 7.892284633566654e-07
2.8173175500000003 7.329917492974075e-07
2.818668781 5.204533966749762e-07
2.8200200129999997 4.0702419594363724e-07
2.821371244 4.3204180414951135e-07
2.822722475 7.625351747585931e-07
2.824073707 6.4807039294915e-07
2.8254249380000003 5.223647337101394e-07
2.82677617 6.901560987203745e-07
2.828127401 7.460150307916744e-07
2.8294786330000004 8.665585245284894e-07
2.830829864 9.196113530084468e-07
2.8321810949999997 8.64902795809364e-07
2.833532327 7.72005015250885e-07
2.834883558 9.528367171266432e-07
2.83623479 9.721102257702398e-07
2.837586021 7.04296016653715e-07
2.838937253 6.231156401134074e-07
2.8402884840000002 5.022873214100215e-07
2.841639716 4.491867697977615e-07
2.8429909469999997 5.320389238663725e-07
2.8443421779999998 2.9677868464315787e-07
2.84569341 1.1266582940236217e-07
2.847044641 3.286073965503607e-07
2.848395873 5.924539064560875e-07
2.849747104 5.947452314179208e-07
2.851098336 5.915949099854987e-07
2.8524495670000003 5.908936341089225e-07
2.8538007980000004 5.160411505839847e-07
2.85515203 7.030064450485088e-07
2.856503261 7.605167934832702e-07
2.8578544929999996 5.242949802891972e-07
2.8592057239999997 2.6378591907489256e-07
2.860556956 3.413887659130171e-07
2.861908187 3.409887039936213e-07
2.863259419 4.623325010665149e-07
2.86461065 6.110267423256088e-07
2.865961881 4.7555109740678646e-07
2.8673131130000002 4.173489139091979e-07
2.868664344 5.601010743591812e-07
2.8700155759999997 7.275768164551e-07
2.871366807 8.5895280315819e-07
2.872718039 9.798469080975145e-07
2.87406927 8.582868057912222e-07
2.8754205010000002 7.012699128997173e-07
2.876771733 7.786380040058838e-07
2.878122964 1.0100499120412275e-06
2.8794741960000003 9.488688969226254e-07
2.8808254270000004 9.571347805809929e-07
2.882176659 9.789244846089116e-07
2.88352789 1.0928581082277848e-06
2.8848791219999996 1.0932134986087323e-06
2.8862303529999997 1.091532385879361e-06
2.887581584 9.622605211114385e-07
2.888932816 7.311419234622835e-07
2.890284047 6.493181820196222e-07
2.891635279 4.7236603492095727e-07
2.89298651 3.273960282666105e-07
2.8943377420000003 9.474128376420821e-08
2.895688973 9.400425388402182e-08
2.8970402049999997 1.1638795065987478e-07
2.898391436 2.396909050417527e-07
2.899742667 2.879886586163028e-07
2.901093899 2.8783438794073203e-07
2.9024451300000003 2.8743761046261715e-07
2.903796362 2.1182589486693496e-07
2.905147593 3.3936836729401525e-07
2.9064988250000003 5.382301653784145e-07
2.907850056 7.1498703568077e-07
2.9092012869999997 7.330336193622589e-07
2.910552519 6.839047363297346e-07
2.91190375 6.830309778728627e-07
2.9132549819999998 6.824962425170356e-07
2.914606213 6.708770981150868e-07
2.915957445 7.180246589365211e-07
2.917308676 6.803511601953548e-07
2.918659908 5.663014363936831e-07
2.920011139 4.949707254989986e-07
2.9213623699999998 7.322810685690266e-07
2.922713602 9.508129617290555e-07
2.924064833 1.0892238411763307e-06
2.925416065 1.2462715304927772e-06
2.926767296 1.0706388630952874e-06
2.928118528 9.162640753279158e-07
2.9294697590000003 9.800952723036051e-07
2.93082099 1.0842991754238288e-06
2.932172222 1.2619787432642423e-06
2.933523453 1.2772562713882624e-06
2.934874685 1.1601251088067522e-06
2.9362259159999997 1.2453087852114914e-06
2.937577148 1.3711383184228293e-06
2.938928379 1.3621634971512658e-06
2.940279611 1.213256910212215e-06
2.941630842 1.039495343159103e-06
2.942982073 6.336401608208207e-07
2.9443333050000002 5.513157318105455e-07
2.9456845360000004 7.188987715165328e-07
2.947035768 6.42037152358786e-07
2.948386999 5.138005890862269e-07
2.949738231 5.131212959206965e-07
2.951089462 5.13006397121748e-07
2.952440694 5.124144580679168e-07
2.953791925 5.070169393346383e-07
2.955143156 4.0593323076989064e-07
2.956494388 4.467431279581174e-07
2.957845619 4.5114135446468205e-07
2.959196851 4.508518708141081e-07
2.960548082 4.5022879638394617e-07
2.9618993139999996 4.49445056078934e-07
2.9632505449999997 4.883239631840584e-07
2.964601776 5.264532383012482e-07
2.965953008 4.911758184846414e-07
2.967304239 3.380108730432194e-07
2.968655471 2.2606126045418663e-07
2.970006702 2.278858869755567e-07
2.9713579340000003 2.2778601068484573e-07
2.9727091650000004 4.408676989774934e-07
2.974060397 8.038145752996918e-07
2.975411628 9.7754791518847e-07
2.976762859 1.0531862340159432e-06
2.978114091 9.771138512071134e-07
2.979465322 9.210118626373294e-07
2.980816554 9.175869162422418e-07
2.982167785 9.163204309319407e-07
2.983519017 7.030062043419541e-07
2.984870248 3.016792902241505e-07
2.9862214789999997 9.30597811933912e-08
2.987572711 3.0954800872321853e-07
2.988923942 7.306035304573801e-07
2.9902751739999998 7.949941269636332e-07
2.991626405 8.013145557454525e-07
2.992977637 8.183503420866158e-07
2.994328868 8.339857062793087e-07
2.9956801 8.333579590673485e-07
2.997031331 8.382879842732166e-07
2.9983825619999998 5.865413841743145e-07
2.9997337940000004 2.2715501584529264e-07
3.001085025 3.1427189447905654e-07
3.002436257 5.03197680292541e-07
3.003787488 7.146131298603337e-07
3.0051387199999997 7.397268085239596e-07
3.006489951 7.612104273766108e-07
3.007841182 8.160144813428275e-07
3.009192414 8.128804068108078e-07
3.0105436450000003 7.527257212835315e-07
3.011894877 6.211147614912595e-07
3.0132461079999997 5.133935504933482e-07
3.01459734 2.8546900822556443e-07
3.015948571 2.460331322535728e-07
3.017299803 2.8690062763131505e-07
3.018651034 2.828817141933941e-07
3.020002265 2.679244253973161e-07
3.021353497 4.1914613057682767e-07
3.0227047280000003 5.804543089112684e-07
3.02405596 4.94135543156428e-07
3.0254071909999998 4.938440670543238e-07
3.0267584230000004 6.805040406202705e-07
3.0281096539999997 9.283841340549463e-07
3.029460886 1.3676099929214925e-06
3.030812117 1.6789971440238283e-06
3.032163348 1.7695537192389712e-06
3.03351458 1.6629825282412385e-06
3.034865811 1.8065539562831399e-06
3.036217043 2.098898464920546e-06
3.0375682740000003 2.16882835278293e-06
3.038919506 2.1622603976784114e-06
3.0402707369999997 1.6819164429644786e-06
3.041621968 1.452445616771282e-06
3.0429732 1.6501249444838197e-06
3.044324431 1.9053339877662353e-06
3.045675663 2.1435962045161237e-06
3.047026894 2.1203854946140127e-06
3.0483781260000002 2.1802203394638273e-06
3.0497293570000004 2.272925366533527e-06
3.051080589 2.53174446345266e-06
3.05243182 2.7796607497889558e-06
3.053783051 2.902525689716111e-06
3.0551342829999997 2.943175999359078e-06
3.056485514 2.7777556462504957e-06
3.057836746 2.75868128335891e-06
3.059187977 2.7007121973396157e-06
3.060539209 2.473711813138708e-06
3.06189044 2.5873819717807305e-06
3.063241671 2.7462487183109293e-06
3.0645929030000003 2.3572018643398818e-06
3.065944134 2.095818190120624e-06
3.0672953659999997 2.054085124855991e-06
3.068646597 2.0966031317046166e-06
3.069997829 2.2742831436298913e-06
3.07134906 2.288610640077203e-06
3.072700292 2.1480989138386736e-06
3.074051523 2.09161983225441e-06
3.075402754 2.325921768422911e-06
3.0767539860000004 2.5655440308823835e-06
3.0781052169999996 2.724732588007453e-06
3.079456449 2.6512792294063025e-06
3.08080768 2.398326945152594e-06
3.0821589119999997 2.352914738150231e-06
3.083510143 2.1539220282454944e-06
3.084861374 1.7512099995806672e-06
3.086212606 1.3750815182283326e-06
3.0875638370000003 1.2998864669670561e-06
3.088915069 1.3495771136502035e-06
3.0902662999999997 1.941083722713245e-06
3.0916175320000003 2.656484930347135e-06
3.092968763 3.1594878362052453e-06
3.0943199949999998 3.7504571563886174e-06
3.095671226 4.14874117351867e-06
3.097022457 4.510122216602513e-06
3.098373689 4.502318130551844e-06
3.0997249200000003 4.553039139827224e-06
3.101076152 4.0546022416037525e-06
3.102427383 3.4306228411743723e-06
3.103778615 3.0201551298291102e-06
3.1051298459999996 2.7165044091383043e-06
3.106481078 2.8680019200415233e-06
3.107832309 2.8399237823374797e-06
3.10918354 2.8424472214907728e-06
3.110534772 2.7720915892694183e-06
3.111886003 2.906361149615344e-06
3.113237235 2.9787797817525214e-06
3.1145884660000003 2.881631939306749e-06
3.115939698 2.750085431389132e-06
3.1172909289999997 2.5020392602580508e-06
3.11864216 2.6392653396680558e-06
3.119993392 2.9595384209958683e-06
3.121344623 3.2110009832926847e-06
3.122695855 3.5891619385016164e-06
3.124047086 4.189531834056682e-06
3.1253983180000002 4.901044784341818e-06
3.126749549 5.684713786246938e-06
3.128100781 6.2297812843595624e-06
3.1294520120000002 6.435665826035043e-06
3.130803243 6.626578873103981e-06
3.1321544749999997 6.876257784840694e-06
3.133505706 7.0073347310227705e-06
3.134856938 7.165183307405086e-06
3.136208169 7.273948771153478e-06
3.137559401 7.400092371465994e-06
3.138910632 7.841902825646369e-06
3.140261863 8.37655342206565e-06
3.1416130950000003 8.66829462426278e-06
3.142964326 8.875204943744552e-06
3.1443155579999997 8.78097446605872e-06
3.145666789 8.580060962481183e-06
3.147018021 8.61816699892445e-06
3.148369252 8.358536831164676e-06
3.149720484 7.505208133341861e-06
3.151071715 6.950567191672915e-06
3.152422946 6.996914046986497e-06
3.153774178 7.176038971725586e-06
3.155125409 7.118417950109205e-06
3.1564766410000002 6.840303236205545e-06
3.157827872 6.580073559716488e-06
3.1591791039999997 6.538270956005647e-06
3.160530335 6.98545444342012e-06
3.161881566 7.301911979511641e-06
3.163232798 6.8059791409266564e-06
3.1645840290000002 5.8487945150315074e-06
3.165935261 5.417129924253901e-06
3.167286492 5.053252204731634e-06
3.1686377240000003 4.623931239473396e-06
3.169988955 4.104767205517503e-06
3.1713401869999998 3.419129633543207e-06
3.172691418 2.6699914520847196e-06
3.174042649 2.27123778247441e-06
3.1753938809999998 1.976023908876967e-06
3.176745112 1.5952259824168658e-06
3.178096344 1.326245779315575e-06
3.179447575 1.0284158397419299e-06
3.180798807 8.325226456438874e-07
3.182150038 7.760903599819301e-07
3.1835012700000003 5.346162894525793e-07
3.184852501 3.12313580311873e-07
3.186203732 4.638701925235055e-07
3.187554964 9.155501115679165e-07
3.188906195 1.3007837419492716e-06
3.190257427 1.6581812663185349e-06
3.1916086580000003 2.025343429547387e-06
3.19295989 2.457385644855987e-06
3.194311121 2.8769739930095187e-06
3.195662352 3.1815402601666883e-06
3.197013584 3.403935881654199e-06
3.1983648149999997 3.6020816576868747e-06
3.199716047 3.885437919938979e-06
3.201067278 3.9669873719058496e-06
3.2024185099999998 4.077794175736203e-06
3.203769741 4.2355815966097836e-06
3.205120973 4.877157358634888e-06
3.206472204 5.228636536142474e-06
3.207823435 5.375423380194955e-06
3.209174667 5.311332516068468e-06
3.2105258979999998 5.073757485449199e-06
3.21187713 4.94165182813596e-06
3.213228361 4.9074305830014555e-06
3.214579593 4.579541222505298e-06
3.215930824 3.888330230011347e-06
3.217282055 3.660467444118201e-06
3.2186332870000003 3.463591874749559e-06
3.2199845180000004 3.206194796700613e-06
3.22133575 3.149022676144588e-06
3.222686981 3.317300776939672e-06
3.2240382129999996 3.0820870154907735e-06
3.2253894439999997 3.049753845477639e-06
3.226740676 3.2047559969765234e-06
3.228091907 3.179503231789947e-06
3.229443138 3.1672339588497833e-06
3.23079437 3.313089156575603e-06
3.232145601 3.3459317490836452e-06
3.2334968330000002 3.1888576291805696e-06
3.234848064 3.245930885470551e-06
3.2361992959999997 3.1702011482359377e-06
3.237550527 3.016571603775695e-06
3.238901759 3.2736671765934372e-06
3.24025299 3.765266045634461e-06
3.2416042210000002 3.873570080022463e-06
3.242955453 4.3082462009548556e-06
3.244306684 4.932489092964281e-06
3.2456579160000003 5.534846612096086e-06
3.2470091470000004 5.921136718057724e-06
3.248360379 6.260467940585622e-06
3.24971161 6.27914900154768e-06
3.251062841 5.899794622365574e-06
3.2524140729999997 5.668044061337157e-06
3.253765304 5.350272294176324e-06
3.255116536 5.036943361850837e-06
3.256467767 4.4651358829654915e-06
3.257818999 4.050839335688295e-06
3.25917023 3.871373969893709e-06
3.2605214620000003 4.397715349011206e-06
3.261872693 5.464920099056402e-06
3.263223924 6.391520035304209e-06
3.264575156 6.631685791873165e-06
3.265926387 6.674989974682505e-06
3.267277619 6.941909064572576e-06
3.2686288500000003 7.435799553955361e-06
3.269980082 7.87902715992165e-06
3.271331313 7.682470357848267e-06
3.272682544 7.108513567520102e-06
3.274033776 6.454291833529925e-06
3.2753850069999997 6.431782972499586e-06
3.276736239 6.919540180050495e-06
3.27808747 7.578659493555675e-06
3.2794387019999998 7.74668375627458e-06
3.280789933 7.72101927131012e-06
3.282141165 7.659921873969303e-06
3.283492396 8.02768873224101e-06
3.2848436270000003 8.563163637554215e-06
3.286194859 8.43453638288232e-06
3.2875460899999998 8.008686928198331e-06
3.288897322 7.68409126095255e-06
3.290248553 7.582108183566132e-06
3.291599785 7.268237367252764e-06
3.292951016 7.108352799661589e-06
3.294302247 6.508791144331233e-06
3.2956534790000003 5.719884052130475e-06
3.29700471 5.401735504664331e-06
3.298355942 5.152140950137098e-06
3.299707173 5.039668669762634e-06
3.301058405 4.927980667791382e-06
3.3024096359999997 4.8860563853247425e-06
3.303760868 4.541948119217616e-06
3.305112099 4.5442786731571795e-06
3.30646333 4.9509932416111225e-06
3.307814562 5.363740838918375e-06
3.309165793 5.605828214181555e-06
3.3105170250000002 5.603812625836866e-06
3.3118682560000003 5.767919925529862e-06
3.313219488 5.900210889884941e-06
3.3145707189999998 6.154096224426993e-06
3.315921951 6.089711504825788e-06
3.317273182 5.9665512941363896e-06
3.318624413 5.921839388339307e-06
3.319975645 5.798442764401473e-06
3.321326876 5.344386758665195e-06
3.322678108 4.693180985474813e-06
3.324029339 4.594622736978364e-06
3.325380571 4.641767128249559e-06
3.326731802 4.4523959319963366e-06
3.328083033 4.130002151777505e-06
3.3294342649999997 4.09384589971491e-06
3.330785496 4.396743577580138e-06
3.332136728 4.827934955812483e-06
3.333487959 5.662819925864131e-06
3.334839191 6.352374379883139e-06
3.336190422 6.581356830004398e-06
3.3375416540000002 6.893805689574164e-06
3.3388928850000004 7.096317942366528e-06
3.340244116 7.3636580854147215e-06
3.341595348 7.501252330659962e-06
3.342946579 7.550281357994236e-06
3.344297811 7.145245604239098e-06
3.345649042 6.600165412159303e-06
3.347000274 6.503275665983877e-06
3.348351505 6.886091939239965e-06
3.3497027360000002 7.537405864694408e-06
3.351053968 7.572115652760852e-06
3.3524051989999997 7.29736904787234e-06
3.353756431 7.4433568868912255e-06
3.355107662 7.921585707102462e-06
3.3564588939999997 8.455552469820613e-06
3.357810125 9.122109111912881e-06
3.359161357 9.362637104392823e-06
3.360512588 9.601235134096589e-06
3.3618638190000003 1.0097929787786284e-05
3.363215051 1.0499504144616775e-05
3.3645662819999997 1.0658748842891883e-05
3.3659175140000004 1.0841510574329389e-05
3.367268745 1.0894063953215978e-05
3.368619977 1.0643119774557705e-05
3.369971208 1.08793709714001e-05
3.371322439 1.1440869780313727e-05
3.372673671 1.2314259476209248e-05
3.374024902 1.296537720603646e-05
3.375376134 1.2669280771292341e-05
3.3767273650000003 1.2298229593188048e-05
3.378078597 1.2481630098575744e-05
3.3794298279999997 1.2991520785072601e-05
3.38078106 1.3093603503093045e-05
3.382132291 1.2968514919424679e-05
3.383483522 1.270835471150794e-05
3.384834754 1.2535148971061497e-05
3.386185985 1.3516101902846734e-05
3.387537217 1.4608481682820427e-05
3.3888884480000003 1.530032085635992e-05
3.39023968 1.551376911707784e-05
3.3915909109999998 1.543529030170321e-05
3.3929421430000004 1.5503020655327665e-05
3.3942933739999996 1.539980135614482e-05
3.3956446049999998 1.5689118595003648e-05
3.396995837 1.5724636323436722e-05
3.398347068 1.556852374379073e-05
3.3996983 1.5029865775512308e-05
3.401049531 1.4654348454422815e-05
3.402400763 1.5009759454218947e-05
3.4037519940000003 1.5206322328741599e-05
3.405103225 1.5403140640100685e-05
3.4064544569999997 1.5453150154984772e-05
3.407805688 1.5378899541930006e-05
3.40915692 1.5496007205357427e-05
3.410508151 1.56456165692455e-05
3.411859383 1.5478013114485155e-05
3.413210614 1.4801051544319109e-05
3.4145618460000002 1.4327797811645282e-05
3.4159130770000004 1.3860584438313647e-05
3.4172643079999996 1.3501630063348952e-05
3.41861554 1.365529416762295e-05
3.419966771 1.3569096500006159e-05
3.4213180029999997 1.3388614386579983e-05
3.422669234 1.303672920765186e-05
3.424020466 1.2775144035208105e-05
3.425371697 1.2726899564267682e-05
3.4267229280000002 1.3238957464953067e-05
3.42807416 1.3705862376971952e-05
3.429425391 1.3472198244668635e-05
3.4307766230000003 1.299783786659748e-05
3.432127854 1.2943981203144045e-05
3.4334790859999997 1.360697003165636e-05
3.434830317 1.4283452410263098e-05
3.436181549 1.4189683017313092e-05
3.43753278 1.3587929720799141e-05
3.4388840110000003 1.3122825653634333e-05
3.440235243 1.2775101489879665e-05
3.441586474 1.235369117464779e-05
3.4429377060000004 1.1530840180850048e-05
3.4442889369999996 1.0728312969413938e-05
3.445640169 1.01515256525677e-05
3.4469914 9.750054831476266e-06
3.448342631 9.2693804024767e-06
3.449693863 8.903223131164135e-06
3.451045094 8.82491990399134e-06
3.452396326 8.888347392364658e-06
3.4537475570000002 9.250893873345117e-06
3.455098789 9.816599749208061e-06
3.45645002 1.0386657930437799e-05
3.4578012520000003 1.1071054637803933e-05
3.459152483 1.1473429611955795e-05
3.460503714 1.1795704146670017e-05
3.461854946 1.2331057950077989e-05
3.463206177 1.2894690678481776e-05
3.464557409 1.3117633843613826e-05
3.4659086400000003 1.2585110040489352e-05
3.467259872 1.1813947321756067e-05
3.468611103 1.1148113508051463e-05
3.469962335 1.0776128879374244e-05
3.4713135659999996 1.0373888697289058e-05
3.4726647969999997 9.704229949668672e-06
3.474016029 9.58734374970886e-06
3.47536726 9.797421792573248e-06
3.476718492 1.0197029033931362e-05
3.478069723 1.0500785921153717e-05
3.479420955 1.0582480870777316e-05
3.4807721860000003 1.0967009320920983e-05
3.482123417 1.1264352100228838e-05
3.483474649 1.140970914901359e-05
3.48482588 1.1596806168857179e-05
3.486177112 1.1940829241785972e-05
3.487528343 1.236259506054994e-05
3.488879575 1.2679400569058385e-05
3.490230806 1.2822976806434297e-05
3.491582038 1.2923003145206882e-05
3.492933269 1.3253917454245777e-05
3.4942845 1.3457646908524067e-05
3.495635732 1.2532785412150357e-05
3.496986963 1.1380190488131394e-05
3.4983381949999997 1.0393195326525404e-05
3.4996894259999998 9.97107689208708e-06
3.501040658 9.856291969272493e-06
3.502391889 9.636420805907005e-06
3.50374312 9.285890204234844e-06
3.505094352 9.333706646565665e-06
3.506445583 9.696956813862216e-06
3.5077968150000003 1.039869627013874e-05
3.509148046 1.1023865651229878e-05
3.5104992779999997 1.0968217685308827e-05
3.511850509 1.0564992470274016e-05
3.513201741 9.966833522900844e-06
3.514552972 9.379171312051573e-06
3.515904203 8.759124987019756e-06
3.517255435 8.677355501304713e-06
3.518606666 8.896416698653746e-06
3.519957898 9.22587414157509e-06
3.521309129 9.512551747296556e-06
3.5226603610000002 9.925944224681337e-06
3.524011592 1.0176411710099581e-05
3.5253628239999997 1.020769070079788e-05
3.526714055 1.0187976027848155e-05
3.528065286 1.0366621243900927e-05
3.529416518 1.0324792938015398e-05
3.5307677490000002 1.0148267633503878e-05
3.532118981 1.0470899962919977e-05
3.533470212 1.100886541063817e-05
3.5348214440000003 1.1584610380917967e-05
3.536172675 1.2113235221173205e-05
3.537523906 1.2627515743078052e-05
3.538875138 1.3087234631726873e-05
3.540226369 1.3555539554358105e-05
3.5415776009999997 1.4043875011934389e-05
3.542928832 1.4123810344635047e-05
3.544280064 1.400108949636527e-05
3.545631295 1.4126034445730578e-05
3.546982527 1.4450732999546027e-05
3.548333758 1.4729934214972102e-05
3.5496849889999997 1.4916961470163049e-05
3.551036221 1.4717557298651954e-05
3.552387452 1.4348539535473438e-05
3.553738684 1.4200517897394376e-05
3.555089915 1.4238549893643053e-05
3.556441147 1.4264096172785404e-05
3.5577923780000003 1.4149475383309858e-05
3.5591436090000004 1.3986166961372692e-05
3.560494841 1.4069262380865397e-05
3.561846072 1.4371105170526429e-05
3.563197304 1.462167572341666e-05
3.5645485349999997 1.4675088097028974e-05
3.565899767 1.480384596921835e-05
3.567250998 1.541969091067528e-05
3.5686022299999998 1.642598967012471e-05
3.569953461 1.739028795995563e-05
3.571304692 1.7980934405096257e-05
3.572655924 1.8413220215955465e-05
3.574007155 1.9101753302606165e-05
3.575358387 1.9954879704196182e-05
3.5767096179999998 2.048961662359881e-05
3.57806085 2.0641689539372697e-05
3.579412081 2.076619323845193e-05
3.580763312 2.107003793505512e-05
3.582114544 2.1305569395705932e-05
3.583465775 2.138997453031905e-05
3.5848170070000003 2.1419496727767652e-05
3.5861682380000004 2.1450297252583286e-05
3.58751947 2.1613391559819302e-05
3.588870701 2.1808140439395307e-05
3.5902219329999996 2.179507882070048e-05
3.5915731639999997 2.175385095687612e-05
3.592924395 2.1962173833080614e-05
3.594275627 2.2238401233541132e-05
3.595626858 2.2381232732403212e-05
3.59697809 2.263739192165699e-05
3.598329321 2.3132013472025295e-05
3.5996805530000002 2.34740767207317e-05
3.601031784 2.3566769473311655e-05
3.602383016 2.3551412414382144e-05
3.603734247 2.3479370604188105e-05
3.605085478 2.3463151082011216e-05
3.60643671 2.359330442483372e-05
3.607787941 2.3710959675997796e-05
3.609139173 2.380726368741235e-05
3.610490404 2.4008123648535937e-05
3.6118416360000003 2.4326848310730615e-05
3.6131928670000004 2.4749093365129148e-05
3.6145440979999997 2.5129153708192346e-05
3.61589533 2.5417149372118662e-05
3.617246561 2.5772217488403517e-05
3.6185977929999997 2.6037472658907627e-05
3.619949024 2.6004486338213303e-05
3.621300256 2.603867277173873e-05
3.622651487 2.6447438661325504e-05
3.624002719 2.68408975651208e-05
3.62535395 2.7255755657143334e-05
3.6267051809999997 2.793193777750421e-05
3.628056413 2.8724249520725708e-05
3.629407644 2.9465806801929346e-05
3.630758876 3.0047627157585886e-05
3.632110107 3.033880318198772e-05
3.633461339 3.0507131975709164e-05
3.6348125700000002 3.083158710616164e-05
3.6361638010000004 3.127498525393792e-05
3.637515033 3.1661845420659945e-05
3.638866264 3.182502060272827e-05
3.640217496 3.19617388713872e-05
3.6415687269999997 3.239114255536672e-05
3.642919959 3.315278581587681e-05
3.64427119 3.4003383811205765e-05
3.6456224219999998 3.4579526337195266e-05
3.646973653 3.4938654832934896e-05
3.648324884 3.515428441859791e-05
3.649676116 3.516690077517305e-05
3.6510273470000003 3.535827901213038e-05
3.652378579 3.580948514017545e-05
3.6537298099999997 3.6099238815164815e-05
3.655081042 3.634089293774664e-05
3.656432273 3.680701212358779e-05
3.657783504 3.7350174458249645e-05
3.659134736 3.804760410511551e-05
3.660485967 3.890046910924759e-05
3.6618371990000003 3.953136440976536e-05
3.66318843 3.996552201520926e-05
3.664539662 4.034654508482753e-05
3.665890893 4.079909968754517e-05
3.667242125 4.143427490851976e-05
3.6685933559999997 4.2058803056377354e-05
3.669944587 4.2651597798585036e-05
3.671295819 4.328165174805364e-05
3.67264705 4.413697632763758e-05
3.673998282 4.531357923721196e-05
3.675349513 4.653961391430177e-05
3.676700745 4.7532929073101274e-05
3.6780519760000003 4.835615563934441e-05
3.679403208 4.9144125239498394e-05
3.6807544389999998 5.015609350597549e-05
3.68210567 5.133998120905038e-05
3.683456902 5.2251603143994376e-05
3.684808133 5.2865455455818706e-05
3.686159365 5.3350392398984524e-05
3.687510596 5.379342954956061e-05
3.688861828 5.4440123780377076e-05
3.690213059 5.521368580861299e-05
3.6915642899999996 5.586453695846812e-05
3.692915522 5.6683420283669506e-05
3.694266753 5.7802063577672525e-05
3.6956179849999997 5.89694946604195e-05
3.696969216 6.050518817467063e-05
3.698320448 6.22513033223693e-05
3.699671679 6.390788259576315e-05
3.701022911 6.569233518622066e-05
3.702374142 6.769162715359976e-05
3.703725373 7.014612341607418e-05
3.7050766050000004 7.268882183335975e-05
3.706427836 7.513480055338597e-05
3.707779068 7.767827911275725e-05
3.709130299 8.075442769117434e-05
3.710481531 8.44330254759866e-05
3.711832762 8.838132444588992e-05
3.713183993 9.251166801619922e-05
3.714535225 9.693626773378825e-05
3.7158864560000002 0.00010233103304793659
3.717237688 0.00010870802170834381
3.7185889189999997 0.00011589548303623207
3.719940151 0.0001234821440903609
3.721291382 0.00013137424837172745
3.7226426139999997 0.00014025344847048838
3.723993845 0.00015018537709746672
3.725345076 0.00016048879168378474
3.726696308 0.00017100942681141189
3.7280475390000003 0.0001817901768184609
3.729398771 0.00019310318790581924
3.730750002 0.00020565199319042763
3.7321012340000004 0.00021929955434852528
3.733452465 0.0002334124632819825
3.7348036959999997 0.00024790275940344425
3.736154928 0.00026315484339920777
3.737506159 0.0002791759929330088
3.738857391 0.00029684574392626494
3.740208622 0.00031552392271105693
3.741559854 0.00033495152393677737
3.7429110850000002 0.0003553472065792358
3.744262317 0.0003772827026187789
3.7456135479999997 0.00040112365671541753
3.746964779 0.0004272250962391381
3.748316011 0.00045501492240320525
3.749667242 0.0004845207629707503
3.751018474 0.0005164432367754687
3.752369705 0.0005505453628051329
3.753720937 0.0005865001248816862
3.7550721680000003 0.0006244126184420237
3.7564234 0.0006643271026813438
3.757774631 0.0007067733693719504
3.759125862 0.0007520656388772283
3.7604770939999996 0.0007996394609188317
3.7618283249999998 0.0008494305501341315
3.763179557 0.000901992757288876
3.764530788 0.0009577073594845301
3.76588202 0.0010168959646675276
3.767233251 0.001079460620700775
3.768584482 0.0011451561910919234
3.7699357140000003 0.0012143395702100541
3.771286945 0.0012871979347369503
3.7726381769999997 0.001363751276235871
3.773989408 0.001444425227063845
3.77534064 0.0015292642081399651
3.776691871 0.0016194732654120944
3.778043103 0.0017136492449905338
3.779394334 0.0018118749637200467
3.780745565 0.0019148668811719098
3.7820967970000003 0.0020235259959392547
3.7834480279999996 0.0021380119787432817
3.7847992599999998 0.00225791567001042
3.786150491 0.0023837783400119847
3.7875017229999997 0.0025162379874933837
3.7888529539999998 0.002655551403094378
3.790204185 0.0028023995705691433
3.791555417 0.002956659790936641
3.792906648 0.0031189434597586048
3.79425788 0.0032899958181214894
3.795609111 0.0034708098920087087
3.7969603430000003 0.003662145352287074
3.798311574 0.003864536348656353
3.7996628059999997 0.00407800643191704
3.801014037 0.004304206912402585
3.802365268 0.004544348114646762
3.8037165 0.004799516375450249
3.8050677310000003 0.005070724795853679
3.806418963 0.005358928276901081
3.807770194 0.005665086924541327
3.8091214260000004 0.00599125911672112
3.8104726569999996 0.00633964592350359
3.811823889 0.0067110464079452505
3.81317512 0.007107175010976708
3.814526351 0.0075303440359538575
3.815877583 0.007983203838618762
3.817228814 0.008470968457406544
3.818580046 0.009000254971606239
3.8199312770000002 0.009560009495165235
3.821282509 0.010161242770760094
3.82263374 0.010808636400526166
3.823984971 0.011506833240281879
3.825336203 0.012260025019383822
3.826687434 0.013072565970367201
3.828038666 0.013949131547344536
3.829389897 0.014895606878003538
3.830741129 0.01591907154110677
3.8320923600000003 0.01702649417065799
3.833443592 0.018225239841687026
3.834794823 0.019523784600488633
3.836146054 0.0209314918380273
3.8374972859999996 0.02245874063249235
3.8388485169999997 0.024139743005929217
3.840199749 0.025946870986432433
3.84155098 0.027905224952728392
3.842902212 0.030032974472560616
3.844253443 0.03234506459180265
3.845604674 0.03485736122628112
3.8469559060000003 0.037587120015778304
3.848307137 0.04055277567266568
3.849658369 0.043773949222391695
3.8510096 0.04727087412672004
3.852360832 0.05106576628651964
3.853712063 0.0551821309666998
3.855063295 0.05964330472961357
3.856414526 0.06447301806751031
3.857765757 0.0697569570080331
3.859116989 0.07541970477496528
3.86046822 0.08150213488494713
3.861819452 0.08804565472467726
3.863170683 0.09506853824391986
3.8645219149999996 0.1025872976642976
3.8658731459999998 0.11061603278802612
3.867224377 0.11916353251492756
3.868575609 0.1282333316416362
3.86992684 0.13782498193959763
3.871278072 0.14792582776369953
3.872629303 0.15852051118182436
3.8739805350000003 0.16958560333800943
3.875331766 0.1810877776958566
3.876682998 0.19298296316922117
3.878034229 0.20522285889780625
3.87938546 0.21774458119706028
3.880736692 0.23048546297289327
3.882087923 0.2433786696372867
3.883439155 0.25634933218434197
3.884790386 0.26932043151771873
3.886141618 0.28221836319969107
3.887492849 0.29497227114096375
3.8888440810000002 0.3075106099810577
3.890195312 0.3197754524391599
3.891546543 0.3317092388875031
3.892897775 0.34326153414051663
3.894249006 0.35439200563849804
3.895600238 0.36507306448200383
3.8969514690000002 0.3752718296141296
3.898302701 0.38541634436571615
3.899653932 0.3946265056258742
3.9010051629999998 0.4033273715195657
3.902356395 0.4115271720809703
3.903707626 0.41924316986432814
3.905058858 0.4264893146881136
3.906410089 0.43327907058929527
3.9077613209999997 0.43964290935146555
3.909112552 0.44560416026032035
3.910463784 0.4511831300123124
3.911815015 0.45641121798333273
3.913166246 0.4612999982044972
3.914517478 0.46613026673067914
3.9158687089999997 0.4706452335393482
3.917219941 0.4746293143038683
3.918571172 0.4783459816385686
3.919922404 0.4818123654883941
3.921273635 0.4850493885238858
3.922624866 0.4880636420675966
3.9239760980000002 0.4908695569057216
3.9253273290000004 0.4934885245353333
3.926678561 0.4959252487569154
3.928029792 0.49818670788223696
3.929381024 0.5002877290865942
3.9307322549999997 0.5022268829665449
3.932083487 0.504011715252475
3.933434718 0.5056598718878249
3.934785949 0.507178332773793
3.936137181 0.5085692826573435
3.937488412 0.5101309829588107
3.938839644 0.511602194118965
3.940190875 0.5126766250184197
3.941542107 0.5137187747733986
3.9428933379999997 0.5146762109171488
3.944244569 0.5155479228580486
3.945595801 0.5163420537543214
3.946947032 0.5170673004504074
3.948298264 0.5177257181276892
3.949649495 0.5183215318610765
3.9510007270000003 0.5188053319267216
3.9523519580000004 0.5192202404929993
3.95370319 0.5195865789717541
3.955054421 0.519918057946345
3.956405652 0.5202172164812096
3.9577568839999997 0.5204846100017021
3.959108115 0.5207293337799337
3.960459347 0.5209575290356024
3.961810578 0.521169159948375
3.96316181 0.5213629353154918
3.964513041 0.5215477902324906
3.965864273 0.5217195360660982
3.967215504 0.5218808504659666
3.968566735 0.5220412100038153
3.9699179669999998 0.5227273178365348
3.971269198 0.5229371895310252
3.97262043 0.5231014107970576
3.973971661 0.5232680399245483
3.975322893 0.5234335232314914
3.976674124 0.5236023212200676
3.978025355 0.524379419303866
3.9793765870000004 0.5245493048333864
3.9807278179999996 0.5247136648771991
3.98207905 0.524875981712815
3.983430281 0.5250367646729547
3.9847815129999997 0.5251965852570735
3.986132744 0.5253593392309891
3.987483976 0.5255228438786645
3.988835207 0.5256828735305451
3.9901864380000003 0.5258481346132547
3.99153767 0.5260142883704102
3.9928889009999997 0.526176085469359
3.994240133 0.5263392928830724
3.995591364 0.526503507241519
3.996942596 0.5266641246962176
3.998293827 0.5268204041841907
3.999645058 0.526976963849692
4.00099629 0.5271198756345583
4.002347521 0.5272537258561824
4.003698753 0.527389601540606
4.005049984 0.5275225237381139
4.006401216 0.5276505927794257
4.007752447 0.527777100064221
4.009103679 0.5279036023021129
4.01045491 0.5280478452172593
4.011806141 0.528236494882343
4.013157373 0.5284270816538796
4.014508604 0.528611042526298
4.015859836 0.5287906802184863
4.017211067 0.5289694726169012
4.018562299 0.5294878499819721
4.01991353 0.5299251049431157
4.021264761 0.5306211837411933
4.022615993 0.5307279571011557
4.023967224 0.5308305035920998
4.025318456 0.5309356026777913
4.026669687 0.5310436219872522
4.028020919 0.53115068296796
4.02937215 0.531255850031714
4.030723382 0.5313625317907632
4.032074613 0.5314673964903276
4.033425844 0.5315682747668551
4.034777076 0.5316726203560699
4.036128307 0.5317780568402538
4.037479539 0.531882397722322
4.03883077 0.5319880538410312
4.040182002 0.5321100208426749
4.041533233 0.5322948221174808
4.042884465 0.5324795701775782
4.044235696 0.5326706124379251
4.0455869269999996 0.532862286683269
4.046938159 0.5330528011026473
4.04828939 0.5332450326584977
4.049640622 0.5334405264344415
4.050991853 0.5335770635134685
4.052343085 0.5336943660044432
4.053694316 0.5338145842909069
4.055045547 0.5339324503254058
4.056396779 0.5340486813816481
4.05774801 0.534166915372172
4.059099241999999 0.5342871611850811
4.0604504729999995 0.5346788412280663
4.061801705 0.535134249832609
4.063152936 0.5352523923999304
4.064504168 0.5353651430483565
4.065855399 0.535473029943222
4.06720663 0.5355803114742157
4.0685578620000005 0.5356833307776316
4.069909093000001 0.5357766978748886
4.071260325 0.5359374629095041
4.072611556 0.5364630817439014
4.073962788 0.5368512476332022
4.075314019 0.5370059527883101
4.07666525 0.5371622053723984
4.078016482 0.5373130608211993
4.079367713 0.5374588324520575
4.080718945 0.5375667915071506
4.082070176 0.5376372154841534
4.083421408 0.5376990513674881
4.084772639 0.5377551978792647
4.086123871 0.5378111894489522
4.087475102 0.5378602045795128
4.088826333 0.5379068687730928
4.090177565 0.5379545960581152
4.091528796 0.5380006446655934
4.092880028 0.5380422955918785
4.094231259 0.5380851788421238
4.095582491 0.5381318474278497
4.096933722 0.5381746342321833
4.098284953 0.5382176240003441
4.0996361850000005 0.5382622801008198
4.100987416 0.5382551715098138
4.102338648 0.5382240353933853
4.103689878999999 0.5386216657882529
4.105041110999999 0.538786762069206
4.106392342 0.5387590690482221
4.107743574 0.5387329256497911
4.109094805 0.5387125326832705
4.110446036 0.5387159721822474
4.111797268 0.5387625933874653
4.113148499 0.5388156463855543
4.1144997309999995 0.5388713383266279
4.115850962000001 0.5389269350082478
4.117202194000001 0.538982581058376
4.118553425 0.5393740884249801
4.119904657 0.5397005512151916
4.121255887999999 0.5397655008590121
4.122607119 0.5398342984025221
4.123958351000001 0.5399062435520893
4.125309582 0.5399768436707948
4.126660814 0.5400497058850842
4.128012045 0.540129382388164
4.129363277 0.5402086401574379
4.130714508 0.5402491941606795
4.132065739 0.5402572031347637
4.133416971 0.5402676514401219
4.134768202 0.5402737591809732
4.136119434 0.5402804763143672
4.1374706649999995 0.5402878701246352
4.138821897 0.5402931081531941
4.140173128000001 0.5403104248964488
4.14152436 0.5404486665850606
4.142875591 0.5405870367498342
4.144226821999999 0.540721357531733
4.145578054 0.5408554300955093
4.146929285000001 0.5409914804168386
4.148280517 0.5417452139000014
4.149631748 0.5418731080725224
4.15098298 0.5419501577849846
4.152334211 0.5420054256772514
4.153685442 0.5420558856740273
4.155036674 0.5421008517971275
4.156387905 0.5421447251429529
4.157739136999999 0.5421821728504045
4.159090368 0.542212646503477
4.1604416 0.5425063199824571
4.161792831 0.5428733684412448
4.163144063 0.5428989099889339
4.164495294 0.5429192897333115
4.165846525 0.5429385773055895
4.167197757 0.5429523013683542
4.1685489879999995 0.5429531446838289
4.169900220000001 0.542949565614287
4.171251451 0.5429480597209891
4.172602683 0.5429392521118687
4.173953914 0.5429241739928184
4.1753051459999995 0.5429039123345318
4.1766563770000005 0.5428790399856913
4.178007608 0.5428460644400039
4.17935884 0.5428104245757134
4.180710071 0.5427736078106374
4.182061303 0.5427336474788105
4.183412534 0.5426881608261791
4.184763766 0.5426429751157413
4.186114997 0.5425963611267413
4.187466228 0.5425440416767208
4.18881746 0.5424856384954014
4.190168691 0.5424246707055976
4.1915199229999995 0.5423537240728213
4.1928711540000005 0.5422765787359172
4.194222386000001 0.5428177209939846
4.195573617 0.5427380307914365
4.196924849 0.5426546981981873
4.198276079999999 0.5425688509495754
4.199627311 0.5424864603879475
4.200978543 0.5424018788480588
4.202329774 0.5423144739914875
4.203681006 0.5426341315687151
4.205032237 0.5427394259506598
4.206383469 0.542651493202608
4.2077347 0.5425621352076851
4.209085931 0.5424735263472267
4.210437163 0.5423926268723965
4.211788394 0.5423211099747798
4.213139626 0.5422486653322506
4.2144908569999995 0.5421781256709676
4.215842089 0.5421094692404667
4.217193320000001 0.5420391195947032
4.218544552 0.5419709100095939
4.219895783 0.5419064863371356
4.221247013999999 0.5418319554972236
4.2225982459999996 0.5417560546498383
4.223949477 0.5416830932679594
4.225300709 0.5416112272861363
4.22665194 0.5415362874835531
4.228003171999999 0.541458035384542
4.229354403 0.5413800066080916
4.2307056339999995 0.5413013185338943
4.232056866 0.5412182524591038
4.233408097000001 0.5411316477723647
4.234759329 0.5410469345293106
4.23611056 0.5409637042178572
4.237461792 0.5408835848765624
4.238813023 0.5408116074144266
4.240164255 0.540747802794118
4.241515486 0.5406810895283143
4.242866717 0.5411559029385464
4.244217949 0.5411862183498205
4.24556918 0.5411386399640372
4.246920412000001 0.5410908602504457
4.248271643 0.5416402604390474
4.249622875 0.5415949383802736
4.250974105999999 0.5415397913007558
4.2523253379999995 0.5414789840635834
4.2536765690000005 0.541419060096859
4.2550278 0.5413620327834404
4.256379032 0.5413055881523705
4.257730263 0.5412504442583966
4.259081495 0.5411984413129418
4.260432726 0.5408249728693397
4.261783958 0.5397630931460173
4.263135189 0.5387013981963804
4.26448642 0.5376414081684944
4.265837652 0.5365803380188848
4.267188883 0.5355152482086482
4.2685401149999995 0.5344477569828997
4.2698913460000005 0.53337892678991
4.271242578000001 0.5318400148783063
4.272593809 0.530257702127105
4.273945041 0.5286764297031843
4.275296271999999 0.5270970508142739
4.276647503 0.5255167298154195
4.277998735 0.5239363492788067
4.279349966 0.5223592993047436
4.280701198 0.522870034336973
4.282052429 0.5253120219945545
4.283403661 0.5277522369102753
4.284754892 0.5301910148668766
4.286106123 0.5326267190410334
4.287457355 0.5350587254368804
4.288808586 0.5374893936970694
4.290159818 0.5396350963432615
4.2915110489999995 0.539654080411152
4.292862281 0.5396708274930658
4.294213512000001 0.5404149315497545
4.295564744 0.5409206965956269
4.296915975 0.5409426170372397
4.298267206 0.5409646887127073
4.299618438 0.5409874540755604
4.300969669 0.5409492705646998
4.302320901 0.5408851078735037
4.303672132 0.5408195064666906
4.305023363999999 0.5407541444008078
4.306374595 0.5406880858673377
4.3077258259999995 0.5406194325454244
4.309077058 0.5405491671461735
4.310428289000001 0.5404781613060705
4.311779521 0.5404035760208519
4.313130752 0.5403274822204095
4.314481984 0.5402511091614316
4.315833215 0.5401755873847878
4.317184447 0.5400994217551831
4.318535678 0.5400217813952493
4.319886909 0.5399439307932627
4.321238141 0.5398809695948831
4.322589372 0.5398175162217375
4.323940604000001 0.5397512795383976
4.325291835 0.5396835430366292
4.326643067 0.539614281314443
4.327994297999999 0.5395422057066858
4.329345529999999 0.5394673854419335
4.3306967610000004 0.5393870436761549
4.332047992 0.5393012939554968
4.333399224 0.5392138842892857
4.334750455 0.5391244196093778
4.336101687 0.5390347118774579
4.337452918 0.5389429876466751
4.33880415 0.5388486139305942
4.340155381 0.538750407973489
4.341506612 0.5386482204039795
4.342857844 0.5385414524517614
4.344209075 0.53843032688435
4.3455603069999995 0.5386463267798846
4.3469115380000005 0.5387887639963983
4.34826277 0.5386634119313906
4.349614001 0.5385210292861596
4.350965233 0.5383694730302935
4.352316464 0.5388272049326392
4.353667695 0.538666355615631
4.355018927 0.5385007823721084
4.356370158 0.5383295029967942
4.35772139 0.5381538671335816
4.359072621 0.5379717045528151
4.360423853 0.537787637165768
4.361775084 0.5376075348495386
4.363126315000001 0.5374208639390244
4.364477547000001 0.5372268379390578
4.365828778 0.5370256117944804
4.36718001 0.5368177050299523
4.3685312409999995 0.5366028986159839
4.369882473 0.5363819479700841
4.371233704 0.536151053558125
4.372584936 0.5359158834746692
4.373936167 0.5356754369700285
4.375287398 0.5354303785470794
4.37663863 0.5351801698617813
4.377989861 0.5349277275006022
4.379341093 0.5346712153575632
4.380692324 0.5344169777385325
4.382043555999999 0.5341629468345723
4.383394787 0.5339065804833878
4.3847460179999995 0.5336471822322101
4.38609725 0.5333864006359481
4.387448481000001 0.5331229459318669
4.388799713 0.5328597272355166
4.390150944 0.5325958041684553
4.391502176 0.532330290676808
4.392853407 0.5320658346036655
4.394204639 0.5318039341705177
4.39555587 0.5315447366398153
4.396907101 0.5313205601675541
4.398258332999999 0.5311148370970628
4.399609564 0.5309111325623552
4.400960796000001 0.530709933215867
4.402312027 0.5305109226637693
4.403663259 0.5303167378018299
4.405014489999999 0.5301342749269247
4.406365721999999 0.5305226684716944
4.407716953 0.5303413672010766
4.409068184 0.5301676033747365
4.410419416 0.5299989020019689
4.411770647 0.5298369478892815
4.413121879 0.5297547742897127
4.41447311 0.5301364067692191
4.415824342 0.5299942926550418
4.417175573000001 0.5298592626915709
4.418526804 0.5297296859186263
4.419878036 0.5296052682689626
4.421229266999999 0.5294885223725462
4.4225804989999995 0.5293763117720407
4.4239317300000005 0.5292691838983384
4.425282962 0.5291654119909412
4.426634193 0.5290676802954235
4.427985425 0.5289732875713994
4.429336656 0.52888495552779
4.430687887 0.5287949895603751
4.432039119 0.5287048843743709
4.43339035 0.5286173030581731
4.434741582 0.5285346202411966
4.436092813 0.5284552771068302
4.437444045 0.5283791682558683
4.438795276 0.5283055103786318
4.440146507000001 0.5282351788479723
4.441497739000001 0.5281738127090718
4.44284897 0.5281142207172613
4.444200202 0.5280542718496768
4.445551432999999 0.5279751240661442
4.446902665 0.5278988114586237
4.448253896 0.5278218587333969
4.449605128 0.5277467675927019
4.450956359 0.5276681516823359
4.45230759 0.5275902804784245
4.453658822 0.5275117317917357
4.455010053 0.5274335873546182
4.456361285 0.5273555424129786
4.457712516 0.5272776138080464
4.459063747999999 0.5271996223839599
4.460414979 0.5271216654454853
4.4617662110000005 0.5270476120478306
4.463117442 0.526972825431899
4.464468673000001 0.5268983841831802
4.465819905 0.5268208026729672
4.467171136 0.5267435280527977
4.468522368 0.5266644182667249
4.469873599 0.5265849663334239
4.471224831000001 0.5265023090601147
4.472576062 0.5264187437810804
4.473927293 0.5263343355802994
4.475278524999999 0.5262486804517512
4.476629756 0.5265254414440929
4.4779809880000006 0.5266498487906907
4.479332219 0.5265610208473681
4.480683451 0.5264689976447616
4.482034682 0.526375417154452
4.483385914 0.5262780000568118
4.484737145 0.5266213653409513
4.486088376 0.5266773664660602
4.487439608 0.5265740974417955
4.488790839 0.5264688195335591
4.490142071 0.5263619441099074
4.491493302 0.5262493418845857
4.492844534 0.526132937045678
4.494195765000001 0.5260139032116661
4.495546996 0.5258827624878933
4.496898228 0.5257520691233412
4.498249458999999 0.5256174197385552
4.4996006909999995 0.5254811893776662
4.5009519220000005 0.5253487536475521
4.502303154 0.5252186011486907
4.503654385 0.5250848767017597
4.505005617 0.5249464629214884
4.506356848 0.5248060437276096
4.507708079 0.5246613203571868
4.509059311 0.5245136624094091
4.510410542 0.5243592482542603
4.511761774 0.5242020089577025
4.513113005 0.5240402954454634
4.514464237 0.5238763521811349
4.5158154679999996 0.5237073307783073
4.517166699000001 0.523534734998515
4.518517931 0.5233604852828034
4.519869162 0.5231819318089818
4.521220394 0.5230032444505616
4.522571624999999 0.5228192395155078
4.523922857 0.5226345435205949
4.525274088 0.5224446961898194
4.52662532 0.5222510729066334
4.527976551 0.5220517424725689
4.529327782 0.5218496424889204
4.530679014 0.5216416531100384
4.532030245 0.5214253061364216
4.533381477 0.5212060429193656
4.534732708 0.5209829987566786
4.53608394 0.5207612303951288
4.537435171 0.5205349888909158
4.5387864030000005 0.5203056944094708
4.540137634 0.5200728783338995
4.541488865 0.5198397018046166
4.542840097 0.5196042429373877
4.544191328 0.5193631732580747
4.5455425599999995 0.5191177700318539
4.5468937910000005 0.5188668689757105
4.548245023000001 0.518615426355176
4.549596254 0.518359425793489
4.550947485 0.5181076790328568
4.552298716999999 0.517856874994472
4.553649948 0.5176059993367046
4.5550011800000005 0.5173533750498929
4.556352411 0.5170976288442457
4.557703643 0.5168431238490451
4.559054874 0.5165875941146936
4.560406106 0.5163314945061945
4.561757337 0.5164985302650809
4.563108568 0.5163744247923707
4.5644598 0.5161134294143518
4.565811031 0.5158523242916243
4.567162263 0.5155909745722053
4.568513493999999 0.5153283020094608
4.569864726 0.5150696890705764
4.571215957000001 0.5149338966338703
4.572567188 0.5151300210070753
4.57391842 0.5148646467460531
4.575269650999999 0.5146004852873176
4.5766208829999995 0.5143379066836433
4.5779721140000005 0.5140733897390799
4.579323346 0.5138085695618251
4.580674577 0.5135436096557617
4.582025809 0.5132837474257678
4.58337704 0.5130214470557667
4.584728271 0.5127581580023688
4.586079503 0.5124930571460358
4.587430734 0.5122275515913579
4.588781966 0.5119619743789726
4.590133197 0.5116899662437108
4.591484429 0.5114097362350659
4.5928356599999995 0.5111283612018196
4.5941868910000005 0.5108494506354743
4.595538123 0.5105669243300837
4.596889354 0.510281214814551
4.598240586 0.5099946747548016
4.599591817 0.5097077969926804
4.6009430490000005 0.5094212692811643
4.60229428 0.5091284275053655
4.603645512 0.5088343382079145
4.604996743 0.5085379466798009
4.606347974 0.5082398455016974
4.607699206 0.5079370862406911
4.609050437 0.5076289682780486
4.610401669 0.5073416333479454
4.611752900000001 0.5071028873296647
4.613104132 0.5068602341876337
4.614455363 0.5066095441658602
4.6158065950000005 0.5063558822516172
4.617157826 0.5061008423641802
4.618509057 0.5058424964585562
4.619860289 0.5055801987918133
4.62121152 0.5052419504311175
4.622562751999999 0.5048946751576043
4.6239139830000004 0.5045432763605797
4.625265215000001 0.504186611509272
4.626616446 0.5038242199767603
4.627967677 0.5034579854454648
4.629318908999999 0.5030901964906448
4.63067014 0.5027174677351957
4.6320213720000005 0.5023407438572293
4.633372603 0.501957372309069
4.634723835 0.5015716050234306
4.636075066 0.5011821456037245
4.637426298 0.5007849215174334
4.638777529 0.5003838525926447
4.64012876 0.4999788717785321
4.641479992 0.49957591778822535
4.642831223 0.49916783545444393
4.644182455 0.49875511904219094
4.645533685999999 0.498341000431528
4.646884918 0.49792627299482
4.648236149000001 0.497511398270303
4.64958738 0.4970900570006514
4.650938612 0.49666358970255015
4.652289842999999 0.4967747697145551
4.6536410749999995 0.4963409473617186
4.6549923060000005 0.49590436409065947
4.656343538 0.49546227639953405
4.657694769 0.49502126550622566
4.659046001 0.49458079573112257
4.660397232 0.4941435509088731
4.661748463 0.49370980533941966
4.663099695 0.4932761898930788
4.664450926000001 0.4928471984268725
4.665802158 0.49242012592615314
4.667153389 0.4919949739141647
4.668504621 0.49156905658684746
4.6698558519999995 0.4911474134985123
4.6712070830000005 0.49073329680000133
4.672558315 0.490322043463655
4.673909546 0.4899136416337352
4.675260778 0.4895071312858684
4.676612009 0.48910763161157367
4.6779632410000005 0.4887127626982583
4.679314472 0.48831888267051465
4.680665704 0.4879227664730938
4.682016935 0.4875254085791019
4.683368166 0.4871368646844082
4.684719398 0.486752991512572
4.686070629 0.4863737649133379
4.687421861 0.4860015356132874
4.688773092 0.4856389951807279
4.690124324 0.4852884983457393
4.691475555 0.4849473547760719
4.6928267869999996 0.4846124102840135
4.694178018 0.48428495884872674
4.695529249 0.4839668672212
4.696880481 0.48365656674348784
4.698231712 0.48389772562449546
4.699582943999999 0.4835968557536016
4.700934175 0.4833066332302419
4.702285407000001 0.48302694425846365
4.703636638 0.4827532143780944
4.704987869 0.4824832670705841
4.706339100999999 0.48222325126331306
4.707690332 0.4819723547592963
4.7090415640000005 0.4817305443044692
4.710392795 0.4815118457403459
4.711744027 0.481343381358851
4.713095258 0.48118394456768515
4.71444649 0.4810317482040424
4.7157977209999995 0.4808856636687202
4.717148952 0.4807417368073402
4.718500184000001 0.48060302266182875
4.719851415 0.4804717912697972
4.721202647 0.4802856928358257
4.722553877999999 0.480095281372375
4.72390511 0.4799062016494042
4.725256341000001 0.4797226562650218
4.726607572 0.47954476173750327
4.727958804 0.47936764489041855
4.729310035 0.47919167629801407
4.730661267 0.47901694946007184
4.7320124980000005 0.478848111002296
4.73336373 0.47868284466990163
4.734714961 0.4788907802519734
4.736066193 0.47887342007917205
4.737417424 0.4787079836497874
4.738768654999999 0.47854618401406607
4.740119887 0.47838406156273083
4.741471118000001 0.47822182385586426
4.74282235 0.4780575784299422
4.744173581 0.4778925372554235
4.745524813 0.47772822668143855
4.7468760439999995 0.47755872960385376
4.748227276 0.47738322676055167
4.749578507 0.4772051154728073
4.750929738 0.47702513434408833
4.75228097 0.47684429490244057
4.753632201 0.4766573012259276
4.7549834330000005 0.4764653858356968
4.756334664 0.47627266733888496
4.757685896 0.47607819432737725
4.759037127 0.4758808020065067
4.760388358 0.47567739129918474
4.76173959 0.4754729508431935
4.763090821 0.4752487946018281
4.764442053 0.47501712022401066
4.765793284 0.4747802188886786
4.767144516 0.4745349924139464
4.768495747 0.4742860165456493
4.7698469789999995 0.47403559546466806
4.77119821 0.47377944357245577
4.772549441 0.47351783483727655
4.773900673 0.47324972406547744
4.775251904 0.47298048635990453
4.776603135999999 0.4727112623842793
4.777954367 0.4724379580423631
4.779305599000001 0.4721608149273346
4.78065683 0.4718756103268933
4.782008061000001 0.4715877767995405
4.783359293 0.47130178808690154
4.784710524 0.47101297044795937
4.7860617560000005 0.47072189947476606
4.787412987 0.47042999299041033
4.788764219 0.47014146294310455
4.79011545 0.4698546354670081
4.791466682 0.46956780739359194
4.7928179129999995 0.46927988929951764
4.7941691440000005 0.4689933334881999
4.795520376000001 0.46871124510806184
4.796871607 0.46843102559918304
4.798222839 0.468149440644147
4.799574069999999 0.46786968121413297
4.800925302 0.46759754160949496
4.802276533000001 0.46733299300165443
4.803627764 0.46707107553436833
4.804978996 0.46680935352162506
4.806330227 0.46655255673267987
4.807681459 0.46630265367257834
4.80903269 0.4665690351606441
4.810383922 0.4663269327546798
4.811735153 0.46607978410390216
4.813086384999999 0.465839510066954
4.814437616 0.4656073330640078
4.815788846999999 0.46538086922201843
4.817140079 0.4651561882759406
4.818491310000001 0.46493231810756636
4.819842542 0.4647140251678127
4.821193773 0.4645100708873027
4.822545005 0.4643102509036532
4.8238962359999995 0.4641107813714251
4.825247468 0.4639119289717401
4.826598699 0.4637190731521069
4.82794993 0.46353213241442515
4.829301162 0.4633472148296908
4.830652393 0.4631600262544556
4.8320036250000005 0.4629711898059941
4.833354856 0.46278765046334236
4.834706088 0.46260777673788234
4.836057318999999 0.46242592145449674
4.83740855 0.4622399818678766
4.838759782 0.4620507646933876
4.840111013 0.4618610573884436
4.841462245 0.461667410175293
4.842813476 0.46146542552489084
4.844164708 0.4612548137004825
4.845515939 0.46103751835654017
4.8468671709999995 0.4608164121757518
4.8482184020000005 0.4605894928748716
4.849569633 0.46035020284900663
4.850920865 0.4601075259467242
4.852272096 0.4598592592458827
4.853623327999999 0.4596039137427726
4.854974559 0.45933919837979426
4.856325791000001 0.45905838305975455
4.857677022 0.45876347311338567
4.859028253 0.45845634464215285
4.860379485 0.4581381068147741
4.861730716 0.45780515187943815
4.863081948 0.4574532825136528
4.864433179 0.45708458800702334
4.865784411 0.4567006221124821
4.867135642 0.4563020144025259
4.868486874 0.4558853471835736
4.8698381049999995 0.45544622559345954
4.8711893360000005 0.4549821127546971
4.872540568000001 0.45450015359074014
4.873891799 0.4540021210647779
4.875243031 0.4534846483996306
4.876594261999999 0.4532394108191871
4.8779454939999995 0.4528825447114369
4.879296725000001 0.4521272610590227
4.880647956 0.4513531277740182
4.881999188 0.4505642066058477
4.883350419 0.4497564876067564
4.884701651 0.4489335813634017
4.8860528819999995 0.4480984453584152
4.887404114 0.4472509527639249
4.888755345 0.4463870696191994
4.890106576999999 0.44550712787026053
4.891457808 0.44461228186447516
4.892809038999999 0.4437085801965255
4.894160271 0.44279560576489535
4.895511502000001 0.4418692001691483
4.896862734 0.4409308483195833
4.898213965 0.43998361846417267
4.899565197 0.43903198072070126
4.900916428 0.43807520003357875
4.902267660000001 0.43711015782876234
4.903618891 0.43613921886388346
4.904970122 0.4351664055626302
4.906321354 0.4341955917735202
4.907672585 0.4332259594246179
4.9090238170000005 0.4322543652031258
4.910375048 0.431281919752058
4.91172628 0.4303140384860613
4.913077511 0.42935194747821165
4.914428742 0.42839362931794855
4.915779974 0.4274355373010492
4.917131205 0.4264774706319661
4.918482437 0.4255234929934343
4.919833668 0.42457531560986056
4.9211849 0.4236270769110506
4.922536131 0.42267781416450206
4.9238873629999995 0.4217286404398599
4.9252385940000005 0.4207829225422403
4.926589825 0.41984231870186567
4.927941057 0.4189038535530932
4.929292288 0.41796336561791864
4.930643519999999 0.41702059305775613
4.931994751 0.41607768253205185
4.933345983000001 0.4151355430859448
4.934697214 0.4141883809136031
4.936048445 0.41323173825864834
4.937399677 0.412261529895734
4.938750908 0.411280225405174
4.94010214 0.41028582840953326
4.941453371 0.40947700968271333
4.942804603 0.4086840981815145
4.944155834 0.40761628863544147
4.945507066 0.4065217518340023
4.9468582969999995 0.4053938869355926
4.9482095280000005 0.40423062748865085
4.949560760000001 0.4030229302049642
4.950911991 0.401767135193043
4.952263223 0.40046510252430334
4.953614453999999 0.3991080367647041
4.9549656859999995 0.3976980414135736
4.9563169170000005 0.3962170689432821
4.957668148 0.39466861818447374
4.95901938 0.3930469853517746
4.960370611 0.39134997553776074
4.961721843 0.3895752362044367
4.9630730739999995 0.38770596163755905
4.964424306 0.38575019897966417
4.965775537000001 0.38369004508913174
4.967126769 0.3815384232614846
4.968478 0.3792805614039958
4.969829230999999 0.3769131041337816
4.971180463 0.37444140544913634
4.972531694000001 0.3718503353693154
4.973882926 0.36915651951236583
4.975234157 0.3663334558512962
4.976585389 0.36339870914567224
4.97793662 0.3603356875634467
4.979287852000001 0.3571544151053778
4.980639083 0.35385583939868015
4.981990314 0.3504329713510623
4.983341545999999 0.34689925023877494
4.984692777 0.34323393161149623
4.986044009 0.33946769787519127
4.98739524 0.33558423839222895
4.988746472 0.33160167472555424
4.990097703 0.32751383950442187
4.991448934 0.3233234486362613
4.992800166 0.3190450799315761
4.9941513969999995 0.3146711392770392
4.995502629 0.31022941340287
4.99685386 0.30569859146839873
4.998205092 0.3011035502275168
4.999556323 0.29643908856257706
5.0009075549999995 0.29175037780023694
5.0022587860000005 0.287027741922726
5.003610017 0.28225584821993327
5.004961249 0.27745070493533963
5.006312479999999 0.27260314275492553
5.007663711999999 0.26774306682199456
5.009014943 0.2631459042624953
5.010366175 0.2582509598439343
5.011717406 0.2533472656783556
5.013068637 0.24844295447615036
5.014419869 0.24354800266620688
5.0157711 0.2386618123365158
5.017122332 0.23379817327587885
5.018473563 0.22894826498104112
5.019824795000001 0.2241292837407852
5.021176026 0.21933641120600186
5.022527258 0.21458180597719886
5.0238784889999994 0.20986332929556667
5.0252297200000005 0.20518311126719824
5.026580952000001 0.20054508385987624
5.027932183 0.19594684328170558
5.029283415 0.19139891119274477
5.030634646 0.18689178557226424
5.031985878 0.18243447304878202
5.033337109 0.17801711848949026
5.034688341 0.173647745595524
5.036039572 0.16932373473116036
5.037390803 0.16504678100511547
5.038742035 0.16081648446480945
5.0400932659999995 0.15662790247094957
5.041444498 0.15248822771330778
5.042795729000001 0.14838897030150905
5.044146961 0.14434193042321292
5.045498192 0.1403339533785081
5.046849422999999 0.13637304225924007
5.048200655 0.13245222777853027
5.049551886000001 0.12857592822702965
5.050903118 0.12474320255590526
5.052254349 0.12095135421124145
5.053605581 0.11720413347986626
5.054956812 0.11349323316545684
5.056308044000001 0.10983109379460623
5.057659275 0.10620637564792597
5.059010506 0.10263178814030251
5.060361737999999 0.09909570101919613
5.061712969 0.09560748744344663
5.063064201 0.09216578795500507
5.064415432 0.08880019642169258
5.065766664 0.08548527378207318
5.067117895 0.08221895995283153
5.068469126 0.07901034781198275
5.069820358 0.07585336698968985
5.0711715889999995 0.07276278289371041
5.072522821 0.06973098887464528
5.073874052 0.06676965803302531
5.075225284 0.06387264823551914
5.076576515 0.061047852290639505
5.0779277469999995 0.05835355236994091
5.0792789780000005 0.05567681041056054
5.080630209 0.05307268358321238
5.081981441 0.050544345474434135
5.083332671999999 0.04809709141670286
5.084683904 0.045726891565505884
5.086035135 0.04344120629445786
5.087386367 0.041235021984026086
5.088737598 0.039113167363520315
5.090088829 0.037071643691844555
5.091440061 0.03511322027911278
5.092791292 0.03323575993675713
5.094142524 0.03143944418815457
5.095493755000001 0.029722836372303232
5.096844987000001 0.02808384715548826
5.098196218 0.026521996847438053
5.09954745 0.025034158108573474
