Wavelength_microns Throughput
2.0004663860000003 7.875630582790901e-15
2.002074478 1.571033586141212e-13
2.00368257 2.053240723602518e-12
2.005290662 2.696249129109775e-12
2.006898754 3.3418448214297768e-12
2.008506846 2.825157197665166e-12
2.010114938 1.3979784221069265e-12
2.01172303 3.803900128110461e-13
2.013331122 6.149343760061637e-14
2.014939214 5.636796131277051e-15
2.016547306 8.112057780846402e-15
2.018155398 1.2320284053080849e-13
2.01976349 2.197645406226911e-13
2.021371582 1.1733890101129202e-13
2.022979674 1.3314598848518094e-13
2.0245877660000002 2.5331820761949257e-13
2.026195858 1.0553661145851122e-13
2.027803949 3.2151280531574745e-14
2.029412041 5.2622948936337076e-14
2.031020133 1.860302812682387e-13
2.032628225 3.78458358968274e-14
2.034236317 2.9162414664808465e-15
2.035844409 1.863708689315587e-15
2.037452501 1.855458871510643e-15
2.039060593 5.486894233705277e-15
2.040668685 7.073524069585737e-14
2.042276777 2.4877512163586705e-14
2.0438848689999998 2.779065784324525e-15
2.045492961 7.469304474628234e-15
2.047101053 1.6081765957153317e-13
2.0487091449999997 5.121358366498377e-13
2.0503172370000002 6.492080824109908e-13
2.0519253290000004 8.295105194104896e-13
2.053533421 1.2165558899250884e-12
2.055141513 8.649617382094439e-13
2.056749605 1.0568819377472607e-12
2.058357697 1.7444057129856101e-12
2.059965788 2.0543594420570477e-12
2.06157388 2.1920950377757523e-12
2.0631819719999998 2.181530897025545e-12
2.064790064 1.6373039800560843e-12
2.066398156 1.0263216220699768e-12
2.068006248 6.645118258081084e-13
2.06961434 6.222145802152809e-13
2.071222432 2.408802315484773e-13
2.072830524 1.9333450765106548e-14
2.074438616 1.371880208557209e-14
2.076046708 2.5618008525272276e-13
2.0776548 8.156101283985387e-13
2.079262892 4.986484538085281e-14
2.080870984 1.046206723079385e-14
2.0824790760000003 4.5214038274325385e-14
2.084087168 2.9155876906843204e-13
2.08569526 1.2746779802378016e-12
2.0873033519999997 8.5541381634258e-12
2.088911444 1.1612181015413232e-11
2.090519536 1.6332045651751393e-11
2.092127627 2.174488086475955e-11
2.0937357189999997 2.976340749840126e-11
2.0953438110000002 2.255527833432435e-11
2.0969519030000003 2.0484535849107116e-11
2.098559995 2.779669014337394e-11
2.100168087 4.5525022757661496e-11
2.101776179 5.2964522426459443e-11
2.103384271 5.197070601660388e-11
2.104992363 3.69076421480198e-11
2.1066004549999997 2.973950108718567e-11
2.1082085470000003 2.3875784433548538e-11
2.109816639 1.7020947378469604e-11
2.111424731 1.4717989811609414e-11
2.113032823 2.208648000314467e-11
2.114640915 4.269074570442576e-11
2.116249007 5.934546753795802e-11
2.1178570989999996 1.0786675721056489e-10
2.1194651909999997 3.113151130425349e-11
2.1210732830000003 1.1376279290516978e-11
2.122681375 9.303322708542543e-12
2.124289466 3.598265198372941e-11
2.125897558 5.0045053637999526e-11
2.1275056500000002 3.7949077607781036e-11
2.129113742 2.9734920120151015e-11
2.130721834 2.707566133933781e-11
2.1323299259999997 2.784712871346488e-11
2.133938018 1.860411863594435e-11
2.1355461100000004 1.686962704943132e-11
2.137154202 1.7762883165328142e-11
2.138762294 2.8272763393344536e-11
2.140370386 3.408707969103608e-11
2.141978478 4.943674229078979e-11
2.14358657 5.2470840348170525e-11
2.1451946619999998 5.097669817783048e-11
2.146802754 4.4567780040753294e-11
2.1484108460000004 4.3242550553836016e-11
2.150018938 7.88783142962208e-11
2.15162703 7.481527679294916e-11
2.153235122 7.958894092372818e-11
2.154843214 7.176991314487819e-11
2.156451305 6.541514687285081e-11
2.158059397 6.403172937136902e-11
2.159667489 6.55661791201835e-11
2.161275581 7.294868893025644e-11
2.1628836729999996 8.69555861054376e-11
2.164491765 9.277106591182933e-11
2.1660998570000003 8.09311610069126e-11
2.167707949 8.741224131738422e-11
2.169316041 7.4082144260624e-11
2.170924133 6.634936997894317e-11
2.172532225 6.824066807913999e-11
2.174140317 8.34331570867784e-11
2.1757484089999997 6.188188818743062e-11
2.177356501 3.344264847378266e-11
2.1789645930000003 1.88981923642798e-11
2.180572685 2.5491251893475215e-11
2.182180777 4.326568884866473e-11
2.183788869 4.42941076650137e-11
2.185396961 4.553349898122054e-11
2.187005053 5.0306178209303006e-11
2.1886131449999997 5.978032192138764e-11
2.1902212359999997 8.049584391791583e-11
2.191829328 1.0865146495309571e-10
2.1934374200000004 1.707567543115915e-10
2.195045512 1.5218326532345293e-10
2.196653604 1.4779980869739273e-10
2.198261696 1.1390826506802937e-10
2.199869788 1.1304802101925435e-10
2.20147788 1.0268268900644873e-10
2.203085972 8.456134318477971e-11
2.204694064 7.805176280404406e-11
2.206302156 1.059451594338325e-10
2.207910248 2.128259654327128e-10
2.2095183400000002 6.705809380355838e-11
2.211126432 2.7601296673786578e-11
2.212734524 3.984043228720996e-11
2.2143426159999997 1.6058221921428023e-10
2.215950708 7.325442090274005e-10
2.2175588 9.688717551127299e-10
2.219166892 1.2904645628998133e-09
2.220774984 1.0692644573694243e-09
2.222383075 9.19543202883717e-10
2.2239911670000003 7.414191378876049e-10
2.225599259 5.502573228412725e-10
2.227207351 5.272059631456162e-10
2.228815443 5.363406300993437e-10
2.230423535 5.469087280323626e-10
2.232031627 8.816109263809401e-10
2.2336397189999997 1.998338376878349e-09
2.2352478110000003 4.468356064044905e-09
2.236855903 4.976844595159657e-09
2.238463995 5.811421001717875e-09
2.240072087 8.694713866774123e-09
2.241680179 1.3449894754625142e-08
2.243288271 1.8990229788378556e-08
2.2448963629999996 2.46946749654253e-08
2.2465044549999997 3.2527788537088104e-08
2.2481125470000003 4.472479207392534e-08
2.249720639 6.177907755880566e-08
2.251328731 8.644867061592091e-08
2.252936823 1.2141439523254454e-07
2.2545449140000002 1.6749589094901315e-07
2.256153006 2.1791246986078363e-07
2.257761098 2.822707510239439e-07
2.2593691899999997 3.511417780339645e-07
2.260977282 4.3047140751625153e-07
2.262585374 5.107614688127776e-07
2.264193466 5.757303201747194e-07
2.265801558 6.430386562334486e-07
2.2674096500000003 7.004563875787781e-07
2.269017742 7.550168791170044e-07
2.270625834 7.960627179961743e-07
2.2722339259999997 8.175284067718125e-07
2.273842018 8.361435510118323e-07
2.2754501100000004 8.685683423154793e-07
2.277058202 9.017552753909006e-07
2.278666294 9.364995929377392e-07
2.280274386 9.748412896479742e-07
2.281882478 1.0176532337218121e-06
2.28349057 1.0433035983064937e-06
2.285098662 1.072169879694027e-06
2.286706753 1.1188211946363498e-06
2.288314845 1.1858115049445126e-06
2.2899229369999996 1.264225076567749e-06
2.291531029 1.3487726805460109e-06
2.2931391210000003 1.4460762469701395e-06
2.294747213 1.5642967729952791e-06
2.296355305 1.7094536981998518e-06
2.297963397 1.878710804609824e-06
2.299571489 2.032849029523079e-06
2.301179581 2.203951109290297e-06
2.3027876729999996 2.417952684095565e-06
2.304395765 2.689701837224599e-06
2.3060038570000003 3.0139906918582956e-06
2.307611949 3.403152397824321e-06
2.309220041 3.868945612114123e-06
2.310828133 4.464385939812811e-06
2.312436225 5.278068033445937e-06
2.314044317 6.2772000541735615e-06
2.3156524089999997 7.564462440311143e-06
2.3172605010000003 9.177197005847901e-06
2.318868592 1.1082890744144443e-05
2.3204766840000004 1.2846815804476594e-05
2.322084776 1.4794532657759733e-05
2.323692868 1.7029142302903333e-05
2.32530096 1.9453043203060573e-05
2.326909052 2.1953255400290338e-05
2.328517144 2.4483598781196913e-05
2.3301252359999998 2.7021873237738336e-05
2.331733328 2.982308150439568e-05
2.33334142 3.3089617978086504e-05
2.334949512 3.63967861217431e-05
2.3365576040000002 3.867935054998434e-05
2.338165696 4.032679504449191e-05
2.339773788 4.1442743872380333e-05
2.3413818799999997 4.2131499035315425e-05
2.342989972 4.241780551181907e-05
2.344598064 4.261132429937799e-05
2.346206156 4.291555712585839e-05
2.347814248 4.3136431501005224e-05
2.3494223400000003 4.3025577107374674e-05
2.3510304310000003 4.293842412194678e-05
2.352638523 4.3103926715887395e-05
2.354246615 4.407974208670999e-05
2.3558547069999998 4.524989082673718e-05
2.357462799 4.597613233635101e-05
2.359070891 4.6178931214094995e-05
2.3606789829999997 4.665065972059873e-05
2.3622870750000002 4.9164548486858476e-05
2.363895167 5.2247328527836333e-05
2.365503259 5.517962916600523e-05
2.367111351 5.692189484397499e-05
2.368719443 5.857237388407916e-05
2.370327535 5.927776790354602e-05
2.371935627 5.896929588220838e-05
2.3735437189999997 5.839383466747409e-05
2.3751518110000003 5.549302918983267e-05
2.376759903 5.218780557669657e-05
2.378367995 4.8784603296717385e-05
2.379976087 4.275244714663269e-05
2.381584179 3.7528085891096804e-05
2.383192271 3.321629793483209e-05
2.384800362 2.9857821824690544e-05
2.3864084539999997 2.6838518059742057e-05
2.388016546 2.2803631894305115e-05
2.389624638 1.8756484956867037e-05
2.39123273 1.5453393826626908e-05
2.392840822 1.3143610692410911e-05
2.3944489140000003 1.1357399520688122e-05
2.396057006 9.182368664391991e-06
2.397665098 6.15069728135576e-06
2.3992731899999997 4.655236065141666e-06
2.400881282 2.987719192988621e-06
2.4024893740000004 1.5880037861033493e-06
2.404097466 9.387474090225535e-07
2.405705558 3.0853011805586365e-07
2.40731365 6.976453482451477e-08
2.408921742 1.6747522491201413e-08
2.410529834 2.9788529635187282e-08
2.4121379259999998 8.390933120546457e-08
2.413746018 2.388775395399872e-07
2.41535411 3.8122874243445905e-07
2.416962201 7.800590996464928e-07
2.418570293 1.703600291024648e-06
2.4201783850000003 9.001380046157599e-07
2.421786477 5.766687505141206e-07
2.423394569 5.550341145489427e-07
2.425002661 8.694041688869337e-07
2.426610753 1.5019326501763788e-06
2.428218845 1.9000692491292587e-06
2.4298269369999996 1.7872538618585135e-06
2.431435029 1.6881129183844387e-06
2.4330431210000003 1.9249011866363312e-06
2.434651213 2.365291364291223e-06
2.436259305 2.993551087590156e-06
2.4378673969999998 3.1719024821543904e-06
2.439475489 3.3523430094531848e-06
2.441083581 3.5559253000011973e-06
2.4426916729999997 2.920914705693929e-06
2.4442997650000002 2.585365581242804e-06
2.4459078570000004 2.6508986993265e-06
2.447515949 3.1872685628060756e-06
2.44912404 3.838703764232399e-06
2.450732132 4.02526451834294e-06
2.452340224 3.4215152772310333e-06
2.453948316 3.098516861338986e-06
2.455556408 3.087706461251129e-06
2.4571644999999998 3.3414652610781034e-06
2.458772592 3.785630254352445e-06
2.460380684 2.129718408422204e-06
2.461988776 1.1512042885264784e-06
2.463596868 7.79780284317119e-07
2.46520496 5.272847620788453e-07
2.466813052 3.760992097206384e-07
2.468421144 3.981338011867603e-07
2.470029236 5.062011504318674e-07
2.471637328 9.445876533860675e-07
2.47324542 1.965319615388873e-06
2.474853512 2.161741279978025e-06
2.4764616040000003 2.2466925576964013e-06
2.478069696 3.273077248175961e-06
2.479677788 2.1624424669791548e-06
2.481285879 1.6700603877162793e-06
2.4828939709999998 1.462355322304057e-06
2.484502063 2.7512382276846703e-07
2.486110155 6.021219919766985e-08
2.4877182469999997 1.728379548422035e-08
2.489326339 6.181626067310776e-08
2.4909344310000003 2.6899352549966876e-07
2.492542523 1.2069043743074793e-06
2.494150615 1.1325770798435486e-06
2.495758707 1.0385300355990152e-06
2.497366799 9.531536904489254e-07
2.498974891 1.0135560895593448e-06
2.499778162 2.088974588011394e-06
2.5011293930000003 3.539539419583048e-06
2.502480624 1.6971716468625441e-06
2.5038318559999997 1.505106423152957e-06
2.505183087 4.040170018033473e-06
2.506534319 7.00014261300363e-06
2.50788555 9.634927177350304e-06
2.509236782 6.566088379326052e-06
2.510588013 3.889209520505818e-06
2.511939244 5.695159013017518e-06
2.5132904760000003 3.071832717317686e-06
2.514641707 5.994680204615884e-07
2.515992939 4.159746523377297e-06
2.51734417 4.910641907942906e-06
2.5186954019999996 4.664873725076103e-06
2.5200466329999998 4.5065964298609444e-06
2.521397865 2.8602842791209607e-06
2.522749096 5.696290853354713e-06
2.524100327 3.8251404960963826e-06
2.525451559 5.427937207587408e-06
2.52680279 7.563154954110757e-06
2.5281540220000003 4.574631148583269e-06
2.529505253 2.820659863984163e-06
2.5308564849999997 5.5850057056739985e-09
2.532207716 6.679558433435118e-09
2.533558948 1.3995046272200402e-06
2.534910179 4.27021997275018e-06
2.5362614100000003 2.7407468005373435e-06
2.537612642 5.624406545269811e-06
2.538963873 3.7604993227089633e-06
2.5403151050000004 8.690533860639661e-09
2.5416663359999996 1.096193411206377e-06
2.5430175680000002 2.9370726498237374e-06
2.544368799 1.0212822388645816e-06
2.54572003 2.092638238417861e-06
2.547071262 2.759853747976676e-07
2.548422493 2.914319786721168e-07
2.549773725 2.166909717590883e-06
2.551124956 2.4394749147627497e-06
2.552476188 4.510090880130817e-07
2.553827419 1.1591252213546342e-06
2.5551786510000003 1.0740688101381879e-06
2.556529882 4.345295014296686e-06
2.557881113 6.037926539160492e-06
2.559232345 4.6793265261009165e-06
2.560583576 2.0097288860475532e-06
2.561934808 4.4390188376298535e-06
2.5632860390000003 1.5892248082184485e-07
2.564637271 1.229683657031143e-06
2.565988502 1.6696602406682974e-06
2.567339733 1.7090301681958388e-07
2.5686909649999996 1.4063208686473774e-06
2.5700421959999997 3.2893858253141513e-06
2.571393428 2.9106904543448646e-06
2.572744659 2.7272894901459738e-06
2.574095891 1.9671846880840154e-06
2.575447122 5.9394942724850695e-06
2.576798354 1.8001293969741608e-06
2.5781495850000002 2.2108871125988406e-06
2.5795008160000004 1.3702804053146774e-06
2.580852048 4.867898862916854e-09
2.582203279 4.869573128535642e-09
2.583554511 7.029085639821562e-08
2.584905742 4.21726530049314e-06
2.586256974 3.933653073117857e-06
2.587608205 1.9742233742835654e-06
2.588959437 4.880899307733773e-09
2.590310668 2.299817089374962e-06
2.591661899 3.7181120086526236e-06
2.593013131 2.139245655660632e-06
2.594364362 6.449492212656283e-06
2.5957155939999996 4.302354424597642e-06
2.5970668249999997 1.8867129372445872e-06
2.598418057 6.513563088758738e-08
2.599769288 2.1806486128348705e-06
2.601120519 4.042117743899667e-06
2.602471751 2.045686901592225e-06
2.603822982 3.3469448818372686e-07
2.6051742140000003 3.0888227230732242e-06
2.6065254450000004 2.9025778585435752e-06
2.607876677 4.067053272267066e-06
2.609227908 3.450800705678183e-06
2.61057914 4.8789465909325365e-06
2.611930371 2.971199395793244e-06
2.613281602 8.1883883465948e-09
2.614632834 3.3913031518072492e-06
2.615984065 1.9923263987762792e-06
2.617335297 7.429322820399394e-07
2.618686528 7.34152080007035e-07
2.62003776 1.6880083285738463e-06
2.621388991 4.237555249983067e-06
2.622740222 1.6225177274048751e-06
2.6240914539999998 1.7396909898680208e-06
2.625442685 1.9530155260055133e-06
2.626793917 1.4152892663019474e-06
2.628145148 9.684096489339318e-09
2.62949638 4.840974316788998e-09
2.630847611 4.841650008200613e-09
2.6321988430000003 2.4914032904934935e-06
2.6335500740000004 5.484233568436962e-06
2.634901305 3.2768900069697285e-06
2.636252537 1.520450512881175e-06
2.637603768 3.3748513593893556e-06
2.6389549999999997 5.2106123666100635e-06
2.640306231 2.030074755218794e-06
2.641657463 4.852289166913791e-09
2.643008694 4.852966508570367e-09
2.6443599250000003 7.925407153409664e-07
2.645711157 2.322328638444804e-07
2.6470623879999997 3.515048236409799e-07
2.64841362 1.8466133208005832e-06
2.649764851 3.5527579871204966e-06
2.651116083 8.924547507955068e-07
2.652467314 9.24478148098811e-09
2.653818546 5.838675563594998e-07
2.6551697770000002 2.238038235748353e-06
2.6565210080000004 5.12490042611239e-06
2.65787224 6.360334940165198e-06
2.659223471 6.009823037922429e-06
2.6605747030000004 3.6983210518719815e-06
2.6619259339999997 2.4953825488677057e-06
2.663277166 1.3804309414885079e-06
2.664628397 3.7456473785447954e-06
2.6659796289999997 1.0218826322860746e-06
2.66733086 1.1420397005461723e-07
2.668682091 5.57671671793352e-06
2.670033323 3.87000375462279e-06
2.6713845540000003 3.3126709968464878e-06
2.672735786 1.5113687308597875e-06
2.6740870169999997 5.0022853283945475e-08
2.675438249 2.429328886319165e-08
2.67678948 1.5283200185382325e-06
2.678140711 1.765532813573982e-06
2.679491943 1.0797210591100108e-06
2.680843174 3.093086916925711e-06
2.6821944060000003 7.1690765070880145e-06
2.6835456370000004 5.55628947063068e-06
2.684896869 1.7481728947509142e-06
2.6862481 6.875118868861873e-06
2.6875993319999996 4.50139380786118e-06
2.6889505629999997 1.623153455851323e-06
2.690301794 4.792807046596299e-09
2.691653026 2.4011747196005475e-06
2.693004257 3.595190446628324e-06
2.694355489 5.520545334114838e-06
2.69570672 3.772120543803447e-06
2.697057952 4.44698708915065e-06
2.6984091830000003 2.6712218960937654e-07
2.699760414 4.798698292020862e-09
2.7011116459999998 4.803527018276354e-09
2.702462877 2.235422693717311e-06
2.703814109 4.382725723233811e-06
2.70516534 4.195183502784933e-06
2.706516572 3.1514021902115407e-06
2.707867803 2.142145078008552e-06
2.7092190350000003 1.613167230439713e-08
2.7105702660000004 2.2106172894241744e-08
2.7119214969999996 2.3868534590410068e-06
2.713272729 5.1600150622632015e-06
2.71462396 6.121457934591765e-06
2.7159751919999997 4.021089455012855e-06
2.717326423 6.862723855162874e-07
2.718677655 1.8764079550822853e-06
2.720028886 3.928249403715984e-06
2.7213801170000003 3.881323824568555e-07
2.722731349 3.2633641039123165e-07
2.7240825799999997 6.307307806710373e-08
2.7254338120000003 8.153938374128963e-07
2.726785043 1.5159357876894224e-06
2.7281362749999998 5.6284857304331396e-08
2.729487506 5.120849034370681e-07
2.730838738 3.62878641136757e-06
2.732189969 5.566136484018495e-06
2.7335412000000003 2.0820522797284883e-06
2.734892432 3.04745833990165e-06
2.736243663 2.325342833892585e-06
2.737594895 2.185246871437412e-06
2.7389461259999996 3.716244214672275e-06
2.740297358 3.2023840339614815e-06
2.741648589 5.1548028356388e-06
2.7429998209999997 2.4045225605924298e-06
2.744351052 1.5221406018451741e-06
2.745702283 5.177235909788721e-06
2.747053515 3.7612625683663308e-06
2.7484047460000003 1.9355387732336903e-06
2.749755978 1.5595621901753635e-06
2.7511072089999997 3.4161962572290146e-07
2.7524584410000004 4.869512516878411e-09
2.753809672 1.1640898155334586e-07
2.755160903 1.091691527281737e-06
2.756512135 4.452271948496258e-06
2.757863366 5.700102308729327e-06
2.7592145980000002 7.946136010379773e-07
2.760565829 4.824760510706803e-09
2.761917061 4.056764565718586e-06
2.7632682920000002 3.44614352675163e-06
2.764619524 6.199881253648363e-07
2.7659707549999997 1.4668451260789095e-06
2.767321986 2.6453334532868973e-06
2.768673218 1.3841109897615768e-06
2.770024449 3.659607603234784e-07
2.771375681 2.1506648122355093e-06
2.772726912 4.653778201592283e-06
2.774078144 1.69750458976225e-06
2.7754293750000003 2.6055205432594364e-06
2.776780606 2.276205765506891e-06
2.7781318379999997 2.4406376443304053e-06
2.779483069 1.8982988526126796e-06
2.780834301 1.435598811067064e-07
2.782185532 5.324272840887787e-09
2.783536764 1.758167492830458e-06
2.784887995 1.7964547157863177e-06
2.786239227 1.6215581716085295e-06
2.787590458 4.7193928041769204e-06
2.788941689 1.1236163830507714e-05
2.7902929210000003 1.854822196678235e-05
2.791644152 1.925846248231112e-05
2.7929953839999997 1.0644709653365236e-05
2.794346615 6.6709411354652944e-06
2.795697847 4.975955353054012e-06
2.797049078 1.0063753892976025e-06
2.7984003090000003 1.7051763665856762e-08
2.799751541 4.5920236940901244e-08
2.801102772 8.798526300378459e-07
2.8024540040000003 1.7290686454415447e-06
2.803805235 9.797561255861757e-07
2.8051564669999998 2.1623633930484934e-06
2.806507698 3.0130383621834176e-06
2.80785893 2.117551307935568e-06
2.8092101609999998 7.333807793898829e-09
2.810561392 4.8386586189007386e-09
2.811912624 9.698042884245908e-07
2.813263855 3.9627362987529163e-07
2.814615087 4.837553100133142e-09
2.8159663179999996 4.8357623440523396e-09
2.8173175500000003 4.4778818995984626e-08
2.818668781 2.022052843621329e-07
2.8200200129999997 3.556011196644865e-06
2.821371244 3.548846300365414e-06
2.822722475 1.4784165422632265e-06
2.824073707 2.8244225750982574e-06
2.8254249380000003 3.3154283767507173e-06
2.82677617 5.167949660194855e-06
2.828127401 7.895138647224292e-07
2.8294786330000004 4.824441530542172e-09
2.830829864 5.433348459956503e-09
2.8321810949999997 2.8367581749377757e-07
2.833532327 7.779579519855839e-07
2.834883558 2.61212980737248e-06
2.83623479 6.319305340838878e-06
2.837586021 3.3222229933627677e-06
2.838937253 2.7639850035625057e-06
2.8402884840000002 2.356434057091203e-06
2.841639716 1.0524056237820442e-06
2.8429909469999997 3.438764302188286e-06
2.8443421779999998 9.717827330785747e-07
2.84569341 1.3716591876066907e-06
2.847044641 1.4748857332860522e-06
2.848395873 7.796587864157074e-07
2.849747104 7.235215265340155e-07
2.851098336 1.657847939750158e-06
2.8524495670000003 6.884954395798631e-09
2.8538007980000004 3.5446099924041525e-07
2.85515203 4.61635343300882e-07
2.856503261 4.751387444097455e-09
2.8578544929999996 4.745940169534809e-09
2.8592057239999997 2.388674859113329e-08
2.860556956 2.479960843938536e-06
2.861908187 9.449451038073202e-07
2.863259419 4.72337343076933e-09
2.86461065 1.3189681945789592e-08
2.865961881 1.951393119171788e-06
2.8673131130000002 3.0576929120906974e-07
2.868664344 1.0267332776681338e-06
2.8700155759999997 1.2697338409904077e-06
2.871366807 1.7790230615432507e-06
2.872718039 2.614563008991618e-06
2.87406927 1.5824673041243475e-06
2.8754205010000002 5.204546953595356e-07
2.876771733 1.0853202990792847e-06
2.878122964 6.216247219139476e-06
2.8794741960000003 3.838836677680306e-06
2.8808254270000004 2.576520981595138e-07
2.882176659 1.5079925015335065e-06
2.88352789 4.809569039851334e-06
2.8848791219999996 5.6264997311897585e-06
2.8862303529999997 2.9848020620754044e-06
2.887581584 1.8683740078224938e-06
2.888932816 2.031152470770538e-06
2.890284047 5.555425771244202e-08
2.891635279 7.042520976940213e-09
2.89298651 1.3467428331914824e-06
2.8943377420000003 2.0826552259903197e-06
2.895688973 2.766997312968902e-06
2.8970402049999997 3.2833153330331232e-06
2.898391436 3.1754467398028895e-07
2.899742667 1.1016068240999534e-06
2.901093899 2.006291726950765e-06
2.9024451300000003 2.650792881102432e-06
2.903796362 4.517905027825045e-06
2.905147593 4.359146303409585e-06
2.9064988250000003 6.920433422072571e-06
2.907850056 3.065785129039518e-06
2.9092012869999997 9.31172488776343e-08
2.910552519 4.642749138405632e-09
2.91190375 1.7734553110167908e-07
2.9132549819999998 1.34790867817351e-06
2.914606213 1.7292591705509958e-06
2.915957445 1.4364353829974488e-06
2.917308676 1.0907945887752485e-07
2.918659908 2.5989194991930294e-06
2.920011139 1.0954622224628503e-06
2.9213623699999998 2.8497552948924064e-06
2.922713602 1.430128607366488e-06
2.924064833 2.128973974121446e-06
2.925416065 5.126648238526672e-06
2.926767296 8.207710785429347e-07
2.928118528 4.001682002742229e-07
2.9294697590000003 3.537826170112159e-06
2.93082099 2.6885304669253034e-06
2.932172222 4.956806498985032e-06
2.933523453 3.1222068131544734e-06
2.934874685 1.2036483344873544e-06
2.9362259159999997 1.6651527263779488e-06
2.937577148 4.6927460071218115e-06
2.938928379 5.2863688516361434e-06
2.940279611 9.446861586998822e-07
2.941630842 1.1173520055436642e-06
2.942982073 8.946747090911235e-08
2.9443333050000002 9.124895177078405e-09
2.9456845360000004 4.7164780990590424e-07
2.947035768 1.339489117646309e-06
2.948386999 1.0145599700885771e-05
2.949738231 8.510645471627084e-06
2.951089462 4.9243411275651635e-06
2.952440694 3.5735116314085872e-06
2.953791925 1.613874194522182e-06
2.955143156 1.707192331674933e-06
2.956494388 6.764447998593033e-06
2.957845619 8.574832491669001e-06
2.959196851 4.497960896088452e-06
2.960548082 1.912794887783041e-06
2.9618993139999996 5.929776530395782e-09
2.9632505449999997 3.047138374512425e-07
2.964601776 1.571231719300715e-06
2.965953008 3.9478622958573405e-06
2.967304239 1.3501767930485415e-06
2.968655471 1.4813240587134028e-07
2.970006702 1.2557983141369626e-06
2.9713579340000003 1.3196258721119266e-06
2.9727091650000004 3.1854028386708197e-07
2.974060397 1.1693934513721071e-06
2.975411628 1.6545443534787025e-07
2.976762859 4.347657354400487e-09
2.978114091 1.296119307349006e-08
2.979465322 2.16581147539442e-06
2.980816554 7.5328572962243735e-06
2.982167785 9.429585038976742e-06
2.983519017 4.717737025681511e-06
2.984870248 3.582864171858428e-06
2.9862214789999997 3.490417070326767e-06
2.987572711 3.5036326308386827e-06
2.988923942 2.8740163586227905e-06
2.9902751739999998 2.253195423904632e-06
2.991626405 4.147916593113082e-06
2.992977637 2.917796734622257e-06
2.994328868 1.2395009429523558e-06
2.9956801 9.892017361718335e-07
2.997031331 2.684165688273874e-06
2.9983825619999998 3.774772685714576e-06
2.9997337940000004 3.106053314802834e-06
3.001085025 1.3821911868289768e-06
3.002436257 2.2615406488061658e-07
3.003787488 4.277138850444623e-09
3.0051387199999997 1.5236965361720582e-07
3.006489951 4.696322791289442e-06
3.007841182 1.4879220562112193e-06
3.009192414 1.9448329487658915e-06
3.0105436450000003 2.3224302882080615e-06
3.011894877 5.172611242308869e-06
3.0132461079999997 4.972131049773434e-06
3.01459734 3.3987244358946218e-06
3.015948571 1.5632640203845486e-06
3.017299803 1.6938199673273578e-06
3.018651034 3.7771512150176426e-06
3.020002265 2.2148718064929797e-06
3.021353497 3.678306163205459e-06
3.0227047280000003 1.8683472088944332e-06
3.02405596 2.3979372353406415e-06
3.0254071909999998 3.1569505717665406e-06
3.0267584230000004 2.40544193537266e-06
3.0281096539999997 4.273520807576542e-06
3.029460886 3.275490123243506e-06
3.030812117 2.2612063136403844e-06
3.032163348 1.6977504201450923e-06
3.03351458 2.108391824808833e-06
3.034865811 4.324189962349689e-06
3.036217043 5.33001781298551e-06
3.0375682740000003 4.947561306193217e-06
3.038919506 5.227513535500987e-06
3.0402707369999997 2.5917759581699645e-06
3.041621968 5.033618961299003e-06
3.0429732 3.3937335717547967e-06
3.044324431 8.015234887060444e-07
3.045675663 4.6061798668378726e-07
3.047026894 1.3579967659422115e-06
3.0483781260000002 3.127596200551708e-06
3.0497293570000004 3.923428891688169e-06
3.051080589 4.482026045204537e-06
3.05243182 3.428186710063065e-06
3.053783051 2.424066597337016e-06
3.0551342829999997 1.4336102170526815e-06
3.056485514 8.863856895868162e-09
3.057836746 9.610817928185877e-07
3.059187977 4.126546976432422e-06
3.060539209 5.81802121517827e-06
3.06189044 4.085879373537649e-06
3.063241671 2.6136774393081667e-06
3.0645929030000003 2.0195623457756092e-06
3.065944134 6.176335822671245e-07
3.0672953659999997 1.6567193273562592e-06
3.068646597 1.4096621632733099e-06
3.069997829 1.716506488332094e-06
3.07134906 2.4108866187465545e-06
3.072700292 8.038587621419971e-07
3.074051523 1.7629687719329365e-06
3.075402754 3.3033341153629748e-06
3.0767539860000004 2.310165504521436e-06
3.0781052169999996 2.3256526323422938e-06
3.079456449 2.631634134291559e-06
3.08080768 6.3950164205973425e-06
3.0821589119999997 9.058846510860613e-06
3.083510143 1.1971206464532136e-05
3.084861374 5.9100118619283954e-06
3.086212606 3.495549158031432e-06
3.0875638370000003 7.578638051712523e-06
3.088915069 8.850850192732635e-06
3.0902662999999997 1.1826109001218845e-05
3.0916175320000003 1.3433039224267238e-05
3.092968763 1.3951900165988769e-05
3.0943199949999998 1.849594076846707e-05
3.095671226 2.0933844705192496e-05
3.097022457 2.587316884725032e-05
3.098373689 3.2063964462372794e-05
3.0997249200000003 4.136995301594565e-05
3.101076152 4.67434063074944e-05
3.102427383 5.6140703878285316e-05
3.103778615 6.656466982541796e-05
3.1051298459999996 7.163045723307972e-05
3.106481078 6.96113637590512e-05
3.107832309 6.252035891382014e-05
3.10918354 6.101274610950991e-05
3.110534772 7.129553585210309e-05
3.111886003 9.033663529513126e-05
3.113237235 9.976231099093831e-05
3.1145884660000003 9.872527935936855e-05
3.115939698 9.273179083945248e-05
3.1172909289999997 8.380944255442495e-05
3.11864216 7.475241231719888e-05
3.119993392 7.33952579789783e-05
3.121344623 7.932447001138635e-05
3.122695855 8.384440915974347e-05
3.124047086 7.88368659573818e-05
3.1253983180000002 6.858760913721774e-05
3.126749549 6.2669448763859e-05
3.128100781 6.799221964945224e-05
3.1294520120000002 8.213650254770912e-05
3.130803243 8.733902896884199e-05
3.1321544749999997 8.396149077472096e-05
3.133505706 8.425049224725885e-05
3.134856938 8.611061939663622e-05
3.136208169 9.078143698989336e-05
3.137559401 9.958181667094445e-05
3.138910632 0.00010868147902950195
3.140261863 0.00010868126502934233
3.1416130950000003 9.779665692196154e-05
3.142964326 8.519118915561296e-05
3.1443155579999997 7.96799936761168e-05
3.145666789 8.205517253743974e-05
3.147018021 8.595102859903158e-05
3.148369252 8.861185074546238e-05
3.149720484 8.317917724380871e-05
3.151071715 6.70000025559236e-05
3.152422946 5.291513237386453e-05
3.153774178 4.2519041859102146e-05
3.155125409 3.6266634593857526e-05
3.1564766410000002 3.355875561287895e-05
3.157827872 2.8406425204905803e-05
3.1591791039999997 2.3965942431781044e-05
3.160530335 2.298742150381383e-05
3.161881566 1.8142547997410033e-05
3.163232798 1.236549324898253e-05
3.1645840290000002 8.982611971814727e-06
3.165935261 7.0901841790177926e-06
3.167286492 5.852296705885456e-06
3.1686377240000003 6.528690202004871e-06
3.169988955 7.107856321664375e-06
3.1713401869999998 5.38280904274783e-06
3.172691418 6.031418353968713e-06
3.174042649 6.301436403406078e-06
3.1753938809999998 2.1915087693368235e-06
3.176745112 1.6236596421002169e-06
3.178096344 8.823955319701561e-08
3.179447575 2.6276560807508123e-06
3.180798807 4.32152197773308e-06
3.182150038 4.921990749573207e-06
3.1835012700000003 5.21070044580397e-06
3.184852501 6.065313948825807e-06
3.186203732 6.482097089867105e-06
3.187554964 6.85404017721373e-06
3.188906195 6.415262140227081e-06
3.190257427 5.083635750358531e-06
3.1916086580000003 4.032917386185669e-06
3.19295989 3.936491996061418e-06
3.194311121 3.6101196902747737e-06
3.195662352 3.1146553658708716e-06
3.197013584 5.429283836774325e-06
3.1983648149999997 6.676888320804789e-06
3.199716047 1.8180538660671144e-06
3.201067278 1.5620956732544912e-06
3.2024185099999998 5.5811690079385785e-06
3.203769741 7.473143047726037e-06
3.205120973 4.773928649286717e-06
3.206472204 3.607876011011628e-06
3.207823435 2.493053799982369e-06
3.209174667 3.253646665286108e-06
3.2105258979999998 4.238558203044569e-06
3.21187713 3.3723331202226864e-06
3.213228361 1.3487815915754712e-06
3.214579593 6.604326377680651e-07
3.215930824 1.064081348233393e-06
3.217282055 1.7293982051734803e-07
3.2186332870000003 3.6516626516382044e-08
3.2199845180000004 3.1605628473807907e-06
3.22133575 1.9389936674971567e-06
3.222686981 5.8336955832887216e-08
3.2240382129999996 5.91926788210719e-07
3.2253894439999997 2.0289764302505784e-06
3.226740676 3.2812434526134574e-06
3.228091907 5.186335673209263e-06
3.229443138 6.7742338364704825e-06
3.23079437 7.977871448671786e-06
3.232145601 7.98397004731217e-06
3.2334968330000002 8.642519942905806e-06
3.234848064 6.778090129464583e-06
3.2361992959999997 7.318150493096757e-06
3.237550527 7.261996557907438e-06
3.238901759 6.48292554137357e-06
3.24025299 5.061728801814538e-06
3.2416042210000002 4.270712262283014e-06
3.242955453 4.795549395102142e-06
3.244306684 7.340088903763279e-09
3.2456579160000003 8.568675925504359e-09
3.2470091470000004 4.873534143363691e-08
3.248360379 3.9561345586267274e-07
3.24971161 3.977957691225381e-06
3.251062841 3.189569833594718e-06
3.2524140729999997 3.6267479579121547e-06
3.253765304 8.125053576476225e-06
3.255116536 1.0374574815134465e-05
3.256467767 6.354290605859851e-06
3.257818999 4.5802418808143765e-06
3.25917023 4.892214798517767e-06
3.2605214620000003 4.419026469112203e-06
3.261872693 5.6685990342970705e-06
3.263223924 4.446015487286641e-06
3.264575156 3.7095592452602194e-06
3.265926387 5.43200121332027e-06
3.267277619 8.094148025804305e-06
3.2686288500000003 6.522567597317998e-06
3.269980082 2.2319882372310096e-06
3.271331313 6.749097075958361e-08
3.272682544 4.9247606800151204e-09
3.274033776 4.9276354843156745e-09
3.2753850069999997 3.160126430513555e-07
3.276736239 4.280892554250045e-06
3.27808747 7.187909477824056e-06
3.2794387019999998 6.197206919449588e-06
3.280789933 2.741382432274461e-06
3.282141165 5.409639027286916e-08
3.283492396 3.3081950946155033e-07
3.2848436270000003 7.845044520466734e-07
3.286194859 1.654817773963568e-08
3.2875460899999998 4.959546888311881e-09
3.288897322 4.963120605903443e-09
3.290248553 1.2324788516089317e-07
3.291599785 5.626997112644867e-06
3.292951016 3.7387482921085288e-06
3.294302247 1.4319891155736887e-06
3.2956534790000003 1.1072006156562625e-06
3.29700471 1.5004839197380457e-06
3.298355942 4.650487636133101e-06
3.299707173 8.830113536263472e-06
3.301058405 9.667508989201734e-06
3.3024096359999997 6.806692641023554e-06
3.303760868 3.6101670020305827e-06
3.305112099 2.278740045494701e-08
3.30646333 5.0161856837229985e-09
3.307814562 6.098835150395184e-08
3.309165793 7.986168394723645e-08
3.3105170250000002 4.32323389630975e-06
3.3118682560000003 8.88691528051092e-06
3.313219488 7.257886792984987e-06
3.3145707189999998 2.9899433901862134e-06
3.315921951 4.760832195744607e-07
3.317273182 1.92750762602716e-06
3.318624413 6.644674089826138e-06
3.319975645 8.440451189266797e-06
3.321326876 8.455637188052214e-06
3.322678108 6.590907716764465e-06
3.324029339 3.9967285621176345e-06
3.325380571 2.4962643370479732e-06
3.326731802 1.3935689331689637e-06
3.328083033 2.3197917049100435e-07
3.3294342649999997 9.103093272779093e-07
3.330785496 5.266912056726121e-07
3.332136728 5.071958391309335e-09
3.333487959 4.996915900800719e-08
3.334839191 3.834299024129147e-06
3.336190422 4.502487158134726e-06
3.3375416540000002 7.364979283407083e-07
3.3388928850000004 1.695414466149446e-06
3.340244116 2.1224694729035718e-06
3.341595348 1.0926898339518336e-06
3.342946579 2.8220995949104745e-06
3.344297811 3.6996072427911367e-06
3.345649042 5.852068098956007e-06
3.347000274 9.951941343109319e-06
3.348351505 7.050206111351292e-06
3.3497027360000002 6.25181454416408e-06
3.351053968 6.776993380416602e-06
3.3524051989999997 4.598870032139405e-06
3.353756431 1.457842259744e-06
3.355107662 6.21325022272783e-08
3.3564588939999997 2.1147772009064017e-07
3.357810125 2.494776400975792e-06
3.359161357 6.314366428952186e-06
3.360512588 9.745020438893099e-06
3.3618638190000003 1.0795247403714427e-05
3.363215051 8.982474965585127e-06
3.3645662819999997 4.943862328261406e-06
3.3659175140000004 2.0794761796957108e-06
3.367268745 1.1475258211910354e-06
3.368619977 2.0453038951085478e-07
3.369971208 2.117611883667253e-06
3.371322439 4.524361121173793e-06
3.372673671 5.92610877690786e-06
3.374024902 6.156845358660398e-06
3.375376134 6.008320793173809e-06
3.3767273650000003 4.2897402112346536e-07
3.378078597 2.0884941910760892e-07
3.3794298279999997 1.1841089922180682e-06
3.38078106 2.0232445882997077e-06
3.382132291 3.8439630617911666e-06
3.383483522 6.452252203406328e-06
3.384834754 6.661759109106924e-06
3.386185985 2.688456827604241e-06
3.387537217 1.3635823596329272e-06
3.3888884480000003 2.812789382843044e-06
3.39023968 7.448684490722347e-08
3.3915909109999998 5.109982488047566e-09
3.3929421430000004 5.106030705124636e-09
3.3942933739999996 5.1020236412493465e-09
3.3956446049999998 5.097969519577522e-09
3.396995837 9.643420988341397e-08
3.398347068 2.0108675576025407e-06
3.3996983 1.6499658508826285e-06
3.401049531 3.221698621322822e-07
3.402400763 5.075843390627267e-09
3.4037519940000003 5.070867675109484e-09
3.405103225 5.065860176931255e-09
3.4064544569999997 5.060821449206214e-09
3.407805688 5.055757618187382e-09
3.40915692 3.7892645994006686e-08
3.410508151 2.0742640971447756e-06
3.411859383 1.7403224233842065e-06
3.413210614 6.636803732146331e-08
3.4145618460000002 1.5214899795609752e-06
3.4159130770000004 1.955307307841724e-06
3.4172643079999996 6.384578324249414e-07
3.41861554 1.9975618333608137e-06
3.419966771 2.3977646032287533e-06
3.4213180029999997 7.645814234925873e-07
3.422669234 1.2246283488630294e-06
3.424020466 1.4176744854659832e-06
3.425371697 7.479991001393465e-09
3.4267229280000002 1.8909021384851319e-06
3.42807416 2.1316562262908907e-06
3.429425391 1.923404783983198e-06
3.4307766230000003 4.854795706164576e-06
3.432127854 3.5112893029220827e-06
3.4334790859999997 4.893139350917326e-06
3.434830317 2.548008155528151e-06
3.436181549 9.0674530047372e-07
3.43753278 8.322650704501211e-07
3.4388840110000003 1.1113304027099466e-06
3.440235243 6.852109323866795e-07
3.441586474 6.815124147088819e-09
3.4429377060000004 9.716155583605909e-07
3.4442889369999996 2.7475587856793764e-06
3.445640169 2.5155889473473038e-06
3.4469914 1.863630957995297e-06
3.448342631 7.710959103125188e-07
3.449693863 1.954725550786017e-06
3.451045094 3.0280110479717886e-06
3.452396326 1.8776375467397658e-06
3.4537475570000002 3.8382459933604196e-07
3.455098789 1.6001072614257394e-07
3.45645002 2.5029553205494437e-06
3.4578012520000003 7.18708096972234e-06
3.459152483 1.2901793508683876e-05
3.460503714 1.0110191724125357e-05
3.461854946 5.130979598482401e-06
3.463206177 4.533288800716886e-06
3.464557409 5.436762145471706e-06
3.4659086400000003 4.62824788343319e-06
3.467259872 2.7540979899577463e-06
3.468611103 3.7406700407541602e-06
3.469962335 4.2103584355370024e-06
3.4713135659999996 1.3857068653995206e-06
3.4726647969999997 6.675546096107851e-09
3.474016029 5.168136712721621e-07
3.47536726 3.5593257468049976e-06
3.476718492 4.343818337089402e-06
3.478069723 2.821110025755347e-06
3.479420955 1.0251592036435645e-06
3.4807721860000003 7.503867187294431e-07
3.482123417 1.1216649571279588e-06
3.483474649 1.683293915494711e-06
3.48482588 4.481432254486675e-06
3.486177112 6.476964389606356e-06
3.487528343 7.306276280294371e-06
3.488879575 8.772604551276085e-06
3.490230806 9.42875416424918e-06
3.491582038 1.3017004257444572e-05
3.492933269 1.9084381290867446e-05
3.4942845 2.489107294685193e-05
3.495635732 3.078540783832618e-05
3.496986963 3.5064997083620084e-05
3.4983381949999997 3.882023783146132e-05
3.4996894259999998 4.4531504881750344e-05
3.501040658 5.0693299086360954e-05
3.502391889 5.516384725992719e-05
3.50374312 5.458979661521584e-05
3.505094352 5.087838622950296e-05
3.506445583 4.8556824798405865e-05
3.5077968150000003 4.8209982259883727e-05
3.509148046 5.255533182340536e-05
3.5104992779999997 5.9118271988171906e-05
3.511850509 6.340352424065306e-05
3.513201741 6.257941627157674e-05
3.514552972 5.43481039432319e-05
3.515904203 4.741567429626651e-05
3.517255435 4.7076361243862556e-05
3.518606666 4.504926601870705e-05
3.519957898 3.961646368054991e-05
3.521309129 3.29390108626917e-05
3.5226603610000002 2.5243325421673107e-05
3.524011592 1.861307572051379e-05
3.5253628239999997 1.4453966283987246e-05
3.526714055 1.5003180252916473e-05
3.528065286 1.5930805647466364e-05
3.529416518 1.5274349405091323e-05
3.5307677490000002 1.721985357115141e-05
3.532118981 1.811245999585877e-05
3.533470212 1.4498176550107506e-05
3.5348214440000003 6.41193068649583e-06
3.536172675 1.7011398046096893e-06
3.537523906 8.005950787632619e-07
3.538875138 3.5535852992103508e-06
3.540226369 8.106516108533159e-06
3.5415776009999997 1.3745924876386382e-05
3.542928832 1.6879936623093458e-05
3.544280064 1.6076172891247068e-05
3.545631295 1.2732097170849029e-05
3.546982527 9.578237398041447e-06
3.548333758 7.445266039578851e-06
3.5496849889999997 3.604961552325307e-06
3.551036221 3.7615029854512378e-06
3.552387452 5.132374122788628e-06
3.553738684 5.342158980159723e-06
3.555089915 8.340658738887567e-06
3.556441147 1.2793245364391659e-05
3.5577923780000003 9.962248079563096e-06
3.5591436090000004 6.282640189553885e-06
3.560494841 5.401111892071381e-06
3.561846072 7.370417100027938e-06
3.563197304 1.0377600969210628e-05
3.5645485349999997 8.871806424399907e-06
3.565899767 6.602334437075187e-06
3.567250998 5.8497151307452294e-06
3.5686022299999998 6.0668360311899e-06
3.569953461 5.455091903273464e-06
3.571304692 7.679660422834738e-06
3.572655924 8.645989471987515e-06
3.574007155 1.0904587841120446e-05
3.575358387 9.987951056290665e-06
3.5767096179999998 6.249846276689033e-06
3.57806085 3.1618510828124854e-06
3.579412081 2.1441745367389495e-06
3.580763312 1.4133744610698608e-06
3.582114544 2.8354519642831987e-06
3.583465775 3.404325185770817e-06
3.5848170070000003 4.319473095050736e-06
3.5861682380000004 6.328464222374729e-06
3.58751947 9.157315487068345e-06
3.588870701 7.0544530207079275e-06
3.5902219329999996 5.39941156735423e-06
3.5915731639999997 4.69244348321073e-06
3.592924395 3.263302238337152e-06
3.594275627 4.592273980230572e-06
3.595626858 6.060548023968357e-06
3.59697809 3.843205567944241e-06
3.598329321 1.6723192475646916e-06
3.5996805530000002 2.3838385196924355e-06
3.601031784 3.533500983723981e-06
3.602383016 5.31241196634309e-06
3.603734247 8.055382896375093e-06
3.605085478 1.1203922880522924e-05
3.60643671 1.3720753836786795e-05
3.607787941 1.1410171179554715e-05
3.609139173 8.395251547171947e-06
3.610490404 1.008163748905472e-05
3.6118416360000003 1.294798043293923e-05
3.6131928670000004 1.0751970692729995e-05
3.6145440979999997 5.556437859280616e-06
3.61589533 4.41712776201877e-06
3.617246561 7.940924338023449e-06
3.6185977929999997 5.184578289880106e-06
3.619949024 3.7109086296846103e-06
3.621300256 3.2696491911569965e-06
3.622651487 3.838192869912128e-06
3.624002719 7.093939303421793e-06
3.62535395 1.0063372342867955e-05
3.6267051809999997 1.333924876551575e-05
3.628056413 1.6356885903873386e-05
3.629407644 1.5835521236648742e-05
3.630758876 1.305645020443719e-05
3.632110107 1.2333475443789087e-05
3.633461339 1.2886252945152066e-05
3.6348125700000002 1.2573605948278917e-05
3.6361638010000004 1.0701191332360056e-05
3.637515033 9.20932097543178e-06
3.638866264 8.259036470914591e-06
3.640217496 6.8097733065863695e-06
3.6415687269999997 5.709352067024947e-06
3.642919959 5.922524314813086e-06
3.64427119 7.609519335808091e-06
3.6456224219999998 9.675853432864016e-06
3.646973653 1.1432469837149162e-05
3.648324884 1.2041598170457711e-05
3.649676116 1.1140385838921099e-05
3.6510273470000003 9.395412583246485e-06
3.652378579 5.565612660403857e-06
3.6537298099999997 7.2841800789290685e-06
3.655081042 1.3101990077100444e-05
3.656432273 1.528585932973326e-05
3.657783504 1.552930380663532e-05
3.659134736 1.6657473855282263e-05
3.660485967 1.762637315763783e-05
3.6618371990000003 1.870614792311746e-05
3.66318843 1.9704060817048303e-05
3.664539662 2.0360123837359815e-05
3.665890893 2.12874360620107e-05
3.667242125 2.1844171509588723e-05
3.6685933559999997 2.3037949919468463e-05
3.669944587 2.48396663753652e-05
3.671295819 2.499697971656336e-05
3.67264705 2.6363748989278403e-05
3.673998282 3.0410178030268247e-05
3.675349513 3.359720398215129e-05
3.676700745 3.539195007237042e-05
3.6780519760000003 3.78733317017497e-05
3.679403208 3.951911089521831e-05
3.6807544389999998 3.941701697545539e-05
3.68210567 3.913124506551502e-05
3.683456902 3.9392285997986034e-05
3.684808133 4.010571403409575e-05
3.686159365 3.995641328274703e-05
3.687510596 3.836956987052467e-05
3.688861828 3.8581149688861155e-05
3.690213059 4.305264244727137e-05
3.6915642899999996 4.780272118294971e-05
3.692915522 4.7212493227663635e-05
3.694266753 4.286973025594352e-05
3.6956179849999997 4.034763249848364e-05
3.696969216 4.1740008997549806e-05
3.698320448 4.535811203383688e-05
3.699671679 4.857582591938602e-05
3.701022911 4.933103268445783e-05
3.702374142 4.852439771741273e-05
3.703725373 4.776111782777834e-05
3.7050766050000004 4.657622829503053e-05
3.706427836 4.557525698747575e-05
3.707779068 4.546646495987349e-05
3.709130299 4.488177083750584e-05
3.710481531 4.346012251448003e-05
3.711832762 4.1814517526017866e-05
3.713183993 4.0548792393434294e-05
3.714535225 4.1346736769157036e-05
3.7158864560000002 4.440601192140133e-05
3.717237688 4.6821554513119766e-05
3.7185889189999997 4.664131343290838e-05
3.719940151 4.356663258315863e-05
3.721291382 3.8843460597506405e-05
3.7226426139999997 3.574141111349012e-05
3.723993845 3.523161491984297e-05
3.725345076 3.57748490598677e-05
3.726696308 3.5394893637674155e-05
3.7280475390000003 3.259327040302925e-05
3.729398771 2.8853207942620652e-05
3.730750002 2.6848581886030768e-05
3.7321012340000004 2.5700571571675513e-05
3.733452465 2.4580732425709975e-05
3.7348036959999997 2.4232829387161347e-05
3.736154928 2.333467396552015e-05
3.737506159 2.1816403951117885e-05
3.738857391 2.1509112754482112e-05
3.740208622 2.0535134084557485e-05
3.741559854 1.784979592432616e-05
3.7429110850000002 1.6016051596016983e-05
3.744262317 1.560514492165537e-05
3.7456135479999997 1.5243839188275283e-05
3.746964779 1.394035686121715e-05
3.748316011 1.2436452565163734e-05
3.749667242 1.2536365762588809e-05
3.751018474 1.424754694352529e-05
3.752369705 1.4153444542675889e-05
3.753720937 1.2136255232708483e-05
3.7550721680000003 1.0731613570631998e-05
3.7564234 1.0164924208743412e-05
3.757774631 1.0720180955295743e-05
3.759125862 1.181099360678779e-05
3.7604770939999996 1.223894028312361e-05
3.7618283249999998 1.1502245298757033e-05
3.763179557 1.0669495588026401e-05
3.764530788 1.1003444007648893e-05
3.76588202 1.200530962632524e-05
3.767233251 1.1431953596283454e-05
3.768584482 8.886828537454148e-06
3.7699357140000003 7.698826388778478e-06
3.771286945 8.103259829698681e-06
3.7726381769999997 9.484276363170287e-06
3.773989408 1.101948407956044e-05
3.77534064 1.1742973525894295e-05
3.776691871 7.835170125992126e-06
3.778043103 5.239543666031674e-06
3.779394334 4.909051784256723e-06
3.780745565 8.502016259190098e-06
3.7820967970000003 1.0547571736599386e-05
3.7834480279999996 1.1954616182823735e-05
3.7847992599999998 1.1220839671128706e-05
3.786150491 5.374025188952904e-06
3.7875017229999997 2.2056056160713872e-06
3.7888529539999998 4.3102304282011914e-07
3.790204185 1.4950776795342356e-07
3.791555417 1.9580211137614407e-06
3.792906648 6.2225269710818994e-06
3.79425788 1.019693255732857e-05
3.795609111 1.0390508514016183e-05
3.7969603430000003 9.750516105841374e-06
3.798311574 9.009602423966504e-06
3.7996628059999997 9.822823095081232e-06
3.801014037 1.0423236791563879e-05
3.802365268 9.311769902324527e-06
3.8037165 7.671845162110075e-06
3.8050677310000003 5.83254718976598e-06
3.806418963 5.285312826007585e-06
3.807770194 6.685135035875837e-06
3.8091214260000004 1.1189120332096855e-05
3.8104726569999996 1.6587350104128935e-05
3.811823889 1.7548028954493644e-05
3.81317512 1.4715428552072376e-05
3.814526351 9.805323237728669e-06
3.815877583 5.156441000572381e-06
3.817228814 2.482401102074085e-06
3.818580046 2.252852596029644e-06
3.8199312770000002 2.9880103644945524e-06
3.821282509 3.901675065075377e-06
3.82263374 5.590557507755594e-06
3.823984971 7.432765438757127e-06
3.825336203 7.332577754547229e-06
3.826687434 8.236737559930166e-06
3.828038666 8.811452869737151e-06
3.829389897 1.0120376569280213e-05
3.830741129 1.076289274002075e-05
3.8320923600000003 1.1535836685887091e-05
3.833443592 1.2591979561067995e-05
3.834794823 1.3240958070651234e-05
3.836146054 1.18277819391117e-05
3.8374972859999996 1.1312753081479153e-05
3.8388485169999997 1.2878072883888579e-05
3.840199749 1.1929448652754595e-05
3.84155098 9.255498475450838e-06
3.842902212 9.012683617577523e-06
3.844253443 1.038323593320092e-05
3.845604674 9.785396530033767e-06
3.8469559060000003 8.257247352465385e-06
3.848307137 7.965835122319941e-06
3.849658369 8.438079881419263e-06
3.8510096 9.241848558730631e-06
3.852360832 9.5887655145164e-06
3.853712063 9.014191240192351e-06
3.855063295 8.721990215623383e-06
3.856414526 9.198628812288391e-06
3.857765757 9.362412660680762e-06
3.859116989 1.0321898384684744e-05
3.86046822 1.2650691393796716e-05
3.861819452 1.3813658398136192e-05
3.863170683 1.4494767688034336e-05
3.8645219149999996 1.532340665865913e-05
3.8658731459999998 1.3036720178457812e-05
3.867224377 9.257135235963629e-06
3.868575609 8.363757471256987e-06
3.86992684 8.496697276815598e-06
3.871278072 7.629063824333726e-06
3.872629303 7.759618692756311e-06
3.8739805350000003 9.825986174711918e-06
3.875331766 1.1285172674306338e-05
3.876682998 1.1350174184233841e-05
3.878034229 1.2392071929962123e-05
3.87938546 1.4693923181735625e-05
3.880736692 1.3822511762656386e-05
3.882087923 9.876074537644532e-06
3.883439155 4.965591589079833e-06
3.884790386 3.424026519067355e-06
3.886141618 3.864529230490138e-06
3.887492849 7.606997322329509e-06
3.8888440810000002 9.29207944598994e-06
3.890195312 8.991671363847868e-06
3.891546543 7.357356261814224e-06
3.892897775 4.8711374533932e-06
3.894249006 3.889636493870902e-06
3.895600238 4.566854498099268e-06
3.8969514690000002 5.695627054621985e-06
3.898302701 6.66235701001749e-06
3.899653932 1.0429497671728443e-05
3.9010051629999998 1.4754224133163167e-05
3.902356395 1.56138169146874e-05
3.903707626 1.4867071207580485e-05
3.905058858 1.4985570150737164e-05
3.906410089 1.5245168463704804e-05
3.9077613209999997 1.2783049036151644e-05
3.909112552 1.0856337410048525e-05
3.910463784 1.1268213260052573e-05
3.911815015 1.3961254269485818e-05
3.913166246 1.401177815927058e-05
3.914517478 1.1844618942733456e-05
3.9158687089999997 7.940558846806034e-06
3.917219941 5.809760412472193e-06
3.918571172 7.965807110904424e-06
3.919922404 1.1652706230584253e-05
3.921273635 1.3556095017556821e-05
3.922624866 1.3469968126188547e-05
3.9239760980000002 1.200377466967346e-05
3.9253273290000004 9.309982491418409e-06
3.926678561 7.410436807965244e-06
3.928029792 6.915625832050405e-06
3.929381024 5.6058246196089085e-06
3.9307322549999997 2.7834597512645673e-06
3.932083487 1.9161391346688338e-06
3.933434718 2.260750174847628e-06
3.934785949 3.536209338329152e-06
3.936137181 3.724305954281013e-06
3.937488412 4.58393357857776e-06
3.938839644 6.212282627295859e-06
3.940190875 7.4672067120386705e-06
3.941542107 8.188058725812531e-06
3.9428933379999997 6.3621063014417085e-06
3.944244569 4.768438742884783e-06
3.945595801 4.137890410174315e-06
3.946947032 5.0235851814908785e-06
3.948298264 5.828999348278309e-06
3.949649495 6.250684776704968e-06
3.9510007270000003 7.852818788688869e-06
3.9523519580000004 8.953919946317681e-06
3.95370319 6.063736981040073e-06
3.955054421 3.4244061239876934e-06
3.956405652 2.914614342261729e-06
3.9577568839999997 4.924448803924874e-06
3.959108115 5.258334841181422e-06
3.960459347 3.8638134785158364e-06
3.961810578 3.376669347889756e-06
3.96316181 3.839750328865079e-06
3.964513041 3.0687086721921207e-06
3.965864273 4.38548174068376e-06
3.967215504 5.755784897258168e-06
3.968566735 7.3384419463598054e-06
3.9699179669999998 1.0609064023719744e-05
3.971269198 1.0558106688556721e-05
3.97262043 7.180023678012672e-06
3.973971661 8.609864854861145e-06
3.975322893 1.553148560873696e-05
3.976674124 2.33890278497532e-05
3.978025355 2.8400809809690624e-05
3.9793765870000004 3.126305838165599e-05
3.9807278179999996 3.282505268088897e-05
3.98207905 3.21008478595147e-05
3.983430281 2.939116250291989e-05
3.9847815129999997 2.467931379516679e-05
3.986132744 1.9425651553668787e-05
3.987483976 1.6008449018875433e-05
3.988835207 1.357881137202764e-05
3.9901864380000003 1.159585626273253e-05
3.99153767 1.092071209786316e-05
3.9928889009999997 1.0559694003418759e-05
3.994240133 1.1248542200184042e-05
3.995591364 8.680454421665346e-06
3.996942596 6.173979883103171e-06
3.998293827 3.367326248587632e-06
3.999645058 3.919572246115447e-06
4.00099629 5.259190693061141e-06
4.002347521 6.273270996195804e-06
4.003698753 8.674780251480136e-06
4.005049984 8.425840259049758e-06
4.006401216 5.183610858741874e-06
4.007752447 4.319531238130353e-06
4.009103679 6.0602236396845465e-06
4.01045491 6.654426530022733e-06
4.011806141 6.6581377021367785e-06
4.013157373 7.300636890201745e-06
4.014508604 8.181089773490818e-06
4.015859836 6.9671961380850855e-06
4.017211067 4.736710635542233e-06
4.018562299 4.376805580266514e-06
4.01991353 4.982933196953804e-06
4.021264761 5.472582884626601e-06
4.022615993 5.264509647284592e-06
4.023967224 4.96360847225538e-06
4.025318456 5.319641290282146e-06
4.026669687 6.513401558600295e-06
4.028020919 7.355964865116112e-06
4.02937215 6.985500886297714e-06
4.030723382 5.751412751639356e-06
4.032074613 4.0169302644196905e-06
4.033425844 5.852394098576551e-07
4.034777076 1.1723065139469544e-07
4.036128307 6.149492228371386e-09
4.037479539 1.7746554606122767e-07
4.03883077 5.367885768088033e-07
4.040182002 3.98113824902824e-06
4.041533233 4.47081324350978e-06
4.042884465 4.791229205875382e-06
4.044235696 5.300650252027403e-06
4.0455869269999996 4.963402531249063e-06
4.046938159 4.527177549729175e-06
4.04828939 4.267642783688162e-06
4.049640622 3.3750292556678616e-06
4.050991853 1.926297883614789e-06
4.052343085 2.8079671033253664e-06
4.053694316 4.007625630299834e-06
4.055045547 3.0211910678942125e-06
4.056396779 1.6442120333070304e-06
4.05774801 2.0856695224972456e-06
4.059099241999999 3.569664687004482e-06
4.0604504729999995 5.158075343104723e-06
4.061801705 5.659531826629432e-06
4.063152936 5.510723534180397e-06
4.064504168 5.37150276068974e-06
4.065855399 5.539906299124065e-06
4.06720663 5.939089381397496e-06
4.0685578620000005 6.338622268522328e-06
4.069909093000001 6.708878890230441e-06
4.071260325 7.347939096057345e-06
4.072611556 8.530370741149597e-06
4.073962788 9.149098266257548e-06
4.075314019 9.264386977474494e-06
4.07666525 9.567814895936456e-06
4.078016482 1.0110189549658059e-05
4.079367713 1.039673005552096e-05
4.080718945 9.877848584735024e-06
4.082070176 9.397988395806515e-06
4.083421408 9.436106582633806e-06
4.084772639 9.521538842112386e-06
4.086123871 9.417415323029401e-06
4.087475102 9.077656308664516e-06
4.088826333 8.6354735924468e-06
4.090177565 8.6187177089474e-06
4.091528796 9.509122459683529e-06
4.092880028 1.0578862628995922e-05
4.094231259 1.130331619552424e-05
4.095582491 1.1254984734057117e-05
4.096933722 1.0492094459122999e-05
4.098284953 9.30210530214704e-06
4.0996361850000005 8.462103170851294e-06
4.100987416 7.88751317208238e-06
4.102338648 6.947055748154699e-06
4.103689878999999 5.699140793270072e-06
4.105041110999999 4.840936045202899e-06
4.106392342 6.208808596113453e-06
4.107743574 8.034236579369618e-06
4.109094805 8.621862587060173e-06
4.110446036 7.951833486519056e-06
4.111797268 7.109596034606551e-06
4.113148499 7.090783054433855e-06
4.1144997309999995 7.845885520865561e-06
4.115850962000001 8.498114436150715e-06
4.117202194000001 8.996034958425213e-06
4.118553425 9.26297602762232e-06
4.119904657 9.015648282164588e-06
4.121255887999999 7.771642360251173e-06
4.122607119 5.547186347090033e-06
4.123958351000001 4.601366128666908e-06
4.125309582 4.673382141771058e-06
4.126660814 4.868449771737231e-06
4.128012045 4.026197021730359e-06
4.129363277 2.307928271906258e-06
4.130714508 1.1328230997898417e-06
4.132065739 1.2010257120588382e-06
4.133416971 2.244374200273912e-06
4.134768202 4.776338548706181e-06
4.136119434 7.076925455075958e-06
4.1374706649999995 6.798690081042694e-06
4.138821897 5.8282693338950896e-06
4.140173128000001 5.629544845338243e-06
4.14152436 5.901405653773127e-06
4.142875591 6.046121707092575e-06
4.144226821999999 6.0151518506203644e-06
4.145578054 6.626478661797245e-06
4.146929285000001 6.4894692069316945e-06
4.148280517 5.73328810519456e-06
4.149631748 5.255355129090893e-06
4.15098298 6.3840496673559445e-06
4.152334211 7.743530402651713e-06
4.153685442 7.68347659691929e-06
4.155036674 6.992295519570257e-06
4.156387905 6.09869205574371e-06
4.157739136999999 5.065785883074664e-06
4.159090368 3.611577259501801e-06
4.1604416 3.227425650019731e-06
4.161792831 3.5291581950519025e-06
4.163144063 3.982343011212802e-06
4.164495294 4.07434449926019e-06
4.165846525 4.319869017404715e-06
4.167197757 5.038299215727571e-06
4.1685489879999995 5.473822433218712e-06
4.169900220000001 5.546014218927086e-06
4.171251451 5.4847446131270364e-06
4.172602683 5.810832453627418e-06
4.173953914 7.081449653514212e-06
4.1753051459999995 9.008485075918288e-06
4.1766563770000005 1.0975740418339793e-05
4.178007608 1.2078400377905512e-05
4.17935884 1.1733319450842024e-05
4.180710071 1.1318510208825903e-05
4.182061303 1.2134304451970985e-05
4.183412534 1.3865715205729462e-05
4.184763766 1.584932288212838e-05
4.186114997 1.660874854431542e-05
4.187466228 1.4903407739748978e-05
4.18881746 1.3033069329648273e-05
4.190168691 1.1952420418968992e-05
4.1915199229999995 1.1630286254694596e-05
4.1928711540000005 1.1214669390664461e-05
4.194222386000001 1.0058323971472319e-05
4.195573617 9.39662432175837e-06
4.196924849 8.837184206618297e-06
4.198276079999999 7.957382336756653e-06
4.199627311 6.347149828945288e-06
4.200978543 6.217889244056761e-06
4.202329774 7.613579633815005e-06
4.203681006 9.693123789742095e-06
4.205032237 1.1058776874917622e-05
4.206383469 1.0977522507821366e-05
4.2077347 1.107614788408144e-05
4.209085931 1.138285202775472e-05
4.210437163 1.1363178589451095e-05
4.211788394 1.0602642194228974e-05
4.213139626 9.76598018872414e-06
4.2144908569999995 1.0681010221572391e-05
4.215842089 1.195349037650947e-05
4.217193320000001 1.2218754248553814e-05
4.218544552 1.0285334117868022e-05
4.219895783 8.139957827180564e-06
4.221247013999999 9.164633253556047e-06
4.2225982459999996 1.189888246417255e-05
4.223949477 1.5272240992093474e-05
4.225300709 1.6684884480216144e-05
4.22665194 1.6325172506643702e-05
4.228003171999999 1.528847352877476e-05
4.229354403 1.3857914207247718e-05
4.2307056339999995 1.238476181944522e-05
4.232056866 1.1761335291497266e-05
4.233408097000001 1.2206982314354057e-05
4.234759329 1.301938085425247e-05
4.23611056 1.384977516781447e-05
4.237461792 1.4338316020924494e-05
4.238813023 1.4177720058426315e-05
4.240164255 1.4098397498471394e-05
4.241515486 1.409435250905721e-05
4.242866717 1.3907941801132367e-05
4.244217949 1.2356410162620436e-05
4.24556918 1.0077719800411395e-05
4.246920412000001 9.35783169715788e-06
4.248271643 1.0276250589308541e-05
4.249622875 1.310383042444175e-05
4.250974105999999 1.492213909330455e-05
4.2523253379999995 1.4949930334998404e-05
4.2536765690000005 1.3416822934708576e-05
4.2550278 1.1196406621135725e-05
4.256379032 9.810214266728374e-06
4.257730263 1.0257995002254558e-05
4.259081495 1.07942661002491e-05
4.260432726 1.0619355960844005e-05
4.261783958 9.162600570834913e-06
4.263135189 8.723004802383364e-06
4.26448642 9.65648855936333e-06
4.265837652 1.1381774015522635e-05
4.267188883 1.2969504875739505e-05
4.2685401149999995 1.2917338742429084e-05
4.2698913460000005 1.1339131364028658e-05
4.271242578000001 9.309038631846477e-06
4.272593809 7.781030610123012e-06
4.273945041 8.492368544059658e-06
4.275296271999999 1.0723286736555823e-05
4.276647503 1.3495600423812452e-05
4.277998735 1.6824813131256667e-05
4.279349966 1.5930791772369055e-05
4.280701198 1.3868458867430772e-05
4.282052429 1.3190644404830274e-05
4.283403661 1.3127140146324841e-05
4.284754892 1.3241960692917576e-05
4.286106123 1.3010694462140215e-05
4.287457355 1.2794275015398284e-05
4.288808586 1.3015288705376385e-05
4.290159818 1.3946258270003576e-05
4.2915110489999995 1.4704660873583843e-05
4.292862281 1.4362631523132812e-05
4.294213512000001 1.3667198886181494e-05
4.295564744 1.302663333158783e-05
4.296915975 1.2922297298976913e-05
4.298267206 1.2915039901473633e-05
4.299618438 1.312725807755557e-05
4.300969669 1.3502810793903081e-05
4.302320901 1.3917458212431806e-05
4.303672132 1.3326024155314765e-05
4.305023363999999 1.2262002753895204e-05
4.306374595 1.144843572592838e-05
4.3077258259999995 1.0408190672844942e-05
4.309077058 8.561505719773057e-06
4.310428289000001 8.987220876119978e-06
4.311779521 8.333670819810876e-06
4.313130752 6.970702968378316e-06
4.314481984 4.100242161841337e-06
4.315833215 2.6017678612205013e-06
4.317184447 1.2088907069778993e-06
4.318535678 3.3753814102222945e-07
4.319886909 1.9704694632420053e-07
4.321238141 3.938590243824997e-07
4.322589372 1.3558597518346004e-06
4.323940604000001 1.9093489266833725e-06
4.325291835 2.240465973056119e-06
4.326643067 3.0494252053805323e-06
4.327994297999999 4.424051488808796e-06
4.329345529999999 5.422145979577114e-06
4.3306967610000004 4.717084815197426e-06
4.332047992 3.8232093789277704e-06
4.333399224 3.28049955271156e-06
4.334750455 4.645420489324002e-06
4.336101687 8.16630963146902e-06
4.337452918 1.1365369562837073e-05
4.33880415 1.3084621361260635e-05
4.340155381 1.2338456217987739e-05
4.341506612 1.1034841734069759e-05
4.342857844 1.1292579454235594e-05
4.344209075 1.3311811338361224e-05
4.3455603069999995 1.5809951772077825e-05
4.3469115380000005 1.6877171125421892e-05
4.34826277 1.7778308384716043e-05
4.349614001 1.906386682628333e-05
4.350965233 1.9973171510686777e-05
4.352316464 2.0347278415936177e-05
4.353667695 2.1255089955927926e-05
4.355018927 2.3459178450288113e-05
4.356370158 2.564133442487319e-05
4.35772139 2.693328190684153e-05
4.359072621 2.8363042894518418e-05
4.360423853 3.053904421609861e-05
4.361775084 3.105983011096434e-05
4.363126315000001 3.0536290259678415e-05
4.364477547000001 3.176156035374481e-05
4.365828778 3.384000082690402e-05
4.36718001 3.648437806538629e-05
4.3685312409999995 3.877462532232753e-05
4.369882473 4.10419664526448e-05
4.371233704 4.5169270466105384e-05
4.372584936 4.9707627484379855e-05
4.373936167 5.323699392778113e-05
4.375287398 5.515445825073366e-05
4.37663863 5.632397368317777e-05
4.377989861 5.912991521409651e-05
4.379341093 6.388278902347398e-05
4.380692324 7.114683852847777e-05
4.382043555999999 7.838557018739334e-05
4.383394787 8.348089011319061e-05
4.3847460179999995 8.718322001126474e-05
4.38609725 9.093833382867377e-05
4.387448481000001 9.793962624806477e-05
4.388799713 0.00010527572060959921
4.390150944 0.00011221003852695402
4.391502176 0.0001170709318184027
4.392853407 0.0001230411976154694
4.394204639 0.00013020823591483984
4.39555587 0.000138942861868602
4.396907101 0.00014723212628091665
4.398258332999999 0.00015557034421053982
4.399609564 0.0001644599216063603
4.400960796000001 0.0001750911231659155
4.402312027 0.00018662794434007703
4.403663259 0.0001979708583700198
4.405014489999999 0.00020896784486244347
4.406365721999999 0.00022131090688284354
4.407716953 0.00023467916031850804
4.409068184 0.00024818404669969547
4.410419416 0.00026046191162445856
4.411770647 0.00027290537561435927
4.413121879 0.00028746298356625567
4.41447311 0.0003045457428069864
4.415824342 0.0003234338027857983
4.417175573000001 0.0003454476859345044
4.418526804 0.000370160946948833
4.419878036 0.00039765267802841127
4.421229266999999 0.00042370082981967624
4.4225804989999995 0.0004501263486932915
4.4239317300000005 0.0004772295110848379
4.425282962 0.0005056478098147186
4.426634193 0.0005347102954729051
4.427985425 0.0005662434173291218
4.429336656 0.0006013618525035781
4.430687887 0.0006423864969843801
4.432039119 0.0006857145185510685
4.43339035 0.0007316229877805335
4.434741582 0.0007806606047366524
4.436092813 0.0008337981423255018
4.437444045 0.0008909949431982094
4.438795276 0.0009524767768027071
4.440146507000001 0.0010218297773397695
4.441497739000001 0.0010967694893860185
4.44284897 0.0011768148459158237
4.444200202 0.0012587246480522203
4.445551432999999 0.0013453706178579252
4.446902665 0.001438959312335222
4.448253896 0.0015416568892857832
4.449605128 0.0016564246244787431
4.450956359 0.0017813458407253898
4.45230759 0.0019167110219859898
4.453658822 0.002060451501897511
4.455010053 0.00221576360880141
4.456361285 0.0023848023152554655
4.457712516 0.002571384468721271
4.459063747999999 0.002774882351488955
4.460414979 0.0029965165246260157
4.4617662110000005 0.003238231294255103
4.463117442 0.0035067193445270624
4.464468673000001 0.0037985917552990404
4.465819905 0.004116220759401154
4.467171136 0.004463791118761865
4.468522368 0.004848165210644569
4.469873599 0.005269902581312231
4.471224831000001 0.005732020589926287
4.472576062 0.006241586715796524
4.473927293 0.0068043599194701435
4.475278524999999 0.007426927386500846
4.476629756 0.008122853681387779
4.4779809880000006 0.008887291717418592
4.479332219 0.009726625320645282
4.480683451 0.010659747775629376
4.482034682 0.011695437936316192
4.483385914 0.01284256346755615
4.484737145 0.014128751044586836
4.486088376 0.015559671475291696
4.487439608 0.017144544066888066
4.488790839 0.018905626782437582
4.490142071 0.02087718050773904
4.491493302 0.023074803321484715
4.492844534 0.02552522373887828
4.494195765000001 0.028268095226111574
4.495546996 0.03133122288352756
4.496898228 0.03474985400574013
4.498249458999999 0.03857868932511557
4.4996006909999995 0.04286262617735662
4.5009519220000005 0.047643118983647086
4.502303154 0.052980899550962815
4.503654385 0.058942582780908935
4.505005617 0.06557398221526758
4.506356848 0.07294617849651402
4.507708079 0.08110950811914759
4.509059311 0.09013509784494857
4.510410542 0.10009976831562449
4.511761774 0.1109872263884422
4.513113005 0.122853433593554
4.514464237 0.13577643507357506
4.5158154679999996 0.14966238697323947
4.517166699000001 0.16440803434519133
4.518517931 0.18011161819974394
4.519869162 0.19656247277555497
4.521220394 0.21337910297140095
4.522571624999999 0.23074571294132326
4.523922857 0.24838341515718632
4.525274088 0.2654278619879436
4.52662532 0.2823819879539821
4.527976551 0.29906883749393565
4.529327782 0.31406981295187225
4.530679014 0.32839165410744536
4.532030245 0.34189324248334263
4.533381477 0.3534583330337938
4.534732708 0.36390250469727026
4.53608394 0.373332334055799
4.537435171 0.3810681917043588
4.5387864030000005 0.3876906867494639
4.540137634 0.39345659693509655
4.541488865 0.39797819535230133
4.542840097 0.4016378495839366
4.544191328 0.40472265407920305
4.5455425599999995 0.4070651298821033
4.5468937910000005 0.4088081090711154
4.548245023000001 0.41022274217667193
4.549596254 0.4112742744274559
4.550947485 0.411999247875276
4.552298716999999 0.41256038658012056
4.553649948 0.41294090725081234
4.5550011800000005 0.4132242973322104
4.556352411 0.4134523428128931
4.557703643 0.4136170878429771
4.559054874 0.41373711780547856
4.560406106 0.41386443557320907
4.561757337 0.41435146830906405
4.563108568 0.414594353568684
4.5644598 0.41473633066902776
4.565811031 0.4148917866646059
4.567162263 0.41510200952079485
4.568513493999999 0.4153045219886434
4.569864726 0.41549619504912977
4.571215957000001 0.41579934455208495
4.572567188 0.4163799154453023
4.57391842 0.41660053776088324
4.575269650999999 0.41676640446777535
4.5766208829999995 0.41692554431338325
4.5779721140000005 0.41707797192896473
4.579323346 0.41722080920981375
4.580674577 0.41732398890082884
4.582025809 0.41739001288523686
4.58337704 0.41742799397325714
4.584728271 0.4174433006947813
4.586079503 0.4174358215622812
4.587430734 0.41734382835432854
4.588781966 0.4172370894149342
4.590133197 0.41711507403531395
4.591484429 0.4169281273590743
4.5928356599999995 0.4166986021717619
4.5941868910000005 0.4164282636599404
4.595538123 0.41614976773043627
4.596889354 0.4158466796653616
4.598240586 0.4155171776519818
4.599591817 0.41513117154655615
4.6009430490000005 0.41474949396169725
4.60229428 0.4143731895819369
4.603645512 0.4139673173594113
4.604996743 0.4135485188890371
4.606347974 0.41311516558997535
4.607699206 0.41270980461397827
4.609050437 0.41229273217461804
4.610401669 0.4118766231302387
4.611752900000001 0.41150273438154283
4.613104132 0.4111463721395992
4.614455363 0.41081710659977
4.6158065950000005 0.4104770260469963
4.617157826 0.41014077847230623
4.618509057 0.4098161824751531
4.619860289 0.40952417130747054
4.62121152 0.40917507061433367
4.622562751999999 0.40880422187109206
4.6239139830000004 0.40845783653817
4.625265215000001 0.4081271283403192
4.626616446 0.4078254141872064
4.627967677 0.40750863163604817
4.629318908999999 0.4071921307241576
4.63067014 0.4069066931279195
4.6320213720000005 0.4066367000374853
4.633372603 0.40636823395287147
4.634723835 0.4060723447082663
4.636075066 0.40579420419188894
4.637426298 0.40552832902151986
4.638777529 0.40526719786199045
4.64012876 0.40498451368081734
4.641479992 0.4046836409398873
4.642831223 0.40440192748875764
4.644182455 0.40411161356310593
4.645533685999999 0.40381153030899025
4.646884918 0.4034817392271595
4.648236149000001 0.4031571442239304
4.64958738 0.40284837946895946
4.650938612 0.40250952009176183
4.652289842999999 0.40259064338580614
4.6536410749999995 0.40220051505217347
4.6549923060000005 0.4018231540282956
4.656343538 0.4014414278934537
4.657694769 0.4010285051590731
4.659046001 0.4005992642594457
4.660397232 0.400163872366909
4.661748463 0.39974808027493874
4.663099695 0.39930696522615877
4.664450926000001 0.3988442816216496
4.665802158 0.39836514776448273
4.667153389 0.3978916097941574
4.668504621 0.39742552421574423
4.6698558519999995 0.396920966076615
4.6712070830000005 0.3964141090911671
4.672558315 0.395912070466927
4.673909546 0.39542719868933845
4.675260778 0.39493823580694776
4.676612009 0.39441681986562216
4.6779632410000005 0.3939012283910605
4.679314472 0.3933899842590325
4.680665704 0.3928864712591762
4.682016935 0.39235926453559383
4.683368166 0.39181466309857743
4.684719398 0.3912906012544184
4.686070629 0.39077146556900233
4.687421861 0.3902582326298799
4.688773092 0.3897233617530883
4.690124324 0.38919251832462953
4.691475555 0.3886863340530088
4.6928267869999996 0.38817452809198794
4.694178018 0.38765664215163664
4.695529249 0.3871107690115162
4.696880481 0.38658121766863
4.698231712 0.3865039165289942
4.699582943999999 0.38596685859388213
4.700934175 0.3854139537495581
4.702285407000001 0.3848347092603777
4.703636638 0.38425289370806437
4.704987869 0.38365527352020834
4.706339100999999 0.3830086624609979
4.707690332 0.3823146236485129
4.7090415640000005 0.3815928062879154
4.710392795 0.38083864903380577
4.711744027 0.38005482721784634
4.713095258 0.37920432693054407
4.71444649 0.3782206997674362
4.7157977209999995 0.37717373109337377
4.717148952 0.3760193739885325
4.718500184000001 0.37466811806437483
4.719851415 0.3732067601152168
4.721202647 0.3714525899706531
4.722553877999999 0.369499513012197
4.72390511 0.367396238219309
4.725256341000001 0.3648145902199742
4.726607572 0.3620277696212932
4.727958804 0.3589161684331045
4.729310035 0.35532409416967103
4.730661267 0.35147541774141877
4.7320124980000005 0.3469950437786547
4.73336373 0.3420502339662777
4.734714961 0.3370689137307402
4.736066193 0.3309961638738648
4.737417424 0.3244645355241404
4.738768654999999 0.3173466077105473
4.740119887 0.3094394396938774
4.741471118000001 0.30123877233454416
4.74282235 0.2921885089627134
4.744173581 0.28262788048991205
4.745524813 0.2728124333703286
4.7468760439999995 0.2620869279806485
4.748227276 0.2512736042123422
4.749578507 0.24009743715886198
4.750929738 0.22849712260222566
4.75228097 0.21700908316690462
4.753632201 0.20516506480502922
4.7549834330000005 0.19344232177701795
4.756334664 0.18193848547143215
4.757685896 0.17035560298423552
4.759037127 0.15923461576048165
4.760388358 0.14837521774889392
4.76173959 0.13786882745700355
4.763090821 0.12790452967500837
4.764442053 0.11825386193713897
4.765793284 0.10919155124588797
4.767144516 0.1006570373535464
4.768495747 0.09259268255878987
4.7698469789999995 0.08510241264884479
4.77119821 0.07808958688512577
4.772549441 0.07159186764541485
4.773900673 0.065591958485407
4.775251904 0.06001987388731012
4.776603135999999 0.05490630637099966
4.777954367 0.050204445611573424
4.779305599000001 0.04589416937206268
4.78065683 0.0419492649536609
4.782008061000001 0.038331946646120565
4.783359293 0.03503033009533128
4.784710524 0.03201703027411733
4.7860617560000005 0.02927191163841318
4.787412987 0.02676683318865416
4.788764219 0.024484548004678162
4.79011545 0.022406837309350915
4.791466682 0.020514010780088635
4.7928179129999995 0.018793937854437937
4.7941691440000005 0.01722350505959477
4.795520376000001 0.015794023678711588
4.796871607 0.014493466294996279
4.798222839 0.01330647882495449
4.799574069999999 0.012225299050301187
4.800925302 0.01123560070820492
4.802276533000001 0.010331944059716675
4.803627764 0.009510209597808171
4.804978996 0.008758383202245878
4.806330227 0.008072100961707147
4.807681459 0.007441914939458915
4.80903269 0.006871816773871055
4.810383922 0.006346105594998981
4.811735153 0.005863823726746383
4.813086384999999 0.005423780181548976
4.814437616 0.005019046353291163
4.815788846999999 0.004647397090651224
4.817140079 0.004307890911399293
4.818491310000001 0.0039947873130286495
4.819842542 0.0037059755144795803
4.821193773 0.003439942615204525
4.822545005 0.0031950616826863917
4.8238962359999995 0.002972648280964413
4.825247468 0.002767402106209867
4.826598699 0.002578724429809594
4.82794993 0.0024043295996754393
4.829301162 0.0022432176182518057
4.830652393 0.0020945791082105027
4.8320036250000005 0.001956140896268915
4.833354856 0.0018264783784124755
4.834706088 0.001706178583324888
4.836057318999999 0.001594596204055879
4.83740855 0.0014908866462178632
4.838759782 0.0013941152152794124
4.840111013 0.001303785772427795
4.841462245 0.001221409601255893
4.842813476 0.001146552261319058
4.844164708 0.0010782559072370248
4.845515939 0.0010145246854090214
4.8468671709999995 0.0009543698569414592
4.8482184020000005 0.0008988812739202536
4.849569633 0.0008479570267572844
4.850920865 0.0007998888046133369
4.852272096 0.0007543584665662948
4.853623327999999 0.0007092633116852711
4.854974559 0.000666934820073126
4.856325791000001 0.0006272230654385262
4.857677022 0.0005887856968830402
4.859028253 0.0005522819567239508
4.860379485 0.0005173586371448408
4.861730716 0.000486367929575907
4.863081948 0.0004603178803868596
4.864433179 0.00043781221012951024
4.865784411 0.00041747886984132504
4.867135642 0.00039678294163472997
4.868486874 0.000376478427676573
4.8698381049999995 0.0003557262741751914
4.8711893360000005 0.0003355534460927634
4.872540568000001 0.0003161643023250444
4.873891799 0.00030007223690234715
4.875243031 0.00028552929283990285
4.876594261999999 0.0002737007140343443
4.8779454939999995 0.0002614288010807541
4.879296725000001 0.0002486582408445272
4.880647956 0.00023588443622016156
4.881999188 0.00022377832761201867
4.883350419 0.00021346070523768488
4.884701651 0.00020385970342035322
4.8860528819999995 0.00019502650390198324
4.887404114 0.00018674081830372658
4.888755345 0.00017887877166673885
4.890106576999999 0.00017005383899363453
4.891457808 0.00016156958387955768
4.892809038999999 0.00015326829169988405
4.894160271 0.00014690844786726013
4.895511502000001 0.00014191273039164642
4.896862734 0.00013648242053384898
4.898213965 0.00013099270232444334
4.899565197 0.00012463441267333193
4.900916428 0.00012006932528463151
4.902267660000001 0.00011752026752170254
4.903618891 0.00011459794623706365
4.904970122 0.00011154524928956179
4.906321354 0.00010413673607997679
4.907672585 9.737782775550227e-05
4.9090238170000005 9.134352163882825e-05
4.910375048 8.664617729976092e-05
4.91172628 8.288798153189163e-05
4.913077511 7.931096814258961e-05
4.914428742 7.605188038677594e-05
4.915779974 7.394679920638128e-05
4.917131205 7.168576531684461e-05
4.918482437 6.912724819292222e-05
4.919833668 6.585364700408461e-05
4.9211849 6.241196146068736e-05
4.922536131 6.066328482307575e-05
4.9238873629999995 5.92099878900886e-05
4.9252385940000005 5.836218394666339e-05
4.926589825 5.7187851953315736e-05
4.927941057 5.565957615096307e-05
4.929292288 5.3909172264664523e-05
4.930643519999999 5.214828379703433e-05
4.931994751 5.0079192129117025e-05
4.933345983000001 4.8362846699164694e-05
4.934697214 4.733512157244522e-05
4.936048445 4.6611178909090964e-05
4.937399677 4.599032160053122e-05
4.938750908 4.4487034130891814e-05
4.94010214 4.2938407160653366e-05
4.941453371 4.254124316025104e-05
4.942804603 4.2554049270785815e-05
4.944155834 4.323196018301912e-05
4.945507066 4.2961858956052814e-05
4.9468582969999995 4.20367999380152e-05
4.9482095280000005 4.067720769026587e-05
4.949560760000001 3.9269006886017885e-05
4.950911991 3.791465496635568e-05
4.952263223 3.665975038195314e-05
4.953614453999999 3.549543131321555e-05
4.9549656859999995 3.535295015701797e-05
4.9563169170000005 3.585908275342627e-05
4.957668148 3.567752018760696e-05
4.95901938 3.5147534691833e-05
4.960370611 3.2147185186049095e-05
4.961721843 2.8883797512846003e-05
4.9630730739999995 2.659927951087904e-05
4.964424306 2.597389376424851e-05
4.965775537000001 2.6322812465374044e-05
4.967126769 2.6672320885923682e-05
4.968478 2.7043034644882112e-05
4.969829230999999 2.711534924461692e-05
4.971180463 2.6937089130070274e-05
4.972531694000001 2.608838739262125e-05
4.973882926 2.5242413129514817e-05
4.975234157 2.4395397732238057e-05
4.976585389 2.3532620965456553e-05
4.97793662 2.286389066661012e-05
4.979287852000001 2.0355095102936574e-05
4.980639083 1.863552522266255e-05
4.981990314 1.6822862449250202e-05
4.983341545999999 1.5825410207484837e-05
4.984692777 1.586173425240323e-05
4.986044009 1.6581701770584954e-05
4.98739524 1.742155540380071e-05
4.988746472 1.914472725154367e-05
4.990097703 2.1182989530506967e-05
4.991448934 2.321704937678443e-05
4.992800166 2.4582666076406215e-05
4.9941513969999995 2.433615680014819e-05
4.995502629 2.3654843743494445e-05
4.99685386 2.2677558137554766e-05
4.998205092 2.2580856645162464e-05
4.999556323 2.2851102515207744e-05
5.0009075549999995 2.3167511224726818e-05
5.0022587860000005 2.37943787991995e-05
5.003610017 2.40249387093367e-05
5.004961249 2.4059315200025346e-05
5.006312479999999 2.3760103704682875e-05
5.007663711999999 2.3558859333720634e-05
5.009014943 2.348586699476264e-05
5.010366175 2.4459363900151604e-05
5.011717406 2.5773995125625724e-05
5.013068637 2.681081560922966e-05
5.014419869 2.7684657064959436e-05
5.0157711 2.7972048441809902e-05
5.017122332 2.8456743453452575e-05
5.018473563 2.94861015509392e-05
5.019824795000001 3.0361161562540205e-05
5.021176026 3.118840993133867e-05
5.022527258 3.106671902038181e-05
5.0238784889999994 3.077486232546637e-05
5.0252297200000005 3.0279314712436896e-05
5.026580952000001 2.9676351226737722e-05
5.027932183 2.8702480560050352e-05
5.029283415 2.7923879346133554e-05
5.030634646 2.7393940737609638e-05
5.031985878 2.7624086516660862e-05
5.033337109 2.8258289959409035e-05
5.034688341 2.8198783924575197e-05
5.036039572 2.800329183586349e-05
5.037390803 2.727164610365327e-05
5.038742035 2.6813261611201586e-05
5.0400932659999995 2.7205229754377268e-05
5.041444498 2.7612391720025163e-05
5.042795729000001 2.8005330729679083e-05
5.044146961 2.781272981362121e-05
5.045498192 2.725767812957096e-05
5.046849422999999 2.649135467671836e-05
5.048200655 2.5726642038895286e-05
5.049551886000001 2.574103958992314e-05
5.050903118 2.5932547493566876e-05
5.052254349 2.7038722808749656e-05
5.053605581 2.7827499767387027e-05
5.054956812 2.7842971249949267e-05
5.056308044000001 2.6865026130330282e-05
5.057659275 2.5009121542701997e-05
5.059010506 2.3624728248564316e-05
5.060361737999999 2.2489160763450638e-05
5.061712969 2.2119285086104703e-05
5.063064201 2.1856597484223506e-05
5.064415432 2.116482272122965e-05
5.065766664 2.0740999411974644e-05
5.067117895 2.052199192389321e-05
5.068469126 2.0416747229534303e-05
5.069820358 2.041833167204621e-05
5.0711715889999995 2.039972342448445e-05
5.072522821 2.0344152296771667e-05
5.073874052 2.0500906626161702e-05
5.075225284 2.0750543202228145e-05
5.076576515 1.997464510495561e-05
5.0779277469999995 1.9107515064016108e-05
5.0792789780000005 1.726305187686711e-05
5.080630209 1.589450388347292e-05
5.081981441 1.5460269026973287e-05
5.083332671999999 1.5149219886668957e-05
5.084683904 1.5062473018997698e-05
5.086035135 1.4858388305194823e-05
5.087386367 1.4495925873522649e-05
5.088737598 1.4745159471474968e-05
5.090088829 1.537107472640731e-05
5.091440061 1.623111561023193e-05
5.092791292 1.726246483186773e-05
5.094142524 1.802553145975074e-05
5.095493755000001 1.8823649919973747e-05
5.096844987000001 1.9509267506882987e-05
5.098196218 1.9976077931643553e-05
5.09954745 1.9559257831717355e-05
