Wavelength_microns Throughput
2.0004663860000003 1.1360691792370513e-15
2.002074478 3.7365809821910626e-16
2.00368257 1.6797222190059875e-16
2.005290662 3.6260204970763133e-16
2.006898754 1.2280705861650718e-15
2.008506846 7.669468994986434e-16
2.010114938 5.350643350674075e-16
2.01172303 4.533651099718544e-16
2.013331122 5.07586335360086e-16
2.014939214 4.594558896690954e-16
2.016547306 3.6735333964131893e-16
2.018155398 2.738179554785981e-16
2.01976349 1.9344591478677592e-16
2.021371582 1.9058872098307742e-16
2.022979674 1.4825470001217398e-16
2.0245877660000002 2.7587881914097433e-16
2.026195858 2.889229431240196e-16
2.027803949 3.03204425633009e-16
2.029412041 2.933085399053212e-16
2.031020133 1.6633091685368056e-16
2.032628225 1.7899812672050642e-16
2.034236317 2.9146986418225274e-16
2.035844409 2.5260261246202224e-16
2.037452501 2.220106326328749e-16
2.039060593 1.219623896174548e-16
2.040668685 1.2818751049749338e-16
2.042276777 1.2679416647868392e-16
2.0438848689999998 1.9830350919319347e-16
2.045492961 3.359146956310327e-16
2.047101053 3.3833077550020963e-16
2.0487091449999997 4.2492348170953413e-16
2.0503172370000002 6.122348048198051e-16
2.0519253290000004 3.537594572793205e-16
2.053533421 3.192715177482841e-16
2.055141513 4.0147977734119373e-16
2.056749605 6.844390517872712e-16
2.058357697 9.922504489597345e-16
2.059965788 9.158943096521825e-16
2.06157388 5.721315570004728e-16
2.0631819719999998 6.712402637770844e-16
2.064790064 7.726248285603616e-16
2.066398156 8.019571857899132e-16
2.068006248 5.379618283952425e-16
2.06961434 2.3385089321962863e-16
2.071222432 1.7237747205835735e-16
2.072830524 3.0813607943991e-16
2.074438616 6.222723363398563e-16
2.076046708 4.2503834528073435e-16
2.0776548 4.914180070823009e-16
2.079262892 9.417314101419241e-16
2.080870984 1.3080657955998796e-15
2.0824790760000003 2.6524811200330775e-16
2.084087168 1.2010210914113778e-16
2.08569526 3.2704160766927155e-16
2.0873033519999997 8.589022342416494e-16
2.088911444 1.4209598666556074e-15
2.090519536 4.112445724044256e-15
2.092127627 3.5347483930254303e-15
2.0937357189999997 3.767369659183503e-15
2.0953438110000002 5.612312193557942e-15
2.0969519030000003 8.881413574457445e-15
2.098559995 6.851553946895711e-15
2.100168087 4.4853117742319895e-15
2.101776179 4.8281647955830115e-15
2.103384271 9.946939316574712e-15
2.104992363 2.2472564989296123e-14
2.1066004549999997 2.4186059775676634e-14
2.1082085470000003 2.6858522156715293e-14
2.109816639 3.265300762620463e-14
2.111424731 3.5157730592372734e-14
2.113032823 3.4243406601669324e-14
2.114640915 3.937725838527332e-14
2.116249007 3.876666794782856e-14
2.1178570989999996 3.720997780771073e-14
2.1194651909999997 4.063612338495514e-14
2.1210732830000003 5.6146050178648095e-14
2.122681375 3.9318017222369874e-14
2.124289466 2.8543754557318185e-14
2.125897558 1.7603985818050804e-14
2.1275056500000002 1.9284268642287396e-14
2.129113742 1.6557191222183345e-14
2.130721834 1.0306388968460687e-14
2.1323299259999997 8.157015735156247e-15
2.133938018 1.0066958516473809e-14
2.1355461100000004 1.8589104973960496e-14
2.137154202 1.6654363104775493e-14
2.138762294 1.9867567163487312e-14
2.140370386 1.9522506519020205e-14
2.141978478 1.9651727333940884e-14
2.14358657 2.1955058825946246e-14
2.1451946619999998 2.6839699931252132e-14
2.146802754 3.175453873112608e-14
2.1484108460000004 3.109697100590368e-14
2.150018938 3.059184561296123e-14
2.15162703 2.7457657021583956e-14
2.153235122 2.4446478618583382e-14
2.154843214 1.567125835766569e-14
2.156451305 1.3429824878210784e-14
2.158059397 1.3705712629699268e-14
2.159667489 1.4218824554050946e-14
2.161275581 1.6265604941230654e-14
2.1628836729999996 2.0275050495688687e-14
2.164491765 1.8755861226881894e-14
2.1660998570000003 1.816358600165628e-14
2.167707949 2.206297631400802e-14
2.169316041 2.1872544170625583e-14
2.170924133 2.383131692462499e-14
2.172532225 2.190676849221305e-14
2.174140317 2.293769243945223e-14
2.1757484089999997 2.2730014731059832e-14
2.177356501 2.3269998263712053e-14
2.1789645930000003 3.400499514835315e-14
2.180572685 3.579736490743782e-14
2.182180777 4.157179895218864e-14
2.183788869 3.761851616673074e-14
2.185396961 3.773911331386473e-14
2.187005053 3.244813155344982e-14
2.1886131449999997 3.0790287919478953e-14
2.1902212359999997 3.034697788188194e-14
2.191829328 2.8272307469966444e-14
2.1934374200000004 2.8068752069531075e-14
2.195045512 3.35325156730958e-14
2.196653604 4.147573951459826e-14
2.198261696 4.791093951275118e-14
2.199869788 5.514205135082021e-14
2.20147788 6.366440059224843e-14
2.203085972 7.793984850736875e-14
2.204694064 7.931037274545139e-14
2.206302156 7.109867507586426e-14
2.207910248 8.35854904454738e-14
2.2095183400000002 1.0161286902879042e-13
2.211126432 1.2872352748680138e-13
2.212734524 1.3469935142313423e-13
2.2143426159999997 1.2265641923634338e-13
2.215950708 9.619379922318998e-14
2.2175588 8.055735406448633e-14
2.219166892 9.535905238261265e-14
2.220774984 8.542843009919133e-14
2.222383075 8.383389580857808e-14
2.2239911670000003 7.740002296949764e-14
2.225599259 7.399598414348248e-14
2.227207351 8.447169568300935e-14
2.228815443 6.956538317235102e-14
2.230423535 9.979474856541074e-14
2.232031627 7.534862097217887e-14
2.2336397189999997 3.74106789545539e-14
2.2352478110000003 3.6493520786123225e-14
2.236855903 1.207206266868291e-13
2.238463995 4.49448976728965e-13
2.240072087 2.6235147111256877e-13
2.241680179 1.3898710735258421e-13
2.243288271 1.522819586919447e-13
2.2448963629999996 3.374133200504218e-13
2.2465044549999997 6.920333875518713e-13
2.2481125470000003 5.119415309933163e-13
2.249720639 4.720684310470037e-13
2.251328731 4.019030648421286e-13
2.252936823 3.249536926142372e-13
2.2545449140000002 3.2435837562867687e-13
2.256153006 6.568237600398578e-13
2.257761098 2.177927772342154e-12
2.2593691899999997 1.2957574314517772e-12
2.260977282 7.253717553880811e-13
2.262585374 7.327316432833138e-13
2.264193466 1.6009028217631243e-12
2.265801558 4.294840890988872e-12
2.2674096500000003 2.1089131599724523e-12
2.269017742 1.290813601969623e-12
2.270625834 1.0414004300328318e-12
2.2722339259999997 1.1774782804454341e-12
2.273842018 2.373434343286715e-12
2.2754501100000004 1.4962320715041996e-12
2.277058202 1.4350870365486708e-12
2.278666294 1.6353654427626728e-12
2.280274386 2.1290598799379723e-12
2.281882478 3.03782445585413e-12
2.28349057 3.8674365118429374e-12
2.285098662 5.515266927655313e-12
2.286706753 4.6349762554947415e-12
2.288314845 3.83207214325645e-12
2.2899229369999996 5.117991033659874e-12
2.291531029 6.368770435910627e-12
2.2931391210000003 8.044431173054809e-12
2.294747213 2.859512141478624e-12
2.296355305 1.9589649015048254e-13
2.297963397 1.7972953269362914e-14
2.299571489 1.772387562133325e-13
2.301179581 2.903337611915981e-12
2.3027876729999996 1.5395708878584408e-11
2.304395765 1.1619039587992502e-11
2.3060038570000003 9.173696759919691e-12
2.307611949 8.688403851125541e-12
2.309220041 9.420088021416007e-12
2.310828133 1.2775231820577107e-11
2.312436225 1.2618024148998245e-11
2.314044317 1.5514210338021916e-11
2.3156524089999997 1.5139307811723825e-11
2.3172605010000003 1.6138197352798436e-11
2.318868592 1.747686815653505e-11
2.3204766840000004 1.593520812812474e-11
2.322084776 3.3683583340334455e-11
2.323692868 8.528561564216344e-11
2.32530096 9.055178737898483e-11
2.326909052 1.0031519558241061e-10
2.328517144 1.6195319497064766e-10
2.3301252359999998 2.78795244428564e-10
2.331733328 4.903500314083492e-10
2.33334142 5.891911694265112e-10
2.334949512 7.213073603898414e-10
2.3365576040000002 1.0077592322098996e-09
2.338165696 1.4623795986858045e-09
2.339773788 2.0579790056003073e-09
2.3413818799999997 2.464082855471366e-09
2.342989972 2.928933959315542e-09
2.344598064 3.3528934530800424e-09
2.346206156 3.7003573318175207e-09
2.347814248 4.087448641027334e-09
2.3494223400000003 4.394175523834191e-09
2.3510304310000003 4.716768953771603e-09
2.352638523 4.9763555117618434e-09
2.354246615 4.819758991329142e-09
2.3558547069999998 4.691144349313995e-09
2.357462799 4.523679016339883e-09
2.359070891 4.319700923893166e-09
2.3606789829999997 4.149403364369634e-09
2.3622870750000002 3.435904610653068e-09
2.363895167 2.8014589605228632e-09
2.365503259 2.332653045581164e-09
2.367111351 2.0729787060799827e-09
2.368719443 1.8400217007741268e-09
2.370327535 1.51873302214343e-09
2.371935627 1.1874122871915527e-09
2.3735437189999997 9.459976609954787e-10
2.3751518110000003 8.025652204090323e-10
2.376759903 6.885308185506265e-10
2.378367995 5.993466260687834e-10
2.379976087 6.234474510390048e-10
2.381584179 6.528966585691527e-10
2.383192271 5.661981825960754e-10
2.384800362 4.22763720537548e-10
2.3864084539999997 3.3724453994847205e-10
2.388016546 3.4176313179930333e-10
2.389624638 4.0247810060995074e-10
2.39123273 5.367239810906413e-10
2.392840822 3.440469978724466e-10
2.3944489140000003 2.2820350384326864e-10
2.396057006 1.7350148146416689e-10
2.397665098 2.4676916176896487e-10
2.3992731899999997 3.734604182215502e-10
2.400881282 4.095106794061517e-10
2.4024893740000004 2.793476663364782e-10
2.404097466 2.2220842806396e-10
2.405705558 2.0498449405803548e-10
2.40731365 2.0864694211871968e-10
2.408921742 2.36498375390203e-10
2.410529834 2.619140366701143e-10
2.4121379259999998 2.8583447385045993e-10
2.413746018 3.082271606706432e-10
2.41535411 2.0695785859069174e-10
2.416962201 1.591624067700465e-10
2.418570293 1.4421647295535843e-10
2.4201783850000003 1.9911276716856734e-10
2.421786477 3.036732093344232e-10
2.423394569 2.6682032549575495e-10
2.425002661 1.7170359592840195e-10
2.426610753 1.3798076444916088e-10
2.428218845 1.5689741579381746e-10
2.4298269369999996 2.2991201485660898e-10
2.431435029 5.055377659001083e-10
2.4330431210000003 4.6354039582676323e-10
2.434651213 3.777587858375087e-10
2.436259305 3.293792604703334e-10
2.4378673969999998 3.983399408257795e-10
2.439475489 4.942120094152075e-10
2.441083581 6.091442937529165e-10
2.4426916729999997 5.365297561704089e-10
2.4442997650000002 4.783940275276682e-10
2.4459078570000004 3.966101558743507e-10
2.447515949 2.731091482716644e-10
2.44912404 2.0185620452969438e-10
2.450732132 1.8552441262977027e-10
2.452340224 2.4789325844946044e-10
2.453948316 3.6170734569935634e-10
2.455556408 4.0531366043362347e-10
2.4571644999999998 3.0319144431972526e-10
2.458772592 2.553972385143688e-10
2.460380684 2.7733086311048776e-10
2.461988776 3.503248672817368e-10
2.463596868 4.769147211999585e-10
2.46520496 4.358753690068504e-10
2.466813052 3.520252673247858e-10
2.468421144 2.99441910449166e-10
2.470029236 3.554622004767481e-10
2.471637328 4.734833771119306e-10
2.47324542 6.5186361502027e-10
2.474853512 6.884242020961842e-10
2.4764616040000003 6.844751379281181e-10
2.478069696 6.89380175774041e-10
2.479677788 6.464506190182522e-10
2.481285879 6.075383530235659e-10
2.4828939709999998 5.731246713805886e-10
2.484502063 6.143994360932463e-10
2.486110155 6.678176150349039e-10
2.4877182469999997 7.427680765863641e-10
2.489326339 5.581656547357624e-10
2.4909344310000003 4.247996227013835e-10
2.492542523 3.280594543615755e-10
2.494150615 4.134800110538984e-10
2.495758707 9.899730080935456e-10
2.497366799 2.3242468970632284e-09
2.498974891 2.4806513045673176e-09
2.499778162 3.386041316514634e-09
2.5011293930000003 9.398454703636055e-10
2.502480624 2.1258219882445068e-11
2.5038318559999997 2.1203255533463287e-09
2.505183087 4.976281568279584e-09
2.506534319 1.4429141118779333e-09
2.50788555 3.835564789266167e-11
2.509236782 3.240404054161358e-09
2.510588013 1.2005277916729745e-09
2.511939244 2.090484522048512e-09
2.5132904760000003 3.968539548404605e-09
2.514641707 2.0007614848471626e-09
2.515992939 1.2133920111159669e-09
2.51734417 1.779132775253353e-09
2.5186954019999996 2.955009399959177e-09
2.5200466329999998 1.7547074184176355e-09
2.521397865 1.6733180124887304e-09
2.522749096 9.769799272566178e-10
2.524100327 1.3478708113789799e-09
2.525451559 4.756321886226224e-09
2.52680279 1.0686617385727896e-09
2.5281540220000003 4.1615534557478835e-12
2.529505253 1.9483202876647027e-12
2.5308564849999997 1.8338902856076023e-12
2.532207716 2.4845019835411743e-12
2.533558948 1.5152650566182875e-09
2.534910179 1.1441056568300665e-09
2.5362614100000003 1.6010268027757305e-09
2.537612642 6.965268803126131e-10
2.538963873 8.436348064861332e-10
2.5403151050000004 1.4234420110642132e-10
2.5416663359999996 9.914293501660325e-13
2.5430175680000002 7.18489400470844e-12
2.544368799 9.38436172801067e-10
2.54572003 6.900944618686144e-10
2.547071262 3.1423996788364177e-10
2.548422493 9.241682855727093e-10
2.549773725 5.416558626061805e-10
2.551124956 2.281156137951555e-10
2.552476188 2.0979573138944823e-10
2.553827419 2.4560515438817805e-10
2.5551786510000003 2.845497958410576e-10
2.556529882 3.410970259955182e-10
2.557881113 1.271458857648738e-10
2.559232345 4.644884837957696e-12
2.560583576 1.556338372022402e-10
2.561934808 1.501485329428907e-10
2.5632860390000003 4.071873468914428e-11
2.564637271 3.707374211580399e-11
2.565988502 6.549368654979591e-11
2.567339733 1.9894979424907646e-10
2.5686909649999996 1.549678770788824e-10
2.5700421959999997 1.362973694638916e-10
2.571393428 8.362360545629398e-11
2.572744659 1.0160148905894841e-10
2.574095891 3.2624523744954866e-11
2.575447122 3.4962966423603975e-11
2.576798354 5.765349673164648e-11
2.5781495850000002 5.492533073424124e-12
2.5795008160000004 1.6335587072209566e-11
2.580852048 3.010339516761138e-11
2.582203279 2.977846270646848e-11
2.583554511 5.082420228676478e-12
2.584905742 1.481955978131686e-11
2.586256974 1.3727298824441604e-11
2.587608205 1.0030722657421272e-11
2.588959437 5.0099609195005744e-12
2.590310668 5.834907575830577e-12
2.591661899 1.0805975974462952e-11
2.593013131 1.5493460890117923e-11
2.594364362 1.988090197146107e-12
2.5957155939999996 1.424912484749477e-11
2.5970668249999997 6.480176501250517e-12
2.598418057 9.357517509833196e-12
2.599769288 6.757832112668319e-12
2.601120519 4.406105599725797e-12
2.602471751 3.947830304450972e-14
2.603822982 3.028094710184262e-12
2.6051742140000003 7.55946450384215e-12
2.6065254450000004 1.3207623607184912e-11
2.607876677 9.835193612733329e-12
2.609227908 1.980679639483304e-11
2.61057914 3.9115109251805304e-12
2.611930371 9.764507351441349e-12
2.613281602 4.179755738065704e-12
2.614632834 2.0338065299345405e-11
2.615984065 8.226682793072925e-13
2.617335297 1.104625487274759e-11
2.618686528 2.2234616126823917e-12
2.62003776 5.951526300748595e-12
2.621388991 3.851721283578301e-12
2.622740222 4.572904611201168e-12
2.6240914539999998 3.5962238717101638e-12
2.625442685 1.4199876988693804e-12
2.626793917 3.2847485167681024e-14
2.628145148 4.530790738455734e-12
2.62949638 1.0064013386118745e-12
2.630847611 6.381274320151986e-12
2.6321988430000003 2.7525649546426258e-11
2.6335500740000004 2.5529008447689852e-11
2.634901305 7.708010743998127e-12
2.636252537 8.629127439727889e-12
2.637603768 9.653272720015861e-13
2.6389549999999997 8.796174214598973e-12
2.640306231 6.0686867624784115e-12
2.641657463 7.329784483836655e-12
2.643008694 1.9481092406149168e-11
2.6443599250000003 1.966480857253296e-11
2.645711157 1.5653988229664458e-11
2.6470623879999997 2.8343528099730734e-12
2.64841362 9.412622325398075e-12
2.649764851 1.2824941524511192e-11
2.651116083 8.09312180955983e-12
2.652467314 1.3045347082759238e-12
2.653818546 7.837256720979543e-12
2.6551697770000002 8.366744825406486e-12
2.6565210080000004 8.977889266334648e-12
2.65787224 6.602447149861367e-13
2.659223471 1.8573246812256346e-12
2.6605747030000004 1.6346109007443265e-11
2.6619259339999997 1.169928791076308e-11
2.663277166 9.145122019794129e-12
2.664628397 1.9258637035490479e-13
2.6659796289999997 8.432719849618292e-12
2.66733086 5.7885052700268464e-12
2.668682091 8.21485891821548e-12
2.670033323 4.13252433575782e-12
2.6713845540000003 7.944296620388952e-13
2.672735786 5.520996330021843e-14
2.6740870169999997 3.357527900653651e-14
2.675438249 1.0955989008672854e-12
2.67678948 1.3694817512984978e-12
2.678140711 3.231332712822602e-12
2.679491943 2.701663777374659e-12
2.680843174 5.206750532738387e-12
2.6821944060000003 1.5938296162767974e-14
2.6835456370000004 4.0646072048148146e-13
2.684896869 1.0457773882043099e-12
2.6862481 2.862784118033075e-12
2.6875993319999996 1.6095580828445354e-12
2.6889505629999997 2.543946195134567e-12
2.690301794 1.1223511775033658e-12
2.691653026 2.994754423064863e-14
2.693004257 9.695052252527566e-13
2.694355489 5.079145950090706e-13
2.69570672 3.7032932141580834e-13
2.697057952 5.96968696590613e-13
2.6984091830000003 1.5636815375522829e-13
2.699760414 1.4230016658227635e-14
2.7011116459999998 1.9626161793424565e-12
2.702462877 4.647237329482589e-12
2.703814109 6.484962383841561e-12
2.70516534 1.3869815996678971e-14
2.706516572 6.126254943205676e-12
2.707867803 1.886043424917672e-12
2.7092190350000003 7.960394877981458e-13
2.7105702660000004 3.8286554098586215e-14
2.7119214969999996 6.884233598752068e-12
2.713272729 7.780505235283532e-12
2.71462396 4.522992649357894e-12
2.7159751919999997 5.425640846713353e-12
2.717326423 3.3396917208586085e-12
2.718677655 2.0385223796850127e-12
2.720028886 1.1116098963362485e-12
2.7213801170000003 1.3722086786669721e-12
2.722731349 6.411052238007041e-15
2.7240825799999997 4.3193503507569916e-13
2.7254338120000003 5.3934331830121884e-14
2.726785043 8.281713505739533e-12
2.7281362749999998 2.380620744481904e-12
2.729487506 8.04577817809865e-13
2.730838738 2.7284080341351094e-12
2.732189969 9.193173781941885e-13
2.7335412000000003 9.714152986263763e-13
2.734892432 5.1652355053787905e-12
2.736243663 6.658501456919151e-12
2.737594895 7.716011770632074e-15
2.7389461259999996 1.2102955087820557e-14
2.740297358 3.5120761064188564e-12
2.741648589 6.034125377883184e-12
2.7429998209999997 1.673172206139564e-12
2.744351052 1.341093437645823e-12
2.745702283 1.3479334168576366e-12
2.747053515 2.4878523073966462e-14
2.7484047460000003 1.7850986672412138e-15
2.749755978 1.347197032713095e-15
2.7511072089999997 1.3694496688145608e-13
2.7524584410000004 1.4689797151154592e-12
2.753809672 1.7715817871125897e-12
2.755160903 2.502143666757324e-12
2.756512135 1.895267072098274e-12
2.757863366 8.216544639676691e-15
2.7592145980000002 7.302328850760743e-13
2.760565829 1.7662349363813809e-12
2.761917061 4.603041093815185e-12
2.7632682920000002 8.863714971125157e-14
2.764619524 6.389179099596318e-14
2.7659707549999997 5.308511991164314e-13
2.767321986 3.650793159475973e-13
2.768673218 1.786411360618578e-13
2.770024449 6.7767394534454e-13
2.771375681 6.474278371061491e-13
2.772726912 3.735610112564151e-15
2.774078144 5.086163872558997e-14
2.7754293750000003 3.344556147985625e-12
2.776780606 2.089676223349125e-12
2.7781318379999997 2.350889782079252e-12
2.779483069 2.542615795497994e-12
2.780834301 9.92320799913582e-13
2.782185532 8.257414200850463e-15
2.783536764 4.76002258704725e-12
2.784887995 3.6487235051137885e-13
2.786239227 4.754920085198992e-14
2.787590458 2.762578333018147e-12
2.788941689 2.158876807792399e-12
2.7902929210000003 5.0001611026947006e-12
2.791644152 3.133653633302783e-13
2.7929953839999997 2.6666416080324207e-12
2.794346615 1.0853252729232683e-11
2.795697847 4.3543078681482726e-12
2.797049078 4.61870408119385e-13
2.7984003090000003 1.6957828236631365e-12
2.799751541 2.853331783018684e-12
2.801102772 3.057969224707195e-12
2.8024540040000003 4.002187959964873e-12
2.803805235 8.380813211895712e-15
2.8051564669999998 5.969720515973529e-15
2.806507698 6.7633361478499484e-15
2.80785893 2.467583143254686e-13
2.8092101609999998 1.1119296721309657e-14
2.810561392 1.812143917371718e-13
2.811912624 2.317988809892079e-14
2.813263855 3.283509087675289e-12
2.814615087 4.723355763812096e-12
2.8159663179999996 5.0379960541644e-12
2.8173175500000003 1.816159270289806e-12
2.818668781 2.0408429950863906e-12
2.8200200129999997 2.8173033197001424e-12
2.821371244 1.880141225482505e-12
2.822722475 3.5295246780922043e-12
2.824073707 1.4643307922861013e-12
2.8254249380000003 7.91795260170821e-13
2.82677617 6.901560987203746e-15
2.828127401 7.460150307916743e-15
2.8294786330000004 8.665585245284895e-15
2.830829864 9.196113530084467e-15
2.8321810949999997 2.5639889960730834e-13
2.833532327 1.835626189576306e-12
2.834883558 3.667053216674562e-14
2.83623479 3.0035262393075315e-12
2.837586021 1.887583773835136e-12
2.838937253 4.146022123134707e-12
2.8402884840000002 2.4785750808249854e-12
2.841639716 4.4918676979776144e-15
2.8429909469999997 5.320389238663724e-15
2.8443421779999998 1.3509618770693724e-12
2.84569341 4.587822014494917e-13
2.847044641 3.725838628347142e-15
2.848395873 3.2173548943588417e-13
2.849747104 3.638425047821981e-12
2.851098336 4.7213698601866146e-12
2.8524495670000003 4.5462697169129355e-12
2.8538007980000004 2.1183901554188383e-12
2.85515203 8.787624200746461e-13
2.856503261 2.410422399479789e-13
2.8578544929999996 2.7941565754252612e-12
2.8592057239999997 9.785466601166945e-13
2.860556956 4.3686316529572974e-13
2.861908187 1.480280452473177e-12
2.863259419 1.5135127044959613e-12
2.86461065 6.111036352683477e-12
2.865961881 4.990241503187686e-12
2.8673131130000002 1.2347388706287663e-12
2.868664344 1.345285957266413e-12
2.8700155759999997 8.736215350967263e-12
2.871366807 4.311065914143829e-12
2.872718039 1.902620936477744e-12
2.87406927 6.819073492303784e-12
2.8754205010000002 4.530637413703749e-12
2.876771733 7.792637422414992e-12
2.878122964 8.639126617279265e-12
2.8794741960000003 4.4941609459523606e-12
2.8808254270000004 1.1425796546727804e-12
2.882176659 9.454729256722775e-14
2.88352789 3.6705660043369385e-12
2.8848791219999996 4.123319979391849e-12
2.8862303529999997 4.741768708470616e-12
2.887581584 4.784888318263323e-12
2.888932816 2.245842244925806e-12
2.890284047 7.493701768224066e-14
2.891635279 1.8054519318990828e-12
2.89298651 3.368734948880422e-12
2.8943377420000003 4.2805738652176426e-13
2.895688973 4.1050697263115607e-13
2.8970402049999997 1.304512881283561e-12
2.898391436 2.4240718133047825e-12
2.899742667 2.1921237721028725e-12
2.901093899 1.4213274680222175e-12
2.9024451300000003 1.0162141261843883e-12
2.903796362 1.9992075221933848e-12
2.905147593 2.3774644488136247e-12
2.9064988250000003 4.682656822220761e-12
2.907850056 3.292819961568131e-12
2.9092012869999997 2.0032188706653314e-12
2.910552519 5.014940999898642e-12
2.91190375 3.902160045257784e-12
2.9132549819999998 2.661974454177094e-12
2.914606213 1.0280024910437315e-12
2.915957445 6.221171863633578e-12
2.917308676 2.9748933445144286e-12
2.918659908 4.217361574493359e-12
2.920011139 6.715201438991954e-12
2.9213623699999998 4.005020735675352e-12
2.922713602 1.3977094056889623e-12
2.924064833 1.32064143307276e-13
2.925416065 1.270581490819524e-13
2.926767296 4.3572593982215686e-12
2.928118528 4.3272500037682465e-12
2.9294697590000003 2.186331507874139e-12
2.93082099 8.078198940568912e-12
2.932172222 8.545552738000599e-12
2.933523453 7.714748043685677e-12
2.934874685 1.0059050637171658e-11
2.9362259159999997 1.1309173554272236e-11
2.937577148 1.0203217709613893e-11
2.938928379 4.829866715769252e-12
2.940279611 2.7948564377607243e-12
2.941630842 1.7585475410599297e-12
2.942982073 1.6468073998344188e-13
2.9443333050000002 2.6501814698633073e-12
2.9456845360000004 1.873111863613321e-12
2.947035768 2.1707034492332504e-12
2.948386999 9.067817574549368e-13
2.949738231 2.379867937655738e-12
2.951089462 1.2125299515090307e-13
2.952440694 2.777305364939133e-12
2.953791925 1.2879839489469934e-12
2.955143156 1.1286809941280946e-12
2.956494388 2.4412545365265887e-12
2.957845619 1.1872738833662886e-12
2.959196851 3.537983305374158e-12
2.960548082 3.250083497844822e-12
2.9618993139999996 3.306980987418822e-12
2.9632505449999997 3.1042947399412626e-12
2.964601776 8.520606931022762e-13
2.965953008 5.296745579016976e-15
2.967304239 5.626722587899994e-13
2.968655471 8.93480227608137e-13
2.970006702 1.699783257658212e-12
2.9713579340000003 1.5824157286108952e-12
2.9727091650000004 1.1262053249026918e-12
2.974060397 5.530642254241936e-12
2.975411628 7.421001370157081e-12
2.976762859 1.3947868613468352e-11
2.978114091 8.443269195278505e-12
2.979465322 3.668080380967849e-12
2.980816554 7.289219305612755e-12
2.982167785 6.884010252571374e-12
2.983519017 4.4808289122406306e-12
2.984870248 2.8252575148677256e-13
2.9862214789999997 3.483894903650186e-13
2.987572711 1.1826549847544267e-12
2.988923942 2.380626455557763e-12
2.9902751739999998 2.6074409671915735e-12
2.991626405 3.745707463073768e-12
2.992977637 9.048101353203899e-13
2.994328868 4.147784918738308e-12
2.9956801 6.575121181852993e-12
2.997031331 5.285915665561236e-12
2.9983825619999998 2.1452555989911296e-12
2.9997337940000004 6.820673389137792e-13
3.001085025 4.208247125111409e-15
3.002436257 3.772234527155006e-14
3.003787488 5.667513561180827e-12
3.0051387199999997 6.4911718621066e-12
3.006489951 3.244774148956187e-12
3.007841182 3.2198217418866855e-14
3.009192414 3.0697144796536232e-12
3.0105436450000003 4.351691443672093e-12
3.011894877 5.399357420709976e-12
3.0132461079999997 3.724378924468462e-12
3.01459734 1.110166831933299e-13
3.015948571 8.334119352919371e-14
3.017299803 2.1981083454167127e-14
3.018651034 6.908579541035501e-13
3.020002265 7.252053998679748e-13
3.021353497 4.730908781329785e-15
3.0227047280000003 9.514320200858043e-13
3.02405596 2.6518387666563445e-12
3.0254071909999998 2.5249428888609924e-12
3.0267584230000004 3.5851050089587273e-12
3.0281096539999997 6.797808877889678e-12
3.029460886 1.7586033195466625e-12
3.030812117 2.2991302444569507e-12
3.032163348 1.1454926507561436e-11
3.03351458 4.6497393537955356e-12
3.034865811 1.4059593441400122e-11
3.036217043 3.123221068040109e-11
3.0375682740000003 3.2195598345438897e-11
3.038919506 2.5047167769398734e-11
3.0402707369999997 1.3456732445551216e-11
3.041621968 4.655284782109934e-12
3.0429732 5.69112856194849e-14
3.044324431 1.905333987766235e-14
3.045675663 1.7999993416793497e-11
3.047026894 2.5658064630117306e-11
3.0483781260000002 2.5115225843144894e-11
3.0497293570000004 2.1775987526602508e-11
3.051080589 1.6211332968400258e-11
3.05243182 1.332561391049053e-11
3.053783051 2.7515599438941726e-11
3.0551342829999997 1.617822751041276e-11
3.056485514 2.7777556462504953e-14
3.057836746 2.928338983701518e-14
3.059187977 1.1438370276039218e-11
3.060539209 2.3009637971827596e-11
3.06189044 1.1568552165083392e-12
3.063241671 2.7570535658004423e-14
3.0645929030000003 2.3572018643398814e-14
3.065944134 5.861451612847877e-12
3.0672953659999997 7.994930622777834e-12
3.068646597 5.660186685751537e-12
3.069997829 1.591687090090972e-11
3.07134906 1.864674892991309e-11
3.072700292 1.9378535971594928e-11
3.074051523 1.3988023643006569e-11
3.075402754 1.045269307717474e-11
3.0767539860000004 2.997507402661528e-11
3.0781052169999996 2.992681942474533e-11
3.079456449 2.2922516445973085e-11
3.08080768 1.754614145078357e-11
3.0821589119999997 1.1927009120954677e-11
3.083510143 8.576927613994626e-12
3.084861374 2.532145406416582e-12
3.086212606 5.062514012417461e-12
3.0875638370000003 1.0890104295752813e-11
3.088915069 1.2355382801622308e-11
3.0902662999999997 9.010726490917832e-12
3.0916175320000003 7.045718937181508e-12
3.092968763 1.0296424091833528e-11
3.0943199949999998 1.9063118401025643e-11
3.095671226 2.637649181319139e-11
3.097022457 2.9324216787424425e-11
3.098373689 5.415368614508929e-12
3.0997249200000003 2.198120836557655e-11
3.101076152 4.6613776631409854e-11
3.102427383 4.7037521713987405e-11
3.103778615 2.7213801738471117e-11
3.1051298459999996 1.610734154352604e-11
3.106481078 2.932966387452247e-11
3.107832309 4.677954692637382e-11
3.10918354 1.9410890537608543e-11
3.110534772 9.406304745983861e-12
3.111886003 1.4054596073676238e-11
3.113237235 1.4631683846738753e-11
3.1145884660000003 2.7234647016063873e-11
3.115939698 3.361101476389908e-11
3.1172909289999997 1.8542189121738612e-11
3.11864216 1.1870611678183161e-11
3.119993392 3.0393450668834965e-11
3.121344623 3.6272438570724605e-11
3.122695855 2.2999171240723004e-11
3.124047086 4.704255828722514e-11
3.1253983180000002 6.821410555130748e-11
3.126749549 5.5611179708216264e-11
3.128100781 9.181926139498029e-12
3.1294520120000002 2.136164107036546e-12
3.130803243 5.745465305203008e-11
3.1321544749999997 2.1870923855850373e-11
3.133505706 8.919400974675617e-14
3.134856938 1.497043681311528e-12
3.136208169 2.35497182186934e-11
3.137559401 3.7676447310308054e-11
3.138910632 3.8259289227865145e-11
3.140261863 2.1433040089346784e-11
3.1416130950000003 2.1341404362846585e-11
3.142964326 4.155573184151055e-11
3.1443155579999997 3.3241853818009024e-11
3.145666789 8.559806522649286e-11
3.147018021 6.896068216077848e-11
3.148369252 4.1374672128287755e-11
3.149720484 4.9985851111706686e-11
3.151071715 5.59702936893354e-11
3.152422946 3.4277123817724035e-11
3.153774178 1.2545864601174125e-11
3.155125409 7.814322577178876e-12
3.1564766410000002 3.434835275305629e-11
3.157827872 3.574873084291654e-11
3.1591791039999997 6.578853460003447e-11
3.160530335 9.897891116839915e-11
3.161881566 1.0399159206421235e-10
3.163232798 3.242802544105177e-11
3.1645840290000002 5.848794515031507e-14
3.165935261 2.24963698616516e-12
3.167286492 1.999844518552694e-11
3.1686377240000003 3.5848425373108184e-11
3.169988955 3.479866654614119e-11
3.1713401869999998 2.97445234720787e-11
3.172691418 4.90035943654282e-12
3.174042649 7.413310310750616e-12
3.1753938809999998 1.0102393258394616e-13
3.176745112 8.599638531310656e-13
3.178096344 3.384649809856283e-12
3.179447575 5.47031599380607e-12
3.180798807 9.83659737378282e-12
3.182150038 8.183888335744146e-12
3.1835012700000003 4.170049656018643e-12
3.184852501 3.0038390252485877e-12
3.186203732 3.137084987055071e-12
3.187554964 4.331034698615918e-12
3.188906195 1.092158041907109e-11
3.190257427 1.8511515410587122e-11
3.1916086580000003 2.274621340413116e-11
3.19295989 6.289692645318779e-12
3.194311121 2.9839771938711413e-12
3.195662352 1.2104722014438742e-11
3.197013584 1.5755965663797245e-11
3.1983648149999997 2.5423237766533923e-11
3.199716047 4.56863058822526e-11
3.201067278 4.437033407884031e-11
3.2024185099999998 5.174599439971834e-11
3.203769741 4.241457019696642e-11
3.205120973 3.0987520681006564e-11
3.206472204 4.565459903582787e-11
3.207823435 4.9386001179850386e-11
3.209174667 5.4904070340743834e-11
3.2105258979999998 6.442498978684722e-11
3.21187713 3.80605501865721e-11
3.213228361 3.224141368507407e-11
3.214579593 5.4177449394027816e-11
3.215930824 3.7351835338562445e-11
3.217282055 6.554731692459555e-12
3.2186332870000003 1.6729178052223531e-12
3.2199845180000004 3.087149073392286e-11
3.22133575 4.435136478341571e-11
3.222686981 1.6180412434497866e-11
3.2240382129999996 4.608854792555078e-12
3.2253894439999997 5.304608600935597e-12
3.226740676 2.466781667569484e-11
3.228091907 3.9690894841101164e-11
3.229443138 2.0779213706299113e-11
3.23079437 1.9950518933958516e-11
3.232145601 2.1780433841862997e-11
3.2334968330000002 2.912332028097812e-11
3.234848064 2.802906411555368e-11
3.2361992959999997 1.4050339925986978e-11
3.237550527 2.3870521916488655e-11
3.238901759 2.2037891217621577e-11
3.24025299 3.041262655534354e-11
3.2416042210000002 3.29036771670194e-11
3.242955453 3.484301292051264e-11
3.244306684 4.0450350849260844e-11
3.2456579160000003 4.0801359193520365e-11
3.2470091470000004 4.3618444300874036e-11
3.248360379 6.220644747374426e-11
3.24971161 3.823698742816273e-11
3.251062841 8.205467087307785e-12
3.2524140729999997 1.1439160279945656e-12
3.253765304 4.373133743972221e-12
3.255116536 2.469066396063393e-11
3.256467767 1.4479912368654003e-11
3.257818999 1.394072482091704e-12
3.25917023 3.87137396989371e-14
3.2605214620000003 7.417491875919393e-13
3.261872693 1.6776934002274562e-11
3.263223924 5.1159812898468404e-11
3.264575156 3.650609582552138e-11
3.265926387 6.363930185522947e-11
3.267277619 6.63320361706794e-11
3.2686288500000003 4.924344176091264e-11
3.269980082 8.035787311787315e-11
3.271331313 1.0055165968930634e-10
3.272682544 4.611255138430506e-11
3.274033776 1.954890689883667e-11
3.2753850069999997 7.918478108240993e-12
3.276736239 1.954612925818412e-11
3.27808747 4.095630778368351e-11
3.2794387019999998 5.109040934028085e-11
3.280789933 1.0124552258498629e-10
3.282141165 9.983731980768474e-11
3.283492396 6.354639584098841e-11
3.2848436270000003 4.9770070681062287e-11
3.286194859 4.138983474181861e-11
3.2875460899999998 2.8915532937706064e-11
3.288897322 9.751194334922423e-12
3.290248553 1.1689629230905059e-11
3.291599785 2.2717102644907113e-11
3.292951016 4.505059831862119e-11
3.294302247 2.9635972257853576e-11
3.2956534790000003 3.470311780821779e-11
3.29700471 3.788088837057277e-11
3.298355942 2.4779800248101343e-11
3.299707173 3.83001700231732e-11
3.301058405 3.020498487680202e-11
3.3024096359999997 7.973909792083191e-12
3.303760868 1.2261188595204198e-11
3.305112099 2.6825190600087017e-11
3.30646333 2.672429274369359e-12
3.307814562 9.172419684532543e-12
3.309165793 1.4971350982892725e-11
3.3105170250000002 8.455192624452292e-12
3.3118682560000003 3.4353481739820594e-12
3.313219488 1.930940419890811e-11
3.3145707189999998 2.469499151610863e-13
3.315921951 1.0940848210738706e-11
3.317273182 1.7657393240829746e-11
3.318624413 2.9398611744377736e-11
3.319975645 4.3277313374624514e-11
3.321326876 7.029182680369727e-11
3.322678108 6.17497115285082e-11
3.324029339 4.2457396692401565e-11
3.325380571 1.9402585099982027e-11
3.326731802 2.5879574838183137e-11
3.328083033 1.0940973058000059e-11
3.3294342649999997 2.679899108440071e-12
3.330785496 7.801653282093245e-12
3.332136728 6.123755062527903e-12
3.333487959 3.8994269620808906e-13
3.334839191 4.789814808973737e-12
3.336190422 1.1341866168503e-11
3.3375416540000002 2.012480630420133e-11
3.3388928850000004 8.707617758506109e-13
3.340244116 7.36365808541472e-14
3.341595348 7.501252330659963e-14
3.342946579 2.807183689012335e-11
3.344297811 7.790159590521248e-11
3.345649042 5.256432453635676e-11
3.347000274 3.117542502797423e-11
3.348351505 3.74665776872e-12
3.3497027360000002 1.5963786725563286e-13
3.351053968 1.8485565206930272e-12
3.3524051989999997 2.1577827166535543e-11
3.353756431 3.8148959176521356e-11
3.355107662 4.4657784737360654e-11
3.3564588939999997 6.78914327550631e-11
3.357810125 9.38145776877648e-11
3.359161357 7.677058985234628e-11
3.360512588 6.407578041585814e-11
3.3618638190000003 5.2070288905077754e-11
3.363215051 8.368871619848798e-11
3.3645662819999997 1.0522838222135585e-10
3.3659175140000004 1.1485683337619178e-10
3.367268745 1.1554977858243641e-10
3.368619977 4.4312723856409565e-11
3.369971208 4.458867236856185e-12
3.371322439 6.459678189869918e-11
3.372673671 6.064811647311105e-11
3.374024902 2.0290540865691098e-11
3.375376134 3.806575649331181e-11
3.3767273650000003 8.698871659595514e-11
3.378078597 1.0458015782308964e-10
3.3794298279999997 6.398215691490814e-11
3.38078106 7.325967135051213e-11
3.382132291 2.2335480364229504e-11
3.383483522 1.3217234549937752e-11
3.384834754 8.020529964138856e-11
3.386185985 1.976191354959237e-10
3.387537217 1.5458865062662684e-10
3.3888884480000003 1.29986005075443e-10
3.39023968 1.1403671420009845e-10
3.3915909109999998 5.575388360828821e-11
3.3929421430000004 4.8241314429700736e-11
3.3942933739999996 9.538057014505608e-11
3.3956446049999998 1.0232075236555966e-10
3.396995837 9.441756713151982e-11
3.398347068 6.02011691581261e-11
3.3996983 3.2880115940941575e-11
3.401049531 3.080452943125193e-11
3.402400763 4.842842621479835e-11
3.4037519940000003 1.4467221255249944e-11
3.405103225 2.1658951934151289e-13
3.4064544569999997 6.793329442398337e-11
3.407805688 6.244328940079727e-11
3.40915692 6.88782775092116e-11
3.410508151 2.139537944834363e-11
3.411859383 1.1950679122825591e-10
3.413210614 1.0053649373999273e-10
3.4145618460000002 5.3950578176005406e-11
3.4159130770000004 4.701622262629743e-11
3.4172643079999996 7.01816069662854e-11
3.41861554 6.14998118504926e-11
3.419966771 8.207380368328136e-11
3.4213180029999997 3.327407073176262e-11
3.422669234 5.445140296326778e-13
3.424020466 1.2775144035208107e-13
3.425371697 1.272689956426768e-13
3.4267229280000002 5.902124273500348e-11
3.42807416 6.22111126550716e-11
3.429425391 8.427960262380966e-11
3.4307766230000003 5.458972733882375e-11
3.432127854 5.8052112821093203e-11
3.4334790859999997 1.1678564747240344e-10
3.434830317 2.0453543059561464e-11
3.436181549 7.399629320958529e-13
3.43753278 6.360525491803366e-11
3.4388840110000003 7.107077218005088e-11
3.440235243 1.9355374940968922e-11
3.441586474 3.136413997796509e-11
3.4429377060000004 1.577933235127641e-11
3.4442889369999996 3.8798307449449757e-13
3.445640169 1.6613052413192518e-12
3.4469914 1.4397794212586796e-13
3.448342631 9.660910987448035e-14
3.449693863 5.76148335907268e-12
3.451045094 4.6058164028895035e-11
3.452396326 5.257593309555508e-11
3.4537475570000002 8.458230507173317e-11
3.455098789 1.1052633288720247e-10
3.45645002 1.1345251904714466e-10
3.4578012520000003 6.183423781185601e-11
3.459152483 7.785733524201463e-11
3.460503714 5.419367050395635e-11
3.461854946 3.5318559717446815e-11
3.463206177 7.426828588569748e-11
3.464557409 3.907368168540092e-11
3.4659086400000003 2.5921956187323056e-12
3.467259872 5.1318164743419596e-11
3.468611103 1.0088346622132409e-10
3.469962335 5.345562954398026e-11
3.4713135659999996 1.475870006758e-13
3.4726647969999997 1.0896350001370871e-11
3.474016029 1.3175073423834855e-11
3.47536726 4.260447240459562e-13
3.476718492 1.4593590553428137e-12
3.478069723 2.7842350131147073e-11
3.479420955 3.1756828544094856e-11
3.4807721860000003 4.968333722984638e-11
3.482123417 5.307518519141632e-11
3.483474649 2.511330759680847e-11
3.48482588 7.10758836861541e-13
3.486177112 1.1940829241785972e-13
3.487528343 5.906506929091534e-12
3.488879575 7.618780035965429e-11
3.490230806 4.857788172878112e-11
3.491582038 6.000575877100724e-13
3.492933269 1.3253917454245778e-13
3.4942845 2.0930447863131352e-12
3.495635732 3.9966416949597887e-11
3.496986963 4.227303265498479e-12
3.4983381949999997 1.0416382153634235e-13
3.4996894259999998 1.570716032610512e-11
3.501040658 4.087923449633655e-11
3.502391889 2.6110262342921785e-11
3.50374312 1.0427836359578441e-11
3.505094352 2.123227064599375e-13
3.506445583 9.696956813862218e-14
3.5077968150000003 1.0398696270138739e-13
3.509148046 9.788201812430261e-12
3.5104992779999997 4.911314178467384e-11
3.511850509 3.927345820253213e-11
3.513201741 8.286393099015947e-12
3.514552972 1.494108670105961e-12
3.515904203 1.9351076518848875e-11
3.517255435 1.7216943144875352e-11
3.518606666 2.4319983433298385e-11
3.519957898 5.623368481195014e-11
3.521309129 6.344082609280446e-11
3.5226603610000002 6.32601988284706e-11
3.524011592 1.0255282013913543e-10
3.5253628239999997 9.833745229525024e-11
3.526714055 8.020628475013874e-11
3.528065286 5.5866470108265574e-11
3.529416518 2.591053288144598e-11
3.5307677490000002 1.2301688391192549e-11
3.532118981 8.528747571225738e-13
3.533470212 8.523085801963631e-12
3.5348214440000003 3.405309287572374e-13
3.536172675 1.6079442836157381e-12
3.537523906 3.1393107330356864e-11
3.538875138 8.808913390893356e-11
3.540226369 1.758752997826177e-10
3.5415776009999997 1.7035732056274948e-10
3.542928832 1.4569139087659773e-10
3.544280064 1.6658545509274272e-10
3.545631295 1.440978945390589e-10
3.546982527 7.814123909909656e-11
3.548333758 6.793815477457977e-11
3.5496849889999997 4.745796547712132e-11
3.551036221 5.4856952616441427e-11
3.552387452 1.0688623040836786e-10
3.553738684 1.4404293143118106e-11
3.555089915 6.759923986524216e-13
3.556441147 1.4264096172785407e-13
3.5577923780000003 9.652374414158766e-13
3.5591436090000004 2.5081698903396252e-11
3.560494841 3.0290744691316975e-11
3.561846072 2.2309081037066335e-13
3.563197304 1.462167572341666e-13
3.5645485349999997 1.4675088097028977e-13
3.565899767 2.372205421359914e-13
3.567250998 4.538144208889397e-11
3.5686022299999998 7.160081709651271e-11
3.569953461 1.9554871163680755e-10
3.571304692 3.495648284154527e-10
3.572655924 3.6627207832772885e-10
3.574007155 2.1245509791810463e-10
3.575358387 5.526570738858746e-11
3.5767096179999998 2.567124708950278e-13
3.57806085 1.9244984500714446e-11
3.579412081 6.108800497483628e-11
3.580763312 1.1095907110408565e-10
3.582114544 5.6397411156446536e-11
3.583465775 1.687409619023568e-12
3.5848170070000003 1.8687975046399978e-12
3.5861682380000004 8.006789436557705e-11
3.58751947 1.5922851580204614e-10
3.588870701 1.7484155632563103e-10
3.5902219329999996 1.4868601285248027e-10
3.5915731639999997 1.0459831654878511e-10
3.592924395 5.772967643776538e-11
3.594275627 1.5470455682633518e-11
3.595626858 2.4568988304846386e-11
3.59697809 4.9899317955980586e-11
3.598329321 3.623210772287368e-11
3.5996805530000002 4.801737101511623e-11
3.601031784 1.159426212606463e-10
3.602383016 1.5289275976990383e-10
3.603734247 1.2021593675140573e-10
3.605085478 6.505727879897777e-11
3.60643671 7.25561674565497e-11
3.607787941 1.8196237750926564e-10
3.609139173 1.6921442222066825e-10
3.610490404 8.823879077684284e-11
3.6118416360000003 1.713562436462086e-10
3.6131928670000004 3.1509126441832586e-10
3.6145440979999997 2.779089035509355e-10
3.61589533 8.877710230170363e-11
3.617246561 1.2670337381560489e-11
3.6185977929999997 2.1462361019731385e-12
3.619949024 3.633657753909129e-11
3.621300256 2.4207090724564428e-11
3.622651487 4.5662475851857835e-11
3.624002719 1.6394704447413805e-11
3.62535395 5.98569059249452e-11
3.6267051809999997 1.9242237366300582e-10
3.628056413 2.957770294527889e-10
3.629407644 1.4212908809785898e-10
3.630758876 5.08131104476522e-11
3.632110107 7.829951055295409e-11
3.633461339 1.2078951427252121e-10
3.6348125700000002 1.705983827593435e-10
3.6361638010000004 1.1378210428080101e-11
3.637515033 2.3283967585757076e-11
3.638866264 2.6632389010130806e-11
3.640217496 6.902524887106752e-12
3.6415687269999997 4.4045370205572545e-13
3.642919959 1.047554888346343e-11
3.64427119 2.0692117129909978e-10
3.6456224219999998 2.675387150409866e-10
3.646973653 2.3146873348910333e-10
3.648324884 1.4135702686928263e-10
3.649676116 8.160270999152036e-11
3.6510273470000003 1.2507201484051748e-10
3.652378579 2.0786551638140807e-10
3.6537298099999997 2.364818571288436e-10
3.655081042 2.949524147395771e-10
3.656432273 3.162693371597815e-10
3.657783504 2.395130127369536e-10
3.659134736 1.0937773967574017e-10
3.660485967 2.4139236662017423e-10
3.6618371990000003 3.7217717299079673e-10
3.66318843 1.7328996182130378e-10
3.664539662 1.2824985837996756e-10
3.665890893 9.69009583547506e-11
3.667242125 1.076483421911539e-10
3.6685933559999997 1.003846090630244e-10
3.669944587 1.820680799157675e-11
3.671295819 3.097315178639608e-11
3.67264705 8.854071268298306e-11
3.673998282 9.275211713879657e-11
3.675349513 2.1107609911104904e-10
3.676700745 2.42673891965905e-10
3.6780519760000003 1.5604014436900056e-10
3.679403208 1.8490420737142784e-11
3.6807544389999998 1.3182500018752505e-11
3.68210567 2.2650521150955984e-10
3.683456902 3.9440744751308257e-10
3.684808133 2.9515056577557343e-10
3.686159365 9.705252743691124e-11
3.687510596 6.14866434942991e-13
3.688861828 1.3460879609562807e-10
3.690213059 2.3163682336139986e-10
3.6915642899999996 1.297378188112158e-10
3.692915522 4.4870900061861353e-11
3.694266753 7.078833460915947e-11
3.6956179849999997 1.8589904875365412e-11
3.696969216 1.5523736649170094e-10
3.698320448 1.3509819889329159e-10
3.699671679 1.539923336993954e-10
3.701022911 2.530531671148669e-10
3.702374142 6.987146443170267e-11
3.703725373 1.6049110551547627e-11
3.7050766050000004 9.129804528729421e-12
3.706427836 1.4623830811795925e-10
3.707779068 1.83962567442218e-10
3.709130299 2.3649594170958827e-10
3.710481531 3.1790089892243185e-10
3.711832762 2.7512400753315665e-10
3.713183993 2.145042963086809e-10
3.714535225 2.2422474257995958e-10
3.7158864560000002 2.7794053274413597e-10
3.717237688 5.979437320539726e-11
3.7185889189999997 2.108828941368878e-10
3.719940151 4.711274683034876e-10
3.721291382 6.971038787137055e-10
3.7226426139999997 2.803653274474555e-10
3.723993845 1.226459333010074e-10
3.725345076 4.5624226387058215e-10
3.726696308 5.752398345658871e-10
3.7280475390000003 1.1391908156830005e-11
3.729398771 1.4390609464793666e-11
3.730750002 1.9159604639239013e-10
3.7321012340000004 4.4112580253624387e-10
3.733452465 7.199333219467068e-10
3.7348036959999997 1.395281947845383e-11
3.736154928 2.631548433992078e-12
3.737506159 2.791759929330088e-12
3.738857391 8.81595832239094e-11
3.740208622 1.0834027548224345e-09
3.741559854 5.139124104537295e-10
3.7429110850000002 1.4246662037029732e-10
3.744262317 2.9336198633643587e-10
3.7456135479999997 2.160302599982658e-09
3.746964779 3.794405797149573e-09
3.748316011 4.176636344519302e-09
3.749667242 2.3130229962835264e-09
3.751018474 1.9897177531511563e-09
3.752369705 2.842122428385415e-09
3.753720937 1.25901283916524e-10
3.7550721680000003 1.5441616705519395e-09
3.7564234 2.667164366605036e-09
3.757774631 4.413273385733193e-09
3.759125862 6.283152266843728e-09
3.7604770939999996 6.48759011753825e-09
3.7618283249999998 1.3639931461907697e-09
3.763179557 1.2998282585132433e-10
3.764530788 6.344974091018916e-10
3.76588202 2.599672743306646e-10
3.767233251 4.356596241086185e-09
3.768584482 4.074249202927313e-09
3.7699357140000003 4.347369292124166e-09
3.771286945 5.057601803084837e-09
3.7726381769999997 2.0907229033172297e-10
3.773989408 1.4444252270638447e-11
3.77534064 1.529264208139965e-11
3.776691871 1.6194732654120944e-11
3.778043103 5.733109220567541e-11
3.779394334 1.2571898778543007e-09
3.780745565 7.589768239855678e-10
3.7820967970000003 1.8463736901748358e-09
3.7834480279999996 5.097627084956554e-09
3.7847992599999998 9.441465755299287e-09
3.786150491 1.3498889995471936e-08
3.7875017229999997 1.4644085284397484e-08
3.7888529539999998 1.8185457484731525e-08
3.790204185 1.6943952269398846e-08
3.791555417 1.559912964068885e-08
3.792906648 2.0113597882607575e-08
3.79425788 3.1419250455389535e-08
3.795609111 3.7665015987234464e-08
3.7969603430000003 3.629649902372456e-08
3.798311574 2.012300538731059e-08
3.7996628059999997 1.7689471288529364e-08
3.801014037 2.8521137325724464e-08
3.802365268 4.6023626092627244e-08
3.8037165 4.959869341950602e-08
3.8050677310000003 4.1450366008580174e-08
3.806418963 4.210389336184635e-08
3.807770194 3.803899098837441e-08
3.8091214260000004 1.352274015697851e-08
3.8104726569999996 1.7173093565486472e-08
3.811823889 5.4870173443169014e-09
3.81317512 7.920625969354614e-09
3.814526351 1.563304056760428e-08
3.815877583 1.2672948466959207e-08
3.817228814 3.370848457058007e-10
3.818580046 1.3089724244270145e-09
3.8199312770000002 6.349378464587607e-09
3.821282509 1.4994796879210492e-09
3.82263374 4.069205476991065e-09
3.823984971 5.427731872291114e-08
3.825336203 1.0895802609233683e-07
3.826687434 1.1573119791641645e-07
3.828038666 1.0101931446239781e-07
3.829389897 9.883826538433167e-08
3.830741129 1.1672329224802735e-07
3.8320923600000003 9.886233129443414e-08
3.833443592 7.920002455885924e-08
3.834794823 3.192317633961789e-08
3.836146054 2.09314918380273e-10
3.8374972859999996 2.2458740632492354e-10
3.8388485169999997 4.2027694962462553e-08
3.840199749 1.7087992445251994e-07
3.84155098 2.0683775308711995e-07
3.842902212 1.0996249965876332e-07
3.844253443 5.0806326205054464e-08
3.845604674 6.237389054292586e-08
3.8469559060000003 1.6298351381603838e-07
3.848307137 2.4926133595067687e-07
3.849658369 4.0122712996502587e-07
3.8510096 3.2371168706570134e-07
3.852360832 4.379684491980634e-07
3.853712063 5.051800799706704e-07
3.855063295 4.3545638893586816e-07
3.856414526 4.824092788716913e-07
3.857765757 6.802094821448405e-07
3.859116989 1.1687681325163536e-06
3.86046822 1.3049334806154299e-06
3.861819452 1.296768775221063e-06
3.863170683 1.27602659041154e-06
3.8645219149999996 1.1317323150905022e-06
3.8658731459999998 9.279180684665048e-07
3.867224377 7.672047482836076e-07
3.868575609 7.359760223958887e-07
3.86992684 9.617239511962312e-09
3.871278072 1.6515743223090325e-08
3.872629303 2.48877206840208e-07
3.8739805350000003 9.045668022207679e-07
3.875331766 1.7340225823038769e-06
3.876682998 2.4753739195769116e-06
3.878034229 2.0681177392296245e-06
3.87938546 8.543080808687771e-07
3.880736692 4.2872609795258133e-07
3.882087923 8.861784833418739e-07
3.883439155 9.239236525647117e-07
3.884790386 1.2624701976797585e-06
3.886141618 1.7595865604819518e-06
3.887492849 1.4600400580040503e-06
3.8888440810000002 5.926809498426035e-07
3.890195312 5.992659289279771e-07
3.891546543 1.251608484078067e-06
3.892897775 2.1137410959949404e-06
3.894249006 2.8514541903981607e-06
3.895600238 2.581989008193018e-06
3.8969514690000002 1.8818877325469085e-06
3.898302701 1.3714832716539098e-06
3.899653932 1.1276812919464255e-06
3.9010051629999998 2.208454918007478e-07
3.902356395 6.958149760994005e-07
3.903707626 2.732009902535874e-06
3.905058858 2.09346872113742e-06
3.906410089 1.294665238822445e-06
3.9077613209999997 8.741321399113209e-07
3.909112552 1.0149290735376503e-06
3.910463784 2.0753312738051867e-06
3.911815015 5.6962395398502036e-06
3.913166246 4.831565534849687e-06
3.914517478 2.7613333317604717e-06
3.9158687089999997 1.3404009401522425e-06
3.917219941 1.0831450549001809e-06
3.918571172 1.2068241599229609e-06
3.919922404 1.5244799321893585e-06
3.921273635 2.005846261005484e-06
3.922624866 3.2373102158134957e-06
3.9239760980000002 2.6880197825318176e-06
3.9253273290000004 2.0453621619868364e-06
3.926678561 2.2620437130747643e-07
3.928029792 1.3721933741019246e-06
3.929381024 1.3696620801517134e-06
3.9307322549999997 1.5367878730607547e-06
3.932083487 2.028454962487943e-06
3.933434718 2.8923109599436454e-06
3.934785949 4.652604379390948e-06
3.936137181 4.377791911588317e-06
3.937488412 4.898217360469969e-06
3.938839644 5.541821605425157e-06
3.940190875 4.8548628897437e-06
3.941542107 2.6525454631430426e-06
3.9428933379999997 1.4277661384936075e-06
3.944244569 2.354178982837717e-06
3.945595801 2.8940993578452487e-06
3.946947032 2.2639018718409734e-06
3.948298264 2.747672936446162e-06
3.949649495 3.2773202333836e-06
3.9510007270000003 2.187866101923086e-06
3.9523519580000004 2.11047654119403e-06
3.95370319 1.6711390807179649e-06
3.955054421 2.4445886721802657e-07
3.956405652 3.204559950197403e-06
3.9577568839999997 3.5594963690587848e-06
3.959108115 2.579947419519831e-06
3.960459347 3.1859818549054847e-06
3.961810578 4.3276061359220985e-06
3.96316181 3.3562098202239083e-06
3.964513041 1.7647084549346087e-06
3.965864273 1.1258232436438302e-06
3.967215504 9.818697868941593e-07
3.968566735 1.1115205463502427e-06
3.9699179669999998 2.361615928763803e-06
3.971269198 2.5449169593769997e-06
3.97262043 3.0266434009901644e-06
3.973971661 5.0382673064004716e-06
3.975322893 3.9902153156744e-06
3.976674124 2.3042457596441897e-06
3.978025355 5.675560887289715e-07
3.9793765870000004 3.070755844092253e-06
3.9807278179999996 4.340663000929873e-06
3.98207905 4.7357461193916955e-06
3.983430281 5.804577603806009e-06
3.9847815129999997 8.446001475872701e-06
3.986132744 1.0861946428082848e-05
3.987483976 1.0156663410361907e-05
3.988835207 6.4304991558243326e-06
3.9901864380000003 4.307894612671125e-06
3.99153767 2.556165287196337e-06
3.9928889009999997 2.8182730213477905e-06
3.994240133 3.227010304806107e-06
3.995591364 4.420598751418278e-06
3.996942596 6.269252459068998e-06
3.998293827 4.760083250442226e-06
3.999645058 1.8415554677477687e-06
4.00099629 1.238965705025611e-06
4.002347521 2.0423877261613575e-06
4.003698753 3.2485597645337805e-06
4.005049984 3.784153484498762e-06
4.006401216 4.088775178095306e-06
4.007752447 2.8344105927937853e-06
4.009103679 2.455218298008767e-07
4.01045491 1.6870749371408647e-08
4.011806141 3.06209525910737e-08
4.013157373 1.7320497164467608e-06
4.014508604 5.6776587754903515e-06
4.015859836 7.528065276860277e-06
4.017211067 6.898995482177006e-06
4.018562299 6.3354154566978015e-06
4.01991353 5.135752527009292e-06
4.021264761 1.9554265164544044e-06
4.022615993 1.4922350832201131e-06
4.023967224 1.887181958684093e-06
4.025318456 3.348827181957198e-06
4.026669687 5.293189620853629e-06
4.028020919 6.327482913822927e-06
4.02937215 5.312988426616411e-06
4.030723382 3.6241357776655865e-06
4.032074613 3.1986737391893272e-06
4.033425844 5.207771559115925e-06
4.034777076 6.939354240550772e-06
4.036128307 5.402247151730227e-06
4.037479539 4.061641495016149e-06
4.03883077 4.357095152804141e-06
4.040182002 4.619136556613202e-06
4.041533233 2.6868995591248555e-06
4.042884465 1.688350934033327e-06
4.044235696 5.782113389177417e-07
4.0455869269999996 2.290629602352608e-06
4.046938159 2.708851701334833e-06
4.04828939 1.554402840506975e-07
4.049640622 1.4657225094125063e-06
4.050991853 1.1775106883517897e-06
4.052343085 1.5351655767593152e-07
4.053694316 6.410965239372228e-09
4.055045547 1.1924478730249459e-06
4.056396779 3.2834433492829838e-06
4.05774801 3.5585526248650847e-06
4.059099241999999 1.2414104735757272e-07
4.0604504729999995 5.346788412280663e-09
4.061801705 9.240257439159072e-09
4.063152936 1.505897673651617e-06
4.064504168 3.89533529868174e-06
4.065855399 5.739112820299604e-06
4.06720663 4.154872367592247e-06
4.0685578620000005 1.9854005421522154e-06
4.069909093000001 1.532286983904503e-06
4.071260325 1.6033440691917027e-06
4.072611556 1.0949503755307368e-06
4.073962788 1.5266589967577614e-06
4.075314019 2.4601426939231072e-06
4.07666525 3.5335931767671846e-06
4.078016482 4.320329394942491e-06
4.079367713 5.434564327298025e-06
4.080718945 6.145866424230005e-06
4.082070176 4.361740969523256e-06
4.083421408 3.293157856721774e-06
4.084772639 4.142700396655276e-06
4.086123871 2.4026841436502016e-06
4.087475102 2.9015338187726834e-07
4.088826333 5.379068687730928e-09
4.090177565 5.379545960581153e-09
4.091528796 1.593221422075158e-07
4.092880028 1.5967644408857827e-06
4.094231259 9.038447905518663e-07
4.095582491 6.653315473065813e-08
4.096933722 6.207907381199012e-09
4.098284953 3.8926238198555787e-07
4.0996361850000005 1.3338489043363117e-06
4.100987416 1.1381444189593255e-06
4.102338648 8.624985048569837e-07
4.103689878999999 7.903121671714438e-07
4.105041110999999 1.3481010789403088e-06
4.106392342 4.875109522709747e-07
4.107743574 8.992441706742941e-07
4.109094805 2.7980649889814634e-06
4.110446036 3.4042344302243952e-06
4.111797268 4.958506328172974e-06
4.113148499 8.050368530032597e-06
4.1144997309999995 7.590889033205123e-06
4.115850962000001 2.894643599992685e-06
4.117202194000001 7.298990512698245e-08
4.118553425 5.3937408842498015e-09
4.119904657 5.397005512151916e-09
4.121255887999999 5.397655008590121e-09
4.122607119 5.398342984025221e-09
4.123958351000001 5.870500132135306e-08
4.125309582 8.408159501332613e-07
4.126660814 3.86310031518996e-06
4.128012045 8.23635935811642e-06
4.129363277 9.046112450345957e-06
4.130714508 6.46425985344836e-06
4.132065739 3.355767823964721e-06
4.133416971 3.375751931734041e-06
4.134768202 3.3704866348099763e-06
4.136119434 2.5882778785578765e-06
4.1374706649999995 5.147914493390107e-07
4.138821897 4.7257423393840097e-07
4.140173128000001 9.50554097626383e-07
4.14152436 3.220895166284758e-06
4.142875591 5.1273744881343445e-06
4.144226821999999 5.279810132351982e-06
4.145578054 5.237755642882322e-06
4.146929285000001 5.532568695719045e-06
4.148280517 3.926443115760775e-06
4.149631748 2.080410793822177e-06
4.15098298 2.7616662909015443e-06
4.152334211 3.873557039828121e-06
4.153685442 7.124270934213827e-06
4.155036674 8.965149116590552e-06
4.156387905 7.680999984630948e-06
4.157739136999999 4.967693508448045e-06
4.159090368 3.703285764934793e-06
4.1604416 5.7430222010571115e-06
4.161792831 8.38028426032579e-06
4.163144063 7.264507113770578e-06
4.164495294 6.276512262692677e-06
4.165846525 5.857226076883193e-06
4.167197757 6.300980245270411e-06
4.1685489879999995 6.076936727254594e-06
4.169900220000001 5.997225341053424e-06
4.171251451 6.5806048499048e-06
4.172602683 7.495734110330249e-06
4.173953914 7.3014217135655965e-06
4.1753051459999995 7.094187163540291e-06
4.1766563770000005 8.027181069088566e-06
4.178007608 9.564554095996208e-06
4.17935884 9.878054741165491e-06
4.180710071 6.248910752194524e-06
4.182061303 2.6512782079716977e-06
4.183412534 2.6572321615207154e-06
4.184763766 3.2129529161262734e-06
4.186114997 2.3390232165996243e-06
4.187466228 1.434167218074566e-06
4.18881746 4.557768957826647e-08
4.190168691 5.4242467070559775e-09
4.1915199229999995 1.0373274233074998e-08
4.1928711540000005 2.597248591655693e-06
4.194222386000001 2.593338497519286e-06
4.195573617 1.4850546141875243e-06
4.196924849 1.0683619707218715e-06
4.198276079999999 1.2241109955247581e-06
4.199627311 1.5402937800256304e-06
4.200978543 1.6456718857747664e-06
4.202329774 1.907821480838536e-06
4.203681006 2.2379143046855597e-06
4.205032237 2.3921340505373615e-06
4.206383469 1.9809458197042065e-06
4.2077347 1.279521750397382e-06
4.209085931 8.750761614874172e-07
4.210437163 5.55664817357665e-07
4.211788394 2.0301276568262379e-07
4.213139626 7.11274490163992e-09
4.2144908569999995 5.421781256709674e-09
4.215842089 5.421094692404666e-09
4.217193320000001 5.420391195947034e-09
4.218544552 5.419709100095939e-09
4.219895783 5.419064863371355e-09
4.221247013999999 5.418319554972236e-09
4.2225982459999996 2.2959414793404423e-08
4.223949477 1.049681892306384e-06
4.225300709 2.4784922098574723e-06
4.22665194 3.914389549362548e-06
4.228003171999999 4.465219140192621e-06
4.229354403 3.1494298457117644e-06
4.2307056339999995 1.4039594316611915e-06
4.232056866 9.538303377164678e-07
4.233408097000001 2.215158579495775e-06
4.234759329 4.647620533480686e-06
4.23611056 4.751134214798555e-06
4.237461792 2.5524791050086944e-06
4.238813023 1.2954160893034906e-06
4.240164255 1.2628797742843063e-06
4.241515486 1.6216023360774873e-06
4.242866717 2.166038141992568e-06
4.244217949 1.9273882108997347e-06
4.24556918 2.1483382869375463e-08
4.246920412000001 5.410908602504457e-09
4.248271643 5.416402604390474e-09
4.249622875 5.415949383802737e-09
4.250974105999999 5.415397913007558e-09
4.2523253379999995 5.414789840635835e-09
4.2536765690000005 5.414190600968591e-09
4.2550278 5.4136203278344045e-09
4.256379032 5.413055881523706e-09
4.257730263 3.0421188301996824e-08
4.259081495 2.2579326925206264e-07
4.260432726 1.8465923233369676e-07
4.261783958 5.8250704884379574e-09
4.263135189 5.387013981963806e-09
4.26448642 4.370829762264782e-08
4.265837652 1.0225122483929641e-06
4.267188883 1.6613374699749512e-06
4.2685401149999995 1.8504188546474221e-06
4.2698913460000005 2.129787607090798e-06
4.271242578000001 2.6613545234783715e-06
4.272593809 3.5686612833539027e-06
4.273945041 5.018518059631236e-06
4.275296271999999 3.4871306987031295e-06
4.276647503 1.8183139795929879e-06
4.277998735 8.816319280629642e-07
4.279349966 8.136130688322645e-07
4.280701198 7.178727270430753e-07
4.282052429 7.80366238590769e-07
4.283403661 1.2092310277185213e-06
4.284754892 3.05472359802248e-06
4.286106123 3.607807376508621e-06
4.287457355 2.7977201404090544e-06
4.288808586 2.7075754035012143e-07
4.290159818 5.396350963432615e-09
4.2915110489999995 5.3965408041115206e-09
4.292862281 5.3967082749306595e-09
4.294213512000001 1.4488158510548594e-08
4.295564744 4.238509337468917e-07
4.296915975 9.927762992575166e-07
4.298267206 2.552729501756634e-08
4.299618438 5.409874540755604e-09
4.300969669 5.409492705646997e-09
4.302320901 5.408851078735036e-09
4.303672132 5.408195064666906e-09
4.305023363999999 5.407541444008079e-09
4.306374595 5.406880858673377e-09
4.3077258259999995 5.406194325454245e-09
4.309077058 3.40179113563384e-07
4.310428289000001 3.1679941846394756e-06
4.311779521 9.291260636188788e-07
4.313130752 7.66456466075528e-09
4.314481984 5.402511091614318e-09
4.315833215 2.2963860838986533e-08
4.317184447 3.8765834588527796e-07
4.318535678 2.329117440623383e-07
4.319886909 1.1685955244658022e-08
4.321238141 2.1051349528050063e-08
4.322589372 4.358396450757981e-07
4.323940604000001 1.8854780669976033e-06
4.325291835 4.776118615848575e-07
4.326643067 3.4388314157706455e-08
4.327994297999999 5.395422057066858e-09
4.329345529999999 5.394673854419335e-09
4.3306967610000004 5.3938704367615494e-09
4.332047992 5.393012939554969e-09
4.333399224 5.3921388428928576e-09
4.334750455 5.391244196093778e-09
4.336101687 1.3402806493356994e-07
4.337452918 1.4175967345321294e-06
4.33880415 6.625059906290844e-07
4.340155381 7.282051675466481e-09
4.341506612 5.386482204039797e-09
4.342857844 5.385414524517614e-09
4.344209075 5.3843032688435e-09
4.3455603069999995 5.3864632677988454e-09
4.3469115380000005 5.387887639963984e-09
4.34826277 5.386634119313906e-09
4.349614001 5.385210292861597e-09
4.350965233 5.383694730302935e-09
4.352316464 8.21890529546698e-08
4.353667695 1.7782324575892593e-06
4.355018927 3.398328072410762e-06
4.356370158 4.001337119749562e-06
4.35772139 5.974822365471911e-06
4.359072621 6.248246722446024e-06
4.360423853 4.851197366823786e-06
4.361775084 7.00955604101148e-07
4.363126315000001 5.473511777734543e-08
4.364477547000001 1.690112031478076e-08
4.365828778 6.600121703967125e-07
4.36718001 1.653364642092574e-06
4.3685312409999995 2.56367635042331e-06
4.369882473 2.7556865772062115e-06
4.371233704 1.4734273602689443e-06
4.372584936 2.626402012559171e-08
4.373936167 5.356754369700284e-09
4.375287398 6.354347033440438e-09
4.37663863 1.639694908075936e-07
4.377989861 1.2551641690984602e-06
4.379341093 2.911920364991548e-06
4.380692324 2.7576075247037525e-06
4.382043555999999 1.6206484357721487e-08
4.383394787 5.339065804833876e-09
4.3847460179999995 5.3364718223221004e-09
4.38609725 5.333864006359482e-09
4.387448481000001 5.331229459318669e-09
4.388799713 7.797329260704855e-09
4.390150944 1.763984362204959e-08
4.391502176 6.172959801933822e-09
4.392853407 5.320658346036654e-09
4.394204639 5.318039341705178e-09
4.39555587 5.315447366398151e-09
4.396907101 5.3132056016755415e-09
4.398258332999999 5.3111483709706305e-09
4.399609564 5.309111325623553e-09
4.400960796000001 5.30709933215867e-09
4.402312027 5.305109226637693e-09
4.403663259 5.303167378018298e-09
4.405014489999999 5.301342749269247e-09
4.406365721999999 5.305226684716944e-09
4.407716953 5.303413672010766e-09
4.409068184 5.3016760337473645e-09
4.410419416 5.299989020019689e-09
4.411770647 5.298369478892814e-09
4.413121879 5.297547742897128e-09
4.41447311 5.301364067692191e-09
4.415824342 5.299942926550419e-09
4.417175573000001 5.298592626915709e-09
4.418526804 5.297296859186264e-09
4.419878036 5.296052682689627e-09
4.421229266999999 5.294885223725462e-09
4.4225804989999995 5.293763117720406e-09
4.4239317300000005 5.2926918389833845e-09
4.425282962 5.291654119909413e-09
4.426634193 5.290676802954235e-09
4.427985425 5.2897328757139935e-09
4.429336656 5.288849555277901e-09
4.430687887 5.28794989560375e-09
4.432039119 5.287048843743708e-09
4.43339035 5.2861730305817315e-09
4.434741582 5.285346202411965e-09
4.436092813 5.2845527710683005e-09
4.437444045 5.283791682558684e-09
4.438795276 5.283055103786318e-09
4.440146507000001 5.2823517884797235e-09
4.441497739000001 5.281738127090718e-09
4.44284897 5.281142207172613e-09
4.444200202 5.2805427184967686e-09
4.445551432999999 5.279751240661442e-09
4.446902665 5.278988114586237e-09
4.448253896 5.278218587333969e-09
4.449605128 5.277467675927019e-09
4.450956359 5.276681516823359e-09
4.45230759 5.2759028047842456e-09
4.453658822 5.275117317917357e-09
4.455010053 5.274335873546183e-09
4.456361285 5.273555424129784e-09
4.457712516 5.272776138080466e-09
4.459063747999999 5.2719962238396e-09
4.460414979 5.271216654454853e-09
4.4617662110000005 5.270476120478305e-09
4.463117442 5.26972825431899e-09
4.464468673000001 5.268983841831801e-09
4.465819905 5.26820802672967e-09
4.467171136 5.267435280527976e-09
4.468522368 5.266644182667251e-09
4.469873599 5.26584966333424e-09
4.471224831000001 5.265023090601149e-09
4.472576062 5.264187437810805e-09
4.473927293 5.263343355802995e-09
4.475278524999999 5.6701058830977656e-09
4.476629756 2.3050768634144744e-07
4.4779809880000006 1.645463952064164e-06
4.479332219 1.5164634603133544e-06
4.480683451 2.5465132990154854e-07
4.482034682 1.857424603579262e-08
4.483385914 5.262780000568119e-09
4.484737145 5.266213653409513e-09
4.486088376 5.266773664660603e-09
4.487439608 5.265740974417956e-09
4.488790839 5.264688195335589e-09
4.490142071 5.263619441099075e-09
4.491493302 5.262493418845857e-09
4.492844534 5.261329370456779e-09
4.494195765000001 5.260139032116661e-09
4.495546996 5.258827624878935e-09
4.496898228 5.257520691233412e-09
4.498249458999999 5.256174197385553e-09
4.4996006909999995 5.254811893776662e-09
4.5009519220000005 5.2534875364755216e-09
4.502303154 5.2521860114869085e-09
4.503654385 5.2508487670175974e-09
4.505005617 5.249464629214885e-09
4.506356848 5.248060437276097e-09
4.507708079 5.246613203571868e-09
4.509059311 5.245136624094092e-09
4.510410542 5.2435924825426035e-09
4.511761774 5.242020089577026e-09
4.513113005 5.2404029544546335e-09
4.514464237 5.2387635218113495e-09
4.5158154679999996 5.237073307783073e-09
4.517166699000001 7.204761697431458e-08
4.518517931 2.2959855353888235e-06
4.519869162 2.9976994372338345e-06
4.521220394 4.556527340996779e-08
4.522571624999999 5.228192395155078e-09
4.523922857 5.226345435205949e-09
4.525274088 9.090060306434896e-08
4.52662532 9.457315436895481e-07
4.527976551 1.1069167160904873e-06
4.529327782 1.7177532990726104e-08
4.530679014 5.2164165311003844e-09
4.532030245 5.214253061364215e-09
4.533381477 5.212060429193656e-09
4.534732708 5.209829987566786e-09
4.53608394 5.207612303951289e-09
4.537435171 5.205349888909158e-09
4.5387864030000005 5.203056944094708e-09
4.540137634 6.6497297525307995e-09
4.541488865 7.787866251415539e-08
4.542840097 5.83056097234253e-07
4.544191328 1.8862264700819868e-06
4.5455425599999995 1.5719648222177303e-06
4.5468937910000005 4.667014917682517e-08
4.548245023000001 5.186154263551762e-09
4.549596254 5.1835942579348905e-09
4.550947485 5.1810767903285686e-09
4.552298716999999 5.1785687499447214e-09
4.553649948 5.176059993367044e-09
4.5550011800000005 5.17353375049893e-09
4.556352411 5.170976288442457e-09
4.557703643 5.1684312384904515e-09
4.559054874 5.165875941146936e-09
4.560406106 5.163314945061946e-09
4.561757337 5.164985302650809e-09
4.563108568 5.163744247923708e-09
4.5644598 5.161134294143517e-09
4.565811031 5.158523242916244e-09
4.567162263 5.155909745722054e-09
4.568513493999999 5.153283020094608e-09
4.569864726 5.150696890705765e-09
4.571215957000001 5.149338966338702e-09
4.572567188 5.151300210070753e-09
4.57391842 5.148646467460531e-09
4.575269650999999 5.146004852873176e-09
4.5766208829999995 5.143379066836433e-09
4.5779721140000005 5.207393120340312e-09
4.579323346 1.3728948003934383e-07
4.580674577 1.408503697257186e-06
4.582025809 2.2693037292169432e-06
4.58337704 3.4738259918921654e-06
4.584728271 4.99717445158904e-06
4.586079503 6.752017303656189e-06
4.587430734 6.944680726154159e-06
4.588781966 6.667865174722171e-06
4.590133197 5.9905544739163704e-06
4.591484429 4.771612403917568e-06
4.5928356599999995 4.324899636099819e-06
4.5941868910000005 4.446992544494308e-06
4.595538123 7.236403063224794e-06
4.596889354 1.1126862825169236e-05
4.598240586 2.0706797448236668e-05
4.599591817 3.3341639059144915e-05
4.6009430490000005 5.210313123537801e-05
4.60229428 7.339869559033051e-05
4.603645512 9.239692778362429e-05
4.604996743 0.00011272331374302003
4.606347974 0.0001328338327451033
4.607699206 0.00014687602630753996
4.609050437 0.00015647280459580058
4.610401669 0.00015931196908196152
4.611752900000001 0.00015669776515855692
4.613104132 0.00015282799123166507
4.614455363 0.00014783464595951353
4.6158065950000005 0.00014186380190476765
4.617157826 0.00013756703980881093
4.618509057 0.0001363832053777118
4.619860289 0.00013951416300447687
4.62121152 0.00014423807012758398
4.622562751999999 0.0001504363664700509
4.6239139830000004 0.00016021129301701238
4.625265215000001 0.000172328590100569
4.626616446 0.00018755511611014833
4.627967677 0.00020446378166004382
4.629318908999999 0.00022384487802496817
4.63067014 0.00024849621916400814
4.6320213720000005 0.0002783519261906518
4.633372603 0.00031341948856656926
4.634723835 0.0003545881754657651
4.636075066 0.0004028866845559056
4.637426298 0.0004593423817631521
4.638777529 0.0005282388262358674
4.64012876 0.0006128313051200129
4.641479992 0.0007164696105195518
4.642831223 0.0008488373887838815
4.644182455 0.0010082153787563308
4.645533685999999 0.0012010687322055876
4.646884918 0.0014406777287650798
4.648236149000001 0.0017319113413364034
4.64958738 0.0020876044175690478
4.650938612 0.0025107495379440726
4.652289842999999 0.003018162922180778
4.6536410749999995 0.0036144349428101396
4.6549923060000005 0.004312667253070123
4.656343538 0.005132776069905369
4.657694769 0.006078520524299306
4.659046001 0.0071751696370437965
4.660397232 0.008450692677147206
4.661748463 0.009910750989757916
4.663099695 0.011595034939895766
4.664450926000001 0.013538774232970998
4.665802158 0.015783805567048195
4.667153389 0.01841017810506278
4.668504621 0.02148696298485993
4.6698558519999995 0.02516997921083809
4.6712070830000005 0.02957603835363399
4.672558315 0.03493963543669542
4.673909546 0.04162349435630807
4.675260778 0.04982908669530528
4.676612009 0.060197233371938705
4.6779632410000005 0.07318029629077413
4.679314472 0.08927145626013142
4.680665704 0.10911624250112134
4.682016935 0.13260764694328828
4.683368166 0.16034299473839078
4.684719398 0.18909927590255166
4.686070629 0.21944900199753323
4.687421861 0.24891548960863097
4.688773092 0.27254447275363275
4.690124324 0.293384971935536
4.691475555 0.30718492268152897
4.6928267869999996 0.31574968114763124
4.694178018 0.32135683554103206
4.695529249 0.3230289749609665
4.696880481 0.3240014092506051
4.698231712 0.32475615032672983
4.699582943999999 0.3255925059270629
4.700934175 0.3268115822443892
4.702285407000001 0.32859303138048385
4.703636638 0.33075626505621547
4.704987869 0.3328935826599827
4.706339100999999 0.3346568301082737
4.707690332 0.33557066715938655
4.7090415640000005 0.33592754744698994
4.710392795 0.3348667969952195
4.711744027 0.333248553685586
4.713095258 0.33103815283538346
4.71444649 0.32858003867966556
4.7157977209999995 0.32633532111959435
4.717148952 0.3245569512737671
4.718500184000001 0.32342913929637623
4.719851415 0.3224731111058875
4.721202647 0.32109838338655877
4.722553877999999 0.3176380508919733
4.72390511 0.312578630313293
4.725256341000001 0.2999328727541049
4.726607572 0.2833797582478925
4.727958804 0.2611964240034642
4.729310035 0.23203327858548808
4.730661267 0.20215703585721842
4.7320124980000005 0.1691393515358954
4.73336373 0.137949805506057
4.734714961 0.11055200145999984
4.736066193 0.08577900159921095
4.737417424 0.0660822315898624
4.738768654999999 0.05038835835429987
4.740119887 0.038389958214717274
4.741471118000001 0.029294278750910688
4.74282235 0.022535148287551897
4.744173581 0.01748683112194597
4.745524813 0.013659105829582779
4.7468760439999995 0.010844548419251875
4.748227276 0.008665860715191296
4.749578507 0.006998187257955354
4.750929738 0.0057130383941957725
4.75228097 0.0046903356018444045
4.753632201 0.0038980293303376413
4.7549834330000005 0.003262098534075147
4.756334664 0.0027473138601279545
4.757685896 0.002335623275499362
4.759037127 0.0019937581031477416
4.760388358 0.0017146933698144655
4.76173959 0.001483712071668086
4.763090821 0.0012877088978540331
4.764442053 0.0011191153665764022
4.765793284 0.0009724817621468069
4.767144516 0.0008449101227762429
4.768495747 0.0007354233760227599
4.7698469789999995 0.0006411343331168259
4.77119821 0.0005615374514400553
4.772549441 0.0004969984396974826
4.773900673 0.00044340055830273747
4.775251904 0.000403677724899698
4.776603135999999 0.0003693918286972443
4.777954367 0.00034083665498741865
4.779305599000001 0.0003168488372798734
4.78065683 0.0002956086022496354
4.782008061000001 0.0002766047813094062
4.783359293 0.00025860613380419915
4.784710524 0.0002415049427208837
4.7860617560000005 0.00022571969444219156
4.787412987 0.00021047531300837983
4.788764219 0.00019345028067661063
4.79011545 0.00017584640168829223
4.791466682 0.00015825153742976666
4.7928179129999995 0.00014272640743649982
4.7941691440000005 0.00012867622733724212
4.795520376000001 0.00011574916871168353
4.796871607 0.00010413738377768346
4.798222839 9.376680751954236e-05
4.799574069999999 8.598181208634467e-05
4.800925302 7.835976301198352e-05
4.802276533000001 7.030034482268336e-05
4.803627764 6.164903912351441e-05
4.804978996 5.3580392375620194e-05
4.806330227 4.660199505979319e-05
4.807681459 3.987011997112794e-05
4.80903269 3.319455455003591e-05
4.810383922 2.6255304480439277e-05
4.811735153 2.1009601196929908e-05
4.813086384999999 1.7922938726669858e-05
4.814437616 1.4483150762827232e-05
4.815788846999999 1.0596131464775054e-05
4.817140079 4.726980153207671e-06
4.818491310000001 1.861701894543391e-06
4.819842542 2.2251566114946874e-08
4.821193773 4.645100708873027e-09
4.822545005 4.643102509036533e-09
4.8238962359999995 4.6411078137142505e-09
4.825247468 4.6391192897174015e-09
4.826598699 4.637190731521069e-09
4.82794993 2.249704672200276e-08
4.829301162 1.4836489343296097e-06
4.830652393 5.3159790696652374e-06
4.8320036250000005 1.0200629508777344e-05
4.833354856 1.3502335610452859e-05
4.834706088 1.6685028209697982e-05
4.836057318999999 1.8942939113489738e-05
4.83740855 2.012295410614037e-05
4.838759782 2.1072216878824586e-05
4.840111013 2.056238130028268e-05
4.841462245 1.9554621364276756e-05
4.842813476 1.7876924479346516e-05
4.844164708 1.5414284461797794e-05
4.845515939 1.309268206062233e-05
4.8468671709999995 1.0817786917674226e-05
4.8482184020000005 9.150832392811163e-06
4.849569633 8.80073227684276e-06
4.850920865 7.76984291287871e-06
4.852272096 7.97099732499754e-06
4.853623327999999 7.3130639263720195e-06
4.854974559 7.538722522262225e-06
4.856325791000001 8.285097380187414e-06
4.857677022 9.08169266639106e-06
4.859028253 9.837674493203602e-06
4.860379485 8.305441038799764e-06
4.861730716 5.033971350779136e-06
4.863081948 4.84892391088219e-06
4.864433179 5.525160660614678e-06
4.865784411 6.382628499164591e-06
4.867135642 5.558746425533028e-06
4.868486874 4.416216568309611e-06
4.8698381049999995 2.829607006906955e-06
4.8711893360000005 1.5937287722031313e-06
4.872540568000001 8.197924818750436e-07
4.873891799 3.191901483393506e-08
4.875243031 4.534846483996306e-09
4.876594261999999 4.532394108191871e-09
4.8779454939999995 4.52882544711437e-09
4.879296725000001 4.521272610590227e-09
4.880647956 2.4937029895619594e-08
4.881999188 4.6636898182250634e-07
4.883350419 6.870993082994054e-07
4.884701651 1.0247453259986414e-06
4.8860528819999995 1.5967035024294227e-06
4.887404114 2.3826540846671045e-06
4.888755345 4.533715116873435e-06
4.890106576999999 4.924248706172756e-06
4.891457808 5.4478114397059955e-06
4.892809038999999 6.363706842320064e-06
4.894160271 6.9864866582088364e-06
4.895511502000001 7.299894038841353e-06
4.896862734 5.581698143354658e-06
4.898213965 3.339129161764354e-06
4.899565197 6.393355893755919e-07
4.900916428 8.141073756815127e-08
4.902267660000001 7.369056104234068e-09
4.903618891 4.361392188638834e-09
4.904970122 4.351664055626302e-09
4.906321354 4.341955917735203e-09
4.907672585 4.332259594246179e-09
4.9090238170000005 4.322543652031259e-09
4.910375048 4.31281919752058e-09
4.91172628 4.303140384860614e-09
4.913077511 4.293519474782116e-09
4.914428742 4.2839362931794865e-09
4.915779974 4.274355373010493e-09
4.917131205 4.264774706319661e-09
4.918482437 4.255234929934345e-09
4.919833668 4.245753156098605e-09
4.9211849 4.236270769110507e-09
4.922536131 4.226778141645021e-09
4.9238873629999995 4.217286404398598e-09
4.9252385940000005 4.207829225422402e-09
4.926589825 4.1984231870186574e-09
4.927941057 4.189038535530932e-09
4.929292288 4.179633656179187e-09
4.930643519999999 4.1702059305775616e-09
4.931994751 4.160776825320519e-09
4.933345983000001 4.151355430859449e-09
4.934697214 4.141883809136031e-09
4.936048445 4.132317382586482e-09
4.937399677 4.122615298957339e-09
4.938750908 4.11280225405174e-09
4.94010214 4.102858284095333e-09
4.941453371 4.0947700968271345e-09
4.942804603 4.086840981815146e-09
4.944155834 4.076162886354414e-09
4.945507066 4.022029309322134e-09
4.9468582969999995 3.940051069302663e-09
4.9482095280000005 3.975716981795506e-09
4.949560760000001 4.0302293020496425e-09
4.950911991 4.01767135193043e-09
4.952263223 4.004651025243033e-09
4.953614453999999 3.9910803676470405e-09
4.9549656859999995 1.490250808129681e-08
4.9563169170000005 5.3702234605878e-07
4.957668148 4.4835389034398166e-08
4.95901938 3.930469853517746e-09
4.960370611 3.913499755377609e-09
4.961721843 3.895752362044367e-09
4.9630730739999995 3.877059616375591e-09
4.964424306 3.857501989796642e-09
4.965775537000001 3.836900450891317e-09
4.967126769 3.815384232614847e-09
4.968478 3.792805614039958e-09
4.969829230999999 3.769131041337816e-09
4.971180463 6.127404484212603e-09
4.972531694000001 1.5563990686223596e-07
4.973882926 1.3303972764819535e-07
4.975234157 5.505493395507109e-09
4.976585389 3.6339870914567236e-09
4.97793662 3.603356875634466e-09
4.979287852000001 3.5715441510537792e-09
4.980639083 3.5385583939868008e-09
4.981990314 3.504329713510622e-09
4.983341545999999 3.46899250238775e-09
4.984692777 3.4323393161149635e-09
4.986044009 1.1526918629005725e-08
4.98739524 2.1011224639251964e-07
4.988746472 1.9291409121835715e-08
4.990097703 3.2751383950442185e-09
4.991448934 3.2332344863626126e-09
4.992800166 3.1904507993157613e-09
4.9941513969999995 3.146711392770392e-09
4.995502629 1.173846869268662e-08
4.99685386 5.00998509820133e-07
4.998205092 8.527214383364861e-07
4.999556323 5.662504877084144e-07
5.0009075549999995 1.778500234109692e-08
5.0022587860000005 2.8702774192272605e-09
5.003610017 2.8225584821993323e-09
5.004961249 2.7745070493533967e-09
5.006312479999999 2.7260314275492557e-09
5.007663711999999 2.6774306682199456e-09
5.009014943 2.6314590426249532e-09
5.010366175 2.5825095984393433e-09
5.011717406 2.533472656783556e-09
5.013068637 2.4844295447615034e-09
5.014419869 2.435480026662069e-09
5.0157711 2.386618123365158e-09
5.017122332 2.337981732758789e-09
5.018473563 2.289482649810411e-09
5.019824795000001 2.2412928374078518e-09
5.021176026 2.1933641120600187e-09
5.022527258 2.145818059771989e-09
5.0238784889999994 2.098633292955667e-09
5.0252297200000005 2.0518311126719825e-09
5.026580952000001 2.33906654123671e-09
5.027932183 5.654657515810065e-09
5.029283415 5.956212094891119e-09
5.030634646 2.27663024421437e-09
5.031985878 1.8243447304878202e-09
5.033337109 1.7801711848949022e-09
5.034688341 1.7364774559552397e-09
5.036039572 1.6932373473116037e-09
5.037390803 1.650467810051155e-09
5.038742035 1.6081648446480941e-09
5.0400932659999995 1.5662790247094956e-09
5.041444498 1.5248822771330779e-09
5.042795729000001 1.4838897030150903e-09
5.044146961 1.4434193042321293e-09
5.045498192 1.4033395337850809e-09
5.046849422999999 1.363730422592401e-09
5.048200655 1.3245222777853024e-09
5.049551886000001 1.2857592822702963e-09
5.050903118 1.2474320255590526e-09
5.052254349 1.2095135421124145e-09
5.053605581 2.0095540477491646e-09
5.054956812 3.841604905149613e-08
5.056308044000001 3.152650890588668e-07
5.057659275 7.469614614090139e-07
5.059010506 9.332095496761158e-07
5.060361737999999 8.656416213138704e-07
5.061712969 5.92413795328644e-07
5.063064201 3.872203458180754e-07
5.064415432 3.0821703317545724e-07
5.065766664 2.3672648261204295e-07
5.067117895 1.5752212603095922e-07
5.068469126 9.465124360566714e-08
5.069820358 4.7689455868559926e-08
5.0711715889999995 3.5855817089028984e-08
5.072522821 3.830064261544508e-08
5.073874052 5.837416788770376e-09
5.075225284 7.429646991270191e-10
5.076576515 6.10478522906395e-10
5.0779277469999995 5.95006523964088e-10
5.0792789780000005 5.43615124999607e-09
5.080630209 7.165435366075853e-08
5.081981441 7.536702723392204e-08
5.083332671999999 2.5357489889828023e-08
5.084683904 1.1466236605420979e-09
5.086035135 4.344120629445786e-10
5.087386367 4.123502198402608e-10
5.088737598 3.9113167363520316e-10
5.090088829 3.707164369184455e-10
5.091440061 3.511322027911278e-10
5.092791292 3.323575993675713e-10
5.094142524 3.1439444188154583e-10
5.095493755000001 2.9722836372303235e-10
5.096844987000001 2.808384715548826e-10
5.098196218 2.652199684743805e-10
5.09954745 2.503415810857348e-10
