Wavelength_microns Throughput
4.4968982289999975 0.0
4.4982494599999985 0.0
4.4996006909999995 0.00029966114069618284
4.5009519220000005 0.0003157340019779778
4.502303154 0.00032399331668488644
4.503654385 0.00033017767813109313
4.505005617 0.00034318405174589437
4.506356848 0.0003648280567034489
4.507708079 0.0003711919024238042
4.509059311 0.0003799168439775217
4.510410542 0.00039248533797284007
4.511761774 0.0004208358870836451
4.513113005 0.0004399913509666795
4.514464237 0.00045509904277024605
4.5158154679999996 0.00047427528612823875
4.517166699000001 0.0004993826970084746
4.518517931 0.0005211000770968847
4.519869162 0.0005282661372363284
4.521220394 0.0005444574445833942
4.522571624999999 0.0005662483856652602
4.523922857 0.0005946897804450785
4.525274088 0.0006097264063018966
4.52662532 0.0006307237646911218
4.527976551 0.0006610825391341772
4.529327782 0.000693825845068488
4.530679014 0.0007196329489174106
4.532030245 0.0007401318336681126
4.533381477 0.0007803930368451168
4.534732708 0.000818787333732127
4.53608394 0.0008537594607513703
4.537435171 0.0008728586687247581
4.5387864030000005 0.0009077617772305012
4.540137634 0.000951805451451727
4.541488865 0.0009954214316821972
4.542840097 0.0010343967728649321
4.544191328 0.001078114734154501
4.5455425599999995 0.0011420000104520724
4.5468937910000005 0.0011996869417146172
4.548245023000001 0.001254619294319733
4.549596254 0.0013052257387827877
4.550947485 0.001373824249680534
4.552298716999999 0.0014436820871358356
4.553649948 0.0015047088550785121
4.5550011800000005 0.001568249476310607
4.556352411 0.0016418895441023035
4.557703643 0.0017318627193539835
4.559054874 0.001806619388873195
4.560406106 0.0018851398937672972
4.561757337 0.001971457907389145
4.563108568 0.002080820422988125
4.5644598 0.0021871678563666077
4.565811031 0.0022856024028781547
4.567162263 0.002402077214117162
4.568513493999999 0.002530454128102074
4.569864726 0.0026722431716584617
4.571215957000001 0.0027930608668916457
4.572567188 0.002929352610959016
4.57391842 0.0030840764044096
4.575269650999999 0.0032572876719074114
4.5766208829999995 0.003424181824259962
4.5779721140000005 0.0035834925673271334
4.579323346 0.0037765685865142388
4.580674577 0.0039842342393194875
4.582025809 0.0042075641307288796
4.58337704 0.004420883390735903
4.584728271 0.004662175580611284
4.586079503 0.0049338284099830635
4.587430734 0.005219905156741089
4.588781966 0.00551091626546937
4.590133197 0.005806982442637312
4.591484429 0.006152822366326704
4.5928356599999995 0.0065142234337111134
4.5941868910000005 0.006891732569185444
4.595538123 0.007281255330648829
4.596889354 0.0077154222045705415
4.598240586 0.008200245670564196
4.599591817 0.00869819283691438
4.6009430490000005 0.009221318146228489
4.60229428 0.009770309657922627
4.603645512 0.010394678677027269
4.604996743 0.011051069939570137
4.606347974 0.011736370850892797
4.607699206 0.012472503352998043
4.609050437 0.013276018873730621
4.610401669 0.014162328391501635
4.611752900000001 0.015083465044660266
4.613104132 0.016067169414302054
4.614455363 0.017125870136554526
4.6158065950000005 0.01829524688455898
4.617157826 0.019539345420413277
4.618509057 0.020848045075371066
4.619860289 0.022274537699002013
4.62121152 0.02381945472025454
4.622562751999999 0.025511905225623313
4.6239139830000004 0.02730434545903108
4.625265215000001 0.02922675044211623
4.626616446 0.031326685408606704
4.627967677 0.0336121008678836
4.629318908999999 0.036069852374915126
4.63067014 0.03868856525245822
4.6320213720000005 0.041540281845257106
4.633372603 0.04463610513067482
4.634723835 0.048003541463964336
4.636075066 0.051606005036670406
4.637426298 0.05547898745714288
4.638777529 0.05972279076422759
4.64012876 0.06429915000692668
4.641479992 0.06924674577100048
4.642831223 0.0745414354774583
4.644182455 0.0802647466080261
4.645533685999999 0.0864803446435051
4.646884918 0.093177123753048
4.648236149000001 0.1003555489270764
4.64958738 0.10805847610916806
4.650938612 0.11637889399063503
4.652289842999999 0.12529849624701703
4.6536410749999995 0.13484492115156108
4.6549923060000005 0.1449848059338542
4.656343538 0.1557891708041855
4.657694769 0.16731816750340084
4.659046001 0.17946723740378603
4.660397232 0.1923614432841112
4.661748463 0.2057789737695914
4.663099695 0.21985254474031982
4.664450926000001 0.23470644253616144
4.665802158 0.24984533972167405
4.667153389 0.2655276485953623
4.668504621 0.2817217597287486
4.6698558519999995 0.2980246318940146
4.6712070830000005 0.3146789930492557
4.672558315 0.3314224223371723
4.673909546 0.3478989105967311
4.675260778 0.36444882426645453
4.676612009 0.38058154305273095
4.6779632410000005 0.39621803635559477
4.679314472 0.4115903228677641
4.680665704 0.42583462415869205
4.682016935 0.43949261246643345
4.683368166 0.4527379518314532
4.684719398 0.46444241011669773
4.686070629 0.47553003555291107
4.687421861 0.48577259991651944
4.688773092 0.49477071273433487
4.690124324 0.5031117807568868
4.691475555 0.5104095589146544
4.6928267869999996 0.5167402252478938
4.694178018 0.5224321053546044
4.695529249 0.5271297364945939
4.696880481 0.5312260998818978
4.698231712 0.5347387362192255
4.699582943999999 0.5373602922020991
4.700934175 0.5396566566811414
4.702285407000001 0.5414162648776369
4.703636638 0.5426955230521493
4.704987869 0.5437202458499856
4.706339100999999 0.544254165032587
4.707690332 0.544636902004018
4.7090415640000005 0.5448081150633344
4.710392795 0.5447677042021984
4.711744027 0.544607856662938
4.713095258 0.5442602226947567
4.71444649 0.5438930732868114
4.7157977209999995 0.5434833977341411
4.717148952 0.5429394953737524
4.718500184000001 0.5424151508464421
4.719851415 0.5418807849258079
4.721202647 0.5413231718035443
4.722553877999999 0.540816229124817
4.72390511 0.5403038968067247
4.725256341000001 0.5397412427603147
4.726607572 0.5392589700087552
4.727958804 0.5388197359851472
4.729310035 0.5383430307610629
4.730661267 0.5379287482471479
4.7320124980000005 0.5375212870796929
4.73336373 0.5372230691736372
4.734714961 0.5369708718171261
4.736066193 0.5366985147419556
4.737417424 0.5364837268745675
4.738768654999999 0.5363005208564828
4.740119887 0.536160677223639
4.741471118000001 0.5360748890338817
4.74282235 0.5359925800299745
4.744173581 0.5359032989977899
4.745524813 0.535853378809105
4.7468760439999995 0.5358374452042971
4.748227276 0.5357886085946154
4.749578507 0.5357294611996484
4.750929738 0.5356845328078923
4.75228097 0.5356371467202646
4.753632201 0.5356299611476336
4.7549834330000005 0.5355995308180204
4.756334664 0.5355419784280174
4.757685896 0.5355180827050524
4.759037127 0.5355024846437907
4.760388358 0.5355052169385346
4.76173959 0.5354715825505794
4.763090821 0.535407010036919
4.764442053 0.5353513318123876
4.765793284 0.5352912750210728
4.767144516 0.5352165490888116
4.768495747 0.535095438427569
4.7698469789999995 0.5349633842792035
4.77119821 0.5348314800168035
4.772549441 0.5346863347022236
4.773900673 0.5345269209600215
4.775251904 0.5343170566205555
4.776603135999999 0.5341092033822187
4.777954367 0.5339190180305297
4.779305599000001 0.5337206301267378
4.78065683 0.5335064450964946
4.782008061000001 0.5332764789042759
4.783359293 0.5330537748244143
4.784710524 0.5328551785732628
4.7860617560000005 0.5326500580053716
4.787412987 0.5324185634543763
4.788764219 0.5321656934952169
4.79011545 0.5319549612196827
4.791466682 0.5317424733633922
4.7928179129999995 0.5314914082988721
4.7941691440000005 0.5312548036536855
4.795520376000001 0.5309753744471043
4.796871607 0.5307156625400751
4.798222839 0.5304994522669526
4.799574069999999 0.5302184897202339
4.800925302 0.5299392070677863
4.802276533000001 0.5297002493978847
4.803627764 0.5294570989341937
4.804978996 0.5292276702558943
4.806330227 0.5290005187774139
4.807681459 0.5287488691259666
4.80903269 0.5285542126185032
4.810383922 0.5283473885254659
4.811735153 0.5281479684285784
4.813086384999999 0.5279513846162371
4.814437616 0.5277319454867712
4.815788846999999 0.5275372150202383
4.817140079 0.5274071359624355
4.818491310000001 0.5272345510673407
4.819842542 0.5270128839941345
4.821193773 0.5268479339609751
4.822545005 0.5266533561458329
4.8238962359999995 0.5264609534320391
4.825247468 0.5263076249249383
4.826598699 0.526068820469026
4.82794993 0.5258583672623325
4.829301162 0.5257254979615051
4.830652393 0.5255579366190536
4.8320036250000005 0.5254346370165098
4.833354856 0.5252347122642214
4.834706088 0.5250572194523306
4.836057318999999 0.524950826822347
4.83740855 0.5247813078582976
4.838759782 0.5246010404088811
4.840111013 0.5244304750304964
4.841462245 0.5242345540308083
4.842813476 0.5240632176116962
4.844164708 0.5239086880522957
4.845515939 0.5236964652874759
4.8468671709999995 0.5234528491873877
4.8482184020000005 0.5232677912619776
4.849569633 0.5230582169630144
4.850920865 0.5228103752007899
4.852272096 0.5225893107258929
4.853623327999999 0.5223134850773716
4.854974559 0.5220547184059223
4.856325791000001 0.521865144260817
4.857677022 0.5216001507215321
4.859028253 0.5213585771403533
4.860379485 0.5210792387421374
4.861730716 0.5208075877938859
4.863081948 0.520588776328467
4.864433179 0.5202773872395544
4.865784411 0.5199369061971236
4.867135642 0.5196277480444336
4.868486874 0.5192889929550202
4.8698381049999995 0.518964142838857
4.8711893360000005 0.5186241057623544
4.872540568000001 0.5182188375939113
4.873891799 0.517822772107528
4.875243031 0.5174548103187281
4.876594261999999 0.5170681651031354
4.8779454939999995 0.5166485256620342
4.879296725000001 0.5160589981219205
4.880647956 0.5154719571390218
4.881999188 0.5148907529688503
4.883350419 0.5141694133790556
4.884701651 0.5135639174937032
4.8860528819999995 0.5127829015554254
4.887404114 0.5121729064753923
4.888755345 0.5115749569472342
4.890106576999999 0.5108035340529526
4.891457808 0.5101563554486794
4.892809038999999 0.5094590468260551
4.894160271 0.5086350186909759
4.895511502000001 0.5079752076343442
4.896862734 0.5072842170499514
4.898213965 0.5064297819094912
4.899565197 0.5056923255458342
4.900916428 0.5049813832532234
4.902267660000001 0.5041487477173054
4.903618891 0.5034423265135416
4.904970122 0.5027240036149537
4.906321354 0.5018251014307957
4.907672585 0.5011024413553485
4.9090238170000005 0.5002663708045167
4.910375048 0.49956419496741694
4.91172628 0.49884176387570706
4.913077511 0.4979460910930959
4.914428742 0.4972159428667211
4.915779974 0.49652671438576723
4.917131205 0.4956429994603766
4.918482437 0.49488519393592656
4.919833668 0.49413447640770486
4.9211849 0.4932178677860402
4.922536131 0.4925191585151047
4.9238873629999995 0.49180620834615413
4.9252385940000005 0.4908668884282327
4.926589825 0.490111580744629
4.927941057 0.4893697052590265
4.929292288 0.48849344007145806
4.930643519999999 0.48780123117796315
4.931994751 0.4870538588276929
4.933345983000001 0.48614307684728714
4.934697214 0.48544273181831793
4.936048445 0.48457710158999295
4.937399677 0.4839004420552918
4.938750908 0.48316092712626246
4.94010214 0.4822278621007406
4.941453371 0.48150490938354007
4.942804603 0.4807763828826184
4.944155834 0.47985284691334196
4.945507066 0.4790588593107682
4.9468582969999995 0.47822843306913443
4.9482095280000005 0.47724623503327157
4.949560760000001 0.4764498511446683
4.950911991 0.47560668195810885
4.952263223 0.47453563188451564
4.953614453999999 0.47356897131037473
4.9549656859999995 0.47259566577405415
4.9563169170000005 0.4714315808060156
4.957668148 0.4703453958478212
4.95901938 0.4690367488114498
4.960370611 0.4677548817711867
4.961721843 0.4664466185268854
4.9630730739999995 0.46489437525141014
4.964424306 0.4633880934613406
4.965775537000001 0.46177632628458515
4.967126769 0.45974258854354616
4.968478 0.45783403559939223
4.969829230999999 0.45569725816167833
4.971180463 0.4532573675818508
4.972531694000001 0.45069962162384797
4.973882926 0.4479225304617088
4.975234157 0.44476565997953393
4.976585389 0.4415025855956876
4.97793662 0.43816292829026443
4.979287852000001 0.4340419843429078
4.980639083 0.42999067772220706
4.981990314 0.42547905825258253
4.983341545999999 0.4205554787336203
4.984692777 0.41551420793815724
4.986044009 0.40979090763469533
4.98739524 0.404042776321762
4.988746472 0.39764421342360146
4.990097703 0.39100133433522666
4.991448934 0.383916112423524
4.992800166 0.3766142330265163
4.9941513969999995 0.36864982467777835
4.995502629 0.3604919486693043
4.99685386 0.3521295672895759
4.998205092 0.3431150594307704
4.999556323 0.3342871998050186
5.0009075549999995 0.3246816636330133
5.0022587860000005 0.31511467537126303
5.003610017 0.3052651603959907
5.004961249 0.2953783431329682
5.006312479999999 0.28527966852329656
5.007663711999999 0.2750327792168766
5.009014943 0.26479643932987257
5.010366175 0.25444534429018417
5.011717406 0.24436856137354088
5.013068637 0.2340275064526713
5.014419869 0.22404140529930078
5.0157711 0.21402613793481806
5.017122332 0.20418075447617529
5.018473563 0.19462786351467454
5.019824795000001 0.18526069979843693
5.021176026 0.17616886995178563
5.022527258 0.16723900523876378
5.0238784889999994 0.15870176660477903
5.0252297200000005 0.15034509365615434
5.026580952000001 0.14241894794834253
5.027932183 0.13476344848145602
5.029283415 0.12737867078292872
5.030634646 0.12033121485229005
5.031985878 0.11362591146503949
5.033337109 0.10723725119079015
5.034688341 0.10116867520484951
5.036039572 0.09539708064306726
5.037390803 0.08988551633447459
5.038742035 0.0846925865202222
5.0400932659999995 0.07976879975177145
5.041444498 0.07514377366256747
5.042795729000001 0.0707697948364773
5.044146961 0.06660450685958941
5.045498192 0.06269197869757764
5.046849422999999 0.05903867256130245
5.048200655 0.05558764276100042
5.049551886000001 0.05234351672336769
5.050903118 0.049286476623302926
5.052254349 0.0463764128674483
5.053605581 0.04367063530053095
5.054956812 0.041154439186037284
5.056308044000001 0.038768236192417115
5.057659275 0.03653208830221951
5.059010506 0.034409828327627276
5.060361737999999 0.032421583395791556
5.061712969 0.030589662856070263
5.063064201 0.02885772873854705
5.064415432 0.027234564745472447
5.065766664 0.025703027277918476
5.067117895 0.024253819145479718
5.068469126 0.022904636099941644
5.069820358 0.02165528495223737
5.0711715889999995 0.02046627919205924
5.072522821 0.01934120484470095
5.073874052 0.018282739032728066
5.075225284 0.017281803881229362
5.076576515 0.016368163793850046
5.0779277469999995 0.0155075807557468
5.0792789780000005 0.014674742853102956
5.080630209 0.01389042630511298
5.081981441 0.013154139140785169
5.083332671999999 0.012464964480343862
5.084683904 0.011832826660278292
5.086035135 0.011222409478315827
5.087386367 0.010637001676770797
5.088737598 0.01008902296341133
5.090088829 0.009571277959974414
5.091440061 0.009100152519997167
5.092791292 0.008656908383901483
5.094142524 0.008216408117743504
5.095493755000001 0.007800075548896145
5.096844987000001 0.0074153489468145916
5.098196218 0.00705242124382589
5.09954745 0.006721406189392199
5.100898681000001 0.0
5.102249912000002 0.0
