# Cosmic ray list (file set /Users/jfilippazzo/Documents/STScI/mirage_data/niriss/cosmic_ray_library/CRs_MCD1.7_SUNMIN random seed 2956411741)
# Cosmic ray rate per frame:  6.856883e+01 (scale factor 1.500000)
Image_x    Image_y    Group   Frame   CR_File_Index   CR_file_frame   Max_CR_Signal
1802.5 7.0 0 0 4 323 28097.142578125
728.5 133.5 0 0 3 704 703.8695068359375
1522.5 7.5 0 0 0 409 6844.09033203125
506.5 135.5 0 0 6 479 23.236408233642578
1860.5 151.5 0 0 7 811 13391.916015625
1628.5 228.5 0 0 3 921 2506.62744140625
724.5 229.5 0 0 9 369 1010.4270629882812
1439.5 125.5 0 0 1 295 8393.18359375
1011.5 156.5 0 0 9 960 6310.62109375
1947.5 164.5 0 0 3 582 1399.9935302734375
998.5 6.0 0 0 6 84 14172.2724609375
708.5 214.5 0 0 7 288 323513.71875
1743.5 232.5 0 0 1 9 2084.499267578125
1596.5 16.5 0 0 7 410 4948.38671875
1232.5 241.5 0 0 1 656 4850.60009765625
307.5 133.5 0 0 0 708 4528.939453125
1203.5 201.5 0 0 3 864 2902.614501953125
1626.5 126.5 0 0 9 527 2702.200439453125
772.5 151.5 0 0 8 269 4726.67236328125
1088.5 7.0 0 0 9 846 3676.193359375
710.5 98.5 0 0 1 214 513.1373291015625
1850.5 201.5 0 0 1 123 5306.61474609375
769.5 241.5 0 0 7 881 2034.15380859375
966.5 103.5 0 0 3 612 7990.41943359375
64.5 130.5 0 0 9 8 2760.29150390625
1113.5 78.5 0 0 5 65 7701.90087890625
1240.5 231.5 0 0 5 912 279.8050842285156
1215.5 62.5 0 0 5 396 3154.34228515625
885.5 57.5 0 0 1 940 4426.53564453125
38.5 194.5 0 0 1 225 10084.6005859375
166.5 235.5 0 0 7 159 73407.6796875
179.5 83.5 0 0 9 946 8432.8798828125
431.5 239.5 0 0 0 128 427.9371643066406
169.5 92.5 0 0 9 566 1572.3302001953125
1568.5 15.5 0 0 9 992 3142.72412109375
1155.5 79.5 0 0 5 391 9040.8984375
911.5 131.5 0 0 2 499 12717.091796875
645.5 126.5 0 0 6 353 2581.177490234375
1025.5 193.5 0 0 8 147 2352.686279296875
1827.5 64.5 0 0 3 853 6191.5341796875
501.5 32.5 0 0 7 660 3502.888427734375
752.5 129.5 0 0 3 424 3190.1650390625
236.5 127.5 0 0 4 940 14646.681640625
1168.5 47.5 0 0 8 751 8520.015625
1400.5 133.5 0 0 0 4 15296.3330078125
1023.5 135.5 0 0 4 806 2967.48291015625
150.5 104.5 0 0 5 905 1691.4168701171875
1364.5 85.5 0 0 5 691 525.7236938476562
1155.5 93.5 0 0 9 465 304.97784423828125
691.5 21.5 0 0 8 309 2764.164306640625
1244.5 130.5 0 0 9 293 5054.88671875
1890.5 23.5 0 0 3 89 28536.244140625
1979.5 61.5 0 0 2 688 9890.9638671875
253.5 162.5 0 0 6 535 5487.6650390625
1806.5 182.5 0 0 9 717 2798.05078125
968.5 43.5 0 0 8 22 12603.501953125
1964.5 247.0 1 0 3 677 3668.44775390625
1393.5 54.5 1 0 3 102 2470.8046875
1687.5 9.0 1 0 1 261 17104.900390625
535.5 121.5 1 0 3 696 1049.5111083984375
368.5 70.5 1 0 1 789 3876.607177734375
226.5 145.5 1 0 3 702 3768.170654296875
654.5 183.5 1 0 4 128 26037.36328125
449.5 152.5 1 0 2 382 2575.368408203125
1679.5 219.5 1 0 8 519 2088.3720703125
805.5 79.5 1 0 9 966 10922.080078125
188.5 232.5 1 0 0 620 2770.941650390625
816.5 173.5 1 0 5 485 1992.52197265625
1966.5 74.5 1 0 7 440 47818.58984375
1152.5 195.5 1 0 1 298 12233.0
279.5 83.5 1 0 8 338 33876.6171875
216.5 244.5 1 0 0 483 917167.75
383.5 75.5 1 0 2 639 2275.2314453125
853.5 27.5 1 0 1 916 2562.781982421875
815.5 190.5 1 0 3 454 224379.46875
701.5 194.5 1 0 8 590 1434.84814453125
1627.5 144.5 1 0 2 533 2159.049560546875
1403.5 168.5 1 0 9 966 10922.080078125
1954.5 177.5 1 0 5 587 3760.42529296875
806.5 218.5 1 0 4 577 516.0418701171875
1364.5 127.5 1 0 1 49 3006.210205078125
2022.5 106.5 1 0 3 969 5753.14990234375
1641.5 79.5 1 0 5 136 3760.42529296875
1519.5 142.5 1 0 8 846 8923.7490234375
1578.5 174.5 1 0 8 355 3913.398193359375
1853.5 101.5 1 0 2 748 34995.96484375
1718.5 111.5 1 0 3 666 89045.7890625
1767.5 248.0 1 0 4 316 809.4015502929688
1242.5 195.5 1 0 0 430 1599.4393310546875
704.5 211.5 1 0 4 148 4858.345703125
1798.5 131.5 1 0 6 315 5429.57373046875
1637.5 217.5 1 0 8 612 2648.950439453125
1834.5 163.5 1 0 0 872 6310.62109375
68.5 241.5 1 0 9 195 7239.10888671875
458.5 148.5 1 0 8 652 2716.723388671875
278.5 181.5 1 0 0 987 4002.47119140625
168.5 129.5 1 0 5 605 2015.75830078125
1589.5 162.5 1 0 7 565 26530.16796875
616.5 218.5 1 0 2 957 283967.28125
1553.5 212.5 1 0 8 698 65861.8046875
1750.5 118.5 1 0 3 981 233188.96875
1721.5 195.5 1 0 8 909 63688.0859375
1398.5 95.5 1 0 9 925 34786.83984375
1346.5 232.5 1 0 7 724 1797.9169921875
1088.5 147.5 1 0 2 69 6325.1435546875
371.5 220.5 1 0 8 912 8097.8876953125
672.5 98.5 1 0 6 20 6744.3671875
1043.5 241.5 1 0 6 834 80.35924530029297
1457.5 34.5 1 0 3 268 1317.6978759765625
