Wavelength_microns Throughput
0.5505499877929687 5.548498594201392e-10
0.5515499877929687 5.749066768665538e-11
0.5525499877929687 1.7661836583981651e-09
0.5535499877929687 3.763539303147873e-09
0.5545499877929687 1.0424137623893305e-10
0.5555499877929687 1.5564623753976952e-09
0.5565499877929687 1.8932018531979657e-09
0.5575499877929687 3.599165004144538e-09
0.5585499877929687 2.409657537275058e-09
0.5595499877929687 2.3606696183953427e-09
0.5605499877929687 1.443787438572419e-12
0.5615499877929687 5.273470231464821e-09
0.5625499877929687 7.635480410348532e-09
0.5635499877929687 4.62276264987304e-09
0.5645499877929687 6.481932289627155e-09
0.5655499877929687 1.4262468118096511e-09
0.5665499877929687 1.0308582765494825e-09
0.5675499877929687 4.693191993942835e-09
0.5685499877929687 4.301626918410799e-09
0.5695499877929687 5.0281557259528955e-09
0.5705499877929687 9.243363614422495e-10
0.5715499877929687 7.385048984137399e-10
0.5725499877929687 1.1586305056077724e-09
0.5735499877929687 4.212413536257907e-09
0.5745499877929687 2.6082519812526704e-09
0.5755499877929687 3.2126080235575673e-09
0.5765499877929687 2.441872993849836e-09
0.5775499877929687 3.365689273382289e-12
0.5785499877929687 4.822540183831811e-09
0.5795499877929687 3.422932926546279e-09
0.5805499877929687 1.3206712986523312e-08
0.5815499877929687 5.098131081217089e-09
0.5825499877929687 1.109367262419551e-08
0.5835499877929687 9.625432679572486e-09
0.5845499877929687 1.0529017583570539e-08
0.5855499877929687 4.879224061629174e-09
0.5865499877929687 1.7241646792229366e-08
0.5875499877929687 1.3949720251283052e-08
0.5885499877929687 1.629539303773994e-09
0.5895499877929687 8.359784977793827e-12
0.5905499877929687 7.025092246257544e-10
0.5915499877929687 2.772374867988978e-09
0.5925499877929687 1.2816762281723393e-08
0.5935499877929687 1.356304443420152e-09
0.5945499877929687 1.8165861194896237e-08
0.5955499877929687 2.5282591986162993e-08
0.5965499877929688 1.1851193901642223e-08
0.5975499877929688 9.634016061928028e-12
0.5985499877929688 9.746615703969998e-12
0.5995499877929688 1.828222639279527e-09
0.6005499877929688 2.834956191958065e-08
0.6015499877929688 1.3053958365600894e-08
0.6025499877929688 1.6474800069524143e-08
0.6035499877929688 1.3318793281498609e-08
0.6045499877929688 1.444775623565553e-08
0.6055499877929688 1.5784681318610202e-08
0.6065499877929688 2.009345677540667e-09
0.6075499877929688 8.667359693583581e-09
0.6085499877929688 3.892641660461329e-08
0.6095499877929688 3.8033281246306845e-08
0.6105499877929688 1.803329909345904e-08
0.6115499877929688 2.2105920027900396e-08
0.6125499877929688 1.5224195014375986e-08
0.6135499877929688 5.4185742831058776e-08
0.6145499877929688 2.2805161866104794e-08
0.6155499877929688 2.8605442427400552e-08
0.6165499877929688 2.5791875767628267e-08
0.6175499877929688 2.693455382644984e-08
0.6185499877929688 2.2196342212786367e-09
0.6195499877929688 3.788636323161692e-08
0.6205499877929688 3.940796582423246e-08
0.6215499877929688 4.866936165083001e-08
0.6225499877929688 3.780407943858158e-08
0.6235499877929688 2.727747048145623e-08
0.6245499877929688 4.005350231292894e-08
0.6255499877929688 6.643207853745139e-08
0.6265499877929688 2.3814659026852188e-08
0.6275499877929688 1.7081615025938875e-08
0.6285499877929688 3.634457986231342e-08
0.6295499877929688 8.169913691413193e-08
0.6305499877929688 7.944997505899603e-08
0.6315499877929688 4.2257630221341556e-08
0.6325499877929688 8.665792075180942e-08
0.6335499877929688 8.817316458645888e-08
0.6345499877929688 5.182918181224982e-08
0.6355499877929688 1.1870365190144077e-07
0.6365499877929688 7.54891900292094e-08
0.6375499877929688 1.1920823541894002e-07
0.6385499877929688 1.513068122239661e-08
0.6395499877929688 6.299210714093329e-08
0.6405499877929688 1.1180014410312215e-07
0.6415499877929688 6.515193004597782e-08
0.6425499877929688 6.581403574892919e-08
0.6435499877929688 7.537010331510921e-08
0.6445499877929688 6.019303552261903e-08
0.6455499877929688 9.387412725238566e-08
0.6465499877929688 8.84233795870739e-08
0.6475499877929688 7.163587278108444e-08
0.6485499877929688 7.20880851471761e-08
0.6495499877929688 1.2955166005757583e-07
0.6505499877929688 7.970611647631667e-08
0.6515499877929688 1.1169237707348325e-07
0.6525499877929688 1.0269195963526119e-07
0.6535499877929688 6.569622328437547e-08
0.6545499877929688 1.301992427602891e-07
0.6555499877929688 1.0996309026043744e-07
0.6565499877929688 1.5533063940850813e-07
0.6575499877929688 1.308331760094906e-07
0.6585499877929688 1.1203310702491284e-07
0.6595499877929687 1.0230396919753354e-07
0.6605499877929687 1.1258814057519115e-07
0.6615499877929687 1.2030489112513516e-07
0.6625499877929687 1.4860888568756506e-07
0.6635499877929687 1.6560208486370845e-07
0.6645499877929687 1.6384153472572486e-07
0.6655499877929687 1.8299917395069544e-07
0.6665499877929687 1.363329654715358e-07
0.6675499877929687 1.8168089553314786e-07
0.6685499877929687 1.8581939780207624e-07
0.6695499877929687 1.620783708870817e-07
0.6705499877929687 2.2921935840617775e-07
0.6715499877929687 2.1171769155018896e-07
0.6725499877929687 1.4670931724183779e-07
0.6735499877929687 2.357052171727976e-07
0.6745499877929687 2.418986094417108e-07
0.6755499877929687 2.278307166348752e-07
0.6765499877929687 1.9158678730400222e-07
0.6775499877929687 1.753327400225957e-07
0.6785499877929687 2.3914104534983074e-07
0.6795499877929687 1.8188516746305908e-07
0.6805499877929687 1.952528922210111e-07
0.6815499877929687 2.2045931265267663e-07
0.6825499877929687 2.3454257756679534e-07
0.6835499877929687 2.2110877026819889e-07
0.6845499877929687 2.1068877662705118e-07
0.6855499877929687 2.340802357041415e-07
0.6865499877929687 2.3896948874913984e-07
0.6875499877929687 2.0651045280550328e-07
0.6885499877929687 2.4135526752339724e-07
0.6895499877929687 2.2749722344779827e-07
0.6905499877929687 2.500477172288922e-07
0.6915499877929687 2.445531220527707e-07
0.6925499877929687 2.497615942304049e-07
0.6935499877929687 2.3425180695257464e-07
0.6945499877929687 2.7053974264937374e-07
0.6955499877929687 2.759837566938951e-07
0.6965499877929687 2.7551680358994936e-07
0.6975499877929687 3.324792542831329e-07
0.6985499877929687 3.3828139593871724e-07
0.6995499877929687 2.815238432967691e-07
0.7005499877929687 2.3386624154140158e-07
0.7015499877929687 2.3828845085430688e-07
0.7025499877929687 3.0800386565358624e-07
0.7035499877929687 2.8589837058561153e-07
0.7045499877929687 3.1273835584568145e-07
0.7055499877929687 2.8524630879292855e-07
0.7065499877929687 3.383711756001777e-07
0.7075499877929687 3.386592004893721e-07
0.7085499877929687 3.563144020586088e-07
0.7095499877929687 3.635487055139454e-07
0.7105499877929687 4.0675551313193306e-07
0.7115499877929687 3.53543227266671e-07
0.7125499877929687 3.2024474405773214e-07
0.7135499877929687 3.699247785133221e-07
0.7145499877929687 3.9835087796275763e-07
0.7155499877929687 3.6176030257717806e-07
0.7165499877929687 4.0148858489560195e-07
0.7175499877929687 4.987424702530879e-07
0.7185499877929687 4.144926407021692e-07
0.7195499877929687 4.36545812839784e-07
0.7205499877929687 4.624966248245743e-07
0.7215499877929688 4.421573536807616e-07
0.7225499877929688 4.742058078734804e-07
0.7235499877929688 4.130743232176871e-07
0.7245499877929688 4.146408340424397e-07
0.7255499877929688 4.915573067092886e-07
0.7265499877929688 3.9581261510937266e-07
0.7275499877929688 3.9472387876678104e-07
0.7285499877929688 4.375897369710686e-07
0.7295499877929688 3.6151941903445887e-07
0.7305499877929688 3.105806062351102e-07
0.7315499877929688 3.4815089905193935e-07
0.7325499877929688 4.436668493496339e-07
0.7335499877929688 3.565398492433727e-07
0.7345499877929688 2.678616078480957e-07
0.7355499877929688 3.116887902542322e-07
0.7365499877929688 3.1869621988950457e-07
0.7375499877929688 3.2048840108544255e-07
0.7385499877929688 3.1598210297393664e-07
0.7395499877929688 4.1676028799292264e-07
0.7405499877929688 3.975989998278125e-07
0.7415499877929688 3.607142399333057e-07
0.7425499877929688 3.5852774756401674e-07
0.7435499877929688 4.359297466473995e-07
0.7445499877929688 3.882454139105856e-07
0.7455499877929688 3.5981731044364985e-07
0.7465499877929688 4.225267869343257e-07
0.7475499877929688 3.725229303935227e-07
0.7485499877929688 4.889208036109881e-07
0.7495499877929688 3.749211525940615e-07
0.7505499877929688 4.5027212849677965e-07
0.7515499877929688 4.837323893351529e-07
0.7525499877929688 4.45160905262329e-07
0.7535499877929688 4.3602855230408754e-07
0.7545499877929688 5.140801594251322e-07
0.7555499877929688 4.0757926134833814e-07
0.7565499877929688 3.8911930444620123e-07
0.7575499877929688 4.071625027082177e-07
0.7585499877929688 4.610588078450354e-07
0.7595499877929688 5.403173529694895e-07
0.7605499877929688 5.604599617636018e-07
0.7615499877929688 5.262215607744306e-07
0.7625499877929688 5.358554163969482e-07
0.7635499877929688 5.931512427383299e-07
0.7645499877929688 6.439189322115617e-07
0.7655499877929688 6.480160046173137e-07
0.7665499877929688 6.191423129598875e-07
0.7675499877929688 7.305832511708583e-07
0.7685499877929688 8.686101073831037e-07
0.7695499877929688 1.2202766489589855e-06
0.7705499877929688 1.5369734647318822e-06
0.7715499877929688 2.3147660580766317e-06
0.7725499877929688 3.399030372483826e-06
0.7735499877929688 5.356100817712911e-06
0.7745499877929688 8.484347927475452e-06
0.7755499877929688 1.2856190838809585e-05
0.7765499877929688 1.8998720684746852e-05
0.7775499877929688 2.733946385735975e-05
0.7785499877929688 3.864072455894284e-05
0.7795499877929688 5.259892496162317e-05
0.7805499877929688 7.35600641160332e-05
0.7815499877929688 0.00010420447349830111
0.7825499877929688 0.00015504783800805678
0.7835499877929688 0.00025246301759642814
0.7845499877929687 0.0004270331486387535
0.7855499877929687 0.0008138935184069598
0.7865499877929687 0.0017415415524424643
0.7875499877929687 0.0038712489635529626
0.7885499877929687 0.008897547852894289
0.7895499877929687 0.020306002526787256
0.7905499877929687 0.04079224052831403
0.7915499877929687 0.07218696805031365
0.7925499877929687 0.11143161726607911
0.7935499877929687 0.15551104780716538
0.7945499877929687 0.19376450559412492
0.7955499877929687 0.22384416282010544
0.7965499877929687 0.2460558419487927
0.7975499877929687 0.2583869080431364
0.7985499877929687 0.2650010199180196
0.7995499877929687 0.26795992513163447
0.8005499877929687 0.27000164705899116
0.8015499877929687 0.26993197136412705
0.8025499877929687 0.2678822484285503
0.8035499877929687 0.26579288069782625
0.8045499877929687 0.262961355336456
0.8055499877929687 0.2606446276427391
0.8065499877929687 0.2571093944930639
0.8075499877929687 0.25338951203198196
0.8085499877929687 0.2505706258826622
0.8095499877929687 0.2507333800234402
0.8105499877929687 0.2527024179106982
0.8115499877929687 0.25645716919841
0.8125499877929687 0.260999452773626
0.8135499877929687 0.2646051671009607
0.8145499877929687 0.26944916406811253
0.8155499877929687 0.2712198399925806
0.8165499877929687 0.2736480906280959
0.8175499877929687 0.2759514269642997
0.8185499877929687 0.27826545501527555
0.8195499877929687 0.2793975342625418
0.8205499877929687 0.28051333158970493
0.8215499877929687 0.28179234305530204
0.8225499877929687 0.2801349814969413
0.8235499877929687 0.27915848966102547
0.8245499877929687 0.27743818401102976
0.8255499877929687 0.27464126454128296
0.8265499877929687 0.2729987463334097
0.8275499877929687 0.2717395760441721
0.8285499877929687 0.27165679827417466
0.8295499877929687 0.27197201284935413
0.8305499877929687 0.2711226743297431
0.8315499877929687 0.2720735740904382
0.8325499877929687 0.27238346605315017
0.8335499877929687 0.27226023781063907
0.8345499877929687 0.2721159257096015
0.8355499877929687 0.27532198527157775
0.8365499877929687 0.27823113894541046
0.8375499877929687 0.28155990855822965
0.8385499877929687 0.28435669278369347
0.8395499877929687 0.28588270428429213
0.8405499877929687 0.2873291209895663
0.8415499877929687 0.2894797218329803
0.8425499877929687 0.2896746877214624
0.8435499877929687 0.28885088332619496
0.8445499877929687 0.28809545857922403
0.8455499877929687 0.28558714878779656
0.8465499877929688 0.28435116771267105
0.8475499877929688 0.28179823368629164
0.8485499877929688 0.28034432520289443
0.8495499877929688 0.28083839147176726
0.8505499877929688 0.28195666127634306
0.8515499877929688 0.2838352152530284
0.8525499877929688 0.28442102633569943
0.8535499877929688 0.2846994123033177
0.8545499877929688 0.2861419411098384
0.8555499877929688 0.2853634987298483
0.8565499877929688 0.2873691843628793
0.8575499877929688 0.28934960117268144
0.8585499877929688 0.2917239449199521
0.8595499877929688 0.2933641555075234
0.8605499877929688 0.2975219270068715
0.8615499877929688 0.29944718650741287
0.8625499877929688 0.2991679504510128
0.8635499877929688 0.2978434564603263
0.8645499877929688 0.2980562980315727
0.8655499877929688 0.29889269127978835
0.8665499877929688 0.30227246892336196
0.8675499877929688 0.29888896263115317
0.8685499877929688 0.2963179647950107
0.8695499877929688 0.29651730600802956
0.8705499877929688 0.2965779862793801
0.8715499877929688 0.2926768323949628
0.8725499877929688 0.29506972120542024
0.8735499877929688 0.29493968215716143
0.8745499877929688 0.29614979645363776
0.8755499877929688 0.2936454713255869
0.8765499877929688 0.2944011813319975
0.8775499877929688 0.29952828356159594
0.8785499877929688 0.3001952359187652
0.8795499877929688 0.29928685866330873
0.8805499877929688 0.3042926727209184
0.8815499877929688 0.302041883923517
0.8825499877929688 0.30591114475956926
0.8835499877929688 0.303308974154293
0.8845499877929688 0.3081979092353804
0.8855499877929688 0.3033656380790232
0.8865499877929688 0.2997219502494781
0.8875499877929688 0.30904271719456605
0.8885499877929688 0.3123415887481149
0.8895499877929688 0.3097163544792257
0.8905499877929688 0.30304347640659324
0.8915499877929688 0.30694488447276497
0.8925499877929688 0.3057044905922274
0.8935499877929688 0.30519984130117267
0.8945499877929688 0.305671278490867
0.8955499877929688 0.3034446699969508
0.8965499877929688 0.2980883818789082
0.8975499877929688 0.30286505809099973
0.8985499877929688 0.3034279922487246
0.8995499877929688 0.30188902474018303
0.9005499877929688 0.3030540982390814
0.9015499877929688 0.3030807272976921
0.9025499877929688 0.30442499204501045
0.9035499877929688 0.3036702110790896
0.9045499877929688 0.30408792953576547
0.9055499877929688 0.3072688942033348
0.9065499877929688 0.30717479297837674
0.9075499877929688 0.30651399326515383
0.9085499877929688 0.3092321778449634
0.9095499877929687 0.3099990523171579
0.9105499877929687 0.31050519565386675
0.9115499877929687 0.31148909817601367
0.9125499877929687 0.3124554469432933
0.9135499877929687 0.3127987986733753
0.9145499877929687 0.3142242266055971
0.9155499877929687 0.31367122754981835
0.9165499877929687 0.3158345819784917
0.9175499877929687 0.3144014403573053
0.9185499877929687 0.3162210617742483
0.9195499877929687 0.3159501700238364
0.9205499877929687 0.31504232805788085
0.9215499877929687 0.31455948509719345
0.9225499877929687 0.3141868403368514
0.9235499877929687 0.3136865657712741
0.9245499877929687 0.31192750876978903
0.9255499877929687 0.3123050269093755
0.9265499877929687 0.31158630833345147
0.9275499877929687 0.311433773076752
0.9285499877929687 0.3128576805483662
0.9295499877929687 0.31413384381127846
0.9305499877929687 0.3152362968027645
0.9315499877929687 0.31632789370552744
0.9325499877929687 0.3169828128722673
0.9335499877929687 0.31676470472489116
0.9345499877929687 0.3175345943224153
0.9355499877929687 0.3172984651142182
0.9365499877929687 0.31756741248042614
0.9375499877929687 0.31703390726550346
0.9385499877929687 0.316050999353766
0.9395499877929687 0.3162917342161843
0.9405499877929687 0.3160086679202405
0.9415499877929687 0.3148671982978603
0.9425499877929687 0.31431709766961885
0.9435499877929687 0.3135620877292663
0.9445499877929687 0.31275320545751084
0.9455499877929687 0.31237616273693675
0.9465499877929687 0.31141579045033646
0.9475499877929687 0.31083290877443226
0.9485499877929687 0.3120636111320801
0.9495499877929687 0.3136078739032951
0.9505499877929687 0.3141107641625984
0.9515499877929687 0.31761797974247846
0.9525499877929687 0.31635746494344585
0.9535499877929687 0.31702874991407626
0.9545499877929687 0.3174202545052082
0.9555499877929687 0.3177931977786709
0.9565499877929687 0.3177957518869126
0.9575499877929687 0.31734212919762156
0.9585499877929687 0.3194300064522625
0.9595499877929687 0.3173981631184764
0.9605499877929687 0.31701744552392525
0.9615499877929687 0.3169927969832623
0.9625499877929687 0.31685871466598553
0.9635499877929687 0.3165951363902489
0.9645499877929687 0.3170748868345419
0.9655499877929687 0.3159096777570177
0.9665499877929687 0.3146817044935304
0.9675499877929687 0.3154016625086199
0.9685499877929687 0.31532020939486227
0.9695499877929687 0.3155366395812206
0.9705499877929687 0.31607079343317274
0.9715499877929688 0.3166022627552393
0.9725499877929688 0.31710881719409806
0.9735499877929688 0.3176701013831061
0.9745499877929688 0.3155725233440292
0.9755499877929688 0.3180819532607226
0.9765499877929688 0.3163015885073082
0.9775499877929688 0.3161389566132537
0.9785499877929688 0.31718144946104593
0.9795499877929688 0.31626550745410137
0.9805499877929688 0.3153113287362486
0.9815499877929688 0.31812445329349864
0.9825499877929688 0.31770643378290986
0.9835499877929688 0.3179274502500348
0.9845499877929688 0.3181622320552053
0.9855499877929688 0.3191474071891126
0.9865499877929688 0.31812833552932646
0.9875499877929688 0.31863150112169136
0.9885499877929688 0.32001782225280656
0.9895499877929688 0.319918043443543
0.9905499877929688 0.32098703864445505
0.9915499877929688 0.31959993998111563
0.9925499877929688 0.3202239346089127
0.9935499877929688 0.31895201516458666
0.9945499877929688 0.319035584735531
0.9955499877929688 0.31829447809211225
0.9965499877929688 0.3174320893706158
0.9975499877929688 0.3146794893499376
0.9985499877929688 0.30815510539707225
0.9995499877929688 0.2982995077993253
1.0005499877929687 0.279312295144747
1.0015499877929688 0.25630541205478813
1.0025499877929687 0.2254546514704654
1.0035499877929688 0.19086552806433965
1.0045499877929687 0.1654754858075588
1.0055499877929688 0.13726445904230647
1.0065499877929687 0.11494680064060592
1.0075499877929688 0.09308920497668492
1.0085499877929687 0.07893964522067089
1.0095499877929688 0.06515506249045742
1.0105499877929687 0.05524737608362801
1.0115499877929688 0.048009002364140824
1.0125499877929687 0.04077810644040611
1.0135499877929688 0.03470853378877958
1.0145499877929687 0.030840447992192405
1.0155499877929688 0.026728157156632064
1.0165499877929687 0.02268510928209717
1.0175499877929688 0.018955955145766836
1.0185499877929687 0.015181367387880949
1.0195499877929688 0.011687548858107568
1.0205499877929687 0.008957989564318194
1.0215499877929688 0.006700905287148992
1.0225499877929687 0.004662402957822745
1.0235499877929688 0.0036910081551053647
1.024550048828125 0.0026266455090652677
1.025550048828125 0.0019236911799598753
1.026550048828125 0.0013594607261007443
1.027550048828125 0.001018162471877082
1.028550048828125 0.0007550280969521543
1.029550048828125 0.0005371587865690324
1.030550048828125 0.0004399281258542564
1.031550048828125 0.0003258382314748005
1.032550048828125 0.0002508256131971856
1.033550048828125 0.00019211209157658088
1.034550048828125 0.00015148179315706604
1.035550048828125 0.00011605239342546971
1.036550048828125 9.374792286808066e-05
1.037550048828125 7.671647436097512e-05
1.038550048828125 5.9412245859271655e-05
1.039550048828125 4.861516705466763e-05
1.040550048828125 3.940219366432967e-05
1.041550048828125 3.2198737268654356e-05
1.042550048828125 2.638275654955286e-05
1.043550048828125 2.1491951831821014e-05
1.044550048828125 1.8420067677743258e-05
1.045550048828125 1.4640514632098882e-05
1.046550048828125 1.2440564843844076e-05
1.047550048828125 1.0723864891282503e-05
1.048550048828125 8.47752470420177e-06
1.049550048828125 8.570440136010597e-06
1.050550048828125 6.9349721275440364e-06
1.051550048828125 5.941553436228592e-06
1.052550048828125 5.029100842708205e-06
1.053550048828125 4.508388529246442e-06
1.054550048828125 2.6596756972155482e-06
1.055550048828125 4.178658181207218e-06
1.056550048828125 4.306341062146923e-06
1.057550048828125 3.0661949737985363e-06
1.058550048828125 3.1717008261503546e-06
1.059550048828125 2.5255335982188326e-06
1.060550048828125 2.259905773071448e-06
1.061550048828125 2.6956934193240247e-06
1.062550048828125 1.7562691192625842e-06
1.063550048828125 1.3283340988529112e-06
1.064550048828125 1.822398165004729e-06
1.065550048828125 1.5966622906430677e-06
1.066550048828125 2.683755021815057e-06
1.067550048828125 1.1202732876677185e-06
1.068550048828125 2.9148429351950095e-06
1.069550048828125 2.219079677595144e-06
1.070550048828125 1.9649899024839445e-06
1.071550048828125 1.2604480699460225e-06
1.072550048828125 2.221075309629499e-06
1.073550048828125 1.9012029029162045e-06
1.074550048828125 1.645906336990411e-06
1.075550048828125 5.345970832473431e-07
1.076550048828125 2.9970184863216495e-06
1.077550048828125 7.828218036283758e-07
1.078550048828125 1.4100738756699982e-06
1.079550048828125 1.531278240002124e-06
1.080550048828125 2.292633458859301e-06
1.081550048828125 6.169637457497667e-07
1.082550048828125 8.427892181158692e-07
1.083550048828125 4.854804514580799e-07
1.084550048828125 8.90056284009201e-07
1.085550048828125 5.755273627587449e-07
1.086550048828125 8.487691435848799e-07
1.087550048828125 1.5925773186652191e-06
1.088550048828125 7.007139195053154e-07
1.089550048828125 2.6601464388107328e-06
1.090550048828125 1.0862601745196046e-06
1.091550048828125 6.586786107314184e-07
1.092550048828125 5.863771282607236e-07
1.093550048828125 1.8612183908707148e-06
1.094550048828125 1.4622040262533591e-06
1.095550048828125 4.782120017899246e-07
1.096550048828125 3.6665611263122384e-07
1.097550048828125 2.1920107136659345e-06
1.098550048828125 6.88178864916872e-07
1.099550048828125 3.6232167831018635e-07
1.100550048828125 1.2909566539018065e-06
1.101550048828125 1.7942261107749174e-06
1.102550048828125 1.498084182121139e-06
1.103550048828125 1.4797535586605955e-07
1.104550048828125 8.256274360744086e-07
1.105550048828125 6.706755978791347e-07
1.106550048828125 1.4627024966015898e-07
1.107550048828125 8.149995894195009e-07
1.108550048828125 9.299748039738715e-07
1.109550048828125 6.555000464421799e-07
1.110550048828125 2.3087425947440733e-06
1.111550048828125 4.5810247375844884e-07
1.112550048828125 1.912106966260493e-06
1.113550048828125 5.156024391085122e-07
1.114550048828125 1.1577241966074902e-06
1.115550048828125 9.49718724216207e-07
1.116550048828125 1.6314562517324533e-06
1.117550048828125 2.0781825748196445e-06
1.118550048828125 1.364396710032922e-06
1.119550048828125 1.2694614486772537e-06
1.120550048828125 1.081704418035111e-06
1.121550048828125 2.0728496416634265e-06
1.122550048828125 1.7094390021497075e-06
1.123550048828125 2.2519299995250605e-08
1.124550048828125 9.939513624260846e-07
1.125550048828125 6.737270295918711e-07
1.126550048828125 1.2275121884846994e-06
1.127550048828125 1.4305077469958321e-06
1.128550048828125 4.6473366828875837e-07
1.129550048828125 2.7237299094381454e-06
1.130550048828125 1.516485656384187e-06
1.131550048828125 7.013006631221457e-07
1.132550048828125 6.943347841039463e-07
1.133550048828125 9.793955596287646e-07
1.134550048828125 3.9554859047402006e-07
1.135550048828125 1.732197546838287e-06
1.136550048828125 7.071015399545809e-07
1.137550048828125 1.3329201015940817e-06
1.138550048828125 1.9444814016776826e-06
1.139550048828125 6.630560572699275e-07
1.140550048828125 1.6391464562542307e-06
1.141550048828125 7.385593443238385e-07
1.142550048828125 1.7838397592152168e-06
1.143550048828125 1.5852170734020034e-06
1.144550048828125 1.0000837563872947e-06
1.145550048828125 7.95527150963328e-07
1.146550048828125 1.2317139332997582e-06
1.147550048828125 4.610066249079618e-07
1.148550048828125 1.8524592389137455e-06
1.149550048828125 1.2520605654707378e-06
1.150550048828125 1.0156059280158475e-06
1.151550048828125 7.321023780401658e-07
1.152550048828125 1.6070106320835349e-06
1.153550048828125 1.0238534203875316e-06
1.154550048828125 6.756663832483195e-07
1.155550048828125 1.4712067428858496e-06
1.156550048828125 2.502140938118204e-07
1.157550048828125 1.8375812491471547e-06
1.158550048828125 1.2665667475302124e-06
1.159550048828125 1.6230175398602595e-06
1.160550048828125 9.10749834303086e-07
1.161550048828125 5.894170815602525e-07
1.162550048828125 9.240933434494514e-07
1.163550048828125 1.6521863122809597e-06
1.164550048828125 1.0752008484940694e-06
1.165550048828125 9.320816497795557e-07
1.166550048828125 1.827401781544464e-06
1.167550048828125 1.3397532952930204e-06
1.168550048828125 1.2154919198072466e-06
1.169550048828125 8.779471577399956e-07
1.170550048828125 1.8647266056462696e-06
1.171550048828125 3.765099604351609e-11
1.172550048828125 2.296270889337838e-06
1.173550048828125 2.6198531455188817e-06
1.174550048828125 5.561130144332406e-07
1.175550048828125 1.1197007314350192e-06
1.176550048828125 1.537257595410226e-06
1.177550048828125 1.5068801895398365e-06
1.178550048828125 6.153799359946673e-07
1.179550048828125 1.4706375551079301e-06
1.180550048828125 1.0474672320915211e-06
1.181550048828125 6.019257933628889e-07
1.182550048828125 1.564821049342569e-06
1.183550048828125 1.5508516898957304e-06
1.184550048828125 1.060328749373477e-06
1.185550048828125 8.719652167313793e-07
1.186550048828125 9.019694226744627e-07
1.187550048828125 1.8258495179244044e-06
1.188550048828125 1.9961021543652938e-06
1.189550048828125 9.375167355413256e-07
1.190550048828125 1.8248167697545353e-06
1.191550048828125 1.3543131977091493e-06
1.192550048828125 2.147806724245909e-06
1.193550048828125 7.938251028992312e-07
1.194550048828125 1.1259182605964275e-06
1.195550048828125 1.305237615850815e-06
1.196550048828125 9.799170800714666e-07
1.197550048828125 1.914435111887433e-06
1.198550048828125 6.249624254278047e-07
1.199550048828125 1.5610720380605383e-06
1.200550048828125 1.388758431975452e-06
1.201550048828125 1.4285001958401958e-06
1.202550048828125 1.797894925446639e-06
1.203550048828125 1.303203421677065e-06
1.204550048828125 9.921527204669752e-07
1.205550048828125 5.986169957859126e-07
1.206550048828125 9.83223484857572e-07
1.207550048828125 2.350335679493904e-06
1.208550048828125 1.284497329780722e-06
1.209550048828125 1.8391555223319293e-06
1.210550048828125 1.2124478233648651e-06
1.211550048828125 1.590644767968942e-06
1.212550048828125 1.2110310404609959e-06
1.213550048828125 1.5352033681913186e-06
1.214550048828125 1.4683393059477832e-06
1.215550048828125 9.915371970209396e-07
1.216550048828125 2.4804517921286836e-06
1.217550048828125 1.1090881270625937e-06
1.218550048828125 5.257698521835986e-07
1.219550048828125 1.0685002592107924e-06
1.220550048828125 2.654633721754314e-06
1.221550048828125 9.528871443291608e-07
1.222550048828125 1.8142665988948387e-06
1.223550048828125 1.7635104941253872e-06
1.224550048828125 1.6092449837190194e-06
1.225550048828125 1.1875840597161741e-06
1.226550048828125 8.922793758271215e-07
1.227550048828125 6.970293775950752e-07
1.228550048828125 1.3911095747440716e-06
1.229550048828125 6.220353237111052e-07
1.230550048828125 2.038220079479273e-06
1.231550048828125 2.5629008946732976e-07
1.232550048828125 1.640669416802946e-06
1.233550048828125 9.200578230728423e-07
1.234550048828125 1.6700843498639164e-06
1.235550048828125 1.7320803919359085e-06
1.236550048828125 7.536145557440612e-07
1.237550048828125 4.2966488153339874e-07
1.238550048828125 7.166747591471059e-07
1.239550048828125 2.3641598130905317e-06
1.240550048828125 2.1586964041144835e-06
1.241550048828125 1.972488197786102e-06
1.242550048828125 2.6589483124823526e-06
1.243550048828125 6.721613410474286e-07
1.244550048828125 1.2414340270185832e-06
1.245550048828125 2.300239532750467e-06
1.246550048828125 1.7335728026406553e-06
1.247550048828125 7.496648351490629e-07
1.248550048828125 2.8408126976843808e-06
1.249550048828125 1.8430048504142605e-06
1.250550048828125 2.208771305250292e-06
1.251550048828125 1.27665461372594e-06
1.252550048828125 1.58629204740623e-06
1.253550048828125 5.373632160456662e-07
1.254550048828125 1.0468303599251129e-06
1.255550048828125 1.2059173873045706e-06
1.256550048828125 1.4353123908678974e-06
1.257550048828125 1.98902165978669e-06
1.258550048828125 1.5006711245691294e-06
1.259550048828125 1.2568014037413034e-06
1.260550048828125 1.6152777154889044e-06
1.261550048828125 2.3455165229330515e-06
1.262550048828125 1.4801080702381942e-06
1.263550048828125 4.3999205746466037e-07
1.264550048828125 4.1485923429406313e-07
1.265550048828125 2.4900387335679395e-06
1.266550048828125 2.0010966972535335e-06
1.267550048828125 2.1854097632978157e-06
1.268550048828125 1.3295648252386798e-06
1.269550048828125 1.6802291747730992e-06
1.270550048828125 1.5812588893556345e-06
1.271550048828125 2.4437207906216208e-06
1.272550048828125 1.937359365560361e-06
1.273550048828125 6.907686177433841e-07
1.274550048828125 1.3250028593947145e-06
1.275550048828125 1.2425260848753202e-06
1.276550048828125 1.4579847354186685e-06
1.277550048828125 2.161027944460669e-06
1.278550048828125 1.3373521834581175e-06
1.279550048828125 9.272203688325628e-07
1.280550048828125 2.006262220087075e-06
1.281550048828125 2.818283955808622e-06
1.282550048828125 1.8661746524897548e-06
1.283550048828125 7.807640390553075e-07
1.284550048828125 1.021899334774648e-06
1.285550048828125 2.41107117082403e-06
1.286550048828125 1.231488472170979e-06
1.287550048828125 1.6288506932775726e-06
1.288550048828125 1.8173073895439203e-06
1.289550048828125 2.382668877372626e-06
1.290550048828125 1.999618841138962e-06
1.291550048828125 2.0787087207952928e-06
1.292550048828125 1.9484767277697793e-06
1.293550048828125 1.63433213746603e-06
1.294550048828125 5.706224562510986e-07
1.295550048828125 1.597037587823968e-06
1.296550048828125 1.969491369335713e-06
1.297550048828125 1.3062607264286606e-06
1.298550048828125 1.3292517744573113e-06
1.299550048828125 2.8686762433348182e-06
1.300550048828125 2.697979313439534e-06
1.301550048828125 1.0537775708307728e-06
1.302550048828125 1.620294812374157e-06
1.303550048828125 1.8944247589901096e-06
1.304550048828125 1.7322063487114476e-06
1.305550048828125 1.4748965460347633e-06
1.306550048828125 2.0303266225320253e-06
1.307550048828125 1.9425494523580136e-06
1.308550048828125 2.746222718461183e-06
1.309550048828125 1.5264560427689068e-06
1.310550048828125 1.8962800249876128e-06
1.311550048828125 1.3543588380224443e-06
1.312550048828125 1.818090132515802e-06
1.313550048828125 1.995514959350855e-06
1.314550048828125 2.3196724155083705e-06
1.315550048828125 1.1836796083361911e-06
1.316550048828125 1.85045214918434e-06
1.317550048828125 1.7630431357432716e-06
1.318550048828125 2.000951691204498e-06
1.319550048828125 2.615338596763897e-06
1.320550048828125 2.7048447483906855e-06
1.321550048828125 2.3240397417684073e-06
1.322550048828125 2.747855456849797e-06
1.323550048828125 1.1240990001764187e-06
1.324550048828125 1.6494202156707904e-06
1.325550048828125 2.4992149436650134e-06
1.326550048828125 1.674019388300345e-06
1.327550048828125 1.8208628941136071e-06
1.328550048828125 1.637954853145507e-06
1.329550048828125 2.671824104469739e-06
1.330550048828125 1.898692626183498e-06
1.331550048828125 1.2903586134287093e-06
1.332550048828125 1.2270566634817473e-06
1.333550048828125 2.690239617485486e-06
1.334550048828125 2.10901254745193e-06
1.335550048828125 8.220485468920456e-07
1.336550048828125 1.8414808466460984e-06
1.337550048828125 2.7388141191817136e-06
1.338550048828125 2.7030306049986305e-06
1.339550048828125 2.150311104907586e-06
1.340550048828125 1.429084658238116e-06
1.341550048828125 2.3071296195827196e-06
1.342550048828125 1.8385793418805032e-06
1.343550048828125 2.2621992796673126e-06
1.344550048828125 2.5882201680411755e-06
1.345550048828125 9.168234350304872e-07
1.346550048828125 2.5788732088747146e-06
1.347550048828125 2.5226802721685037e-06
1.348550048828125 1.412560994486005e-06
1.349550048828125 1.018377567035939e-06
1.350550048828125 2.573221643329838e-06
1.351550048828125 2.2168105437103522e-06
1.352550048828125 2.6278383315468647e-06
1.353550048828125 3.3296696837496507e-06
1.354550048828125 3.2345784034650383e-07
1.355550048828125 2.1561560949234247e-06
1.356550048828125 1.596132680561823e-06
1.357550048828125 3.0033354140258832e-06
1.358550048828125 1.1903537281721905e-06
1.359550048828125 2.101399301013095e-06
1.360550048828125 8.379517307923644e-07
1.361550048828125 2.9468640843794435e-06
1.362550048828125 2.23767285699328e-06
1.363550048828125 1.1408645656572277e-06
1.364550048828125 1.8120390106475815e-06
1.365550048828125 1.3336040055187281e-06
1.366550048828125 2.0733147037092023e-06
1.367550048828125 1.0665069777467081e-06
1.368550048828125 1.930054377920822e-06
1.369550048828125 1.3329343308177821e-06
1.370550048828125 1.5996084354412206e-06
1.371550048828125 2.149612763666228e-06
1.372550048828125 1.6501177370169796e-06
1.373550048828125 1.7528612718475943e-06
1.374550048828125 1.425112209159399e-06
1.375550048828125 1.7076152875849678e-06
1.376550048828125 2.621501230943537e-06
1.377550048828125 2.1301426797411497e-06
1.378550048828125 1.872549277671127e-06
1.379550048828125 4.122631098646994e-11
1.380550048828125 2.6244239789690148e-06
1.381550048828125 2.6637031670625116e-06
1.382550048828125 1.481212464212183e-06
1.383550048828125 2.154126504863527e-06
1.384550048828125 2.649031064146551e-06
1.385550048828125 1.994221194698742e-06
1.386550048828125 2.861279806420768e-06
1.387550048828125 2.0610710559643836e-06
1.388550048828125 9.306297440824175e-07
1.389550048828125 2.0547624587391495e-06
1.390550048828125 1.8502044813305768e-06
1.391550048828125 1.2385324693690444e-06
1.392550048828125 2.0975627795377886e-06
1.393550048828125 2.072313057803821e-06
1.394550048828125 2.529640139887823e-06
1.395550048828125 3.0759410354072674e-06
1.396550048828125 2.2805088110813536e-06
1.397550048828125 1.0291495498239012e-06
1.398550048828125 2.30715279880669e-06
1.399550048828125 2.670018976824412e-06
1.400550048828125 1.8845712594472147e-06
1.401550048828125 2.7562470145681893e-06
1.402550048828125 1.1296489133037956e-06
1.403550048828125 6.716716184263164e-07
1.404550048828125 1.2621279376412679e-06
1.405550048828125 2.1104733651327633e-06
1.406550048828125 3.308210738587942e-06
1.407550048828125 8.048877538206366e-07
1.408550048828125 1.5840030694887188e-06
1.409550048828125 1.1787283982774485e-06
1.410550048828125 2.1158587091236346e-06
1.411550048828125 3.6277875151458243e-06
1.412550048828125 4.56689905094519e-07
1.413550048828125 2.1536064908250614e-06
1.414550048828125 3.2054105986323854e-06
1.415550048828125 1.831879114323727e-06
1.416550048828125 1.3891380721746603e-06
1.417550048828125 3.0949299580694167e-06
1.418550048828125 2.5856454075105054e-06
1.419550048828125 2.876188481922062e-06
1.420550048828125 2.3306390959569243e-06
1.421550048828125 1.4146089427721262e-06
1.422550048828125 2.5274706326536165e-06
1.423550048828125 2.0470884591628404e-06
1.424550048828125 3.0199617703292293e-06
1.425550048828125 9.260862344747038e-07
1.426550048828125 3.4405215820452537e-06
1.427550048828125 9.438654612182875e-07
1.428550048828125 2.724496288576595e-06
1.429550048828125 1.994874733368733e-06
1.430550048828125 2.680586171013625e-06
1.431550048828125 1.5302538563006525e-06
1.432550048828125 2.4755975090181255e-06
1.433550048828125 2.2888126004849683e-06
1.434550048828125 9.004949192710426e-07
1.435550048828125 3.4153345261794454e-06
1.436550048828125 1.2314435626406034e-06
1.437550048828125 3.008309503067074e-06
1.438550048828125 1.2090392918462047e-06
1.439550048828125 2.0010362185800086e-06
1.440550048828125 1.4305329762465491e-06
1.441550048828125 2.915240641985883e-06
1.442550048828125 1.4634734467639548e-06
1.443550048828125 2.1274744959972927e-06
1.444550048828125 2.5971176152581207e-06
1.445550048828125 7.530613133953952e-07
1.446550048828125 2.887366054188271e-06
1.447550048828125 1.9004493340718276e-06
1.448550048828125 2.5289695658611986e-06
1.449550048828125 1.2956457059739786e-06
1.450550048828125 2.9876187423612e-07
1.451550048828125 1.4689100452127443e-06
1.452550048828125 2.1283105628734976e-06
1.453550048828125 2.570887815818135e-06
1.454550048828125 1.0424308713253812e-06
1.455550048828125 2.9631605413498824e-06
1.456550048828125 3.6304874401350297e-06
1.457550048828125 2.6049063218423148e-06
1.458550048828125 1.6232530126784425e-06
1.459550048828125 1.9164808140626e-06
1.460550048828125 2.5747235645121937e-06
1.461550048828125 2.879970540185036e-06
1.462550048828125 2.094498179299708e-06
1.463550048828125 9.36282181540727e-07
1.464550048828125 3.863441242611502e-06
1.465550048828125 2.6762221983575455e-06
1.466550048828125 1.1951929174072825e-06
1.467550048828125 3.0427497672043593e-06
1.468550048828125 2.9748311792947298e-06
1.469550048828125 1.927002173347038e-06
1.470550048828125 1.7631338595594407e-06
1.471550048828125 2.547600098851294e-06
1.472550048828125 2.661537403671957e-06
1.473550048828125 2.1626439305454136e-06
1.474550048828125 2.5238447798554607e-06
1.475550048828125 3.6005217945765734e-06
1.476550048828125 1.7554065554497695e-06
1.477550048828125 2.965677265283815e-06
1.478550048828125 3.1170814154370425e-06
1.479550048828125 1.8240064361554209e-06
1.480550048828125 4.804143001231036e-06
1.481550048828125 3.3735052816317536e-06
1.482550048828125 2.380889073142061e-06
1.483550048828125 4.239687569370543e-06
1.484550048828125 4.025197754817705e-06
1.485550048828125 1.0258063855318907e-06
1.486550048828125 2.243270475896901e-06
1.487550048828125 4.586034000707193e-06
1.488550048828125 3.850003304551848e-06
1.489550048828125 4.101492544788754e-06
1.490550048828125 4.445529977600039e-06
1.491550048828125 4.296414927639432e-06
1.492550048828125 4.067145455059126e-06
1.493550048828125 2.8809600081069597e-06
1.494550048828125 4.64462211611516e-06
1.495550048828125 2.3141839990803206e-06
1.496550048828125 3.646136862253061e-06
1.497550048828125 2.3740197089410167e-06
1.498550048828125 3.1016338828878713e-06
1.499550048828125 2.132673089632682e-06
1.500550048828125 2.9685802182146545e-06
1.501550048828125 1.5833816284683637e-06
1.502550048828125 2.8770919787572587e-06
1.503550048828125 3.2387079016946028e-06
1.504550048828125 3.3708397925778005e-06
1.505550048828125 2.426248264112883e-06
1.506550048828125 1.790088423839035e-06
1.507550048828125 2.719429629779309e-06
1.508550048828125 3.3766380940546225e-06
1.509550048828125 3.1094424328681626e-06
1.510550048828125 2.039994801148814e-06
1.511550048828125 3.2265800776267546e-06
1.512550048828125 2.407929832927447e-06
1.513550048828125 3.266625707482361e-06
1.514550048828125 2.4819664469166724e-06
1.515550048828125 3.471924380356311e-06
1.516550048828125 2.765170853721936e-06
1.517550048828125 2.8611726281295525e-06
1.518550048828125 3.0301889656738294e-06
1.519550048828125 2.594722799635448e-06
1.520550048828125 2.028303733848648e-06
1.521550048828125 2.7491365645800797e-06
1.522550048828125 3.08166703783553e-06
1.523550048828125 2.8548636582129475e-06
1.524550048828125 2.0710480892424725e-06
1.525550048828125 3.2347098391559035e-06
1.526550048828125 2.715896585538468e-06
1.527550048828125 2.2072207792543503e-06
1.528550048828125 4.689055847835499e-06
1.529550048828125 2.355648717794075e-06
1.530550048828125 2.73390897505096e-06
1.531550048828125 2.1611831541400694e-06
1.532550048828125 3.886523053647068e-06
1.533550048828125 2.3773395425382854e-06
1.534550048828125 2.8820785987261397e-06
1.535550048828125 2.470491344726319e-06
1.536550048828125 4.080872122711363e-06
1.537550048828125 3.574130717993866e-06
1.538550048828125 2.1037772304246327e-06
1.539550048828125 2.698755099724277e-06
1.540550048828125 2.7850836257991565e-06
1.541550048828125 4.664153448052475e-06
1.542550048828125 1.7749974960789587e-06
1.543550048828125 2.9713354469118867e-06
1.544550048828125 2.7164374162536967e-06
1.545550048828125 2.1190010766509987e-06
1.546550048828125 3.970448452827107e-06
1.547550048828125 2.813329923252597e-06
1.548550048828125 5.607775141158254e-06
1.549550048828125 3.0136365736646513e-06
1.550550048828125 4.462413034351373e-07
1.551550048828125 3.744396628608132e-06
1.552550048828125 2.635009055072544e-06
1.553550048828125 1.9538053890523752e-06
1.554550048828125 1.6690581774147614e-06
1.555550048828125 3.4362435220514042e-06
1.556550048828125 1.990054642086317e-06
1.557550048828125 4.735864752662995e-06
1.558550048828125 3.2227768662537254e-06
1.559550048828125 2.9554228286048013e-06
1.560550048828125 4.4189413878531905e-06
1.561550048828125 2.6636710873711396e-06
1.562550048828125 4.055521492592658e-06
1.563550048828125 5.3324811569972475e-06
1.564550048828125 3.7840627239755777e-06
1.565550048828125 4.595865081432218e-06
1.566550048828125 2.7889172915418925e-06
1.567550048828125 3.92786250642494e-06
1.568550048828125 2.762702500051579e-06
1.569550048828125 3.5452187034012917e-06
1.570550048828125 2.4477221297407235e-06
1.571550048828125 1.4271427393735845e-06
1.572550048828125 4.467396646493666e-06
1.573550048828125 2.5412400949055387e-06
1.574550048828125 3.815913912791618e-06
1.575550048828125 2.8763280670343084e-06
1.576550048828125 4.861949309441703e-06
1.577550048828125 2.3598493192102845e-06
1.578550048828125 4.004665935799349e-06
1.579550048828125 4.905583894467737e-06
1.580550048828125 3.1747685640672103e-06
1.581550048828125 2.912921537818824e-06
1.582550048828125 4.22024432110475e-06
1.583550048828125 3.1003217006752053e-06
1.584550048828125 3.6033625126924677e-06
1.585550048828125 3.969975613755282e-06
1.586550048828125 4.552348941676687e-06
1.587550048828125 3.7379376445095937e-06
1.588550048828125 2.0406906149625782e-06
1.589550048828125 4.0853398919520985e-06
1.590550048828125 4.462046824293765e-06
1.591550048828125 1.6812378622471706e-06
1.592550048828125 2.9566463377757188e-06
1.593550048828125 8.16178763224919e-07
1.594550048828125 2.565453197510015e-06
1.595550048828125 4.290042761545629e-06
1.596550048828125 3.801688622584977e-06
1.597550048828125 3.189335410867324e-06
1.598550048828125 3.6039840566055446e-06
1.599550048828125 4.275165288866384e-06
1.600550048828125 4.328273776608617e-06
1.601550048828125 7.017550990658561e-07
1.602550048828125 4.162553445307053e-06
1.603550048828125 1.7337457802624846e-06
1.604550048828125 5.023674815132165e-06
1.605550048828125 1.7356660644229086e-06
1.606550048828125 5.682479996301169e-06
1.607550048828125 3.235005778006494e-06
1.608550048828125 3.2602703616892624e-06
1.609550048828125 1.2912597412442995e-06
1.610550048828125 5.651683453147624e-06
1.611550048828125 6.045311873232716e-06
1.612550048828125 2.4488388884735048e-06
1.613550048828125 1.8532600071805972e-06
1.614550048828125 4.985821693896934e-06
1.615550048828125 5.547592287793692e-06
1.616550048828125 3.272312593651947e-06
1.617550048828125 1.1981036693337368e-06
1.618550048828125 5.574570797108377e-06
1.619550048828125 5.500865403567432e-06
1.620550048828125 3.2235999069449133e-06
1.621550048828125 2.3492384691196785e-06
1.622550048828125 3.726758288941155e-06
1.623550048828125 3.1095316312031288e-06
1.624550048828125 3.211840898978662e-06
1.625550048828125 3.885769196467422e-06
1.626550048828125 3.6900065991029964e-06
1.627550048828125 4.576301483274036e-06
1.628550048828125 2.375673913789037e-06
1.629550048828125 4.3218454047029635e-06
1.630550048828125 4.291124568569895e-06
1.631550048828125 4.673475180811181e-06
1.632550048828125 4.516355749235319e-06
1.633550048828125 3.137023658948547e-06
1.634550048828125 5.688614576570729e-06
1.635550048828125 3.0047901550002516e-06
1.636550048828125 6.045324971365129e-06
1.637550048828125 3.3830529017489304e-06
1.638550048828125 3.4270744255417653e-06
1.639550048828125 1.982984473372489e-06
1.640550048828125 3.0222477754843087e-06
1.641550048828125 3.7285996183505516e-06
1.642550048828125 2.2367797732102536e-06
1.643550048828125 6.291492928254236e-06
1.644550048828125 2.8702285851352397e-06
1.645550048828125 5.174401733907104e-06
1.646550048828125 5.212448707559756e-06
1.647550048828125 5.013157453786904e-06
1.648550048828125 4.375297923448655e-06
1.649550048828125 2.72712471356247e-06
1.650550048828125 6.642828018777665e-06
1.651550048828125 5.169260477820071e-06
1.652550048828125 5.4267931846747025e-06
1.653550048828125 2.7704327677618563e-06
1.654550048828125 8.108674406163658e-06
1.655550048828125 4.778965418200365e-06
1.656550048828125 3.4830035698039246e-06
1.657550048828125 2.5429193548548883e-06
1.658550048828125 4.074183764820114e-06
1.659550048828125 4.399146871280149e-06
1.660550048828125 4.987823754816708e-06
1.661550048828125 3.4613719530887024e-06
1.662550048828125 2.6712434328011195e-06
1.663550048828125 2.978139772271459e-06
1.664550048828125 5.382336509574335e-06
1.665550048828125 1.91351777432497e-06
1.666550048828125 3.2763600263556015e-06
1.667550048828125 2.862408144630064e-06
1.668550048828125 4.086790803805248e-06
1.669550048828125 1.7885880295014594e-06
1.670550048828125 2.092907691965535e-06
1.671550048828125 3.229079062795594e-06
1.672550048828125 5.400016379006348e-06
1.673550048828125 3.312856508325036e-06
1.674550048828125 4.035430936886766e-06
1.675550048828125 2.017121577888923e-06
1.676550048828125 5.4067412872292094e-06
1.677550048828125 3.810952709855268e-06
1.678550048828125 5.464170587442651e-06
1.679550048828125 6.957671143345275e-06
1.680550048828125 4.554423037396315e-11
1.681550048828125 2.366071864900721e-06
1.682550048828125 2.747728451917923e-06
1.683550048828125 2.9066517337201624e-06
1.684550048828125 4.500576835810616e-06
1.685550048828125 1.8081809157593693e-06
1.686550048828125 5.42877043276098e-06
1.687550048828125 2.342950502249087e-06
1.688550048828125 1.7157514747821209e-06
1.689550048828125 4.966484451735732e-06
1.690550048828125 4.797526845896108e-06
1.691550048828125 4.6800888063049234e-07
1.692550048828125 5.523153061838583e-06
1.693550048828125 1.6398232708261363e-06
1.694550048828125 5.371545076813567e-06
1.695550048828125 3.2734058596411176e-06
1.696550048828125 5.719793228860027e-06
1.697550048828125 3.573932481341289e-06
1.698550048828125 6.576485402692177e-07
1.699550048828125 4.310501804770888e-06
1.700550048828125 1.7951706292374134e-06
1.701550048828125 3.160069422517241e-06
1.702550048828125 1.5737864845349815e-06
1.703550048828125 3.517945331625184e-06
1.704550048828125 2.653058416857188e-06
1.705550048828125 2.6328562752861605e-06
1.706550048828125 3.203161163024445e-06
1.707550048828125 2.577536522648914e-06
1.708550048828125 2.699082464790425e-06
1.709550048828125 6.336892319438567e-06
1.710550048828125 4.416055012663342e-06
1.711550048828125 1.6055371645823352e-06
1.712550048828125 3.78446076664522e-06
1.713550048828125 2.772098482290539e-06
1.714550048828125 5.0828706193062485e-06
1.715550048828125 4.056106504591135e-06
1.716550048828125 2.0564421232024632e-06
1.717550048828125 3.601881629103915e-06
1.718550048828125 8.470242762501131e-07
1.719550048828125 1.902037491714511e-06
1.720550048828125 4.633266088558001e-06
1.721550048828125 3.571314473713805e-06
1.722550048828125 4.779569018280106e-06
1.723550048828125 4.231537232103644e-06
1.724550048828125 3.1402413328231793e-06
1.725550048828125 4.690654443918392e-06
1.726550048828125 4.79446663293337e-06
1.727550048828125 2.5925601825867462e-06
1.728550048828125 7.533615994304762e-06
1.729550048828125 6.045596641234476e-06
1.730550048828125 2.3270791693956235e-06
1.731550048828125 4.790953520226086e-06
1.732550048828125 4.631308390782532e-06
1.733550048828125 3.5840270635789114e-06
1.734550048828125 5.636173811754762e-06
1.735550048828125 4.847053429084428e-06
1.736550048828125 5.84856042431915e-06
1.737550048828125 5.555963622815877e-06
1.738550048828125 4.423449673008222e-06
1.739550048828125 4.3720234542284215e-06
1.740550048828125 8.527276447828782e-06
1.741550048828125 4.734510166256648e-06
1.742550048828125 3.884765164928616e-06
1.743550048828125 2.562453835227062e-06
1.744550048828125 4.3239954298252e-06
1.745550048828125 5.466626955941227e-06
1.746550048828125 5.165294359065355e-06
1.747550048828125 3.423611006870477e-06
1.748550048828125 7.65600367847221e-06
1.749550048828125 4.543572761091172e-06
1.750550048828125 4.496281603925996e-06
1.751550048828125 2.946175416251044e-06
1.752550048828125 1.7977833981021997e-06
1.753550048828125 7.426959400361795e-06
1.754550048828125 3.0156391479317525e-06
1.755550048828125 8.628512756121784e-06
1.756550048828125 1.8103794078843198e-06
1.757550048828125 6.260727655664183e-06
1.758550048828125 3.951987355444275e-06
1.759550048828125 7.005622921139341e-06
1.760550048828125 1.2645061977706848e-06
1.761550048828125 3.8889987459365215e-06
1.762550048828125 1.6469147592681437e-06
1.763550048828125 6.079453410052632e-06
1.764550048828125 4.440765431779895e-06
1.765550048828125 2.814717924779115e-06
1.766550048828125 4.284709722551747e-06
1.767550048828125 3.960102246580095e-06
1.768550048828125 3.4009044332771676e-06
1.769550048828125 2.2374130533362083e-06
1.770550048828125 6.143278202153365e-06
1.771550048828125 4.316001701780017e-06
1.772550048828125 4.571814047292278e-06
1.773550048828125 3.6657703681823177e-06
1.774550048828125 2.0352737835883704e-06
1.775550048828125 7.331743650120734e-06
1.776550048828125 5.191792754109266e-06
1.777550048828125 4.2753695491457195e-06
1.778550048828125 7.1079208103047955e-06
1.779550048828125 4.292305776547957e-06
1.780550048828125 3.772734562313102e-06
1.781550048828125 4.1293987324277e-06
1.782550048828125 5.7697367288827975e-06
1.783550048828125 5.829302267934991e-06
1.784550048828125 3.354047205622664e-06
1.785550048828125 5.0733329550635745e-06
1.786550048828125 6.54398502757177e-06
1.787550048828125 5.113398340316349e-06
1.788550048828125 3.5814414000679197e-06
1.789550048828125 2.292078685843569e-06
1.790550048828125 1.4818781844392516e-06
1.791550048828125 7.325253754807019e-06
1.792550048828125 3.078837749051618e-06
1.793550048828125 5.518321806071405e-06
1.794550048828125 2.485805119513219e-06
1.795550048828125 5.378560627983461e-06
1.796550048828125 7.052143101411762e-06
1.797550048828125 2.3809711161143236e-06
1.798550048828125 4.825673748284004e-06
1.799550048828125 6.216025537362842e-06
1.800550048828125 1.6540666854575654e-06
1.801550048828125 4.063716446499738e-06
1.802550048828125 5.2325779855763955e-06
1.803550048828125 6.009155053983014e-06
1.804550048828125 2.1657984518225965e-06
1.805550048828125 5.431376837509003e-06
1.806550048828125 4.7075469878348676e-06
1.807550048828125 4.87634082314417e-06
1.808550048828125 6.771086941629001e-06
1.809550048828125 5.083284003851986e-06
1.810550048828125 8.590106691960292e-06
1.811550048828125 5.454248776513814e-06
1.812550048828125 9.48294481230809e-06
1.813550048828125 5.691598119941849e-06
1.814550048828125 7.907045586269432e-06
1.815550048828125 7.979753275504848e-06
1.816550048828125 3.256203963232353e-06
1.817550048828125 5.4059418149864415e-06
1.818550048828125 6.0975821875734105e-06
1.819550048828125 6.138116266536087e-06
1.820550048828125 2.527056462689801e-06
1.821550048828125 3.3151846304005335e-06
1.822550048828125 4.484890120228683e-06
1.823550048828125 1.0809928369793292e-05
1.824550048828125 3.872575041736606e-06
1.825550048828125 6.3877234803065475e-06
1.826550048828125 2.0884305099213027e-06
1.827550048828125 7.547151698825427e-06
1.828550048828125 6.406323792793838e-06
1.829550048828125 2.335824822430205e-07
1.830550048828125 1.002804609188626e-05
1.831550048828125 6.718498007257149e-06
1.832550048828125 1.1675703877516739e-05
1.833550048828125 2.5012669708860044e-06
1.834550048828125 2.3354972457435268e-06
1.835550048828125 9.661124157646754e-06
1.836550048828125 7.788860275417645e-06
1.837550048828125 4.391904208752033e-06
1.838550048828125 5.161990915313746e-06
1.839550048828125 8.133194690010246e-06
1.840550048828125 1.1378369270649532e-05
1.841550048828125 1.4097944553032468e-06
1.842550048828125 1.3664801863143984e-06
1.843550048828125 6.942775390728934e-06
1.844550048828125 7.923587156994607e-06
1.845550048828125 7.335745355843229e-06
1.846550048828125 1.0489890293954052e-05
1.847550048828125 8.597503211379764e-06
1.848550048828125 4.518388204415021e-06
1.849550048828125 1.1704002515747947e-05
1.850550048828125 1.9203823070178086e-06
1.851550048828125 7.550342589358891e-06
1.852550048828125 7.821007400705718e-06
1.853550048828125 8.84887919471772e-06
1.854550048828125 3.896826801130555e-06
1.855550048828125 4.975046618078325e-06
1.856550048828125 1.0743805967428902e-05
1.857550048828125 2.865065134240545e-06
1.858550048828125 6.7046422141983406e-06
1.859550048828125 8.635885653402939e-06
1.860550048828125 4.2282169240901705e-06
1.861550048828125 1.113762006176734e-06
1.862550048828125 9.201555799348921e-06
1.863550048828125 7.586363645982718e-06
1.864550048828125 5.220185379205809e-06
1.865550048828125 1.0030975147840752e-06
1.866550048828125 5.9206422769882504e-06
1.867550048828125 8.646584504666818e-06
1.868550048828125 6.685066902353913e-06
1.869550048828125 5.507856073209367e-06
1.870550048828125 4.691861961268173e-06
1.871550048828125 8.682714898143007e-06
1.872550048828125 6.760966459868929e-06
1.873550048828125 4.309935614979415e-06
1.874550048828125 7.267976830864116e-06
1.875550048828125 1.0146853439235808e-05
1.876550048828125 1.0606461962386538e-05
1.877550048828125 3.0167276568482055e-06
1.878550048828125 1.1457469722276673e-05
1.879550048828125 5.937127563086392e-06
1.880550048828125 4.610904579795719e-06
1.881550048828125 5.186457279143175e-06
1.882550048828125 3.775067150079166e-06
1.883550048828125 4.733790230487966e-06
1.884550048828125 7.050470919921515e-06
1.885550048828125 6.2562071136849525e-06
1.886550048828125 7.03804068588607e-06
1.887550048828125 6.480450922837886e-06
1.888550048828125 5.0140893886997975e-06
1.889550048828125 8.718291915869761e-06
1.890550048828125 7.774404051256578e-06
1.891550048828125 5.239588193973247e-06
1.892550048828125 6.163804511310645e-06
1.893550048828125 8.486407000063615e-06
1.894550048828125 7.835526043276095e-06
1.895550048828125 4.854439378524404e-06
1.896550048828125 5.175443616086735e-06
1.897550048828125 5.269056415245267e-06
1.898550048828125 5.57591623997812e-06
1.899550048828125 1.2887702921980637e-05
1.900550048828125 6.3347350330962196e-06
1.901550048828125 3.340642614884721e-06
1.902550048828125 6.578180876100873e-06
1.903550048828125 5.9817475195540865e-06
1.904550048828125 5.886401571475936e-06
1.905550048828125 3.523663983525544e-06
1.906550048828125 7.79235992535879e-06
1.907550048828125 5.490694248035164e-06
1.908550048828125 5.5762202226847185e-06
1.909550048828125 1.0226996792457835e-05
1.910550048828125 1.0666110913080243e-05
1.911550048828125 5.649407582769588e-06
1.912550048828125 8.269818078286293e-06
1.913550048828125 9.375995775770142e-06
1.914550048828125 8.57977163733326e-06
1.915550048828125 6.452474546484267e-06
1.916550048828125 5.8072570560534685e-06
1.917550048828125 1.0920630362933037e-05
1.918550048828125 6.115104553392082e-06
1.919550048828125 4.474545651537393e-06
1.920550048828125 1.4548465982074179e-05
1.921550048828125 5.74967213331702e-06
1.922550048828125 1.1239332755135715e-05
1.923550048828125 7.74530653653512e-06
1.924550048828125 8.351193581354822e-06
1.925550048828125 7.1466326160520934e-06
1.926550048828125 1.3105692041290739e-05
1.927550048828125 7.2249796902754755e-06
1.928550048828125 6.608970687713142e-06
1.929550048828125 1.4702405253505813e-05
1.930550048828125 1.2286600493013498e-05
1.931550048828125 1.226032815800452e-05
1.932550048828125 2.08484229979885e-06
1.933550048828125 8.876579547030779e-06
1.934550048828125 1.0791154404180104e-05
1.935550048828125 6.061490164454063e-06
1.936550048828125 5.484303200299858e-06
1.937550048828125 6.251026559777757e-06
1.938550048828125 4.72351236514472e-06
1.939550048828125 1.3115525362791372e-05
1.940550048828125 6.181489313355862e-06
1.941550048828125 1.0586636010465161e-05
1.942550048828125 2.903120098125649e-06
1.943550048828125 9.016699760680685e-06
1.944550048828125 8.66946223178874e-06
1.945550048828125 5.899357867489597e-06
1.946550048828125 5.4071753613455255e-06
1.947550048828125 8.74995679690506e-06
1.948550048828125 6.147198291244703e-06
1.949550048828125 9.583281711169974e-06
1.950550048828125 8.170911754106843e-06
1.951550048828125 6.7530221071901185e-06
1.952550048828125 6.7136281253126244e-06
1.953550048828125 7.132151331577986e-06
1.954550048828125 1.1170080109549451e-05
1.955550048828125 1.0003028320015692e-05
1.956550048828125 1.1776678669269405e-05
1.957550048828125 8.350933800540153e-06
1.958550048828125 9.325276188725925e-06
1.959550048828125 8.691754328617184e-06
1.960550048828125 8.924099646313817e-06
1.961550048828125 5.751932870733929e-06
1.962550048828125 5.867297422475039e-06
1.963550048828125 6.988165536915167e-06
1.964550048828125 4.8304761736517915e-06
1.965550048828125 2.9656799678624008e-06
1.966550048828125 7.83805427047782e-06
1.967550048828125 8.233789411838041e-06
1.968550048828125 1.5225854127790059e-06
1.969550048828125 1.0952554077221714e-05
1.970550048828125 6.3139341069034255e-06
1.971550048828125 8.604707878281533e-06
1.972550048828125 8.281503184938709e-06
1.973550048828125 1.0358299242422806e-05
1.974550048828125 6.882646035009482e-08
1.975550048828125 8.095779918198018e-06
1.976550048828125 5.7678729192928184e-06
1.977550048828125 8.980862450875653e-06
1.978550048828125 3.5851139773535596e-06
1.979550048828125 8.866069612809518e-06
1.980550048828125 1.4034454762746372e-05
1.981550048828125 5.929392582566715e-07
1.982550048828125 7.847458915927455e-06
1.983550048828125 5.220377816634601e-06
1.984550048828125 1.1129775956897504e-05
1.985550048828125 8.15922237222752e-07
1.986550048828125 4.624365798719917e-06
1.987550048828125 8.31661387900604e-06
1.988550048828125 8.920375388748536e-06
1.989550048828125 2.3823976212054934e-07
1.990550048828125 3.997498653364427e-06
1.991550048828125 6.835315056378435e-06
1.992550048828125 1.612512514180424e-05
1.993550048828125 3.926726862821015e-06
1.994550048828125 3.899978292908505e-06
1.995550048828125 9.786854787035017e-06
1.996550048828125 3.1352843786987604e-06
1.997550048828125 7.0860571022038735e-06
1.998550048828125 5.5328152336482185e-06
1.999550048828125 7.720688345679644e-06
2.000550048828125 9.022569003868451e-06
2.001550048828125 5.003160780148281e-06
2.002550048828125 5.797028625670834e-06
2.003550048828125 5.194383521748088e-06
2.004550048828125 1.137551626150676e-05
2.005550048828125 6.415221955728193e-06
2.006550048828125 4.480621233410022e-06
2.007550048828125 2.190199139609413e-06
2.008550048828125 7.856907069135839e-06
2.009550048828125 1.0200258698389005e-05
2.010550048828125 1.0878120053767549e-05
2.011550048828125 6.458693142635503e-06
2.012550048828125 3.3604935992134024e-06
2.013550048828125 1.0861571208549854e-05
2.014550048828125 5.0844640019186525e-06
2.015550048828125 9.074379329931122e-06
2.016550048828125 8.731173833325442e-06
2.017550048828125 2.030043036456551e-06
2.018550048828125 1.2961346561927058e-05
2.019550048828125 5.21051083276138e-06
2.020550048828125 1.6632592713080855e-05
2.021550048828125 4.8076178884236585e-11
2.022550048828125 1.2523762784427817e-05
2.023550048828125 9.264737405594452e-08
2.024550048828125 9.64046386914381e-06
2.025550048828125 7.9308857762909e-06
2.026550048828125 6.645545910806618e-06
2.027550048828125 8.559545046586375e-06
2.028550048828125 8.160454554338024e-06
2.029550048828125 7.088283863260143e-06
2.030550048828125 6.270630932730487e-06
2.031550048828125 4.0048083377269205e-06
2.032550048828125 6.734980856469476e-06
2.033550048828125 7.1913023821486175e-06
2.034550048828125 5.065841012026897e-06
2.035550048828125 7.069145487376579e-06
2.036550048828125 1.7360082574114058e-06
2.037550048828125 5.9117720160143335e-06
2.038550048828125 1.125544441099539e-05
2.039550048828125 9.115428458048185e-06
2.040550048828125 6.763731168282656e-06
2.041550048828125 3.112146192693484e-06
2.042550048828125 5.398550413635935e-06
2.043550048828125 8.67226970317247e-06
2.044550048828125 2.9035129196042854e-06
2.045550048828125 6.5326855949906755e-06
2.046550048828125 1.1639437928658822e-05
2.047550048828125 7.586349493562937e-06
2.048550048828125 9.822014947091704e-06
2.049550048828125 6.6140429502766755e-06
2.050550048828125 7.2996560978832166e-06
2.051550048828125 5.256625163452228e-06
2.052550048828125 6.716883417376903e-06
2.053550048828125 1.254086148280838e-05
2.054550048828125 1.6157282319583785e-05
2.055550048828125 7.643778374467297e-06
2.056550048828125 5.228616647056359e-06
2.057550048828125 5.508452662679494e-06
2.058550048828125 8.406790337054666e-06
2.059550048828125 3.973375409609761e-06
2.060550048828125 3.184637769798816e-06
2.061550048828125 6.243531055975573e-06
2.062550048828125 6.645725250682114e-06
2.063550048828125 1.3799664674171327e-05
2.064550048828125 7.294537916541525e-06
2.065550048828125 1.1896325714951408e-06
2.066550048828125 1.1684348750990337e-05
2.067550048828125 1.2792316015886633e-05
2.068550048828125 2.411037918519193e-06
2.069550048828125 8.6083850076925e-06
2.070550048828125 7.405668520456781e-06
2.071550048828125 6.052233122104201e-06
2.072550048828125 3.192714222343738e-06
2.073550048828125 3.928103200555074e-06
2.074550048828125 1.1779379002630578e-05
2.075550048828125 1.4887923719411864e-06
2.076550048828125 8.377795918756796e-06
2.077550048828125 4.514859357402558e-06
2.078550048828125 1.2691201586653997e-05
2.079550048828125 2.5709949308713344e-06
2.080550048828125 1.172949289778347e-05
2.081550048828125 1.3915019598788277e-05
2.082550048828125 3.8020368846089487e-06
2.083550048828125 5.858904149418109e-06
2.084550048828125 5.3807444136203e-06
2.085550048828125 1.059248489755457e-05
2.086550048828125 5.8729098638677344e-06
2.087550048828125 4.0233867543055505e-06
2.088550048828125 1.4372488314689525e-05
2.089550048828125 4.8800273621786004e-11
2.090550048828125 4.538973623017248e-06
2.091550048828125 1.2975140502742326e-05
2.092550048828125 9.984587941325328e-06
2.093550048828125 6.6343601492391425e-06
2.094550048828125 1.2290399466312878e-05
2.095550048828125 2.7563999026968187e-06
2.096550048828125 1.8558699049452683e-05
2.097550048828125 6.468659300352708e-06
2.098550048828125 4.283545430522938e-06
2.099550048828125 1.3613021658537172e-05
2.100550048828125 6.21208983246852e-06
2.101550048828125 6.7220899576959895e-06
2.102550048828125 9.11445881854567e-06
2.103550048828125 1.4194638366540564e-05
2.104550048828125 4.6331476354041565e-06
2.105550048828125 6.194015273937683e-06
2.106550048828125 1.4083542917935983e-05
2.107550048828125 7.7258920151283e-06
2.108550048828125 1.0436442763095262e-05
2.109550048828125 8.515756897316316e-06
2.110550048828125 1.6547649931464e-05
2.111550048828125 3.572959304782335e-06
2.112550048828125 1.1327141216066237e-05
2.113550048828125 2.5851347354388655e-06
2.114550048828125 9.980985003531704e-06
2.115550048828125 1.1757072533383098e-05
2.116550048828125 1.3906249817224272e-05
2.117550048828125 3.472399295805601e-06
2.118550048828125 5.264389627234641e-06
2.119550048828125 9.235367052285127e-06
2.120550048828125 5.898147061750508e-06
2.121550048828125 5.347357004964373e-06
2.122550048828125 1.962263114792017e-05
2.123550048828125 1.2939565705935937e-05
2.124550048828125 1.4021848371823255e-05
2.125550048828125 9.224294189173693e-06
2.126550048828125 8.189309784206089e-06
2.127550048828125 8.103370164046411e-06
2.128550048828125 5.872693706362944e-06
2.129550048828125 1.4143077848496241e-05
2.130550048828125 3.1283918085294175e-06
2.131550048828125 3.5242940650804586e-06
2.132550048828125 7.725903351123236e-06
2.133550048828125 6.915820385961394e-06
2.134550048828125 9.6001696485115e-06
2.135550048828125 1.4543044739530377e-05
2.136550048828125 1.6048550488029817e-05
2.137550048828125 1.6456678095353254e-05
2.138550048828125 1.510762512940093e-05
2.139550048828125 2.0026467497074772e-06
2.140550048828125 1.1846586758490345e-05
2.141550048828125 6.335671112820625e-06
2.142550048828125 1.5483207343620518e-05
2.143550048828125 9.478549303980206e-06
2.144550048828125 7.458594122046292e-06
2.145550048828125 8.449042171077577e-06
2.146550048828125 1.594717927502636e-05
2.147550048828125 3.440097482851457e-06
2.148550048828125 7.411320350913628e-06
2.149550048828125 1.2831437102528576e-05
2.150550048828125 4.040295540449972e-06
2.151550048828125 1.2441303847053107e-05
2.152550048828125 1.806910401696804e-05
2.153550048828125 8.668500946492923e-06
2.154550048828125 1.8774333879275505e-05
2.155550048828125 1.4489502056970477e-05
2.156550048828125 1.2063371265607609e-05
2.157550048828125 9.691846903099498e-06
2.158550048828125 8.594150204443875e-06
2.159550048828125 1.0878134756259462e-05
2.160550048828125 3.4475926006323436e-06
2.161550048828125 1.7183084085906072e-05
2.162550048828125 4.070959290037237e-06
2.163550048828125 9.406988139777664e-06
2.164550048828125 2.2388975129924966e-06
2.165550048828125 1.5592475909016174e-05
2.166550048828125 1.2284614651579386e-05
2.167550048828125 8.60989984213723e-06
2.168550048828125 1.146399082542496e-05
2.169550048828125 2.904323266839683e-06
2.170550048828125 8.155917371543197e-06
2.171550048828125 2.5353408296916743e-05
2.172550048828125 1.3420606283875406e-06
2.173550048828125 1.615706096571424e-05
2.174550048828125 1.6474025133744402e-05
2.175550048828125 5.228081102763257e-06
2.176550048828125 4.052162046080102e-06
2.177550048828125 1.2454241116446578e-05
2.178550048828125 1.0683416105101289e-05
2.179550048828125 1.1904000393778277e-05
2.180550048828125 1.3518690777503219e-05
2.181550048828125 1.397478034394834e-05
2.182550048828125 6.654100448874764e-06
2.183550048828125 1.2827241561366502e-05
2.184550048828125 1.4490443550603647e-05
2.185550048828125 1.9981257812440495e-05
2.186550048828125 3.8020865854930125e-06
2.187550048828125 6.150011779933167e-06
2.188550048828125 1.2948882330348975e-05
2.189550048828125 1.5335535828263986e-05
2.190550048828125 1.025951365470608e-05
2.191550048828125 8.503298120708045e-06
2.192550048828125 1.0978944250599674e-05
2.193550048828125 1.5177070602291529e-05
2.194550048828125 1.1091356276139381e-05
2.195550048828125 8.532378819511138e-07
2.196550048828125 8.091191597666322e-06
2.197550048828125 3.1568784579448266e-06
2.198550048828125 1.3745233702103691e-05
2.199550048828125 6.657192265039455e-06
2.200550048828125 1.919697106240209e-05
2.201550048828125 4.948490233033018e-06
2.202550048828125 2.6685088103741197e-05
2.203550048828125 4.927645827841847e-11
2.204550048828125 9.245799607017826e-06
2.205550048828125 1.6374357235967244e-05
2.206550048828125 7.878604305735679e-06
2.207550048828125 1.0984685594887176e-05
2.208550048828125 1.66528590035117e-05
2.209550048828125 8.141703860998163e-07
2.210550048828125 1.3137342908210185e-05
2.211550048828125 2.2427809573543458e-05
2.212550048828125 1.4805252202994547e-05
2.213550048828125 1.4458318868653371e-05
2.214550048828125 1.1019081842442473e-05
2.215550048828125 1.186818497608516e-05
2.216550048828125 7.9659405599943e-06
2.217550048828125 3.622493082983431e-06
2.218550048828125 1.940354831758118e-05
2.219550048828125 1.1003437905023776e-05
2.220550048828125 2.712254593465722e-06
2.221550048828125 9.99416139011002e-06
2.222550048828125 1.6837423963336204e-05
2.223550048828125 2.5868549729608237e-05
2.224550048828125 8.647901672691378e-07
2.225550048828125 1.6290901131587957e-05
2.226550048828125 6.4649009230227706e-06
2.227550048828125 7.071252822833828e-06
2.228550048828125 5.583440055189639e-06
2.229550048828125 5.136697634093072e-06
2.230550048828125 2.486376512593895e-05
2.231550048828125 1.6410972182583514e-05
2.232550048828125 1.0120182595440053e-05
2.233550048828125 2.3229331047160565e-05
2.234550048828125 4.031536235000029e-06
2.235550048828125 2.1522731556402605e-05
2.236550048828125 2.8605849265445686e-05
2.237550048828125 8.222789124019637e-06
2.238550048828125 1.1415986462379535e-05
2.239550048828125 2.5881279492069803e-05
2.240550048828125 1.1950257646018751e-05
2.241550048828125 1.6934066826446423e-05
2.242550048828125 2.797728085180842e-05
2.243550048828125 1.8304401263084635e-05
2.244550048828125 2.6358855303536218e-05
2.245550048828125 3.2898048986520965e-05
2.246550048828125 1.6733276576418096e-05
2.247550048828125 1.4400080217597826e-05
2.248550048828125 2.3451423463561356e-05
2.249550048828125 3.879132578913839e-06
2.250550048828125 2.0666578451232865e-05
2.251550048828125 1.4758853685146603e-05
2.252550048828125 1.3661382367960286e-05
2.253550048828125 2.512315078872241e-05
2.254550048828125 1.2634295741168257e-05
2.255550048828125 3.147553518722032e-05
2.256550048828125 3.6477973045768183e-05
2.257550048828125 3.381844602452959e-05
2.258550048828125 4.839406454754395e-11
2.259550048828125 1.2985373048504773e-05
2.260550048828125 1.915824618968109e-05
2.261550048828125 2.3654767117564625e-05
2.262550048828125 2.585852154613943e-06
2.263550048828125 1.6278909491319444e-05
2.264550048828125 2.176289598073029e-05
2.265550048828125 1.4295228223379995e-05
2.266550048828125 1.1620230288682379e-05
2.267550048828125 2.811325579272324e-05
2.268550048828125 1.0986365455716903e-05
2.269550048828125 1.1316041268121514e-05
2.270550048828125 6.3806254557573254e-06
2.271550048828125 2.7322667974694217e-05
2.272550048828125 2.4316710741336335e-05
2.273550048828125 2.4967907953462985e-06
2.274550048828125 2.257951489809809e-05
2.275550048828125 1.1325791015101428e-05
2.276550048828125 4.786305899326161e-06
2.277550048828125 2.470389295929122e-05
2.278550048828125 5.638275711987197e-06
2.279550048828125 1.4650845770866739e-05
2.280550048828125 1.0271581625991683e-05
2.281550048828125 9.170956595077493e-06
2.282550048828125 1.0551866190228916e-05
2.283550048828125 1.569439844621767e-05
2.284550048828125 3.825365695536758e-06
2.285550048828125 1.0137088134037404e-05
2.286550048828125 3.6414117970478416e-06
2.287550048828125 1.2290991576026528e-05
2.288550048828125 1.2663036933893366e-05
2.289550048828125 7.664761659442373e-06
2.290550048828125 1.2242040168962184e-05
2.291550048828125 1.5121672615737255e-06
2.292550048828125 1.2299678969181243e-05
2.293550048828125 1.2120730193396576e-05
2.294550048828125 6.648011988750128e-06
2.295550048828125 6.919689173185535e-06
2.296550048828125 9.548833501902549e-06
2.297550048828125 1.0321085761313205e-05
2.298550048828125 7.783985244672874e-06
2.299550048828125 5.980902631248296e-06
2.300550048828125 7.997353202019549e-06
2.301550048828125 5.344309359752907e-06
2.302550048828125 9.602886962913195e-06
2.303550048828125 8.983681966658851e-06
2.304550048828125 6.961032406126731e-06
2.305550048828125 2.3430182247031332e-07
2.306550048828125 1.087808423841424e-05
2.307550048828125 6.695831288367133e-06
2.308550048828125 7.939609122400593e-06
2.309550048828125 5.793944987731528e-06
2.310550048828125 9.2462148282874e-06
2.311550048828125 6.402968691301166e-06
2.312550048828125 4.732614406077049e-07
2.313550048828125 5.27273862155293e-06
2.314550048828125 7.6170459853283146e-06
2.315550048828125 3.394866042522822e-06
2.316550048828125 3.556175847901665e-06
2.317550048828125 8.226376003398753e-06
2.318550048828125 4.210997894891834e-06
2.319550048828125 5.539607826599874e-06
2.320550048828125 4.726230242048014e-06
2.321550048828125 9.88649827768442e-06
2.322550048828125 1.0342817850746222e-06
2.323550048828125 4.835111473415669e-06
2.324550048828125 4.760627963237313e-06
2.325550048828125 5.10595323931686e-06
2.326550048828125 4.2357989032944465e-06
2.327550048828125 2.704483472568581e-06
2.328550048828125 3.647850430905677e-06
2.329550048828125 4.890299624659691e-06
2.330550048828125 5.463148581795011e-06
2.331550048828125 1.7795483961071186e-06
2.332550048828125 5.023992557916819e-06
2.333550048828125 2.183784374011182e-06
2.334550048828125 3.3005571015267955e-06
2.335550048828125 2.1618046279175846e-06
2.336550048828125 4.0567944029622e-06
2.337550048828125 3.8139399826895047e-06
2.338550048828125 3.828255235555748e-06
2.339550048828125 6.070543397841118e-07
2.340550048828125 2.0914108791538883e-06
2.341550048828125 3.257854356259676e-06
2.342550048828125 2.5442365688446284e-06
2.343550048828125 1.174868751062283e-06
2.344550048828125 3.486793940203846e-06
2.345550048828125 3.7365009614744305e-06
2.346550048828125 2.6631766446811514e-06
2.347550048828125 3.2071787723061245e-06
2.348550048828125 4.409360384699784e-06
2.349550048828125 2.2416084002482876e-06
2.350550048828125 4.490784682363868e-07
2.351550048828125 4.469280747520948e-06
2.352550048828125 3.6457004981083876e-06
2.353550048828125 4.246099107511071e-06
2.354550048828125 1.3313232271163334e-06
2.355550048828125 2.7725786231103112e-06
2.356550048828125 2.327510340736519e-06
2.357550048828125 2.109909202819961e-06
2.358550048828125 3.1000823287005683e-06
2.359550048828125 3.3059618806901887e-06
2.360550048828125 2.172397392334859e-06
2.361550048828125 2.5141202620210134e-06
2.362550048828125 2.0383251316523228e-06
2.363550048828125 2.4057664992091642e-06
2.364550048828125 2.4984609375066116e-06
2.365550048828125 1.4707588441490894e-06
2.366550048828125 1.5504702573958973e-06
2.367550048828125 1.897775149248522e-06
2.368550048828125 1.7549826723367335e-06
2.369550048828125 1.530805603678735e-06
2.370550048828125 1.2160363013449672e-06
2.371550048828125 1.207189606400134e-06
2.372550048828125 1.0565896255536683e-06
2.373550048828125 8.391911156704726e-07
2.374550048828125 3.3828484201913344e-07
2.375550048828125 1.0012774085907579e-06
2.376550048828125 6.898137683511245e-07
2.377550048828125 6.308076629119216e-07
2.378550048828125 5.609354218789562e-07
2.379550048828125 5.009144632174062e-07
2.380550048828125 6.53892273204889e-07
2.381550048828125 4.731512931304778e-07
2.382550048828125 4.840992938208076e-07
2.383550048828125 5.248970829659032e-07
2.384550048828125 5.146997562841276e-07
2.385550048828125 5.581579596542851e-07
2.386550048828125 4.797983585876038e-07
2.387550048828125 6.069768850232327e-07
2.388550048828125 5.900657007054741e-07
2.389550048828125 4.923182741650665e-07
2.390550048828125 5.462389462144174e-07
2.391550048828125 5.29245631229855e-07
2.392550048828125 5.820137779886827e-07
2.393550048828125 5.300884060475397e-07
2.394550048828125 5.643623093685411e-07
2.395550048828125 4.6519204299066485e-07
2.396550048828125 4.5962764601895875e-07
2.397550048828125 5.387151780990522e-07
2.398550048828125 4.998990768800226e-07
2.399550048828125 4.227292079598837e-07
2.400550048828125 4.815046492845642e-07
2.401550048828125 4.027648764605869e-07
2.402550048828125 4.478606546914794e-07
2.403550048828125 3.8484112568844916e-07
2.404550048828125 3.558248677458254e-07
2.405550048828125 3.5636934031440116e-07
2.406550048828125 3.551504322692269e-07
2.407550048828125 2.823633543912792e-07
2.408550048828125 2.95086458669821e-07
2.409550048828125 2.716584909836375e-07
2.410550048828125 2.394476142614293e-07
2.411550048828125 2.3264621717149e-07
2.412550048828125 2.1071076466447633e-07
2.413550048828125 1.7868599076092544e-07
2.414550048828125 1.6646867498709185e-07
2.415550048828125 1.533203839776551e-07
2.416550048828125 1.3997301716025968e-07
2.417550048828125 1.251905346185143e-07
2.418550048828125 1.2096892697820005e-07
2.419550048828125 1.062276816514287e-07
2.420550048828125 9.672739447341967e-08
2.421550048828125 8.861534265239535e-08
2.422550048828125 8.200203554871226e-08
2.423550048828125 7.474791730187903e-08
2.424550048828125 6.796981661918576e-08
2.425550048828125 6.453708701794852e-08
2.426550048828125 5.984359655126362e-08
2.427550048828125 5.6593789067897836e-08
2.428550048828125 5.2878234772479775e-08
2.429550048828125 4.741839310594309e-08
2.430550048828125 4.7555246076603155e-08
2.431550048828125 4.2826527758857315e-08
2.432550048828125 4.015291249294473e-08
2.433550048828125 3.861775360566291e-08
2.434550048828125 3.561343034651025e-08
2.435550048828125 3.383184749891244e-08
2.436550048828125 3.0662022654457936e-08
2.437550048828125 2.960619534411557e-08
2.438550048828125 2.7359426015582012e-08
2.439550048828125 2.497182006934877e-08
2.440550048828125 2.3798582478918274e-08
2.441550048828125 2.1578321405670405e-08
2.442550048828125 2.0345840820481208e-08
2.443550048828125 1.802047452902402e-08
2.444550048828125 1.7170853230208247e-08
2.445550048828125 1.5301860828400104e-08
2.446550048828125 1.4230421634282247e-08
2.447550048828125 1.3107530051229264e-08
2.448550048828125 1.1587043487796697e-08
2.449550048828125 1.0496912901303794e-08
2.450550048828125 9.678446013554743e-09
2.451550048828125 8.974557045238134e-09
2.452550048828125 8.066824141838763e-09
2.453550048828125 7.103015500367743e-09
2.454550048828125 6.3230113084957116e-09
2.455550048828125 5.882324874584456e-09
2.456550048828125 5.0382715015669265e-09
2.457550048828125 4.645858089921857e-09
2.458550048828125 4.23348434244614e-09
2.459550048828125 3.667134595530913e-09
2.460550048828125 3.3729862840432244e-09
2.461550048828125 2.9623032964010536e-09
2.462550048828125 2.647945078408824e-09
2.463550048828125 2.344967457723768e-09
2.464550048828125 2.0986810795221335e-09
2.465550048828125 1.931819810455393e-09
2.466550048828125 1.6919297094663042e-09
2.467550048828125 1.5203024374660256e-09
2.468550048828125 1.3989518489426398e-09
2.469550048828125 1.2230422887113252e-09
2.470550048828125 1.0964518892805605e-09
2.471550048828125 1.0286517018446464e-09
2.472550048828125 9.068620528434529e-10
2.473550048828125 8.175925114252589e-10
2.474550048828125 7.523585118284605e-10
2.475550048828125 6.748261846855082e-10
2.476550048828125 6.273296132949081e-10
2.477550048828125 5.620135372872188e-10
2.478550048828125 5.160648173290875e-10
2.479550048828125 4.932054882444157e-10
2.480550048828125 4.4854998959017727e-10
2.481550048828125 4.2882774275109753e-10
2.482550048828125 4.068011262914443e-10
2.483550048828125 3.7605683038471853e-10
2.484550048828125 3.53525442986438e-10
2.485550048828125 3.447603496326267e-10
2.486550048828125 3.280589033437853e-10
2.487550048828125 3.228795656126997e-10
2.488550048828125 3.117203671688729e-10
2.489550048828125 3.024976683049896e-10
2.490550048828125 2.972633265653913e-10
2.491550048828125 2.924330539905803e-10
2.492550048828125 2.927903930389874e-10
2.493550048828125 2.895762558447067e-10
2.494550048828125 2.823451817261376e-10
2.495550048828125 2.871781027044718e-10
2.496550048828125 2.860036903083557e-10
2.497550048828125 2.860217850347464e-10
2.498550048828125 2.8939158058849886e-10
2.499550048828125 2.9060009156135205e-10
2.500550048828125 2.9514377471602304e-10
2.501550048828125 2.912097805916091e-10
2.502550048828125 2.9652536910074917e-10
2.503550048828125 2.982993417304623e-10
2.504550048828125 3.010654440952781e-10
2.505550048828125 3.0339436029117467e-10
2.506550048828125 3.0271147064093574e-10
2.507550048828125 3.066455417027873e-10
2.508550048828125 3.0612757975795566e-10
2.509550048828125 3.062444229190884e-10
2.510550048828125 3.0530096718079063e-10
2.511550048828125 3.044444117296786e-10
2.512550048828125 3.04679402864282e-10
2.513550048828125 2.9924432537228026e-10
2.514550048828125 2.9558144151664897e-10
2.515550048828125 2.913782960960771e-10
2.516550048828125 2.8675288764472865e-10
2.517550048828125 2.8157219011683324e-10
2.518550048828125 2.756790032072484e-10
2.519550048828125 2.6873691040352164e-10
2.520550048828125 2.6014179212104505e-10
2.521550048828125 2.5418698275181774e-10
2.522550048828125 2.465433028403755e-10
2.523550048828125 2.371931181515615e-10
2.524550048828125 2.2897038361560643e-10
2.525550048828125 2.2049233929636477e-10
2.526550048828125 2.1212491319265207e-10
2.527550048828125 2.0311505868384748e-10
2.528550048828125 1.9383969354829323e-10
2.529550048828125 1.8525579001855702e-10
2.530550048828125 1.7626639490435158e-10
2.531550048828125 1.6917431223130604e-10
2.532550048828125 1.6104914167560058e-10
2.533550048828125 1.5333061675470633e-10
2.534550048828125 1.4635353149114223e-10
2.535550048828125 1.39798976768882e-10
2.536550048828125 1.3372139180466149e-10
2.537550048828125 1.2790655362945554e-10
2.538550048828125 1.2284286331407277e-10
2.539550048828125 1.186326657886519e-10
2.540550048828125 1.1320896274424823e-10
2.541550048828125 1.090000649368013e-10
2.542550048828125 1.0301696695116923e-10
2.543550048828125 9.891263665361851e-11
2.544550048828125 9.476668734669257e-11
2.545550048828125 9.111560002750826e-11
2.546550048828125 8.742476202744472e-11
2.547550048828125 8.481908691590367e-11
2.548550048828125 8.239538659461842e-11
2.549550048828125 7.850874058565591e-11
2.550550048828125 7.621314823670392e-11
2.551550048828125 7.434276385771108e-11
2.552550048828125 7.213100403778514e-11
2.553550048828125 7.012648099118636e-11
2.554550048828125 6.849488135978794e-11
2.555550048828125 6.599973441073087e-11
2.556550048828125 6.41752262429441e-11
2.557550048828125 6.217090740239035e-11
2.558550048828125 6.037803891432411e-11
2.559550048828125 5.860246286894836e-11
2.560550048828125 5.716534357168179e-11
2.561550048828125 5.420654836117778e-11
2.562550048828125 5.22383104802141e-11
2.563550048828125 4.9577152100271644e-11
2.564550048828125 4.767103075568804e-11
2.565550048828125 4.4981465952401445e-11
2.566550048828125 4.2815293304735306e-11
2.567550048828125 4.0313800436376674e-11
2.568550048828125 3.746145867914611e-11
2.569550048828125 3.514483447485927e-11
2.570550048828125 3.22313032608035e-11
2.571550048828125 2.9977335955289954e-11
2.572550048828125 2.7576036594320035e-11
2.573550048828125 2.5110913125567466e-11
2.574550048828125 2.2879055460412858e-11
2.575550048828125 2.0675884913045552e-11
2.576550048828125 1.8676884155225694e-11
2.577550048828125 1.6681186379575448e-11
2.578550048828125 1.485880426045873e-11
2.579550048828125 1.3152446633265907e-11
2.580550048828125 1.1781464462255463e-11
2.581550048828125 1.0313453927334534e-11
2.582550048828125 9.082803038196348e-12
2.583550048828125 7.953278193381487e-12
2.584550048828125 6.990670166202429e-12
2.585550048828125 6.073767845559043e-12
2.586550048828125 5.254123278223264e-12
2.587550048828125 4.612716325076045e-12
2.588550048828125 3.984576405638576e-12
2.589550048828125 3.486330028572683e-12
2.590550048828125 3.01433940347756e-12
2.591550048828125 2.594594717875607e-12
2.592550048828125 2.2632662135891127e-12
2.593550048828125 1.9604511303596393e-12
2.594550048828125 1.6863098448969312e-12
2.595550048828125 1.4752953447047558e-12
2.596550048828125 1.275949562693416e-12
2.597550048828125 1.1153410216972762e-12
2.598550048828125 9.84006249097112e-13
