Wavelength_microns Throughput
0.5503499755859375 1.3258362203730872e-09
0.5513499755859375 2.3343435596082007e-09
0.5523499755859375 2.6545919754386976e-09
0.5533499755859375 2.3511174713337685e-09
0.5543499755859375 2.4192703864089173e-09
0.5553499755859375 3.7527386255714755e-09
0.5563499755859375 5.199099401217386e-09
0.5573499755859375 2.823003694950147e-09
0.5583499755859375 2.1651718810579714e-09
0.5593499755859375 2.275057414748309e-09
0.5603499755859375 1.5787428659894984e-09
0.5613499755859375 1.744787315522181e-09
0.5623499755859375 3.215665248574892e-09
0.5633499755859375 4.639402109077509e-09
0.5643499755859375 5.8126731075867555e-09
0.5653499755859375 8.045478727569978e-09
0.5663499755859375 9.375036039445556e-09
0.5673499755859375 1.2907080775508109e-08
0.5683499755859375 1.9083437014605594e-08
0.5693499755859375 4.1145705342865755e-09
0.5703499755859375 9.18447591868649e-10
0.5713499755859375 7.463855457014635e-09
0.5723499755859375 2.1032787946678666e-09
0.5733499755859375 4.982485274256029e-10
0.5743499755859375 3.0278917826897163e-12
0.5753499755859375 1.246942913984511e-09
0.5763499755859375 2.797945596505021e-12
0.5773499755859375 7.351038802945616e-10
0.5783499755859375 2.473348804176807e-12
0.5793499755859375 2.4463760004902364e-10
0.5803499755859375 1.8738349774367387e-09
0.5813499755859375 3.982270238816814e-09
0.5823499755859375 7.719069463851934e-09
0.5833499755859375 6.517809338235015e-09
0.5843499755859375 3.2681754218902413e-09
0.5853499755859375 7.839453882020153e-09
0.5863499755859375 2.415076348337817e-09
0.5873499755859375 6.3536414068509194e-12
0.5883499755859375 6.869334708137924e-12
0.5893499755859375 7.31076127233481e-12
0.5903499755859375 2.6086645564029447e-09
0.5913499755859375 1.034159870398711e-08
0.5923499755859375 1.702154757830951e-08
0.5933499755859375 2.1979287144984244e-08
0.5943499755859375 5.4024289786244614e-09
0.5953499755859375 1.1803176529870031e-08
0.5963499755859375 5.170190088995908e-09
0.5973499755859375 7.209032480512894e-09
0.5983499755859375 2.4188094710727556e-08
0.5993499755859375 2.3806568975097255e-08
0.6003499755859375 7.3356159979824415e-09
0.6013499755859375 1.3373223522732986e-08
0.6023499755859375 1.6198099808378955e-08
0.6033499755859375 1.0942505436477638e-11
0.6043499755859375 1.4785181127790854e-08
0.6053499755859375 1.4570753217622652e-08
0.6063499755859375 8.953467547497084e-09
0.6073499755859375 2.488978614043058e-08
0.6083499755859375 1.0346953958142322e-08
0.6093499755859375 1.0346268440449577e-08
0.6103499755859375 1.4162451759002025e-08
0.6113499755859375 4.095774833310185e-09
0.6123499755859375 1.8437989823412844e-08
0.6133499755859375 2.27578322380853e-08
0.6143499755859375 7.381081078064654e-11
0.6153499755859375 3.233083656101965e-08
0.6163499755859375 9.964565109934603e-09
0.6173499755859375 1.5774822706877996e-08
0.6183499755859375 5.995163010769655e-09
0.6193499755859375 5.532872904604902e-09
0.6203499755859375 9.12508447828444e-09
0.6213499755859375 1.4541210488117374e-08
0.6223499755859375 1.4173828860365452e-11
0.6233499755859375 5.789764196336915e-09
0.6243499755859375 1.66000133174002e-09
0.6253499755859375 7.020267494414032e-09
0.6263499755859375 4.05128036301749e-09
0.6273499755859375 1.1728574507410328e-08
0.6283499755859375 4.146950623343746e-09
0.6293499755859375 5.854234873778021e-09
0.6303499755859375 9.872433258143513e-09
0.6313499755859375 8.10358597564222e-09
0.6323499755859375 1.4142764231540073e-08
0.6333499755859375 3.353516377850796e-08
0.6343499755859375 6.1775578696192415e-09
0.6353499755859375 4.326258301056948e-09
0.6363499755859375 1.7638170752281337e-08
0.6373499755859375 1.6758544991042632e-08
0.6383499755859375 2.4348048076442552e-08
0.6393499755859375 1.0797761689335983e-08
0.6403499755859375 3.625798809956329e-08
0.6413499755859375 8.52889651910376e-09
0.6423499755859375 1.932709372057575e-08
0.6433499755859375 2.9534886547931266e-08
0.6443499755859375 1.780037424012719e-08
0.6453499755859375 1.5997905954708604e-08
0.6463499755859375 8.150352488606032e-09
0.6473499755859375 1.69248691746861e-08
0.6483499755859375 1.963763220072856e-09
0.6493499755859375 2.1794842871249917e-08
0.6503499755859375 9.756892246239915e-09
0.6513499755859375 1.516468688513284e-08
0.6523499755859375 1.098322369334887e-08
0.6533499755859375 1.734097568779369e-08
0.6543499755859375 6.901044792609163e-08
0.6553499755859375 3.998818634642715e-08
0.6563499755859376 2.838755174714366e-08
0.6573499755859376 2.619713811848587e-08
0.6583499755859376 4.369005994406643e-08
0.6593499755859376 1.4721248326514116e-08
0.6603499755859376 2.0994920641097934e-08
0.6613499755859376 6.135976655144246e-08
0.6623499755859374 3.7677482607624003e-08
0.6633499755859374 4.854957050305208e-08
0.6643499755859374 5.679437258263523e-08
0.6653499755859374 8.402209086056351e-08
0.6663499755859374 1.1160819090402944e-07
0.6673499755859374 4.986914570691835e-08
0.6683499755859375 6.00896783863711e-08
0.6693499755859375 5.059503569233934e-08
0.6703499755859375 8.017289386233363e-08
0.6713499755859375 5.745900043677495e-08
0.6723499755859375 1.9100157480814553e-08
0.6733499755859375 3.3223593481523685e-08
0.6743499755859375 5.240844834019664e-08
0.6753499755859375 5.33640185135583e-08
0.6763499755859375 2.5823166573954292e-08
0.6773499755859375 7.0630522737085e-08
0.6783499755859375 5.2103650533322366e-08
0.6793499755859375 2.3152718551924007e-08
0.6803499755859375 2.056534329262714e-11
0.6813499755859375 1.5517993710716816e-08
0.6823499755859375 4.0176900142248004e-09
0.6833499755859375 3.445886865307614e-08
0.6843499755859375 2.18501923668424e-08
0.6853499755859375 4.296377414970308e-08
0.6863499755859375 3.681941846231282e-08
0.6873499755859375 1.5831018926849686e-08
0.6883499755859375 6.155388403073646e-08
0.6893499755859375 4.9970377365430694e-08
0.6903499755859375 7.054986490295785e-08
0.6913499755859375 5.4744889561092074e-08
0.6923499755859375 3.414347200693796e-08
0.6933499755859375 2.2984872323781616e-08
0.6943499755859375 8.454161322659055e-08
0.6953499755859375 3.3022947376120815e-08
0.6963499755859375 5.5330351703463694e-09
0.6973499755859375 8.173839770031514e-08
0.6983499755859375 7.578937828990938e-09
0.6993499755859375 3.0220707470823375e-08
0.7003499755859375 1.4481394365041249e-08
0.7013499755859375 4.599241941567044e-08
0.7023499755859375 7.725396276094082e-09
0.7033499755859375 1.341001588950543e-08
0.7043499755859375 3.983252848261785e-08
0.7053499755859375 5.7179094753479e-08
0.7063499755859375 7.563530661805289e-08
0.7073499755859375 2.234785582352084e-11
0.7083499755859375 2.643310032391008e-09
0.7093499755859375 2.326214848910941e-08
0.7103499755859375 1.3365433917553737e-08
0.7113499755859375 5.776183905517477e-08
0.7123499755859375 5.598908818186175e-08
0.7133499755859375 6.323363979913911e-08
0.7143499755859375 8.038558308608224e-08
0.7153499755859375 4.533708372274646e-08
0.7163499755859375 8.21496387257258e-08
0.7173499755859375 7.74600887639509e-08
0.7183499755859375 2.3804882877254017e-08
0.7193499755859375 5.667160752657158e-08
0.7203499755859375 7.145155208704334e-08
0.7213499755859375 4.385597398154169e-08
0.7223499755859375 9.599235592652627e-08
0.7233499755859375 5.88114077012244e-08
0.7243499755859375 8.495818398276135e-08
0.7253499755859375 5.237269337939245e-08
0.7263499755859375 8.844163785822084e-08
0.7273499755859375 9.373253807326298e-08
0.7283499755859375 9.281200245860965e-08
0.7293499755859375 4.476482514668731e-08
0.7303499755859375 9.646258217533148e-08
0.7313499755859375 4.277044672718014e-08
0.7323499755859375 5.638026338460731e-08
0.7333499755859375 8.541335796035002e-08
0.7343499755859375 8.008318944760441e-08
0.7353499755859375 1.2942881917311508e-07
0.7363499755859375 4.180368620796778e-08
0.7373499755859375 1.0314367902159741e-07
0.7383499755859375 9.569764533848095e-08
0.7393499755859375 9.697121402836022e-08
0.7403499755859375 6.369030302747666e-08
0.7413499755859375 7.111890779931725e-08
0.7423499755859375 1.300761009253664e-07
0.7433499755859375 1.0271313652861323e-07
0.7443499755859375 4.492884972194266e-08
0.7453499755859375 1.6140426941277591e-07
0.7463499755859375 1.0410735692373086e-07
0.7473499755859375 1.0381506641269234e-07
0.7483499755859375 1.5896066068923746e-07
0.7493499755859375 9.226017018729478e-08
0.7503499755859375 1.4772676037295608e-07
0.7513499755859375 4.222508585924408e-08
0.7523499755859375 6.879181659533641e-08
0.7533499755859375 1.2147710285066889e-07
0.7543499755859375 9.663403722127209e-08
0.7553499755859375 1.1917541373266633e-07
0.7563499755859375 1.1596234777985932e-07
0.7573499755859375 3.941310048817301e-08
0.7583499755859375 2.5847098050924163e-07
0.7593499755859375 5.642754436038444e-08
0.7603499755859375 9.788043580820247e-08
0.7613499755859375 1.1008051193266583e-07
0.7623499755859375 1.4602226597142041e-07
0.7633499755859375 1.0233964085580804e-07
0.7643499755859375 2.1360709217741688e-07
0.7653499755859375 1.2603606174936445e-07
0.7663499755859375 1.4480265246528053e-07
0.7673499755859375 8.509387766305057e-08
0.7683499755859375 1.7397088302871128e-07
0.7693499755859375 1.4013730581268595e-07
0.7703499755859375 1.2793119720374815e-07
0.7713499755859375 1.5367020158487086e-07
0.7723499755859375 2.501323677527412e-07
0.7733499755859375 9.129896090072654e-08
0.7743499755859375 2.3055797122336293e-07
0.7753499755859375 1.4702748988993864e-07
0.7763499755859375 1.826004532920603e-07
0.7773499755859375 8.381227674091469e-08
0.7783499755859375 7.17688906971224e-08
0.7793499755859375 8.303051178531618e-08
0.7803499755859375 7.662670518645516e-08
0.7813499755859376 6.122669320611006e-08
0.7823499755859376 1.7917205738037495e-07
0.7833499755859376 1.3261328535102266e-07
0.7843499755859376 1.5356890900471896e-07
0.7853499755859376 2.070379457977505e-08
0.7863499755859376 2.37944833933677e-07
0.7873499755859374 1.2626398751672719e-07
0.7883499755859374 1.1748625982312152e-07
0.7893499755859374 1.463986439326088e-07
0.7903499755859374 9.502012812286032e-08
0.7913499755859374 1.259447424035298e-07
0.7923499755859374 5.3305273527379135e-08
0.7933499755859375 3.8672693982589866e-08
0.7943499755859375 1.2639179090027653e-07
0.7953499755859375 9.504319029371066e-08
0.7963499755859375 6.248868575377055e-08
0.7973499755859375 3.7552521471652306e-08
0.7983499755859375 2.6780398626998037e-08
0.7993499755859375 1.0692945380065163e-07
0.8003499755859375 4.1608281971659333e-07
0.8013499755859375 4.2747154942200903e-07
0.8023499755859375 4.5298249701689654e-07
0.8033499755859375 3.554898186809525e-07
0.8043499755859375 3.7192427260115585e-07
0.8053499755859375 3.1133924395331566e-07
0.8063499755859375 3.69689122353934e-07
0.8073499755859375 5.090558981856233e-07
0.8083499755859375 2.1459032526299122e-07
0.8093499755859375 2.346946978704796e-07
0.8103499755859375 3.6275521360757467e-07
0.8113499755859375 2.8884500905218697e-07
0.8123499755859375 1.9987615487023624e-07
0.8133499755859375 1.638632112127819e-07
0.8143499755859375 2.628695813255863e-07
0.8153499755859375 1.48576372061007e-07
0.8163499755859375 2.261131405654638e-07
0.8173499755859375 2.511067719854726e-07
0.8183499755859375 1.9559449776408052e-07
0.8193499755859375 2.546859643535097e-07
0.8203499755859375 2.022047297860751e-07
0.8213499755859375 3.899844730026478e-07
0.8223499755859375 1.6060965487260323e-07
0.8233499755859375 2.1003214709604638e-07
0.8243499755859375 2.2024002396064407e-07
0.8253499755859375 2.3349881718869212e-07
0.8263499755859375 1.6759587520434745e-07
0.8273499755859375 3.576505903130248e-07
0.8283499755859375 3.2802678520191756e-07
0.8293499755859375 2.659477004447866e-07
0.8303499755859375 1.709573565569176e-07
0.8313499755859375 2.3310472862535192e-07
0.8323499755859375 3.40015988222062e-07
0.8333499755859375 2.018516796619663e-07
0.8343499755859375 2.567163769542048e-07
0.8353499755859375 2.7005803508179087e-07
0.8363499755859375 2.2126868429804086e-07
0.8373499755859375 2.8326404670688777e-07
0.8383499755859375 2.3254209090727735e-07
0.8393499755859375 3.379829593803699e-07
0.8403499755859375 3.5161149675449633e-07
0.8413499755859375 3.3050153063745433e-07
0.8423499755859375 3.960860983262909e-07
0.8433499755859375 3.85566633804404e-07
0.8443499755859375 4.104236829905786e-07
0.8453499755859375 4.4264682151536917e-07
0.8463499755859375 4.387153287176589e-07
0.8473499755859375 4.683655319265372e-07
0.8483499755859375 4.6076224557300005e-07
0.8493499755859375 5.164572857695496e-07
0.8503499755859375 5.325302781381138e-07
0.8513499755859375 5.893507930955898e-07
0.8523499755859375 5.591428845915997e-07
0.8533499755859375 5.61664183213168e-07
0.8543499755859375 5.692486016091628e-07
0.8553499755859375 5.652609480584032e-07
0.8563499755859375 6.199379299484657e-07
0.8573499755859375 5.715676383280432e-07
0.8583499755859375 5.993203292366565e-07
0.8593499755859375 6.052687339115931e-07
0.8603499755859375 5.235716659660547e-07
0.8613499755859375 4.810679834880481e-07
0.8623499755859375 6.033183897251425e-07
0.8633499755859375 5.815205748554154e-07
0.8643499755859375 5.824383919435469e-07
0.8653499755859375 6.189863920075047e-07
0.8663499755859375 5.895889753014567e-07
0.8673499755859375 6.617503778311268e-07
0.8683499755859375 7.25827506331192e-07
0.8693499755859375 7.157621263706456e-07
0.8703499755859375 7.13208096295273e-07
0.8713499755859375 6.568802574434119e-07
0.8723499755859375 6.576251235283902e-07
0.8733499755859375 6.713000293864248e-07
0.8743499755859375 7.181992984819223e-07
0.8753499755859375 6.594636450186943e-07
0.8763499755859375 6.491337345958892e-07
0.8773499755859375 6.337286556269793e-07
0.8783499755859375 7.274770717294955e-07
0.8793499755859375 7.885717160803592e-07
0.8803499755859375 7.385096402905925e-07
0.8813499755859375 7.469950715336316e-07
0.8823499755859375 8.479689095934048e-07
0.8833499755859375 8.532036435198764e-07
0.8843499755859375 8.988056178218111e-07
0.8853499755859375 9.77473401728873e-07
0.8863499755859375 9.479254669020221e-07
0.8873499755859375 9.642454949606074e-07
0.8883499755859375 9.662556983178178e-07
0.8893499755859375 1.0001571127072279e-06
0.8903499755859375 9.644756418895132e-07
0.8913499755859375 9.583978944204223e-07
0.8923499755859375 9.055077359906791e-07
0.8933499755859375 8.90398046609574e-07
0.8943499755859375 8.909607105157244e-07
0.8953499755859375 8.44250072790215e-07
0.8963499755859375 8.4542342590697e-07
0.8973499755859375 7.907390269729593e-07
0.8983499755859375 8.543498871320697e-07
0.8993499755859375 7.795281821514543e-07
0.9003499755859375 7.151534156717818e-07
0.9013499755859375 7.947220672157761e-07
0.9023499755859375 6.838465438973747e-07
0.9033499755859375 6.66631281034228e-07
0.9043499755859375 6.93125912616127e-07
0.9053499755859375 6.701750759676788e-07
0.9063499755859376 6.560063187983156e-07
0.9073499755859376 7.203432095535141e-07
0.9083499755859376 6.650982979878414e-07
0.9093499755859376 6.362307719552697e-07
0.9103499755859376 7.223180414850566e-07
0.9113499755859376 5.966641095623994e-07
0.9123499755859374 6.14237355438858e-07
0.9133499755859374 5.391305606122978e-07
0.9143499755859374 5.922044748792389e-07
0.9153499755859374 5.844171655627844e-07
0.9163499755859374 5.859525205936303e-07
0.9173499755859374 6.55476655572033e-07
0.9183499755859375 7.03099815978436e-07
0.9193499755859375 7.600389874523147e-07
0.9203499755859375 7.340208454811674e-07
0.9213499755859375 7.893663142250107e-07
0.9223499755859375 7.639347329354984e-07
0.9233499755859375 7.374462214133734e-07
0.9243499755859375 7.209727329715384e-07
0.9253499755859375 6.49093365941222e-07
0.9263499755859375 6.381415943197819e-07
0.9273499755859375 6.005314374554533e-07
0.9283499755859375 5.677852251456039e-07
0.9293499755859375 4.733188382440173e-07
0.9303499755859375 4.6694895007702773e-07
0.9313499755859375 4.2146202910089504e-07
0.9323499755859375 3.397906418169839e-07
0.9333499755859375 3.761824610393812e-07
0.9343499755859375 4.2383840917736633e-07
0.9353499755859375 4.0280658181458796e-07
0.9363499755859375 3.7511877547153937e-07
0.9373499755859375 3.895408111614677e-07
0.9383499755859375 3.3198346753762845e-07
0.9393499755859375 2.775310397536582e-07
0.9403499755859375 3.3754660466294454e-07
0.9413499755859375 3.5812211213897e-07
0.9423499755859375 3.3748563387339873e-07
0.9433499755859375 3.774742026771367e-07
0.9443499755859375 3.3023748467428667e-07
0.9453499755859375 3.408746719808456e-07
0.9463499755859375 3.9935256115332176e-07
0.9473499755859375 3.8893832156804617e-07
0.9483499755859375 3.541147970074952e-07
0.9493499755859375 2.86703755204898e-07
0.9503499755859375 2.7984750775281484e-07
0.9513499755859375 4.0310072946172227e-07
0.9523499755859375 3.941441846957481e-07
0.9533499755859375 4.3863915719688124e-07
0.9543499755859375 5.887713041986188e-07
0.9553499755859375 6.224267702768813e-07
0.9563499755859375 7.316194146062497e-07
0.9573499755859375 7.328724189398792e-07
0.9583499755859375 8.383107180661773e-07
0.9593499755859375 6.963491050020923e-07
0.9603499755859375 7.229002182944832e-07
0.9613499755859375 7.798139217853988e-07
0.9623499755859375 7.579886452934083e-07
0.9633499755859375 7.936694213994824e-07
0.9643499755859375 7.349146845806583e-07
0.9653499755859375 6.977416991152957e-07
0.9663499755859375 6.262342640131457e-07
0.9673499755859375 5.35057872436936e-07
0.9683499755859375 4.262744900443797e-07
0.9693499755859375 2.8558516273221147e-07
0.9703499755859375 2.5940444371914895e-07
0.9713499755859375 2.811419433333175e-07
0.9723499755859375 2.71312434692081e-07
0.9733499755859375 3.1787200524342567e-07
0.9743499755859375 2.879685714537253e-07
0.9753499755859375 3.3581785513717953e-07
0.9763499755859375 3.954845338602004e-07
0.9773499755859375 4.677873440259255e-07
0.9783499755859375 6.617265950543428e-07
0.9793499755859375 8.786973410897914e-07
0.9803499755859375 1.0448248236691536e-06
0.9813499755859375 1.1530368494239459e-06
0.9823499755859375 1.2258270516652198e-06
0.9833499755859375 1.2142543256700723e-06
0.9843499755859375 1.154492792274874e-06
0.9853499755859375 1.1301076151085756e-06
0.9863499755859375 1.1442536062492895e-06
0.9873499755859375 1.1412696937432058e-06
0.9883499755859375 1.1686709205332929e-06
0.9893499755859375 1.1993702969465838e-06
0.9903499755859375 1.201743854873957e-06
0.9913499755859375 1.1502495723063168e-06
0.9923499755859375 1.0104385471554543e-06
0.9933499755859375 8.379936309181822e-07
0.9943499755859375 5.702652831153645e-07
0.9953499755859375 3.944297050146304e-07
0.9963499755859375 2.7459357136789823e-07
0.9973499755859375 3.124503555936474e-07
0.9983499755859375 4.3190656835471855e-07
0.9993499755859375 3.71140791273928e-07
1.0003499755859375 4.496357374787563e-07
1.0013499755859374 1.6819730203161867e-06
1.0023499755859375 1.101655810272182e-06
1.0033499755859374 2.8256277356383897e-06
1.0043499755859375 1.697350798791404e-06
1.0053499755859374 1.3223997397464421e-06
1.0063499755859375 2.2477365108551265e-06
1.0073499755859374 9.789445820753095e-07
1.0083499755859375 1.67099866737759e-06
1.0093499755859374 8.243662937570139e-07
1.0103499755859375 1.5748567760515103e-06
1.0113499755859374 1.467639835420802e-06
1.0123499755859375 1.4003715456825186e-06
1.0133499755859374 1.3531903271521716e-06
1.0143499755859375 2.2116030972452582e-06
1.0153499755859374 9.053024718635986e-07
1.0163499755859375 1.5203262266840557e-06
1.0173499755859374 2.225125628419836e-06
1.0183499755859375 6.005948409426802e-07
1.0193499755859374 2.489010775354225e-06
1.0203499755859375 8.846255874148115e-07
1.0213499755859374 6.423513368363099e-07
1.0223499755859375 2.3980509872714666e-06
1.0233499755859374 1.2635043400469056e-06
1.0243499755859375 1.1671862674236326e-06
1.0253499755859374 2.779170966195948e-06
1.0263499755859375 8.127465380143474e-07
1.0273499755859374 1.3711076748851613e-06
1.0283499755859375 1.4152698606557525e-06
1.0293499755859374 1.7401308699698162e-06
1.0303499755859375 8.90240984281755e-07
1.0313499755859374 1.4420894586732468e-06
1.0323499755859376 1.80417067205118e-06
1.0333499755859374 3.2681150817272533e-07
1.0343499755859376 2.20539561773988e-06
1.0353499755859374 9.92324294866372e-07
1.0363499755859376 2.0520108774491222e-06
1.0373499755859374 4.398147363778266e-07
1.0383499755859376 1.7347906385917188e-06
1.0393499755859374 2.5863104798285555e-06
1.0403499755859376 3.434752083400335e-11
1.0413499755859374 1.8983289406396997e-06
1.0423499755859376 2.062875877206635e-06
1.0433499755859375 4.069725306402627e-07
1.0443499755859376 1.2801025352931916e-06
1.0453499755859375 5.595286886854513e-07
1.0463499755859376 9.24991693581846e-07
1.0473499755859375 3.3131696516937544e-07
1.0483499755859376 1.976160351966318e-07
1.0493499755859375 6.572326451621103e-07
1.0503499755859376 3.034334650794762e-07
1.0513499755859375 1.3552520105416229e-06
1.0523499755859376 1.4073475627726457e-06
1.0533499755859375 1.4035096856295942e-06
1.0543499755859376 2.4256654029010934e-07
1.0553499755859375 1.854617491130058e-06
1.0563499755859376 1.0546651833073972e-06
1.0573499755859375 5.713129998996372e-07
1.0583499755859376 1.3878943616919963e-06
1.0593499755859375 7.355426208006076e-07
1.0603499755859376 1.420788332625198e-06
1.0613499755859375 6.900652037807844e-07
1.0623499755859376 1.4736927492434642e-06
1.0633499755859375 6.353430801709875e-07
1.0643499755859376 5.509058389082e-07
1.0653499755859375 3.3491285121874943e-07
1.0663499755859376 1.8490487222346636e-06
1.0673499755859375 1.171032104513631e-06
1.0683499755859376 8.809886847827688e-07
1.0693499755859375 1.5972159433794272e-06
1.0703499755859376 1.0939996772098683e-06
1.0713499755859375 1.1131995758890094e-06
1.0723499755859376 1.2141235674025266e-06
1.0733499755859375 3.4785153365004273e-11
1.0743499755859376 2.3654279798520904e-06
1.0753499755859375 1.2156618648783365e-06
1.0763499755859376 4.851675592811484e-07
1.0773499755859375 1.2019014847358058e-06
1.0783499755859376 8.03518877214144e-07
1.0793499755859375 5.162767896980673e-07
1.0803499755859376 1.2245339106257075e-06
1.0813499755859375 1.2998742307378641e-06
1.0823499755859376 7.371453033752132e-07
1.0833499755859375 5.663101222705207e-07
1.0843499755859376 1.6641168486223498e-06
1.0853499755859375 7.44109825814454e-07
1.0863499755859376 7.922492428212902e-07
1.0873499755859375 6.360616842046984e-07
1.0883499755859376 9.78539638603394e-07
1.0893499755859375 9.459383947453772e-07
1.0903499755859376 8.39902113604402e-07
1.0913499755859375 1.1017608889754258e-06
1.0923499755859376 1.318802841871341e-06
1.0933499755859375 1.3000854701071601e-06
1.0943499755859376 2.626874739395763e-07
1.0953499755859375 1.4255834282458195e-06
1.0963499755859376 1.2282814686991735e-06
1.0973499755859375 8.107921362532514e-07
1.0983499755859376 1.023589401679389e-07
1.0993499755859375 1.637165177346022e-06
1.1003499755859374 9.239232697790848e-07
1.1013499755859375 5.289911083688364e-07
1.1023499755859374 8.177309854134787e-07
1.1033499755859375 1.3169595806483643e-06
1.1043499755859374 1.760850704940385e-07
1.1053499755859375 5.406524600826655e-07
1.1063499755859374 6.648422266352264e-07
1.1073499755859375 4.084945368869854e-07
1.1083499755859374 8.98287925363388e-08
1.1093499755859375 6.170482829355776e-07
1.1103499755859374 8.410329768878403e-07
1.1113499755859375 1.871325424811489e-06
1.1123499755859374 1.2864605000913414e-06
1.1133499755859375 1.2372064921979031e-06
1.1143499755859374 2.3346709848705115e-06
1.1153499755859375 1.5667911123693544e-06
1.1163499755859374 1.3681381414988498e-07
1.1173499755859375 5.170479847384787e-07
1.1183499755859374 6.721505238342883e-07
1.1193499755859375 1.1347364977369849e-07
1.1203499755859374 8.812575122748183e-07
1.1213499755859375 1.5609022434699226e-06
1.1223499755859374 9.204171173157562e-07
1.1233499755859375 1.086186459339199e-06
1.1243499755859374 7.240432685644197e-07
1.1253499755859375 1.501722772826111e-06
1.1263499755859374 7.640103865977736e-07
1.1273499755859375 1.982609111943966e-06
1.1283499755859374 4.084772243557088e-07
1.1293499755859375 8.40551022307327e-07
1.1303499755859374 8.619923379397907e-07
1.1313499755859375 3.1864671498506777e-07
1.1323499755859374 1.6877354420366316e-06
1.1333499755859375 4.542876366554035e-07
1.1343499755859374 8.105406805321222e-07
1.1353499755859375 5.355467851912445e-07
1.1363499755859374 1.724033586843036e-06
1.1373499755859375 9.478536965538598e-07
1.1383499755859374 1.1789763696064506e-06
1.1393499755859375 7.505804400898273e-07
1.1403499755859374 1.2900981228144138e-07
1.1413499755859375 1.1924868734829735e-06
1.1423499755859374 1.7329131491701707e-06
1.1433499755859375 9.68208526431569e-07
1.1443499755859374 1.935875420372318e-06
1.1453499755859375 3.828510539208491e-11
1.1463499755859374 2.3330559404810813e-06
1.1473499755859375 1.7626543798875931e-07
1.1483499755859374 8.360452487276737e-07
1.1493499755859375 1.7461276237527188e-06
1.1503499755859374 2.5969669128151825e-06
1.1513499755859375 4.049981104919035e-08
1.1523499755859374 1.0431506356863023e-06
1.1533499755859375 8.183961527472989e-07
1.1543499755859374 1.0946793989287783e-06
1.1553499755859375 1.5299115756299754e-06
1.1563499755859374 1.1580123682508123e-06
1.1573499755859376 1.6622895827135887e-06
1.1583499755859374 3.982784008440959e-07
1.1593499755859376 9.599692814858473e-07
1.1603499755859374 1.2905597522966685e-06
1.1613499755859376 1.3178300798103387e-06
1.1623499755859374 1.5660664791946962e-06
1.1633499755859376 8.409149252359226e-07
1.1643499755859374 2.239012210812335e-07
1.1653499755859376 1.7786272155874226e-06
1.1663499755859374 1.5013097272104413e-06
1.1673499755859376 7.66120806931079e-07
1.1683499755859375 1.408951813485854e-06
1.1693499755859376 1.999331535314459e-06
1.1703499755859375 1.3713752653386227e-06
1.1713499755859376 6.314160736070439e-07
1.1723499755859375 2.157896990792454e-06
1.1733499755859376 2.3453505525904576e-06
1.1743499755859375 3.932767201255018e-11
1.1753499755859376 8.881181946707931e-07
1.1763499755859375 7.367144722752045e-07
1.1773499755859376 9.757015598438075e-07
1.1783499755859375 1.3252392042397528e-06
1.1793499755859376 2.3846510425329966e-07
1.1803499755859375 1.5369173204093132e-06
1.1813499755859376 1.8595902796688273e-06
1.1823499755859375 6.37270929958883e-07
1.1833499755859376 1.2013264769050345e-06
1.1843499755859375 2.1642595440949477e-06
1.1853499755859376 1.328535626851491e-06
1.1863499755859375 7.690009573254524e-07
1.1873499755859376 1.5424293347057347e-06
1.1883499755859375 1.52223984316639e-06
1.1893499755859376 1.9522710391171345e-07
1.1903499755859375 1.0155481887541987e-06
1.1913499755859376 1.5529717178376902e-06
1.1923499755859375 1.1332418563302279e-06
1.1933499755859376 1.188020001428397e-06
1.1943499755859375 7.010538765418526e-07
1.1953499755859376 2.5231327574092763e-06
1.1963499755859375 1.2262947558195719e-06
1.1973499755859376 4.4490801128068995e-07
1.1983499755859375 1.0038373024994551e-06
1.1993499755859376 1.7919839213351533e-06
1.2003499755859375 9.97514959408215e-07
1.2013499755859376 1.534602433015441e-06
1.2023499755859375 9.546076428258782e-07
1.2033499755859376 1.2268185550710071e-06
1.2043499755859375 1.8381334009960142e-06
1.2053499755859376 1.0434077193358833e-06
1.2063499755859375 1.7162141872120046e-06
1.2073499755859376 1.2652558926970557e-06
1.2083499755859375 1.8634828275437656e-06
1.2093499755859376 1.1345092924450027e-06
1.2103499755859375 2.0027938634297638e-06
1.2113499755859376 1.6721327387348288e-06
1.2123499755859375 1.927561289062798e-06
1.2133499755859376 1.435481443280927e-06
1.2143499755859375 1.6005464366946207e-06
1.2153499755859376 1.6970024997903358e-06
1.2163499755859375 1.7543538229953805e-06
1.2173499755859376 1.8440959989589713e-06
1.2183499755859375 1.1188563345884795e-06
1.2193499755859376 1.773320293818108e-06
1.2203499755859375 8.987813959130893e-07
1.2213499755859376 1.4206358073509183e-06
1.2223499755859375 1.3296386268367884e-06
1.2233499755859376 1.4812403907735366e-06
1.2243499755859375 1.6149351184684777e-06
1.2253499755859374 1.365195911700382e-06
1.2263499755859375 9.950150523568605e-07
1.2273499755859374 1.2809804720785655e-06
1.2283499755859375 4.721508507554315e-07
1.2293499755859374 1.9608712218241883e-06
1.2303499755859375 1.1617292888567524e-06
1.2313499755859374 1.2010831975247777e-06
1.2323499755859375 1.6842708741644111e-06
1.2333499755859374 1.9280601225814612e-06
1.2343499755859375 2.082600609523697e-06
1.2353499755859374 9.567201334796891e-07
1.2363499755859375 1.4896191169451363e-06
1.2373499755859374 1.4919487876191249e-06
1.2383499755859375 2.3001900272053025e-06
1.2393499755859374 2.3493382771671966e-06
1.2403499755859375 2.056980576693751e-06
1.2413499755859374 1.7873341211000386e-06
1.2423499755859375 2.0327102760054537e-06
1.2433499755859374 1.9768792873175412e-06
1.2443499755859375 2.8031025511210875e-06
1.2453499755859374 1.8536024538221107e-06
1.2463499755859375 3.055034955050132e-06
1.2473499755859374 3.0871711338053272e-06
1.2483499755859375 2.8643530682198144e-06
1.2493499755859374 3.5481807808183917e-06
1.2503499755859375 3.3459289560810014e-06
1.2513499755859374 3.1369981317770743e-06
1.2523499755859375 4.050825356815079e-06
1.2533499755859374 5.8040941611514354e-06
1.2543499755859375 3.103264154072919e-06
1.2553499755859374 4.7959024133492235e-06
1.2563499755859375 5.356038973012203e-06
1.2573499755859374 4.974021177723211e-06
1.2583499755859375 5.6660335651950464e-06
1.2593499755859374 6.150708444593254e-06
1.2603499755859375 7.261323437294211e-06
1.2613499755859374 6.842693031620998e-06
1.2623499755859375 7.726216447691164e-06
1.2633499755859374 8.941631693330124e-06
1.2643499755859375 1.1340777176062639e-05
1.2653499755859374 1.1944065276301242e-05
1.2663499755859375 1.3834985304215379e-05
1.2673499755859374 1.4063821643886237e-05
1.2683499755859375 1.8173764123505613e-05
1.2693499755859374 1.9581689726507622e-05
1.2703499755859375 2.3213646298844923e-05
1.2713499755859374 2.775161164593519e-05
1.2723499755859375 3.0430947984294615e-05
1.2733499755859374 3.4769002793513425e-05
1.2743499755859375 3.785182335092263e-05
1.2753499755859374 4.314744179675685e-05
1.2763499755859375 4.9381057396847624e-05
1.2773499755859374 5.908052615630584e-05
1.2783499755859375 6.294912406711858e-05
1.2793499755859374 7.25883369197959e-05
1.2803499755859375 8.167248314120754e-05
1.2813499755859374 9.362176087000066e-05
1.2823499755859376 0.00010520740644653331
1.2833499755859374 0.00012313278586536733
1.2843499755859376 0.00013641708705954545
1.2853499755859374 0.00015489143901030483
1.2863499755859376 0.00017287928739503002
1.2873499755859374 0.00020493862659923107
1.2883499755859376 0.00023456670115324082
1.2893499755859374 0.00027241492027103555
1.2903499755859376 0.00032884618554774345
1.2913499755859374 0.00037375738962658914
1.2923499755859376 0.00044615644729112885
1.2933499755859375 0.0005086104806470376
1.2943499755859376 0.0006169483810005454
1.2953499755859375 0.0007470008934676539
1.2963499755859376 0.0009130072474499796
1.2973499755859375 0.0010939277474475329
1.2983499755859376 0.0013294686624950435
1.2993499755859375 0.001614382057827784
1.3003499755859376 0.001969033596719212
1.3013499755859375 0.0024155443671966667
1.3023499755859376 0.002917131873473429
1.3033499755859375 0.003569956488581022
1.3043499755859376 0.00439829430272906
1.3053499755859375 0.0050130262431979525
1.3063499755859376 0.006354479178278404
1.3073499755859375 0.007498951286208988
1.3083499755859376 0.008575485984619134
1.3093499755859375 0.009759445867122227
1.3103499755859376 0.01106573035746548
1.3113499755859375 0.012436725995553375
1.3123499755859376 0.013074780528731116
1.3133499755859375 0.015175072741402233
1.3143499755859376 0.01648197656080191
1.3153499755859375 0.019014843265923342
1.3163499755859376 0.021267300490603814
1.3173499755859375 0.024369158074566508
1.3183499755859376 0.027959761400573793
1.3193499755859375 0.03264173594766461
1.3203499755859376 0.036784404478770176
1.3213499755859375 0.043476782101899224
1.3223499755859376 0.049608818414798736
1.3233499755859375 0.05954307674322969
1.3243499755859376 0.06682826163506028
1.3253499755859375 0.07874178412614277
1.3263499755859376 0.09089263646847952
1.3273499755859375 0.10679156317385397
1.3283499755859376 0.127986854425516
1.3293499755859375 0.146249362048947
1.3303499755859376 0.17335199709365134
1.3313499755859375 0.19572697441397433
1.3323499755859376 0.22884130292577767
1.3333499755859375 0.26403909438765694
1.3343499755859376 0.29366083161210643
1.3353499755859375 0.318271462089476
1.3363499755859376 0.3430535477477542
1.3373499755859375 0.3625228939762233
1.3383499755859376 0.37075293384350144
1.3393499755859375 0.3823862258932545
1.3403499755859376 0.3969802800006822
1.3413499755859375 0.39357136030960793
1.3423499755859376 0.40048924143184267
1.3433499755859375 0.39876395828285865
1.3443499755859376 0.39734941866204476
1.3453499755859375 0.4044036512583547
1.3463499755859376 0.40133992045766614
1.3473499755859375 0.39753486916896213
1.3483499755859376 0.41249813032861793
1.3493499755859375 0.4023033292904926
1.3503499755859374 0.4101392625443213
1.3513499755859375 0.4033817779660781
1.3523499755859374 0.4097653164580039
1.3533499755859375 0.40366687806367196
1.3543499755859374 0.40591209710695714
1.3553499755859375 0.40579136122458925
1.3563499755859374 0.40254668719961006
1.3573499755859375 0.40415721605451255
1.3583499755859374 0.4050031160871289
1.3593499755859375 0.40386602589265674
1.3603499755859374 0.40372754238203523
1.3613499755859375 0.40758352407068793
1.3623499755859374 0.4032848477372863
1.3633499755859375 0.40081744359762683
1.3643499755859374 0.4101823839376795
1.3653499755859375 0.40622808773569913
1.3663499755859374 0.4077107742837148
1.3673499755859375 0.40857607369849086
1.3683499755859374 0.40484906610863297
1.3693499755859375 0.40539942555218356
1.3703499755859374 0.4058135078152044
1.3713499755859375 0.40243104734732005
1.3723499755859374 0.4047854404232837
1.3733499755859375 0.4087371979539262
1.3743499755859374 0.39647200395914045
1.3753499755859375 0.4043607105013276
1.3763499755859374 0.3978669701511769
1.3773499755859375 0.39858177558945806
1.3783499755859374 0.39663496062363124
1.3793499755859375 0.3933582818143459
1.3803499755859374 0.3920565525947047
1.3813499755859375 0.39363810941844474
1.3823499755859374 0.3886473844021069
1.3833499755859375 0.38828871813714394
1.3843499755859374 0.3916275367996255
1.3853499755859375 0.3841171180454359
1.3863499755859374 0.3898540878555946
1.3873499755859375 0.3879048378794799
1.3883499755859374 0.3872732623015245
1.3893499755859375 0.3886134573719228
1.3903499755859374 0.389518868142516
1.3913499755859375 0.38667696231338394
1.3923499755859374 0.3865064059807363
1.3933499755859375 0.38926804364055373
1.3943499755859374 0.3882649408514916
1.3953499755859375 0.38841128519935453
1.3963499755859374 0.3849859704819533
1.3973499755859375 0.3852830422957615
1.3983499755859374 0.3981298002836468
1.3993499755859375 0.3938350923262998
1.4003499755859374 0.39035601863667313
1.4013499755859375 0.3925359975677368
1.4023499755859374 0.3999424264426463
1.4033499755859375 0.39322870473400523
1.4043499755859374 0.39804938847989924
1.4053499755859375 0.40409183677625093
1.4063499755859374 0.3917414772124289
1.4073499755859376 0.4048359989674513
1.4083499755859374 0.4026706098268173
1.4093499755859376 0.4058008097901615
1.4103499755859374 0.4042566521565527
1.4113499755859376 0.4070339867111013
1.4123499755859374 0.4071918475558922
1.4133499755859376 0.4121073419011347
1.4143499755859374 0.4061405081842091
1.4153499755859376 0.4153039359506138
1.4163499755859374 0.41178578516849373
1.4173499755859376 0.4156151089327071
1.4183499755859375 0.41836719077448825
1.4193499755859376 0.4191300025944258
1.4203499755859375 0.41462646286759425
1.4213499755859376 0.41936646436888986
1.4223499755859375 0.42195916463346395
1.4233499755859376 0.4189985963402143
1.4243499755859375 0.4226527959420823
1.4253499755859376 0.42425607794018316
1.4263499755859375 0.41888612084883053
1.4273499755859376 0.42173189324586463
1.4283499755859375 0.4173502733707848
1.4293499755859376 0.4216352625934171
1.4303499755859375 0.42692548040426176
1.4313499755859376 0.42360455281069814
1.4323499755859375 0.4210230392417501
1.4333499755859376 0.4180698068286051
1.4343499755859375 0.419639195675643
1.4353499755859376 0.4216040502813799
1.4363499755859375 0.4206841737686111
1.4373499755859376 0.4180463174122053
1.4383499755859375 0.42087460506998015
1.4393499755859376 0.4190705456805638
1.4403499755859375 0.42413166355241555
1.4413499755859376 0.4179906775476076
1.4423499755859375 0.4152814210816616
1.4433499755859376 0.4253247573636663
1.4443499755859375 0.4216886048871962
1.4453499755859376 0.4197039884863658
1.4463499755859375 0.422141231542189
1.4473499755859376 0.42301721067101156
1.4483499755859375 0.42869951076829144
1.4493499755859376 0.42716892096246073
1.4503499755859375 0.4226592927236099
1.4513499755859376 0.424346732142157
1.4523499755859375 0.4292293381513497
1.4533499755859376 0.42892307729514384
1.4543499755859375 0.43042485349959114
1.4553499755859376 0.4318631704969533
1.4563499755859375 0.4263310512374473
1.4573499755859376 0.4317850537450429
1.4583499755859375 0.43505111821167
1.4593499755859376 0.42912155290358794
1.4603499755859375 0.4324859256792593
1.4613499755859376 0.4310595733884581
1.4623499755859375 0.4333243598492163
1.4633499755859376 0.43567386016903903
1.4643499755859375 0.4403765578603172
1.4653499755859376 0.4329253345873692
1.4663499755859375 0.4341957383851232
1.4673499755859376 0.43213797633616
1.4683499755859375 0.4310009395901445
1.4693499755859376 0.4250903090993919
1.4703499755859375 0.4207910551888618
1.4713499755859376 0.41367935133827494
1.4723499755859375 0.40059751036530844
1.4733499755859376 0.3847946060076744
1.4743499755859375 0.36413867600310895
1.4753499755859374 0.3364426336746631
1.4763499755859375 0.318683213640815
1.4773499755859374 0.28264920732288873
1.4783499755859375 0.2530458281886681
1.4793499755859374 0.2183251853359759
1.4803499755859375 0.1888525586761492
1.4813499755859374 0.16373661826028849
1.4823499755859375 0.13819296949786083
1.4833499755859374 0.1175448292975958
1.4843499755859375 0.10260206916442695
1.4853499755859374 0.087582911024265
1.4863499755859375 0.07488513072091679
1.4873499755859374 0.062406863122229955
1.4883499755859375 0.05743377386825824
1.4893499755859374 0.04690828243413769
1.4903499755859375 0.041282083714617834
1.4913499755859374 0.03588112998826976
1.4923499755859375 0.031114612689824295
1.4933499755859374 0.027903180533466337
1.4943499755859375 0.02404598634379848
1.4953499755859374 0.022247132915396654
1.4963499755859375 0.020094478794627644
1.4973499755859374 0.018080729801539703
1.4983499755859375 0.01600241368902647
1.4993499755859374 0.014361185188441294
1.5003499755859375 0.0125531761496725
1.5013499755859374 0.010351364125032481
1.5023499755859375 0.008599657284417847
1.5033499755859374 0.007172641664065158
1.5043499755859375 0.0059049591118248415
1.5053499755859374 0.004950039091872177
1.5063499755859375 0.004113612027540382
1.5073499755859374 0.003523994647772783
1.5083499755859375 0.002973830772913781
1.5093499755859374 0.002560038936121135
1.5103499755859375 0.002172231625220237
1.5113499755859374 0.0018522563536599087
1.5123499755859375 0.001603690720337065
1.5133499755859374 0.0013793543771369213
1.5143499755859375 0.00123480781859385
1.5153499755859374 0.001050843274628307
1.5163499755859375 0.0009289230452615408
1.5173499755859374 0.000814346442218581
1.5183499755859375 0.0007154853930717389
1.5193499755859374 0.000632027098244231
1.5203499755859375 0.0005588832558418765
1.5213499755859374 0.0005071424848638069
1.5223499755859375 0.00044662470660891164
1.5233499755859374 0.0003999258249217086
1.5243499755859375 0.00036114461944441225
1.5253499755859374 0.00032006879111698546
1.5263499755859375 0.0002903723497519747
1.5273499755859374 0.00026088756346863634
1.5283499755859375 0.00023818186719391194
1.5293499755859374 0.00021262870049422802
1.5303499755859375 0.00019187637683300878
1.5313499755859374 0.0001778364965105981
1.5323499755859376 0.00015797663702161858
1.5333499755859374 0.00014633740775530683
1.5343499755859376 0.00013305872818929256
1.5353499755859374 0.0001180846956608749
1.5363499755859376 0.00011021890548638712
1.5373499755859374 0.00010163111652231689
1.5383499755859376 9.430526192222984e-05
1.5393499755859374 8.369745363086103e-05
1.5403499755859376 7.702915936491075e-05
1.5413499755859374 7.064123761478239e-05
1.5423499755859376 6.276183811069455e-05
1.5433499755859375 5.999038366790264e-05
1.5443499755859376 5.53646870235461e-05
1.5453499755859375 4.911874309752756e-05
1.5463499755859376 4.4770853633894514e-05
1.5473499755859375 4.288946286741302e-05
1.5483499755859376 3.7083100824334725e-05
1.5493499755859375 3.521086664315164e-05
1.5503499755859376 3.31363293701617e-05
1.5513499755859375 3.0379049324162957e-05
1.5523499755859376 2.7563323122816295e-05
1.5533499755859375 2.4967480846933566e-05
1.5543499755859376 2.4287324679998676e-05
1.5553499755859375 2.3159516606082334e-05
1.5563499755859376 1.9147215128256397e-05
1.5573499755859375 1.7864235207059545e-05
1.5583499755859376 1.795317656493613e-05
1.5593499755859375 1.6690655352575004e-05
1.5603499755859376 1.6919474544761967e-05
1.5613499755859375 1.4599128766447045e-05
1.5623499755859376 1.2407292805104417e-05
1.5633499755859375 1.187850383761912e-05
1.5643499755859376 1.1336189779937538e-05
1.5653499755859375 1.050972115769571e-05
1.5663499755859376 1.215111209766862e-05
1.5673499755859375 1.1619689257415428e-05
1.5683499755859376 1.1178490779679077e-05
1.5693499755859375 1.0761867884911635e-05
1.5703499755859376 8.338025817651296e-06
1.5713499755859375 7.789420053254027e-06
1.5723499755859376 8.649242935627366e-06
1.5733499755859375 8.418236452972272e-06
1.5743499755859376 7.80755000654902e-06
1.5753499755859375 5.31366496779126e-06
1.5763499755859376 5.155516202160079e-06
1.5773499755859375 7.339603905491095e-06
1.5783499755859376 7.029426208091955e-06
1.5793499755859375 6.748869873869186e-06
1.5803499755859376 5.634479257356082e-06
1.5813499755859375 6.71307289656513e-06
1.5823499755859376 6.080868803570766e-06
1.5833499755859375 6.410083694869446e-06
1.5843499755859376 4.1664014243513015e-06
1.5853499755859375 4.069821321836899e-06
1.5863499755859376 5.936036980724897e-06
1.5873499755859375 5.491890301396609e-06
1.5883499755859376 2.67119582138688e-06
1.5893499755859375 3.6665506262526954e-06
1.5903499755859376 4.790092941095528e-06
1.5913499755859375 5.646676616178647e-06
1.5923499755859376 4.829974424312665e-06
1.5933499755859375 3.9451505636119486e-06
1.5943499755859376 3.1847845538233717e-06
1.5953499755859375 5.323800660683313e-06
1.5963499755859376 3.7156636873391596e-06
1.5973499755859375 3.3734495415915507e-06
1.5983499755859376 3.2740763964162545e-06
1.5993499755859375 4.7121331137973285e-06
1.6003499755859374 3.4325088968922144e-06
1.6013499755859375 2.658547864813773e-06
1.6023499755859374 4.245659905271641e-06
1.6033499755859375 5.427200450614756e-06
1.6043499755859374 3.0570152727012836e-06
1.6053499755859375 3.023854363243374e-06
1.6063499755859374 1.6825321967799404e-06
1.6073499755859375 2.1954796933330833e-06
1.6083499755859374 2.443885101981368e-06
1.6093499755859375 3.339148321038434e-06
1.6103499755859374 2.839978568632908e-06
1.6113499755859375 2.6849322661616167e-06
1.6123499755859374 3.655821631914208e-06
1.6133499755859375 1.5359341928040618e-06
1.6143499755859374 2.8195933960896418e-06
1.6153499755859375 3.1552671261547424e-06
1.6163499755859374 3.1224516693125385e-07
1.6173499755859375 2.1849018286284577e-06
1.6183499755859374 1.0093767527940135e-06
1.6193499755859375 2.5718956517306395e-06
1.6203499755859374 2.832120284077685e-07
1.6213499755859375 7.717024611976487e-08
1.6223499755859374 1.3978024035900448e-06
1.6233499755859375 7.734246334417482e-07
1.6243499755859374 3.118088876741776e-06
1.6253499755859375 2.630762046669771e-06
1.6263499755859374 1.3834179790419407e-06
1.6273499755859375 5.810770953069483e-07
1.6283499755859374 1.1022299198968321e-06
1.6293499755859375 1.7687608086542862e-07
1.6303499755859374 1.0975442247295833e-06
1.6313499755859375 1.2442857883171029e-06
1.6323499755859374 7.448118332629729e-07
1.6333499755859375 4.29069736494814e-06
1.6343499755859374 4.709784313288162e-11
1.6353499755859375 4.6810824465319725e-07
1.6363499755859374 8.277316150631415e-07
1.6373499755859375 3.984868505283857e-06
1.6383499755859374 5.785282982239478e-07
1.6393499755859375 4.209012043860973e-07
1.6403499755859374 2.4939245195946604e-06
1.6413499755859375 1.5161446952941525e-06
1.6423499755859374 1.119110271817638e-06
1.6433499755859375 3.789048425115743e-06
1.6443499755859374 5.152865867585665e-07
1.6453499755859375 1.8791349861304772e-07
1.6463499755859374 3.591929283283006e-06
1.6473499755859375 2.202746419650231e-07
1.6483499755859374 4.343334931875524e-06
1.6493499755859375 1.42975629092916e-06
1.6503499755859374 2.932224869280741e-06
1.6513499755859375 8.056106146850915e-07
1.6523499755859374 4.043481470209389e-06
1.6533499755859375 1.182141783898763e-06
1.6543499755859374 3.7941202186457047e-06
1.6553499755859375 3.448956349403378e-06
1.6563499755859374 4.622080971907854e-07
1.6573499755859376 2.008143905108425e-06
1.6583499755859374 1.9616165495296927e-06
1.6593499755859376 3.1689072361822072e-06
1.6603499755859374 2.1892097816545519e-07
1.6613499755859376 1.40852340112552e-06
1.6623499755859374 4.4109534105938565e-06
1.6633499755859376 9.208948209696081e-07
1.6643499755859374 4.2164403162411834e-06
1.6653499755859376 3.6234465142060898e-06
1.6663499755859374 2.9877816826824657e-06
1.6673499755859376 3.9091067960235136e-07
1.6683499755859375 3.6587952757900174e-06
1.6693499755859376 2.9836499862956725e-06
1.6703499755859375 1.4043298843757837e-06
1.6713499755859376 1.7959928676048884e-06
1.6723499755859375 2.0489381335454246e-06
1.6733499755859376 3.1328685934854757e-06
1.6743499755859375 1.288156159178547e-06
1.6753499755859376 5.485363935456352e-06
1.6763499755859375 5.875246363899807e-07
1.6773499755859376 1.6245550844672642e-06
1.6783499755859375 2.375250810025397e-06
1.6793499755859376 1.6590009154971693e-06
1.6803499755859375 4.9927250951891956e-06
1.6813499755859376 5.3701980328969184e-06
1.6823499755859375 1.6667908909990902e-06
1.6833499755859376 3.470728623254979e-06
1.6843499755859375 2.1625346762438502e-06
1.6853499755859376 1.0359465275070566e-06
1.6863499755859375 2.2394534183198546e-06
1.6873499755859376 6.525706039133787e-06
1.6883499755859375 1.295988255770378e-06
1.6893499755859376 3.2414427845200124e-06
1.6903499755859375 4.192966356863926e-06
1.6913499755859376 1.624035578695674e-06
1.6923499755859375 2.262811727685445e-06
1.6933499755859376 3.944983807483307e-06
1.6943499755859375 1.0134869659537211e-06
1.6953499755859376 1.8577702124340734e-06
1.6963499755859375 1.2517286211335095e-06
1.6973499755859376 4.2157437631100785e-06
1.6983499755859375 2.102199513813317e-06
1.6993499755859376 2.1189906522180563e-06
1.7003499755859375 8.459307161678638e-06
1.7013499755859376 6.202655457610103e-07
1.7023499755859375 1.453146268921612e-06
1.7033499755859376 5.0134968616918835e-06
1.7043499755859375 8.283729344064335e-07
1.7053499755859376 3.3378080008395137e-06
1.7063499755859375 4.658369113290984e-06
1.7073499755859376 3.7690723714767456e-06
1.7083499755859375 3.3011052276652233e-06
1.7093499755859376 1.213552010741005e-06
1.7103499755859375 1.8449542795053212e-06
1.7113499755859376 3.366082286831129e-06
1.7123499755859375 6.6336852324977965e-06
1.7133499755859376 6.1236176381308005e-06
1.7143499755859375 2.423292688624927e-06
1.7153499755859376 2.902147388762949e-06
1.7163499755859375 4.222527942009714e-06
1.7173499755859376 4.969264340779998e-06
1.7183499755859375 3.3513784998864846e-06
1.7193499755859376 2.6478495110541254e-06
1.7203499755859375 1.8609809409930017e-06
1.7213499755859376 1.8132924315813088e-06
1.7223499755859375 4.4069011148648746e-06
1.7233499755859376 9.720305994954513e-07
1.7243499755859375 2.07130130777071e-06
1.7253499755859374 9.86221557043399e-07
1.7263499755859375 4.682356452437342e-06
1.7273499755859374 4.159656207816566e-06
1.7283499755859375 2.4421426881696803e-06
1.7293499755859374 2.6940984654646005e-06
1.7303499755859375 8.380663103517099e-07
1.7313499755859374 2.4210421325440685e-06
1.7323499755859375 1.2263877848452918e-06
1.7333499755859374 3.6052594727516752e-06
1.7343499755859375 2.7820779208111657e-06
1.7353499755859374 2.2001018881101587e-06
1.7363499755859375 2.961027507691284e-06
1.7373499755859374 6.372412922240845e-06
1.7383499755859375 1.589820033900425e-06
1.7393499755859374 5.707404476753197e-06
1.7403499755859375 6.14574496868457e-06
1.7413499755859374 5.859522323231973e-07
1.7423499755859375 3.1627711860452903e-06
1.7433499755859374 4.0435453318190425e-06
1.7443499755859375 1.2952446342903876e-07
1.7453499755859374 5.17318241337858e-07
1.7463499755859375 2.5135664209871124e-06
1.7473499755859374 1.2954876266582714e-06
1.7483499755859375 1.1917896940614028e-06
1.7493499755859374 1.8902198992435338e-06
1.7503499755859375 1.002035664020835e-06
1.7513499755859374 3.858545123144765e-06
1.7523499755859375 8.703269444691935e-06
1.7533499755859374 1.781136865477424e-06
1.7543499755859375 9.947262973681273e-07
1.7553499755859374 5.789797482470557e-06
1.7563499755859375 7.555435370331456e-06
1.7573499755859374 5.003267225422203e-06
1.7583499755859375 5.170589615356907e-06
1.7593499755859374 1.0229707645468254e-06
1.7603499755859375 4.5871109811828435e-06
1.7613499755859374 3.6667256074274186e-06
1.7623499755859375 1.594337792204545e-06
1.7633499755859374 6.660727028193903e-06
1.7643499755859375 3.2510069672909434e-06
1.7653499755859374 4.263270473813802e-06
1.7663499755859375 8.232709215657037e-07
1.7673499755859374 1.0631863052010554e-06
1.7683499755859375 1.5195488508228904e-06
1.7693499755859374 7.36021704929711e-07
1.7703499755859375 1.7276602177204909e-06
1.7713499755859374 5.399321444517928e-06
1.7723499755859375 6.340417855267198e-06
1.7733499755859374 4.360801080824222e-06
1.7743499755859375 2.6113106476975575e-06
1.7753499755859374 7.411399726064342e-07
1.7763499755859375 4.638452063434808e-06
1.7773499755859374 2.2881005698821298e-06
1.7783499755859375 4.907608533442211e-06
1.7793499755859374 2.00081070301156e-06
1.7803499755859375 3.812870991352535e-06
1.7813499755859374 2.8549638957217947e-06
1.7823499755859376 2.7925807046651433e-06
1.7833499755859374 4.740778410826521e-06
1.7843499755859376 1.8853237515254531e-06
1.7853499755859374 1.6373363575589753e-06
1.7863499755859376 2.427311007041797e-06
1.7873499755859374 2.5212480402049954e-06
1.7883499755859376 2.298753873216402e-06
1.7893499755859374 5.481263180226037e-06
1.7903499755859376 2.028457600421627e-06
1.7913499755859374 6.149254072343541e-06
1.7923499755859376 3.262454182033942e-06
1.7933499755859375 2.6675519048429203e-06
1.7943499755859376 1.4693708500001275e-06
1.7953499755859375 6.442980357926901e-06
1.7963499755859376 5.380294429955504e-06
1.7973499755859375 2.7519537749748535e-06
1.7983499755859376 4.183330147590131e-06
1.7993499755859375 1.5007159513276538e-06
1.8003499755859376 1.456486185484166e-06
1.8013499755859375 3.1139403767810087e-06
1.8023499755859376 3.180519131380024e-06
1.8033499755859375 4.7015640333696175e-06
1.8043499755859376 3.5486898218424533e-06
1.8053499755859375 4.747770808980136e-06
1.8063499755859376 1.8003258333164809e-06
1.8073499755859375 6.458692485621069e-06
1.8083499755859376 3.021043085858133e-06
1.8093499755859375 4.351461540375762e-06
1.8103499755859376 1.6595467574124189e-07
1.8113499755859375 3.2537185754684647e-06
1.8123499755859376 1.536380514824581e-06
1.8133499755859375 3.397489740836526e-07
1.8143499755859376 6.651619793403987e-07
1.8153499755859375 6.99103594277131e-07
1.8163499755859376 3.990459522414546e-07
1.8173499755859375 1.5171521636674428e-06
1.8183499755859376 1.713591520208106e-06
1.8193499755859375 5.194468120319608e-07
1.8203499755859376 1.1622591682282447e-06
1.8213499755859375 1.0120122260882755e-06
1.8223499755859376 3.7074398185623813e-06
1.8233499755859375 2.0513472278695916e-06
1.8243499755859376 6.018525868747366e-06
1.8253499755859375 6.544192744238637e-06
1.8263499755859376 5.571831427687432e-06
1.8273499755859375 3.5757933688347758e-06
1.8283499755859376 5.336722794490505e-06
1.8293499755859375 3.363122275486894e-06
1.8303499755859376 4.8486384533489844e-06
1.8313499755859375 1.1468079242210813e-05
1.8323499755859376 4.4711826761743573e-07
1.8333499755859375 4.873124585732288e-11
1.8343499755859376 3.1797770676628663e-06
1.8353499755859375 2.211167618329919e-06
1.8363499755859376 3.2448198189309116e-06
1.8373499755859375 6.3245343475250015e-06
1.8383499755859376 5.316080005287733e-07
1.8393499755859375 7.919625332510029e-07
1.8403499755859376 7.326517759709866e-06
1.8413499755859375 1.3143934120725608e-06
1.8423499755859376 4.199639200715902e-06
1.8433499755859375 5.181740599843848e-06
1.8443499755859376 4.101107433162722e-06
1.8453499755859375 2.1588121811133826e-06
1.8463499755859376 3.2615277193262867e-06
1.8473499755859375 9.833223059933218e-07
1.8483499755859376 6.661955182592197e-06
1.8493499755859375 5.025288125731689e-06
1.8503499755859374 4.890361446197684e-11
1.8513499755859375 4.197671496850826e-06
1.8523499755859374 2.7882298731617127e-06
1.8533499755859375 6.583720486969802e-07
1.8543499755859374 7.90583858802229e-06
1.8553499755859375 1.9773729822496125e-06
1.8563499755859374 9.569686421927507e-07
1.8573499755859375 3.908738451696779e-06
1.8583499755859374 2.3499094148121058e-06
1.8593499755859375 4.577685105947845e-06
1.8603499755859374 3.242362990905873e-07
1.8613499755859375 2.5371917114631256e-06
1.8623499755859374 3.103727004756663e-06
1.8633499755859375 6.096424664028762e-06
1.8643499755859374 7.322178581755919e-07
1.8653499755859375 3.885478411648233e-06
1.8663499755859374 6.344360133727268e-06
1.8673499755859375 9.983499745217984e-07
1.8683499755859374 1.3866194676419339e-06
1.8693499755859375 2.6777086616074867e-06
1.8703499755859374 2.7651832453293333e-07
1.8713499755859375 1.7930260329186246e-06
1.8723499755859374 1.3507175174154861e-05
1.8733499755859375 1.4171636179386832e-06
1.8743499755859374 4.535370720708804e-06
1.8753499755859375 6.372571632723937e-06
1.8763499755859374 4.31227997239645e-06
1.8773499755859375 3.849502791146281e-06
1.8783499755859374 2.2595895373878098e-06
1.8793499755859375 4.109171595837138e-06
1.8803499755859374 4.410860764048887e-06
1.8813499755859375 2.2784337479678226e-06
1.8823499755859374 2.5910940146056236e-06
1.8833499755859375 5.566853913661576e-06
1.8843499755859374 5.420942699788749e-06
1.8853499755859375 2.2375381560961968e-06
1.8863499755859374 2.8964294913131755e-06
1.8873499755859375 1.0895069202354964e-06
1.8883499755859374 1.7264670302455622e-06
1.8893499755859375 5.6707694754336685e-06
1.8903499755859374 9.277398632423159e-06
1.8913499755859375 8.826439966860094e-06
1.8923499755859374 4.907109845134358e-11
1.8933499755859375 2.016171364874654e-06
1.8943499755859374 4.9084155386869743e-11
1.8953499755859375 8.624523108060161e-07
1.8963499755859374 4.911296643914858e-11
1.8973499755859375 4.315546495003048e-06
1.8983499755859374 1.2269629065480322e-05
1.8993499755859375 4.824659336905041e-06
1.9003499755859374 3.120680821529249e-06
1.9013499755859375 9.11072743152408e-06
1.9023499755859374 3.5566707645028725e-06
1.9033499755859375 1.1721002606121692e-05
1.9043499755859374 4.906927984800566e-11
1.9053499755859375 7.803107858721054e-06
1.9063499755859374 6.606123488332413e-06
1.9073499755859376 4.402609150335631e-06
1.9083499755859374 1.0389213101544276e-05
1.9093499755859376 6.115547097564629e-06
1.9103499755859374 8.63226673810478e-06
1.9113499755859376 4.947835790445903e-06
1.9123499755859374 2.7822857966872924e-06
1.9133499755859376 2.869407633207737e-07
1.9143499755859374 1.8868565093362018e-06
1.9153499755859376 3.393568474203777e-06
1.9163499755859374 3.687367711683072e-06
1.9173499755859376 4.1999516290601416e-07
1.9183499755859375 1.6563653216800745e-06
1.9193499755859376 1.192979081338248e-07
1.9203499755859375 8.07193376135069e-07
1.9213499755859376 1.0076519123411567e-06
1.9223499755859375 4.108825175783668e-06
1.9233499755859376 1.4034892438086556e-06
1.9243499755859375 2.757302709160427e-06
1.9253499755859376 7.622885470146426e-06
1.9263499755859375 3.835749892122423e-06
1.9273499755859376 4.772922735020805e-06
1.9283499755859375 1.1536477994892292e-05
1.9293499755859376 4.579025741480313e-06
1.9303499755859375 8.87942575991954e-06
1.9313499755859376 9.165174446445705e-06
1.9323499755859375 3.789635715736794e-06
1.9333499755859376 6.289402947481333e-06
1.9343499755859375 1.0145463900869997e-06
1.9353499755859376 4.694140843889751e-06
1.9363499755859375 4.900885602762838e-06
1.9373499755859376 9.061263674746896e-06
1.9383499755859375 1.1872855194616551e-05
1.9393499755859376 6.018817856108955e-06
1.9403499755859375 2.404539947074395e-06
1.9413499755859376 2.0482360717054224e-06
1.9423499755859375 7.509473658153907e-06
1.9433499755859376 8.347298357357063e-06
1.9443499755859375 9.776310048607882e-06
1.9453499755859376 1.1216035015462751e-06
1.9463499755859375 4.507601881010009e-06
1.9473499755859376 4.9493398392119805e-11
1.9483499755859375 7.142644493542458e-06
1.9493499755859376 8.979711547831096e-06
1.9503499755859375 6.560848672244729e-06
1.9513499755859376 6.672167280506864e-06
1.9523499755859375 9.375680244250913e-06
1.9533499755859376 8.21987302342045e-06
1.9543499755859375 9.50967659178936e-06
1.9553499755859376 2.386789799520565e-06
1.9563499755859375 4.24648604662384e-06
1.9573499755859376 4.6386007331722705e-07
1.9583499755859375 4.9686026468238373e-11
1.9593499755859376 3.420928026441872e-06
1.9603499755859375 5.060699969476471e-06
1.9613499755859376 4.796710218562483e-06
1.9623499755859375 3.3510378687616176e-06
1.9633499755859376 2.7274195958424513e-06
1.9643499755859375 9.39409031444361e-06
1.9653499755859376 5.259981865893772e-07
1.9663499755859375 3.374559883130421e-06
1.9673499755859376 3.036672636631788e-06
1.9683499755859375 7.635089259430858e-06
1.9693499755859376 5.233893153611339e-06
1.9703499755859375 1.0280662128035677e-05
1.9713499755859376 9.856692906848552e-06
1.9723499755859375 3.112052553666683e-06
1.9733499755859376 1.419422716228919e-05
1.9743499755859375 4.530672104189905e-06
1.9753499755859374 5.763300673667752e-06
1.9763499755859375 1.993328814120484e-06
1.9773499755859374 6.763863315301974e-06
1.9783499755859375 8.058610942320019e-06
1.9793499755859374 7.166544589896152e-06
1.9803499755859375 5.3698291196532505e-06
1.9813499755859374 3.2903148264976664e-06
1.9823499755859375 6.983503350579873e-06
1.9833499755859374 3.7464912776331254e-06
1.9843499755859375 3.9853274670411145e-06
1.9853499755859374 1.6919334225956402e-05
1.9863499755859375 8.919933006251995e-06
1.9873499755859374 4.30446491221686e-06
1.9883499755859375 5.927670565430689e-06
1.9893499755859374 5.476098057865185e-06
1.9903499755859375 5.9816511857817454e-06
1.9913499755859374 1.0116463752226958e-05
1.9923499755859375 5.438946694798595e-06
1.9933499755859374 9.760930999234863e-06
1.9943499755859375 1.742711551304719e-06
1.9953499755859374 6.843677467396867e-06
1.9963499755859375 6.934853692031162e-06
1.9973499755859374 1.13303109804926e-05
1.9983499755859375 6.926931968159765e-06
1.9993499755859374 1.2681329828570586e-05
2.0003499755859373 8.026474916236202e-06
2.0013499755859376 3.0455369435847096e-06
2.0023499755859375 1.0553514151524807e-05
2.0033499755859374 4.283322173155014e-06
2.0043499755859373 8.065419741686792e-06
2.0053499755859376 1.1712839074516588e-05
2.0063499755859375 8.835729707072178e-06
2.0073499755859374 3.4204636044460355e-06
2.0083499755859373 4.112199781534315e-07
2.0093499755859376 6.546759000182766e-07
2.0103499755859375 7.852430829195728e-06
2.0113499755859374 1.1228752904262454e-05
2.0123499755859373 1.0632177622492689e-05
2.0133499755859376 1.1924269476965373e-05
2.0143499755859375 7.238230139378218e-06
2.0153499755859374 3.200565803192341e-06
2.0163499755859373 4.061715761738681e-06
2.0173499755859376 1.0591217307650097e-05
2.0183499755859375 7.660323598582991e-06
2.0193499755859374 8.718702140320153e-06
2.0203499755859373 1.0572202476444463e-05
2.0213499755859377 8.176953342195427e-06
2.0223499755859375 9.677358526835233e-06
2.0233499755859374 2.771487944148529e-06
2.0243499755859373 4.1419502120589795e-06
2.0253499755859377 2.0070813842261396e-06
2.0263499755859375 1.5376379593970528e-05
2.0273499755859374 9.89919587613479e-06
2.0283499755859373 1.4481522861607428e-05
2.0293499755859377 5.724886502584844e-06
2.0303499755859375 5.524912414912384e-06
2.0313499755859374 7.97503994308373e-06
2.0323499755859373 2.2514590967016345e-06
2.0333499755859377 8.260391416884112e-07
2.0343499755859376 4.066841525116718e-06
2.0353499755859374 5.433076851454942e-06
2.0363499755859373 2.1645197514738243e-06
2.0373499755859377 3.6458634063743027e-06
2.0383499755859376 2.5466391787351076e-06
2.0393499755859374 4.555095244262574e-06
2.0403499755859373 5.717608460158154e-07
2.0413499755859377 4.319977632025655e-06
2.0423499755859376 9.640714452980805e-06
2.0433499755859375 8.015551406616887e-06
2.0443499755859373 1.2198853223360582e-05
2.0453499755859377 5.668636435465217e-06
2.0463499755859376 3.5480937217395063e-06
2.0473499755859375 5.194396708257927e-06
2.04835009765625 5.261348154700675e-06
2.04935009765625 4.695304474946744e-06
2.05035009765625 7.232721571035285e-06
2.05135009765625 5.036992084727332e-07
2.05235009765625 4.9828222129656824e-11
2.05335009765625 9.434744679410702e-07
2.05435009765625 6.058564315307718e-06
2.05535009765625 1.1608452532019259e-05
2.05635009765625 4.989862158453189e-11
2.05735009765625 9.572176401122107e-06
2.05835009765625 5.064033106213405e-06
2.05935009765625 1.0626561772693381e-05
2.06035009765625 1.1019478444625107e-05
2.06135009765625 7.969594844607696e-06
2.06235009765625 1.0679815472183904e-05
2.06335009765625 1.2660547581904513e-05
2.06435009765625 8.429555595017469e-06
2.06535009765625 7.140113477534636e-06
2.06635009765625 1.440972179088878e-05
2.06735009765625 3.733429285660932e-06
2.06835009765625 9.490304062065083e-06
2.06935009765625 1.1070379695509347e-05
2.07035009765625 1.1905441233048308e-05
2.07135009765625 7.836985711358881e-06
2.07235009765625 4.470643799351828e-06
2.07335009765625 3.002165025617084e-06
2.07435009765625 6.593063910269377e-06
2.07535009765625 6.70678345400161e-06
2.07635009765625 1.4494508561521162e-05
2.07735009765625 1.1745081986784014e-05
2.07835009765625 4.146478028571511e-06
2.07935009765625 4.861521749314587e-06
2.08035009765625 3.578341329890897e-06
2.08135009765625 6.725247337361703e-08
2.08235009765625 5.296450236640084e-06
2.08335009765625 3.7477272593425067e-06
2.08435009765625 1.968253736657237e-05
2.08535009765625 1.3320867027037327e-05
2.08635009765625 1.2308908997295916e-05
2.08735009765625 6.210210741909091e-06
2.08835009765625 3.942671411227285e-06
2.08935009765625 4.646051820452911e-06
2.09035009765625 1.4990568810428641e-05
2.09135009765625 1.13047971140698e-05
2.09235009765625 1.227580204126068e-05
2.09335009765625 6.680776346046972e-06
2.09435009765625 3.4104791485125455e-06
2.09535009765625 6.6359278726093485e-06
2.09635009765625 9.000280045447881e-06
2.09735009765625 7.839772003291669e-06
2.09835009765625 8.36002087116324e-06
2.09935009765625 7.604429069586982e-06
2.10035009765625 1.4710118377221918e-05
2.10135009765625 6.111992046270894e-06
2.10235009765625 1.1679970176920747e-05
2.10335009765625 9.146993426040976e-06
2.10435009765625 6.1092588705381024e-06
2.10535009765625 4.500213330070897e-06
2.10635009765625 7.503677648202055e-06
2.10735009765625 1.0322353280170648e-05
2.10835009765625 1.428631851490688e-05
2.10935009765625 1.3939060462783417e-05
2.11035009765625 2.3177217416477043e-06
2.11135009765625 1.2294432344355307e-05
2.11235009765625 4.612300285860906e-06
2.11335009765625 4.03487566303013e-06
2.11435009765625 1.352873461876209e-05
2.11535009765625 2.301892555464022e-06
2.11635009765625 6.6753165743121465e-06
2.11735009765625 8.115632299539229e-06
2.11835009765625 6.651832099289099e-06
2.11935009765625 1.1225360765374431e-05
2.12035009765625 3.3296478383377785e-06
2.12135009765625 8.14747111521435e-06
2.12235009765625 7.596728342338728e-06
2.12335009765625 5.823132322545476e-07
2.12435009765625 9.947216929263323e-06
2.12535009765625 1.2798169411413385e-05
2.12635009765625 2.7988489601873962e-06
2.12735009765625 7.027592185196294e-06
2.12835009765625 1.4221767006544063e-05
2.12935009765625 8.020431163503676e-06
2.13035009765625 4.216683580757535e-06
2.13135009765625 1.0045711301119938e-05
2.13235009765625 5.5422633812123515e-06
2.13335009765625 1.9731425880231544e-05
2.13435009765625 9.888266079042996e-06
2.13535009765625 8.838089888856386e-06
2.13635009765625 8.296432176173198e-06
2.13735009765625 5.894314538936633e-06
2.13835009765625 1.798788434386798e-06
2.13935009765625 6.501452926415546e-06
2.14035009765625 1.0436268494081634e-05
2.14135009765625 6.457977214410364e-06
2.14235009765625 1.1048544355896452e-05
2.14335009765625 1.207037229046995e-05
2.14435009765625 6.811380608476833e-06
2.14535009765625 1.4138234307186986e-05
2.14635009765625 1.1608108103155001e-05
2.14735009765625 7.774612879639177e-06
2.14835009765625 1.0578526306411854e-05
2.14935009765625 2.259824160353469e-06
2.15035009765625 1.0184779308844215e-05
2.15135009765625 1.6326954679614159e-06
2.15235009765625 6.327004687178622e-06
2.15335009765625 1.68350594904417e-05
2.15435009765625 5.093880814593274e-11
2.15535009765625 5.7285073783447066e-06
2.15635009765625 3.5391332535005083e-06
2.15735009765625 4.543309264075929e-06
2.15835009765625 7.3463483894921985e-06
2.15935009765625 4.238535259775987e-06
2.16035009765625 9.167539762339788e-06
2.16135009765625 9.387872880354028e-06
2.16235009765625 8.27372844413914e-06
2.16335009765625 3.579551688566292e-06
2.16435009765625 2.7875785386759044e-06
2.16535009765625 1.1415663559368663e-05
2.16635009765625 3.6802750475150335e-07
2.16735009765625 5.281506748139696e-06
2.16835009765625 1.747955103964074e-05
2.16935009765625 1.4879878299443477e-05
2.17035009765625 5.0514866972151925e-11
2.17135009765625 2.467550352309456e-07
2.17235009765625 9.422217116277885e-06
2.17335009765625 1.2141185844710223e-05
2.17435009765625 6.976936728130047e-06
2.17535009765625 5.36968587775176e-06
2.17635009765625 5.7001726722492835e-06
2.17735009765625 3.5859351162945554e-06
2.17835009765625 7.459066855127155e-06
2.17935009765625 1.0800861959851776e-05
2.18035009765625 5.0234607253891645e-11
2.18135009765625 6.671851048508375e-06
2.18235009765625 1.4354825543848322e-05
2.18335009765625 9.202293833923555e-06
2.18435009765625 1.4403105603699683e-06
2.18535009765625 1.3862989986247382e-07
2.18635009765625 9.217186488736229e-06
2.18735009765625 5.018748305650679e-11
2.18835009765625 1.0181368613825113e-05
2.18935009765625 8.828711069602883e-06
2.19035009765625 1.1160467106480338e-05
2.19135009765625 3.86303483612014e-06
2.19235009765625 6.8933214062531354e-06
2.19335009765625 1.2036857227633946e-05
2.19435009765625 9.793186816962073e-06
2.19535009765625 3.965373292437144e-06
2.19635009765625 9.498389073275714e-06
2.19735009765625 4.856650216834889e-07
2.19835009765625 7.357613501140762e-06
2.19935009765625 1.2735378558029815e-05
2.20035009765625 9.232778507479994e-06
2.20135009765625 1.0183662101611084e-05
2.20235009765625 7.723358647420458e-06
2.20335009765625 1.0667188409428148e-05
2.20435009765625 3.209966143873236e-06
2.20535009765625 5.17831971870158e-06
2.20635009765625 9.526618337788578e-06
2.20735009765625 1.5733659808277857e-06
2.20835009765625 5.932855252823837e-06
2.20935009765625 8.098087046753592e-06
2.21035009765625 9.52561766118892e-06
2.21135009765625 7.229307718983507e-06
2.21235009765625 7.561479784135556e-06
2.21335009765625 1.1236073296498659e-05
2.21435009765625 9.776532582860152e-06
2.21535009765625 1.1592858032016433e-05
2.21635009765625 3.5444342945364243e-06
2.21735009765625 1.3691251825567699e-05
2.21835009765625 1.8229531972801694e-05
2.21935009765625 5.881582868527828e-06
2.22035009765625 1.2961219042434966e-06
2.22135009765625 2.7917075687389573e-06
2.22235009765625 1.398503664074193e-06
2.22335009765625 9.021969414609964e-06
2.22435009765625 1.4405201322016688e-05
2.22535009765625 4.744016162691095e-06
2.22635009765625 1.1155151910950211e-05
2.22735009765625 2.0110731414926836e-05
2.22835009765625 5.0960283426151134e-11
2.22935009765625 3.133361959829736e-06
2.23035009765625 5.171344320673446e-06
2.23135009765625 1.3554884534678898e-05
2.23235009765625 1.1292887260554491e-05
2.23335009765625 1.3774008282293305e-05
2.23435009765625 1.8442582932173335e-06
2.23535009765625 1.1712658105905731e-05
2.23635009765625 7.1545785883474935e-06
2.23735009765625 2.859830080420009e-07
2.23835009765625 1.1281244674736595e-05
2.23935009765625 1.776890069951934e-05
2.24035009765625 6.351931100902492e-06
2.24135009765625 1.6415522646846105e-06
2.24235009765625 6.819228474298529e-06
2.24335009765625 9.005620695910272e-06
2.24435009765625 1.79068552879196e-05
2.24535009765625 1.209127369465425e-05
2.24635009765625 2.965427442059709e-06
2.24735009765625 5.142965180489312e-06
2.24835009765625 2.0150555066032452e-05
2.24935009765625 8.184609575461024e-06
2.25035009765625 1.044241256391509e-06
2.25135009765625 1.0906738028639789e-05
2.25235009765625 2.7364102458542492e-05
2.25335009765625 5.044668710612765e-11
2.25435009765625 5.773519743469899e-06
2.25535009765625 5.0272753374719555e-11
2.25635009765625 9.46007396379667e-06
2.25735009765625 1.3481780113629665e-05
2.25835009765625 3.4906714446210277e-06
2.25935009765625 1.4194486631674547e-05
2.26035009765625 7.718324141808753e-06
2.26135009765625 1.6342353732139317e-05
2.26235009765625 5.241433022965801e-07
2.26335009765625 5.227254721578959e-06
2.26435009765625 7.283234925955608e-06
2.26535009765625 4.8923342098337494e-11
2.26635009765625 8.8092266962974e-06
2.26735009765625 1.2080235944585565e-06
2.26835009765625 6.4539918670409945e-06
2.26935009765625 1.8809179771631957e-05
2.27035009765625 1.8025241133256505e-06
2.27135009765625 5.474694200842419e-06
2.27235009765625 1.671441692186941e-05
2.27335009765625 2.904320647694877e-06
2.27435009765625 4.978792555860776e-11
2.27535009765625 5.726193924595805e-06
2.27635009765625 8.426222695972794e-06
2.27735009765625 2.221470931925152e-06
2.27835009765625 8.108093287670368e-06
2.27935009765625 4.911627493553093e-06
2.28035009765625 3.0975177345794236e-06
2.28135009765625 3.824952681154771e-06
2.28235009765625 2.2700318447242515e-06
2.28335009765625 3.1507513296219694e-06
2.28435009765625 4.9922881080388045e-11
2.28535009765625 7.595260310817968e-07
2.28635009765625 1.0265958537420444e-06
2.28735009765625 4.988799931062871e-11
2.28835009765625 4.9869103689738166e-11
2.28935009765625 8.271915203718224e-06
2.29035009765625 2.1801782236768e-06
2.29135009765625 8.448941786586567e-06
2.29235009765625 4.9053309283878155e-06
2.29335009765625 1.1191236370016112e-06
2.29435009765625 2.916047927056837e-06
2.29535009765625 8.163795272181655e-06
2.29635009765625 8.220835861726658e-06
2.29735009765625 7.51639704595755e-07
2.29835009765625 2.9503299139580145e-06
2.29935009765625 7.4123530125170244e-06
2.30035009765625 1.7046271256449023e-06
2.30135009765625 2.4272058251896482e-06
2.30235009765625 4.906627438030743e-11
2.30335009765625 6.008469751587116e-06
2.30435009765625 7.025024604608537e-06
2.30535009765625 1.0139761928143474e-06
2.30635009765625 4.2392764029728105e-06
2.30735009765625 1.911712516363567e-06
2.30835009765625 1.4191699252854937e-06
2.30935009765625 4.2801389986002356e-07
2.31035009765625 1.3840873599232054e-06
2.31135009765625 1.146140345067998e-06
2.31235009765625 1.5585389963933024e-06
2.31335009765625 2.9045743374560443e-06
2.31435009765625 2.164791458179494e-06
2.31535009765625 4.2994833738767475e-06
2.31635009765625 6.013308265493686e-06
2.31735009765625 8.64469433395156e-06
2.31835009765625 4.22254765713967e-06
2.31935009765625 2.7606430829347937e-06
2.32035009765625 1.5148644415678051e-06
2.32135009765625 7.664150546059088e-07
2.32235009765625 3.721142113253505e-06
2.32335009765625 4.425190482351677e-06
2.32435009765625 5.629670065849314e-06
2.32535009765625 4.777890443340653e-06
2.32635009765625 2.5415555169761487e-06
2.32735009765625 2.6718898532099673e-06
2.32835009765625 4.880170699173483e-07
2.32935009765625 8.377432398667541e-08
2.33035009765625 2.6715697274175508e-06
2.33135009765625 3.1857391468677287e-06
2.33235009765625 1.2864091430735859e-06
2.33335009765625 1.4873782473262166e-06
2.33435009765625 1.4079757552393333e-06
2.33535009765625 1.380831798938566e-06
2.33635009765625 1.0926121696954138e-06
2.33735009765625 1.6809765375534272e-06
2.33835009765625 1.264530922979481e-06
2.33935009765625 8.632433608942037e-07
2.34035009765625 8.961317200110691e-07
2.34135009765625 1.2528018729441776e-06
2.34235009765625 1.5186811104847496e-06
2.34335009765625 1.8177805141588633e-11
2.34435009765625 3.89102781903387e-07
2.34535009765625 6.089288004574967e-07
2.34635009765625 1.4675157366133019e-06
2.34735009765625 5.270545363057488e-07
2.34835009765625 1.6688385434309466e-06
2.34935009765625 8.165434130104608e-07
2.35035009765625 2.041727706103904e-06
2.35135009765625 8.464288412078411e-07
2.35235009765625 4.326832154281265e-07
2.35335009765625 1.7823776638775001e-06
2.35435009765625 7.742357791062273e-07
2.35535009765625 3.846118830642265e-07
2.35635009765625 1.8204505149351649e-06
2.35735009765625 4.3323197719507285e-07
2.35835009765625 1.0330978266133449e-06
2.35935009765625 6.761449913369732e-07
2.36035009765625 1.7911929646478445e-06
2.36135009765625 1.6008477423192365e-06
2.36235009765625 9.048134359236546e-07
2.36335009765625 1.015958819170814e-06
2.36435009765625 1.7113398812656797e-06
2.36535009765625 4.974451328571302e-07
2.36635009765625 7.158478524522055e-07
2.36735009765625 5.688013492262007e-07
2.36835009765625 4.3380969691998816e-08
2.36935009765625 8.420900259556346e-07
2.37035009765625 3.7607378475333784e-07
2.37135009765625 6.478621426714137e-07
2.37235009765625 5.36322226631641e-07
2.37335009765625 2.7059277979526866e-07
2.37435009765625 1.8809387461307904e-07
2.37535009765625 7.189952226699258e-08
2.37635009765625 3.9441764550360676e-07
2.37735009765625 3.188934381676889e-07
2.37835009765625 2.3339200122378235e-07
2.37935009765625 2.317689660104918e-07
2.38035009765625 3.0963952674732884e-07
2.38135009765625 2.6751055092438545e-07
2.38235009765625 2.527985072344283e-07
2.38335009765625 1.3270184673474694e-07
2.38435009765625 1.4516302208990163e-07
2.38535009765625 1.9008192664106234e-07
2.38635009765625 1.4870352400798667e-07
2.38735009765625 9.140461099572419e-08
2.38835009765625 1.712629682653725e-07
2.38935009765625 9.751626027798348e-08
2.39035009765625 1.3213402225593713e-07
2.39135009765625 1.3032342740625967e-07
2.39235009765625 4.3624427191952503e-08
2.39335009765625 2.9121452967019934e-08
2.39435009765625 7.215426423747315e-08
2.39535009765625 6.909507164435058e-08
2.39635009765625 4.220624439741185e-08
2.39735009765625 2.950303181170243e-08
2.39835009765625 4.354860454540584e-08
2.39935009765625 5.6218006226738705e-08
2.40035009765625 4.116401730252369e-08
2.40135009765625 1.8776627084006233e-08
2.40235009765625 2.3177462029109437e-08
2.40335009765625 1.7534747266793623e-08
2.40435009765625 1.5025843435051657e-08
2.40535009765625 1.1186586619512273e-08
2.40635009765625 1.9562381553114247e-08
2.40735009765625 2.990096872348311e-08
2.40835009765625 5.626940674440424e-09
2.40935009765625 1.0201358709522487e-08
2.41035009765625 1.1635212523273442e-08
2.41135009765625 1.8847480405635986e-08
2.41235009765625 4.607788513186584e-09
2.41335009765625 7.453231352483723e-09
2.41435009765625 7.886497248327753e-09
2.41535009765625 7.921122869135557e-09
2.41635009765625 7.447414461258906e-09
2.41735009765625 9.243682668671125e-09
2.41835009765625 3.3908851366970255e-09
2.41935009765625 8.391727759292866e-09
2.42035009765625 3.0527413996366712e-09
2.42135009765625 2.7239437890925925e-09
2.42235009765625 5.035416019981965e-09
2.42335009765625 1.6526887948009832e-09
2.42435009765625 3.3816948709036796e-09
2.42535009765625 2.5863019319657974e-09
2.42635009765625 1.6004434551214319e-09
2.42735009765625 7.402196953937944e-11
2.42835009765625 2.631072081126744e-09
2.42935009765625 6.017792509701951e-10
2.43035009765625 1.7871772242375508e-09
2.43135009765625 1.081425522969876e-09
2.43235009765625 7.83988970968846e-10
2.43335009765625 7.706743695140085e-10
2.43435009765625 4.806529663467731e-10
2.43535009765625 4.899028359830165e-10
2.43635009765625 3.3203456426167793e-10
2.43735009765625 2.150918567258912e-10
2.43835009765625 5.19119791107648e-10
2.43935009765625 2.775276754854623e-10
2.44035009765625 3.6071566268761825e-10
2.44135009765625 1.9284807035229764e-10
2.44235009765625 2.2090365232465986e-10
2.44335009765625 9.992130235572608e-11
2.44435009765625 2.556172832146969e-10
2.44535009765625 2.66549648496543e-10
2.44635009765625 2.5682716656978126e-11
2.44735009765625 4.434902911549916e-11
2.44835009765625 2.4362215284200146e-11
2.44935009765625 9.010585185448757e-11
2.45035009765625 1.0622268015547554e-10
2.45135009765625 3.573274184575759e-11
2.45235009765625 5.4569126137626057e-11
2.45335009765625 8.459281030430686e-11
2.45435009765625 1.0181363472978912e-11
2.45535009765625 4.5158910739952465e-11
2.45635009765625 8.672016056542475e-11
2.45735009765625 1.9173942425319627e-16
2.45835009765625 8.514760406847972e-11
2.45935009765625 7.442570783256404e-11
2.46035009765625 3.206568974394294e-11
2.46135009765625 5.1401294987697106e-11
2.46235009765625 5.012685040947166e-12
2.46335009765625 3.907019483144887e-11
2.46435009765625 2.9601319357563986e-11
2.46535009765625 3.888001333437102e-11
2.46635009765625 1.6105983347106055e-12
2.46735009765625 2.6922485497149606e-11
2.46835009765625 3.340068664995194e-11
2.46935009765625 1.6044311401458372e-11
2.47035009765625 5.399566407716521e-12
2.47135009765625 3.7452446087117176e-11
2.47235009765625 1.4247135851400367e-11
2.47335009765625 6.616202318570707e-12
2.47435009765625 2.5411976129024704e-11
2.47535009765625 3.887873841894952e-12
2.47635009765625 7.350919044848085e-12
2.47735009765625 1.2598702636213986e-11
2.47835009765625 1.3873275137245067e-12
2.47935009765625 1.0421990937361973e-11
2.48035009765625 8.606914866712289e-12
2.48135009765625 2.2755338759262684e-11
2.48235009765625 2.3398198600474952e-17
2.48335009765625 6.2060996561985605e-12
2.48435009765625 4.33984696129161e-12
2.48535009765625 3.937930517571675e-13
2.48635009765625 3.730369698403296e-12
2.48735009765625 5.491378560661509e-12
2.48835009765625 4.857525186887103e-12
2.48935009765625 4.228112746743438e-12
2.49035009765625 1.1816812420570228e-12
2.49135009765625 4.78562096116658e-12
2.49235009765625 5.710097738507021e-13
2.49335009765625 3.264198834290685e-12
2.49435009765625 3.7850636987400974e-12
2.49535009765625 1.23627895572699e-12
2.49635009765625 1.3782716460095619e-12
2.49735009765625 2.0788487831929754e-12
2.49835009765625 2.0612539317443882e-12
2.49935009765625 1.1582015483792635e-12
2.50035009765625 3.255166627809239e-12
2.50135009765625 3.689656909660723e-13
2.50235009765625 9.574992524143387e-13
2.50335009765625 1.626202745104651e-12
2.50435009765625 8.197464074154187e-13
2.50535009765625 7.509529247722517e-13
2.50635009765625 9.95479533857672e-13
2.50735009765625 6.950325981899574e-13
2.50835009765625 1.3253578846915705e-12
2.50935009765625 1.187796329070279e-12
2.51035009765625 1.9072849425290723e-13
2.51135009765625 6.530229546065643e-13
2.51235009765625 3.913183280895772e-13
2.51335009765625 6.782510753094687e-13
2.51435009765625 3.508831609588494e-13
2.51535009765625 8.544929943044006e-13
2.51635009765625 2.6913554070835304e-13
2.51735009765625 3.1557834421128396e-13
2.51835009765625 4.240916169590117e-13
2.51935009765625 2.624927578789158e-13
2.52035009765625 2.6308846724572563e-13
2.52135009765625 1.2719518175294093e-13
2.52235009765625 1.1857522070755685e-13
2.52335009765625 1.976574758863251e-13
2.52435009765625 1.8411161137951556e-13
2.52535009765625 6.14828883291491e-14
2.52635009765625 1.5593042872304771e-13
2.52735009765625 3.914225499255115e-14
2.52835009765625 8.099028845464387e-14
2.52935009765625 6.47506385942838e-14
2.53035009765625 9.731637624471393e-14
2.53135009765625 7.566955602869299e-14
2.53235009765625 7.069054066783349e-14
2.53335009765625 4.6460322463292964e-14
2.53435009765625 3.709476883435555e-14
2.53535009765625 3.3409224316598376e-14
2.53635009765625 7.730804621174068e-14
2.53735009765625 5.318036197675037e-14
2.53835009765625 1.1267545879713051e-14
2.53935009765625 5.070472151935055e-14
2.54035009765625 2.7964313277219355e-14
2.54135009765625 4.5207341473818274e-14
2.54235009765625 1.983169330928892e-14
2.54335009765625 2.032010232360578e-14
2.54435009765625 2.6052035286093748e-14
2.54535009765625 5.379403832765541e-15
2.54635009765625 1.5686771679797393e-14
2.54735009765625 1.5153856002225626e-14
2.54835009765625 4.2067088635774896e-16
2.54935009765625 1.034509404005975e-14
2.55035009765625 1.905215786430318e-14
2.55135009765625 1.866281811066048e-14
2.55235009765625 1.2047836630321684e-14
2.55335009765625 1.885716108563425e-14
2.55435009765625 7.75615872213059e-15
2.55535009765625 3.9707276457760965e-15
2.55635009765625 2.2211590720747185e-15
2.55735009765625 7.548089791414754e-15
2.55835009765625 1.11571633358111e-14
2.55935009765625 2.6698805915661133e-16
2.56035009765625 2.4756257943522682e-15
2.56135009765625 6.200824502024855e-15
2.56235009765625 1.4711910746491787e-15
2.56335009765625 1.670006597070444e-15
2.56435009765625 1.9938345639569053e-15
2.56535009765625 1.3609166213318456e-15
2.56635009765625 1.886126942997544e-15
2.56735009765625 2.7430726171861313e-15
2.56835009765625 1.7346097656499443e-15
2.56935009765625 1.7502823204355057e-15
2.57035009765625 7.157394140901488e-16
2.57135009765625 1.2433120957526405e-15
2.57235009765625 1.2128948628203018e-15
2.57335009765625 5.7381221764835865e-16
2.57435009765625 7.720662263168122e-16
2.57535009765625 3.38097868330075e-16
2.57635009765625 1.247362177557302e-15
2.57735009765625 1.49897001207222e-15
2.57835009765625 7.719546995311615e-16
2.57935009765625 7.620785613377052e-16
2.58035009765625 2.8120247801618616e-16
2.58135009765625 6.29523016588077e-16
2.58235009765625 1.2425239991470716e-16
2.58335009765625 5.736292308647572e-16
2.58435009765625 5.1631109818532735e-16
2.58535009765625 1.9574758026214473e-16
2.58635009765625 1.9921122767634225e-16
2.58735009765625 3.8341564270745797e-16
2.58835009765625 1.2865728111899185e-16
2.58935009765625 2.7032764397654204e-16
2.59035009765625 9.745155928210656e-17
2.59135009765625 6.007555554339466e-17
2.59235009765625 5.102775400700348e-17
2.59335009765625 7.12820880918385e-17
2.59435009765625 4.1072479297407054e-17
2.59535009765625 4.196639005771416e-17
2.59635009765625 8.089885071884956e-17
2.59735009765625 1.687188406546768e-17
2.59835009765625 2.4063946762735465e-17
2.59935009765625 5.599060066960974e-17
2.60035009765625 3.400251694284103e-17
