Wavelength_microns Throughput
0.5507899780273438 2.272632270429459e-09
0.5517899780273438 2.3961688802750764e-09
0.5527899780273438 9.414217777284517e-13
0.5537899780273438 1.8481440067103677e-09
0.5547899780273438 9.740648839899293e-11
0.5557899780273438 1.0550448441725535e-09
0.5567899780273438 1.0120644463406077e-09
0.5577899780273438 2.3665626077057243e-10
0.5587899780273438 4.674573489980252e-10
0.5597899780273438 8.332298139252004e-13
0.5607899780273438 1.0003883411643469e-12
0.5617899780273438 1.1094518585450635e-09
0.5627899780273438 1.9508153324864158e-09
0.5637899780273438 1.94695022838373e-09
0.5647899780273438 7.04757942110386e-11
0.5657899780273438 1.9469104775031974e-09
0.5667899780273438 4.382159653944806e-10
0.5677899780273438 3.640236499041688e-09
0.5687899780273438 2.8279961513542917e-09
0.5697899780273438 2.5311423940043475e-09
0.5707899780273438 3.194338681086662e-09
0.5717899780273438 2.0643846488180194e-09
0.5727899780273438 2.1237089308925216e-09
0.5737899780273438 1.5544506262944288e-09
0.5747899780273438 7.376896962216481e-10
0.5757899780273438 1.5123478857945517e-09
0.5767899780273438 5.253289138726729e-10
0.5777899780273438 6.350853088997713e-09
0.5787899780273438 4.022933216729995e-09
0.5797899780273438 5.050231645569272e-09
0.5807899780273438 1.175302641125899e-10
0.5817899780273438 2.9051139303612453e-12
0.5827899780273438 3.0370913455158567e-09
0.5837899780273438 4.466989409245199e-09
0.5847899780273438 1.6498278814404713e-09
0.5857899780273438 1.4211877225754506e-08
0.5867899780273438 6.602968066802543e-09
0.5877899780273438 1.1735137464089978e-08
0.5887899780273438 7.0720734006410506e-12
0.5897899780273438 9.835156017142528e-09
0.5907899780273438 7.892955394357445e-10
0.5917899780273438 1.0752159624463776e-08
0.5927899780273438 1.3998275753023835e-08
0.5937899780273438 2.081868453267573e-08
0.5947899780273438 1.1791463317990043e-08
0.5957899780273438 9.614388156569374e-12
0.5967899780273438 5.61502959698455e-08
0.5977899780273438 4.796078480305452e-10
0.5987899780273438 2.950153026297436e-09
0.5997899780273438 7.695448644776874e-09
0.6007899780273438 2.6228231758436367e-08
0.6017899780273438 1.0625713514918295e-08
0.6027899780273438 1.996486982893131e-08
0.6037899780273438 5.031828995090065e-08
0.6047899780273438 6.628585345926778e-09
0.6057899780273438 1.0041958045057299e-08
0.6067899780273438 1.1222546671977022e-08
0.6077899780273438 1.1838962379119764e-11
0.6087899780273438 1.570125409672233e-08
0.6097899780273438 1.168145222984856e-09
0.6107899780273438 1.6045597050817213e-08
0.6117899780273437 1.053378033506294e-08
0.6127899780273437 2.7955234966786816e-08
0.6137899780273437 3.9647384484453686e-08
0.6147899780273437 1.2638813707799931e-08
0.6157899780273437 1.0033450885985601e-08
0.6167899780273437 3.272527687703294e-08
0.6177899780273437 1.2644228412586308e-08
0.6187899780273437 1.3683664793574358e-11
0.6197899780273437 2.8572340585354898e-08
0.6207899780273437 1.4594372134962523e-08
0.6217899780273437 2.787389970802214e-08
0.6227899780273437 1.0524724366205837e-08
0.6237899780273437 1.4371036347695507e-11
0.6247899780273437 1.596082050988028e-08
0.6257899780273437 1.1418648412204851e-08
0.6267899780273437 2.7156373159751223e-08
0.6277899780273437 1.5114273824599526e-11
0.6287899780273437 2.4844369300796096e-08
0.6297899780273437 1.5413379646020618e-11
0.6307899780273437 4.357698325877304e-08
0.6317899780273437 2.1192279468303323e-08
0.6327899780273437 1.584415332706146e-11
0.6337899780273437 1.7282480672429387e-08
0.6347899780273437 1.0175097644743026e-08
0.6357899780273437 9.01748006382087e-08
0.6367899780273437 2.984996608117202e-08
0.6377899780273437 2.1783536599751998e-08
0.6387899780273437 3.441331342995637e-08
0.6397899780273437 8.36543355618482e-08
0.6407899780273437 3.057618523093229e-08
0.6417899780273437 1.494885680397846e-08
0.6427899780273437 2.2513150891459166e-08
0.6437899780273437 2.8554867307421857e-08
0.6447899780273437 2.794098418745657e-08
0.6457899780273437 4.872651174915198e-08
0.6467899780273437 2.5718911517718067e-08
0.6477899780273437 1.9801075215518402e-08
0.6487899780273437 1.4436640331904479e-08
0.6497899780273437 6.563629341893725e-08
0.6507899780273437 1.8186876189932507e-08
0.6517899780273437 2.7606059117689092e-08
0.6527899780273437 2.9641273947579608e-08
0.6537899780273437 6.65889303615646e-08
0.6547899780273437 6.102884645611183e-08
0.6557899780273437 4.029239313291457e-08
0.6567899780273437 2.9168670949613397e-08
0.6577899780273437 5.680171872388919e-08
0.6587899780273437 2.5728713098334112e-08
0.6597899780273437 4.356855260226657e-08
0.6607899780273437 5.744839976654284e-08
0.6617899780273437 8.421282272809738e-08
0.6627899780273437 5.584145005369722e-08
0.6637899780273437 6.368059667111477e-08
0.6647899780273437 3.573200446527283e-08
0.6657899780273437 6.952756984018257e-08
0.6667899780273437 2.980438097531743e-08
0.6677899780273437 8.99383828312651e-08
0.6687899780273437 7.50287217563464e-08
0.6697899780273437 6.677126631653697e-08
0.6707899780273437 6.434210318065558e-08
0.6717899780273437 8.05931189880465e-08
0.6727899780273437 4.77545576881823e-08
0.6737899780273438 5.371307847542675e-08
0.6747899780273438 3.471933554888153e-08
0.6757899780273438 5.419730253272358e-08
0.6767899780273438 6.122874863298976e-08
0.6777899780273438 6.078264957042925e-08
0.6787899780273438 5.2024446931820277e-08
0.6797899780273438 1.237883807289192e-07
0.6807899780273438 1.0497298001951281e-07
0.6817899780273438 5.8430343202886316e-08
0.6827899780273438 5.803053489007902e-08
0.6837899780273438 6.345267390421501e-08
0.6847899780273438 7.619883133591764e-08
0.6857899780273438 9.059508961279348e-08
0.6867899780273438 8.646025204314664e-08
0.6877899780273438 1.004815485934856e-07
0.6887899780273438 7.513920558242328e-08
0.6897899780273438 8.01816175428963e-08
0.6907899780273438 1.1300287730136371e-07
0.6917899780273438 1.088159711204425e-07
0.6927899780273438 7.136498347547207e-08
0.6937899780273438 7.774496268589857e-08
0.6947899780273438 8.811763680886512e-08
0.6957899780273438 6.478908319473147e-08
0.6967899780273438 1.074115276184964e-07
0.6977899780273438 6.617081560200305e-08
0.6987899780273438 5.90255806998094e-08
0.6997899780273438 3.935868849298352e-08
0.7007899780273438 1.0385985812423466e-07
0.7017899780273438 8.186322755043218e-08
0.7027899780273438 8.691461884171257e-08
0.7037899780273438 8.016343323176724e-08
0.7047899780273438 1.0373612641215529e-07
0.7057899780273438 8.311671837768349e-08
0.7067899780273438 8.429044834195693e-08
0.7077899780273438 4.356657555685816e-08
0.7087899780273438 7.610313284529325e-08
0.7097899780273438 7.279818465645448e-08
0.7107899780273438 5.354185063503197e-08
0.7117899780273438 3.841855880640294e-08
0.7127899780273438 7.071221559820485e-08
0.7137899780273438 1.0528606241352909e-07
0.7147899780273438 6.969891843609297e-08
0.7157899780273438 6.791180619336802e-08
0.7167899780273438 5.05414545347446e-08
0.7177899780273438 1.2544762444803017e-07
0.7187899780273438 1.218356785454444e-07
0.7197899780273438 1.0644734165333018e-07
0.7207899780273438 1.335444734986758e-07
0.7217899780273438 7.164086057306154e-08
0.7227899780273438 1.3056594346021956e-07
0.7237899780273438 1.1140877715454773e-07
0.7247899780273438 1.0512374420925448e-07
0.7257899780273438 1.134780718147955e-07
0.7267899780273438 6.466065036023415e-08
0.7277899780273438 7.50858556059868e-08
0.7287899780273438 1.1157365932925355e-07
0.7297899780273438 7.87824169288169e-08
0.7307899780273438 9.37255872848663e-08
0.7317899780273438 7.65478328337007e-09
0.7327899780273438 6.316485272093394e-08
0.7337899780273438 7.608473799644722e-08
0.7347899780273438 5.969288529101454e-08
0.7357899780273438 9.27669899198473e-08
0.7367899780273437 8.584430767839771e-08
0.7377899780273437 1.2278269701110416e-07
0.7387899780273437 1.212218968513168e-07
0.7397899780273437 1.0369283515633032e-07
0.7407899780273437 1.1115130255909648e-07
0.7417899780273437 1.0905366399944455e-07
0.7427899780273437 1.0994099153095839e-07
0.7437899780273437 7.312200310909951e-08
0.7447899780273437 8.880068606582571e-08
0.7457899780273437 2.8446201487860653e-08
0.7467899780273437 5.361515332448307e-08
0.7477899780273437 6.365431267597048e-08
0.7487899780273437 1.0855477332089287e-07
0.7497899780273437 1.3413401170676163e-07
0.7507899780273437 1.0365197588467276e-07
0.7517899780273437 9.485884724626958e-08
0.7527899780273437 1.2092640910019014e-07
0.7537899780273437 1.0547077477337059e-07
0.7547899780273437 7.994974995351821e-08
0.7557899780273437 6.518075997955045e-08
0.7567899780273437 1.1768609271193482e-07
0.7577899780273437 1.0971399605245807e-07
0.7587899780273437 1.0217978118520866e-07
0.7597899780273437 6.387665956852262e-08
0.7607899780273437 9.380372823563665e-08
0.7617899780273437 7.240573937900377e-08
0.7627899780273437 4.813711009473484e-08
0.7637899780273437 7.909889500531164e-08
0.7647899780273437 1.0227654140448608e-07
0.7657899780273437 6.014123477298715e-08
0.7667899780273437 6.181695183418286e-08
0.7677899780273437 1.9659924267794887e-08
0.7687899780273437 3.6802624555273396e-08
0.7697899780273437 5.974668263667113e-08
0.7707899780273437 9.023210098194587e-08
0.7717899780273437 2.8274506649498678e-08
0.7727899780273437 2.8897523946006618e-08
0.7737899780273437 9.250761354251195e-08
0.7747899780273437 1.1158166333911036e-07
0.7757899780273437 6.355393266337509e-08
0.7767899780273437 4.923681803495333e-08
0.7777899780273437 1.808679479228392e-08
0.7787899780273437 1.0454686450704251e-07
0.7797899780273437 5.924783844172888e-08
0.7807899780273437 2.6261410800514114e-08
0.7817899780273437 8.177506360809489e-08
0.7827899780273437 6.029680080975739e-08
0.7837899780273437 1.2470239511341835e-07
0.7847899780273437 7.22119685744481e-08
0.7857899780273437 5.554024612144218e-08
0.7867899780273437 6.399818165540069e-08
0.7877899780273437 1.4032799661449516e-07
0.7887899780273437 1.1898187011008391e-07
0.7897899780273437 5.0054679910486807e-08
0.7907899780273437 1.1248738162866626e-07
0.7917899780273437 4.0675559924948307e-08
0.7927899780273437 1.3481152011447212e-07
0.7937899780273437 2.8770406967659832e-08
0.7947899780273437 4.3086298057842313e-08
0.7957899780273437 4.5171951187078956e-08
0.7967899780273437 1.302372522175436e-09
0.7977899780273437 4.869579361977176e-08
0.7987899780273438 2.7564713421861213e-08
0.7997899780273438 5.555995565213675e-08
0.8007899780273438 7.050142760046248e-08
0.8017899780273438 7.227565085332756e-08
0.8027899780273438 4.001637261261014e-08
0.8037899780273438 6.568137519536178e-08
0.8047899780273438 2.072664142408401e-08
0.8057899780273438 5.3873063000169465e-08
0.8067899780273438 4.0045784685445316e-08
0.8077899780273438 3.03515225998337e-08
0.8087899780273438 5.237656181516274e-08
0.8097899780273438 2.78425679327499e-08
0.8107899780273438 6.519193490230186e-08
0.8117899780273438 1.0602495589402617e-08
0.8127899780273438 7.398580190403624e-08
0.8137899780273438 5.009559213266052e-08
0.8147899780273438 7.119965835548719e-08
0.8157899780273438 1.0638632327095172e-07
0.8167899780273438 4.9333503905546745e-08
0.8177899780273438 4.6540981560225093e-08
0.8187899780273438 5.8369407075801196e-08
0.8197899780273438 8.619165624446717e-08
0.8207899780273438 5.240337438537635e-08
0.8217899780273438 9.80110767276341e-08
0.8227899780273438 1.0051618006261619e-07
0.8237899780273438 3.8351828832307084e-08
0.8247899780273438 5.3264140177398846e-08
0.8257899780273438 6.7648987108759e-08
0.8267899780273438 9.477973799017565e-09
0.8277899780273438 3.540178726320551e-08
0.8287899780273438 7.620215007270969e-08
0.8297899780273438 7.613648051533499e-08
0.8307899780273438 6.424549699975783e-08
0.8317899780273438 5.968151071837457e-08
0.8327899780273438 6.855613437647777e-08
0.8337899780273438 1.1215633156771908e-07
0.8347899780273438 1.2826853671133475e-07
0.8357899780273438 1.5243907006791428e-07
0.8367899780273438 8.981688508052821e-08
0.8377899780273438 6.543999604546025e-08
0.8387899780273438 1.268005291468447e-07
0.8397899780273438 1.40797141358506e-07
0.8407899780273438 9.987082351268075e-08
0.8417899780273438 3.9272079277735914e-08
0.8427899780273438 8.136998942027351e-08
0.8437899780273438 1.1117307959425046e-07
0.8447899780273438 1.0423745505526299e-07
0.8457899780273438 1.3691057728740863e-07
0.8467899780273438 7.515904071811851e-08
0.8477899780273438 1.1808302614047561e-07
0.8487899780273438 1.506434851903603e-07
0.8497899780273438 9.805563973900336e-08
0.8507899780273438 1.1492325288544477e-07
0.8517899780273438 1.326240798032245e-07
0.8527899780273438 9.753789268467827e-08
0.8537899780273438 5.2793224667048736e-08
0.8547899780273438 1.7999876282293545e-07
0.8557899780273438 1.532290313288844e-07
0.8567899780273438 1.4616563870039148e-07
0.8577899780273438 1.136287779562619e-07
0.8587899780273438 6.221835368805462e-09
0.8597899780273438 1.168807664672898e-07
0.8607899780273438 2.1396952319764637e-07
0.8617899780273437 1.8548511087643576e-07
0.8627899780273437 1.538877449597869e-07
0.8637899780273437 9.457012165920389e-08
0.8647899780273437 8.187373636820871e-08
0.8657899780273437 5.402856762398233e-08
0.8667899780273437 7.957193569167402e-08
0.8677899780273437 3.122673356642933e-11
0.8687899780273437 7.452352869112745e-08
0.8697899780273437 3.1303695739989105e-11
0.8707899780273437 3.1353723586930253e-11
0.8717899780273437 3.141217343811941e-11
0.8727899780273437 8.625946256177179e-08
0.8737899780273437 3.145272836056888e-11
0.8747899780273437 1.0612229695444969e-07
0.8757899780273437 2.9420271032879004e-07
0.8767899780273437 3.5291263703485026e-07
0.8777899780273437 3.157210908196687e-11
0.8787899780273437 3.158028234397068e-11
0.8797899780273437 3.6422476083417056e-07
0.8807899780273437 8.585578326536849e-08
0.8817899780273437 7.813191990157206e-08
0.8827899780273437 2.9562232463433504e-07
0.8837899780273437 3.0847578824875514e-07
0.8847899780273437 2.4569440443005786e-07
0.8857899780273437 6.659494519048495e-07
0.8867899780273437 4.4572935952504635e-07
0.8877899780273437 8.404068934862307e-09
0.8887899780273437 6.468045508628504e-07
0.8897899780273437 3.193534547139834e-11
0.8907899780273437 9.023169038638659e-07
0.8917899780273437 3.20146678407666e-11
0.8927899780273437 3.2024931033418284e-11
0.8937899780273437 8.117494811520436e-07
0.8947899780273437 3.205004672664804e-11
0.8957899780273437 1.4679076829068651e-06
0.8967899780273437 3.197720824993386e-11
0.8977899780273437 1.3210693350162e-07
0.8987899780273437 3.9700046041950405e-08
0.8997899780273437 1.1554374041843241e-07
0.9007899780273437 2.0412144867867338e-08
0.9017899780273437 7.473763835154546e-08
0.9027899780273437 3.0908114295057824e-08
0.9037899780273437 8.647021484194296e-08
0.9047899780273437 1.3817353962919976e-07
0.9057899780273437 1.3935541975590166e-07
0.9067899780273437 9.731741113153962e-08
0.9077899780273437 6.04984884638072e-08
0.9087899780273437 9.884092085959866e-08
0.9097899780273437 1.2101148940744058e-07
0.9107899780273437 1.857126160518396e-08
0.9117899780273437 1.1452606345436089e-07
0.9127899780273437 1.9165103151771557e-07
0.9137899780273437 8.314353393977335e-08
0.9147899780273437 1.3328124122326924e-07
0.9157899780273437 8.444066464576506e-08
0.9167899780273437 1.3390551613417653e-07
0.9177899780273437 1.191158707116971e-07
0.9187899780273437 7.24306359123617e-08
0.9197899780273437 1.6133655474616642e-07
0.9207899780273437 1.1742437651454855e-07
0.9217899780273437 1.2418681832391075e-07
0.9227899780273437 1.7450666702439738e-07
0.9237899780273438 1.2107538737388073e-07
0.9247899780273438 1.6365366474004487e-07
0.9257899780273438 1.507375340729402e-07
0.9267899780273438 7.878769336661604e-08
0.9277899780273438 1.8453334785981202e-07
0.9287899780273438 2.473429397926805e-07
0.9297899780273438 2.4934778311011063e-07
0.9307899780273438 1.2852663580287222e-07
0.9317899780273438 2.1857012959677354e-07
0.9327899780273438 2.5261982209371386e-07
0.9337899780273438 1.5095215256192622e-07
0.9347899780273438 2.2002690249916038e-07
0.9357899780273438 2.322107696141701e-07
0.9367899780273438 2.48305440101575e-07
0.9377899780273438 2.0410090213427613e-07
0.9387899780273438 2.533187130246898e-07
0.9397899780273438 1.6367068136053843e-07
0.9407899780273438 1.8417349354010723e-07
0.9417899780273438 1.5393448737524452e-07
0.9427899780273438 2.193941462827211e-07
0.9437899780273438 2.0966269182579413e-07
0.9447899780273438 1.5994624157184875e-07
0.9457899780273438 1.1726176377254848e-07
0.9467899780273438 2.3345885268068697e-07
0.9477899780273438 2.4308474732738664e-07
0.9487899780273438 2.3724013538640043e-07
0.9497899780273438 1.5153529170415772e-07
0.9507899780273438 2.603404743496728e-07
0.9517899780273438 2.3006533552141208e-07
0.9527899780273438 2.5868430817567235e-07
0.9537899780273438 3.1459840037084383e-07
0.9547899780273438 2.384289711242911e-07
0.9557899780273438 2.3636970201059214e-07
0.9567899780273438 2.584589418091108e-07
0.9577899780273438 3.42166235504754e-07
0.9587899780273438 2.7493603105347436e-07
0.9597899780273438 2.0433735545262074e-07
0.9607899780273438 2.2879801061322106e-07
0.9617899780273438 2.459355173127813e-07
0.9627899780273438 1.4218689850219832e-07
0.9637899780273438 2.2097470785202727e-07
0.9647899780273438 2.0983600957488802e-07
0.9657899780273438 2.7058637405735505e-07
0.9667899780273438 2.3245507608795586e-07
0.9677899780273438 1.8816904571207397e-07
0.9687899780273438 3.2231977074485965e-07
0.9697899780273438 2.776754128757674e-07
0.9707899780273438 2.524146754497395e-07
0.9717899780273438 2.845847927918817e-07
0.9727899780273438 3.225259538109725e-07
0.9737899780273438 2.2451321336741777e-07
0.9747899780273438 2.2741526903245086e-07
0.9757899780273438 2.814146612970209e-07
0.9767899780273438 2.3327364195641907e-07
0.9777899780273438 1.8166533053425318e-07
0.9787899780273438 1.1553296222897233e-07
0.9797899780273438 2.204429543262224e-07
0.9807899780273438 1.965760577785544e-07
0.9817899780273438 2.2901510153094647e-07
0.9827899780273438 1.4174751410340921e-07
0.9837899780273438 1.6268548219639947e-07
0.9847899780273438 1.9543039054138842e-07
0.9857899780273438 2.283876743865894e-07
0.9867899780273437 2.9690836890640385e-07
0.9877899780273437 1.4558871898873868e-07
0.9887899780273437 2.4594417171863634e-07
0.9897899780273437 3.0189666798426843e-07
0.9907899780273437 2.5264300483418685e-07
0.9917899780273437 2.0092199123533087e-07
0.9927899780273437 2.188565509082433e-07
0.9937899780273437 2.3427996372027108e-07
0.9947899780273437 2.629088538369887e-07
0.9957899780273437 2.6008694563334086e-07
0.9967899780273437 2.390010851588175e-07
0.9977899780273437 2.5024549451856286e-07
0.9987899780273437 1.8895271497248897e-06
0.9997899780273437 1.6541088364608402e-06
1.0007899780273437 1.331305925973597e-06
1.0017899780273438 1.8582614837475201e-06
1.0027899780273437 1.500635299058834e-06
1.0037899780273438 1.3220126232713e-06
1.0047899780273437 1.912050790725302e-06
1.0057899780273438 2.2752562745671174e-06
1.0067899780273437 2.125884012667757e-06
1.0077899780273438 8.828630444977762e-07
1.0087899780273437 1.0868593939955853e-06
1.0097899780273438 1.5192686890478337e-06
1.0107899780273437 1.6070465696118446e-06
1.0117899780273438 1.38009732119581e-06
1.0127899780273437 1.1670932322760957e-06
1.0137899780273438 1.3323908435020219e-06
1.0147899780273437 1.314753551847694e-06
1.0157899780273438 1.5617091192127418e-06
1.0167899780273437 1.2091010893011431e-06
1.0177899780273438 7.875106223490102e-07
1.0187899780273437 7.949288376818609e-07
1.0197899780273438 1.5770354562830612e-06
1.0207899780273437 1.417815415026164e-06
1.0217899780273438 1.926082205780011e-06
1.0227899780273437 9.824369749480516e-07
1.0237899780273438 1.3590137602568794e-06
1.0247900390625 1.9375553984896643e-06
1.0257900390625 1.5204654405740244e-06
1.0267900390625 1.0397035397608941e-06
1.0277900390625 1.4098814053611605e-06
1.0287900390625 1.0466985610988952e-06
1.0297900390625 4.0544307687741173e-07
1.0307900390625 8.074826264109112e-07
1.0317900390625 1.1585445638640337e-06
1.0327900390625 9.264907184050145e-07
1.0337900390625 1.28459585546191e-06
1.0347900390625 1.0766639673064771e-06
1.0357900390625 9.454036589614615e-07
1.0367900390625 1.329379873541108e-06
1.0377900390625 8.331444183449879e-07
1.0387900390625 7.547754482108433e-07
1.0397900390625 1.5699794463591868e-06
1.0407900390625 1.4265402405255438e-06
1.0417900390625 1.1354624880422844e-06
1.0427900390625 7.766165205169578e-07
1.0437900390625 1.6618504771414053e-06
1.0447900390625 1.233814204088008e-06
1.0457900390625 1.5370913389108075e-06
1.0467900390625 1.1398898185274879e-06
1.0477900390625 1.2714906096365005e-06
1.0487900390625 1.1771445728323622e-06
1.0497900390625 1.2110588007489385e-06
1.0507900390625 1.292596782883043e-06
1.0517900390625 1.1271967465271675e-06
1.0527900390625 1.0569240135031661e-06
1.0537900390625 1.0955951956351548e-06
1.0547900390625 1.003399572753748e-06
1.0557900390625 7.476778325210893e-07
1.0567900390625 6.326438333618449e-07
1.0577900390625 9.068919556904306e-07
1.0587900390625 9.177661039926721e-07
1.0597900390625 1.0392282956684517e-06
1.0607900390625 1.0828979821905902e-06
1.0617900390625 1.1608359590103445e-06
1.0627900390625 1.1842568958943288e-06
1.0637900390625 1.0059051418417376e-06
1.0647900390625 1.3589044615916815e-06
1.0657900390625 1.5057096147627462e-06
1.0667900390625 1.4450003110377924e-06
1.0677900390625 1.1493388632443707e-06
1.0687900390625 6.233100547314197e-07
1.0697900390625 8.89588550947707e-07
1.0707900390625 1.3541948156627247e-06
1.0717900390625 1.473836018538549e-06
1.0727900390625 1.5081802287091604e-06
1.0737900390625 1.0995226297857434e-06
1.0747900390625 1.577405137086861e-06
1.0757900390625 1.0735942707557592e-06
1.0767900390625 1.0887649156991598e-06
1.0777900390625 9.198032020895905e-07
1.0787900390625 8.54152922688585e-07
1.0797900390625 9.405879378989656e-07
1.0807900390625 6.407763632298145e-07
1.0817900390625 8.174004157302362e-07
1.0827900390625 6.814859173766658e-07
1.0837900390625 6.762990456352404e-07
1.0847900390625 1.4935123137922152e-06
1.0857900390625 7.766766777177399e-07
1.0867900390625 1.0528088721141086e-06
1.0877900390625 1.1518074728288776e-06
1.0887900390625 1.0111006656353172e-06
1.0897900390625 9.170889227439853e-07
1.0907900390625 1.1478931634057221e-06
1.0917900390625 1.036177363459691e-06
1.0927900390625 1.0546295912817605e-06
1.0937900390625 5.724389051965524e-07
1.0947900390625 4.5301043889147603e-07
1.0957900390625 8.046243162992489e-07
1.0967900390625 9.452579243614814e-07
1.0977900390625 8.024670880205453e-07
1.0987900390625 1.161051417334302e-06
1.0997900390625 1.1593962206861332e-06
1.1007900390625 1.2866508332535074e-06
1.1017900390625 1.0851773797205248e-06
1.1027900390625 7.582275789131367e-07
1.1037900390625 8.673635343168831e-07
1.1047900390625 1.2587125388977108e-06
1.1057900390625 1.5787008072667606e-06
1.1067900390625 1.1606937521560567e-06
1.1077900390625 5.839380636638998e-07
1.1087900390625 7.323205695788341e-07
1.1097900390625 7.927400373342301e-07
1.1107900390625 6.11335342762289e-07
1.1117900390625 1.5414101845434314e-06
1.1127900390625 1.4392589477068886e-06
1.1137900390625 1.4289848406674074e-06
1.1147900390625 1.2932501057148445e-06
1.1157900390625 9.430459010313721e-07
1.1167900390625 1.1024104178241398e-06
1.1177900390625 8.028528518629879e-07
1.1187900390625 1.092545845838887e-06
1.1197900390625 1.119899206231797e-06
1.1207900390625 9.935223069580433e-07
1.1217900390625 7.002443846401495e-07
1.1227900390625 5.835484779723314e-07
1.1237900390625 1.1441350225904148e-06
1.1247900390625 9.542131139748186e-07
1.1257900390625 6.936541686412039e-07
1.1267900390625 1.2027016502297132e-06
1.1277900390625 1.1583485629258699e-06
1.1287900390625 1.1772138574459668e-06
1.1297900390625 1.6003520555082536e-06
1.1307900390625 1.2913074708682022e-06
1.1317900390625 1.3623428177691532e-06
1.1327900390625 7.152307885778141e-07
1.1337900390625 1.0061907682638022e-06
1.1347900390625 9.185357525946198e-07
1.1357900390625 1.0220632355969088e-06
1.1367900390625 1.0316567210256584e-06
1.1377900390625 9.157620936920222e-07
1.1387900390625 9.579434952636505e-07
1.1397900390625 8.460059724086572e-07
1.1407900390625 1.0691628427785285e-06
1.1417900390625 1.1548510495313388e-06
1.1427900390625 8.417417510370095e-07
1.1437900390625 1.112444201507459e-06
1.1447900390625 1.358238774993305e-06
1.1457900390625 1.3188204632044704e-06
1.1467900390625 7.356547992387848e-07
1.1477900390625 8.687230236424343e-07
1.1487900390625 1.1432077780312961e-06
1.1497900390625 1.1730873441523875e-06
1.1507900390625 9.337064856566886e-07
1.1517900390625 1.2117815410409467e-06
1.1527900390625 1.2722487960762586e-06
1.1537900390625 1.1491637635307717e-06
1.1547900390625 1.0567099829159016e-06
1.1557900390625 1.2476225251204966e-06
1.1567900390625 1.1953796083086994e-06
1.1577900390625 1.2588646898452187e-06
1.1587900390625 9.379989158062281e-07
1.1597900390625 9.43205250482809e-07
1.1607900390625 1.144573765888775e-06
1.1617900390625 9.870036151840072e-07
1.1627900390625 1.37783043192451e-06
1.1637900390625 1.3579426556291888e-06
1.1647900390625 1.2298544319082394e-06
1.1657900390625 9.57175820091347e-07
1.1667900390625 1.5572552831131966e-06
1.1677900390625 1.4743340026663048e-06
1.1687900390625 1.4293046080801187e-06
1.1697900390625 1.7748748983222117e-06
1.1707900390625 1.4113495861267206e-06
1.1717900390625 1.201802016707525e-06
1.1727900390625 1.0852932842133733e-06
1.1737900390625 1.4451596523628504e-06
1.1747900390625 1.4619323709947704e-06
1.1757900390625 1.2809416159920649e-06
1.1767900390625 1.5834295177703947e-06
1.1777900390625 1.574183603579191e-06
1.1787900390625 1.424954283120487e-06
1.1797900390625 1.2425942649430813e-06
1.1807900390625 1.6757820208495625e-06
1.1817900390625 9.421882184407845e-07
1.1827900390625 1.4642324919231466e-06
1.1837900390625 1.2724194123036952e-06
1.1847900390625 1.1455968110952023e-06
1.1857900390625 1.2160048185777682e-06
1.1867900390625 1.107026388382417e-06
1.1877900390625 1.0568439435827695e-06
1.1887900390625 1.063889331016188e-06
1.1897900390625 9.890708989029973e-07
1.1907900390625 9.336647802514966e-07
1.1917900390625 1.0440053874932695e-06
1.1927900390625 6.816263826344958e-07
1.1937900390625 1.0839970751938943e-06
1.1947900390625 1.4854641378980002e-06
1.1957900390625 1.4450467272721535e-06
1.1967900390625 1.3583686047196382e-06
1.1977900390625 1.401444857223667e-06
1.1987900390625 6.754553754259333e-07
1.1997900390625 1.4021665604282109e-06
1.2007900390625 1.3813882213593708e-06
1.2017900390625 1.932004894585681e-06
1.2027900390625 1.8913354162821388e-06
1.2037900390625 1.493794466116017e-06
1.2047900390625 2.077030208715781e-06
1.2057900390625 1.8050334754515633e-06
1.2067900390625 1.4305584156059554e-06
1.2077900390625 1.8912101196669598e-06
1.2087900390625 1.3816448280971875e-06
1.2097900390625 1.5314242964916002e-06
1.2107900390625 1.581250809986944e-06
1.2117900390625 1.7220217521239911e-06
1.2127900390625 1.8777260816539023e-06
1.2137900390625 1.4733418527362719e-06
1.2147900390625 1.712906375700452e-06
1.2157900390625 1.410586505097557e-06
1.2167900390625 1.3879318677743194e-06
1.2177900390625 1.6166027347667057e-06
1.2187900390625 1.564742385586091e-06
1.2197900390625 2.32581303963075e-06
1.2207900390625 1.8806598524907786e-06
1.2217900390625 1.681447824591495e-06
1.2227900390625 1.8947171423017068e-06
1.2237900390625 1.6335115518771225e-06
1.2247900390625 1.8607236174373647e-06
1.2257900390625 2.2526510218032106e-06
1.2267900390625 2.144303783239165e-06
1.2277900390625 2.8064413782435676e-06
1.2287900390625 2.1489876249504007e-06
1.2297900390625 2.3634051118616173e-06
1.2307900390625 2.404252439132794e-06
1.2317900390625 2.3548672816845347e-06
1.2327900390625 2.0000437238616974e-06
1.2337900390625 2.4583400031765037e-06
1.2347900390625 2.0625156638775773e-06
1.2357900390625 2.2517146596141314e-06
1.2367900390625 2.2524011835978375e-06
1.2377900390625 3.0010646490183153e-06
1.2387900390625 3.19123066529233e-06
1.2397900390625 3.316812602791937e-06
1.2407900390625 3.352274936386929e-06
1.2417900390625 3.1567745882485166e-06
1.2427900390625 3.836652349648052e-06
1.2437900390625 3.3155505030717947e-06
1.2447900390625 4.098157308375823e-06
1.2457900390625 4.36703290146925e-06
1.2467900390625 4.5906855164890475e-06
1.2477900390625 4.947054199837029e-06
1.2487900390625 5.0923441136665385e-06
1.2497900390625 5.894592708002352e-06
1.2507900390625 6.116061416536341e-06
1.2517900390625 6.83051879680539e-06
1.2527900390625 7.0230263504968445e-06
1.2537900390625 8.098748245638273e-06
1.2547900390625 8.69894882207076e-06
1.2557900390625 9.269263825216756e-06
1.2567900390625 1.0033338920386182e-05
1.2577900390625 1.084971137945119e-05
1.2587900390625 1.2157992886730489e-05
1.2597900390625 1.307770842520047e-05
1.2607900390625 1.4542397356486657e-05
1.2617900390625 1.5359432587679287e-05
1.2627900390625 1.7808508143957728e-05
1.2637900390625 1.9538078861040502e-05
1.2647900390625 2.138784561263663e-05
1.2657900390625 2.378028641537462e-05
1.2667900390625 2.6149248230800193e-05
1.2677900390625 2.893029328364312e-05
1.2687900390625 3.17110848569671e-05
1.2697900390625 3.585489474181218e-05
1.2707900390625 4.0667904653948157e-05
1.2717900390625 4.5314564986768755e-05
1.2727900390625 5.121726810971419e-05
1.2737900390625 5.7682340741624465e-05
1.2747900390625 6.569952841032177e-05
1.2757900390625 7.465443975567605e-05
1.2767900390625 8.588915817592077e-05
1.2777900390625 9.771692300198711e-05
1.2787900390625 0.00011197856252998847
1.2797900390625 0.0001284754439819063
1.2807900390625 0.00014730553436815807
1.2817900390625 0.0001699220051752926
1.2827900390625 0.00019505315474247265
1.2837900390625 0.00022343501882300974
1.2847900390625 0.00025633353903903083
1.2857900390625 0.00029554169825276975
1.2867900390625 0.0003424453739490321
1.2877900390625 0.00039177593023968007
1.2887900390625 0.0004553426547816243
1.2897900390625 0.0005311022760121425
1.2907900390625 0.0006148002662765546
1.2917900390625 0.0007139145671000646
1.2927900390625 0.0008457118711422603
1.2937900390625 0.0009909311392755867
1.2947900390625 0.0011603093820981663
1.2957900390625 0.0013881026665829531
1.2967900390625 0.0016472873144445044
1.2977900390625 0.001970626735246119
1.2987900390625 0.0023856374660620075
1.2997900390625 0.0028776811370739633
1.3007900390625 0.0034922722624609317
1.3017900390625 0.0042520862797569975
1.3027900390625 0.005203578459325573
1.3037900390625 0.006326136690817273
1.3047900390625 0.007639259185156188
1.3057900390625 0.00903684678697363
1.3067900390625 0.010160262469547625
1.3077900390625 0.01071777583661768
1.3087900390625 0.011856633168368559
1.3097900390625 0.013245414573116178
1.3107900390625 0.014523650084362667
1.3117900390625 0.01593519269513401
1.3127900390625 0.01815434817102269
1.3137900390625 0.02033882905002093
1.3147900390625 0.0232264272321636
1.3157900390625 0.025721678989607928
1.3167900390625 0.02961226065585562
1.3177900390625 0.03368273579660449
1.3187900390625 0.03968285951031395
1.3197900390625 0.04657591419882379
1.3207900390625 0.0551536975338509
1.3217900390625 0.06435553523040494
1.3227900390625 0.07628689369166845
1.3237900390625 0.0890596824870383
1.3247900390625 0.1050818825631876
1.3257900390625 0.12074199384583319
1.3267900390625 0.14035136538023074
1.3277900390625 0.161496292740333
1.3287900390625 0.1855741714085683
1.3297900390625 0.21064902442253836
1.3307900390625 0.23660828629290057
1.3317900390625 0.26162153373922314
1.3327900390625 0.2854084098581513
1.3337900390625 0.3083671400416976
1.3347900390625 0.32890778647253593
1.3357900390625 0.3441225226019213
1.3367900390625 0.35825670189617315
1.3377900390625 0.36957391224512254
1.3387900390625 0.3776760406810157
1.3397900390625 0.3825860606362067
1.3407900390625 0.38615473612083884
1.3417900390625 0.38891126655840713
1.3427900390625 0.39066267753376865
1.3437900390625 0.39390542578119986
1.3447900390625 0.3927194760171824
1.3457900390625 0.3952015653221444
1.3467900390625 0.3960769894145317
1.3477900390625 0.39719329381178237
1.3487900390625 0.39834339485579673
1.3497900390625 0.3992333759662897
1.3507900390625 0.4012973037192334
1.3517900390625 0.40075165862376
1.3527900390625 0.40112544478543366
1.3537900390625 0.40310411211972363
1.3547900390625 0.40198528358445546
1.3557900390625 0.40291261119699895
1.3567900390625 0.40250089488028434
1.3577900390625 0.4022474548862597
1.3587900390625 0.40206406819528917
1.3597900390625 0.40113738108438785
1.3607900390625 0.4004837810154392
1.3617900390625 0.3992427194814205
1.3627900390625 0.39901222066840264
1.3637900390625 0.3974970776524365
1.3647900390625 0.40004041438278753
1.3657900390625 0.400662277436074
1.3667900390625 0.3991907556520274
1.3677900390625 0.39959755054488055
1.3687900390625 0.39940991582326857
1.3697900390625 0.4002587844929686
1.3707900390625 0.4012938936579146
1.3717900390625 0.4003745648260737
1.3727900390625 0.40018842317147774
1.3737900390625 0.39969807538376945
1.3747900390625 0.3994589107802196
1.3757900390625 0.40031423683894474
1.3767900390625 0.3995048474401373
1.3777900390625 0.39945355047102415
1.3787900390625 0.3994737544677337
1.3797900390625 0.39917985428773733
1.3807900390625 0.39729009223590933
1.3817900390625 0.39716590504601657
1.3827900390625 0.39934822021240185
1.3837900390625 0.3981027060635435
1.3847900390625 0.39683747188298746
1.3857900390625 0.3983343334851026
1.3867900390625 0.3976483789230805
1.3877900390625 0.39583395295769097
1.3887900390625 0.39668738197014364
1.3897900390625 0.3984166267295893
1.3907900390625 0.39906755549099404
1.3917900390625 0.3978419082754421
1.3927900390625 0.39935296772460743
1.3937900390625 0.3986209015646448
1.3947900390625 0.40052178367668234
1.3957900390625 0.39993687226469943
1.3967900390625 0.40044917704333755
1.3977900390625 0.40264230312225424
1.3987900390625 0.4026255699770473
1.3997900390625 0.40152224475372983
1.4007900390625 0.40408485965536345
1.4017900390625 0.4038649731016573
1.4027900390625 0.40406392024332516
1.4037900390625 0.4060132850570017
1.4047900390625 0.4064236959953509
1.4057900390625 0.4077731094028134
1.4067900390625 0.407460339314822
1.4077900390625 0.40777057465889566
1.4087900390625 0.40777992678345887
1.4097900390625 0.4097031766940187
1.4107900390625 0.40916267919731536
1.4117900390625 0.41148458843605784
1.4127900390625 0.4116896784418183
1.4137900390625 0.4138564051346855
1.4147900390625 0.4138532510052522
1.4157900390625 0.4146815275380362
1.4167900390625 0.4156194360661919
1.4177900390625 0.4140896847915788
1.4187900390625 0.41699803082313486
1.4197900390625 0.41703664377697436
1.4207900390625 0.4176213248721169
1.4217900390625 0.41757840562108356
1.4227900390625 0.4200776482343446
1.4237900390625 0.4206005990883748
1.4247900390625 0.42097156809931086
1.4257900390625 0.4210722849281695
1.4267900390625 0.4208194197990695
1.4277900390625 0.42187725306574203
1.4287900390625 0.4215626153969176
1.4297900390625 0.42363995167323754
1.4307900390625 0.4250672946236072
1.4317900390625 0.4255915661803662
1.4327900390625 0.4247132404196578
1.4337900390625 0.42390483244458826
1.4347900390625 0.4256214320534576
1.4357900390625 0.42649326152225153
1.4367900390625 0.4253247596735855
1.4377900390625 0.4262699734551023
1.4387900390625 0.42687631168140744
1.4397900390625 0.42580794068568945
1.4407900390625 0.4281473450073245
1.4417900390625 0.4270557581261584
1.4427900390625 0.42817974793648006
1.4437900390625 0.4275643324773552
1.4447900390625 0.4285466569244584
1.4457900390625 0.4283090076278664
1.4467900390625 0.4287856283861498
1.4477900390625 0.42792506014880266
1.4487900390625 0.43081852677007276
1.4497900390625 0.4305115734332966
1.4507900390625 0.42893717291518624
1.4517900390625 0.430762335365753
1.4527900390625 0.4317297784078103
1.4537900390625 0.42901644239351755
1.4547900390625 0.4280546589176797
1.4557900390625 0.42937230312141567
1.4567900390625 0.42741598368581973
1.4577900390625 0.42755124474667905
1.4587900390625 0.4282524243097869
1.4597900390625 0.4274345938890142
1.4607900390625 0.42503011389096895
1.4617900390625 0.42459863782804225
1.4627900390625 0.42462027760244037
1.4637900390625 0.4245017520074958
1.4647900390625 0.4243008084068208
1.4657900390625 0.42375572371416337
1.4667900390625 0.42226557826808503
1.4677900390625 0.421550795299667
1.4687900390625 0.4216618946912261
1.4697900390625 0.42092928824440456
1.4707900390625 0.4196636726513827
1.4717900390625 0.4180014048410175
1.4727900390625 0.41926515542479437
1.4737900390625 0.4174464374022305
1.4747900390625 0.420030640779786
1.4757900390625 0.4189241699797491
1.4767900390625 0.42109344093868495
1.4777900390625 0.41882763129339257
1.4787900390625 0.4195989313464658
1.4797900390625 0.4199070557316436
1.4807900390625 0.41991637029736106
1.4817900390625 0.41889431949241923
1.4827900390625 0.42085390884275115
1.4837900390625 0.4209781946149504
1.4847900390625 0.42283171991980595
1.4857900390625 0.42442836193147143
1.4867900390625 0.42361465948661325
1.4877900390625 0.4244274247972246
1.4887900390625 0.425074939803943
1.4897900390625 0.4257501007022357
1.4907900390625 0.4257215152371674
1.4917900390625 0.42865305532267195
1.4927900390625 0.42829635997831594
1.4937900390625 0.42928747768092534
1.4947900390625 0.428770127367563
1.4957900390625 0.43027607968856024
1.4967900390625 0.43164841767227974
1.4977900390625 0.43127191803516723
1.4987900390625 0.43234869133535714
1.4997900390625 0.4356255976394835
1.5007900390625 0.43477916732676675
1.5017900390625 0.43520895649931846
1.5027900390625 0.4349553760464793
1.5037900390625 0.43701376382768703
1.5047900390625 0.4383052777533096
1.5057900390625 0.4380035312594022
1.5067900390625 0.44054310868450963
1.5077900390625 0.43966879610544907
1.5087900390625 0.4408634803551204
1.5097900390625 0.441931072932427
1.5107900390625 0.4434907391433335
1.5117900390625 0.4424665268058882
1.5127900390625 0.4442310986306215
1.5137900390625 0.4443959716974294
1.5147900390625 0.4446103904830003
1.5157900390625 0.4448899912102198
1.5167900390625 0.44638914751613434
1.5177900390625 0.4474414061943231
1.5187900390625 0.4447906894540387
1.5197900390625 0.44683444780815523
1.5207900390625 0.4458966360590358
1.5217900390625 0.44419281845409686
1.5227900390625 0.4485572468519716
1.5237900390625 0.4439441478542044
1.5247900390625 0.4437033198102701
1.5257900390625 0.4443740516145044
1.5267900390625 0.44546393525677047
1.5277900390625 0.4447516944182764
1.5287900390625 0.4433832744797245
1.5297900390625 0.44305872346919356
1.5307900390625 0.44334603438202963
1.5317900390625 0.44304928106565417
1.5327900390625 0.4435094750785766
1.5337900390625 0.44312930474412415
1.5347900390625 0.44115398939003314
1.5357900390625 0.44232294621366297
1.5367900390625 0.44143208737326217
1.5377900390625 0.4433578608336039
1.5387900390625 0.44192187593455273
1.5397900390625 0.4412967879185277
1.5407900390625 0.4413691982864957
1.5417900390625 0.4410971506650721
1.5427900390625 0.4411240999742813
1.5437900390625 0.44268544538953697
1.5447900390625 0.4384388746311682
1.5457900390625 0.44136220230087747
1.5467900390625 0.44160646740983556
1.5477900390625 0.4408748869980853
1.5487900390625 0.44195528845446136
1.5497900390625 0.4386608371730792
1.5507900390625 0.44103803808236736
1.5517900390625 0.4400419460381904
1.5527900390625 0.44092813546997367
1.5537900390625 0.43942905971355195
1.5547900390625 0.44140811143850966
1.5557900390625 0.4384727895153026
1.5567900390625 0.4382477635246173
1.5577900390625 0.4382952324370558
1.5587900390625 0.4383200085310973
1.5597900390625 0.43882728054801484
1.5607900390625 0.4388696571867659
1.5617900390625 0.4392407736176098
1.5627900390625 0.43716648612970477
1.5637900390625 0.4377377365891409
1.5647900390625 0.4371961778696952
1.5657900390625 0.4377476852296168
1.5667900390625 0.43859315456508374
1.5677900390625 0.4399358788388557
1.5687900390625 0.4392126455141263
1.5697900390625 0.4385508210259838
1.5707900390625 0.43973335998963015
1.5717900390625 0.43943524635356535
1.5727900390625 0.44212727238376737
1.5737900390625 0.4401029942648626
1.5747900390625 0.44342011981233487
1.5757900390625 0.44321368435207087
1.5767900390625 0.4453157974012091
1.5777900390625 0.44600541077202005
1.5787900390625 0.4453716551328036
1.5797900390625 0.4467291380659986
1.5807900390625 0.4472704678692737
1.5817900390625 0.4485375585136752
1.5827900390625 0.4496854239739532
1.5837900390625 0.4503025021300525
1.5847900390625 0.45265009967480985
1.5857900390625 0.45194995337607424
1.5867900390625 0.4513820426058674
1.5877900390625 0.45254015914791246
1.5887900390625 0.45216826143810107
1.5897900390625 0.45193802424560425
1.5907900390625 0.45291055880185116
1.5917900390625 0.4541557196285012
1.5927900390625 0.4554867464095545
1.5937900390625 0.45468253235816863
1.5947900390625 0.45360602171005665
1.5957900390625 0.45524709236828387
1.5967900390625 0.455809964466672
1.5977900390625 0.4558452079892793
1.5987900390625 0.45574849975296194
1.5997900390625 0.45370288569262873
1.6007900390625 0.45559119098172546
1.6017900390625 0.4562140883689145
1.6027900390625 0.4553905803973828
1.6037900390625 0.4550435229036672
1.6047900390625 0.4546753590797663
1.6057900390625 0.4548837518002975
1.6067900390625 0.45580442550704375
1.6077900390625 0.4567600043333573
1.6087900390625 0.4541950047801743
1.6097900390625 0.45450789732349894
1.6107900390625 0.4551917576428018
1.6117900390625 0.45530065399616754
1.6127900390625 0.45405233626270247
1.6137900390625 0.4549563579260972
1.6147900390625 0.45428160530713707
1.6157900390625 0.4560614178492711
1.6167900390625 0.4553548806789989
1.6177900390625 0.45771726654886474
1.6187900390625 0.45533271319134905
1.6197900390625 0.4566353172542976
1.6207900390625 0.4552525699803135
1.6217900390625 0.45700849262707005
1.6227900390625 0.4564193417161693
1.6237900390625 0.45558239785224486
1.6247900390625 0.4556856057588313
1.6257900390625 0.45608835337477827
1.6267900390625 0.45489049540271126
1.6277900390625 0.45620657528760433
1.6287900390625 0.4574450278633042
1.6297900390625 0.45569786624878833
1.6307900390625 0.45684955879293837
1.6317900390625 0.45749914735098934
1.6327900390625 0.4574277683148497
1.6337900390625 0.4568474544505134
1.6347900390625 0.4566195084781706
1.6357900390625 0.4574241687836514
1.6367900390625 0.45710323595111857
1.6377900390625 0.45754234513441727
1.6387900390625 0.45564880649295114
1.6397900390625 0.4573573863913623
1.6407900390625 0.45540990655982316
1.6417900390625 0.4553989500864385
1.6427900390625 0.4562366244518581
1.6437900390625 0.45578873736011005
1.6447900390625 0.45297078783357336
1.6457900390625 0.4550284017587348
1.6467900390625 0.4552463420290453
1.6477900390625 0.45751246371836274
1.6487900390625 0.45722986096289836
1.6497900390625 0.45651083072844983
1.6507900390625 0.45861857368289727
1.6517900390625 0.45817636429485
1.6527900390625 0.45983966750764227
1.6537900390625 0.4602764971770865
1.6547900390625 0.46002634418975147
1.6557900390625 0.4570505929282993
1.6567900390625 0.45438099512835556
1.6577900390625 0.44995620260118563
1.6587900390625 0.4411156144114867
1.6597900390625 0.4295206451880768
1.6607900390625 0.41468750448683656
1.6617900390625 0.396028507485143
1.6627900390625 0.3729288386904957
1.6637900390625 0.34607603760032035
1.6647900390625 0.3189878958093275
1.6657900390625 0.2909333932408328
1.6667900390625 0.2594654533484508
1.6677900390625 0.23027935129564803
1.6687900390625 0.2011334937418383
1.6697900390625 0.1738519158851575
1.6707900390625 0.15014789955350677
1.6717900390625 0.12800220727221015
1.6727900390625 0.10897202352652484
1.6737900390625 0.09344759032911071
1.6747900390625 0.08080808535200973
1.6757900390625 0.07126018356633561
1.6767900390625 0.06215674111581639
1.6777900390625 0.054816652705526485
1.6787900390625 0.047619428277193294
1.6797900390625 0.04206943675282523
1.6807900390625 0.03716630402728941
1.6817900390625 0.03361819649981694
1.6827900390625 0.029555678229719298
1.6837900390625 0.026119332772647278
1.6847900390625 0.02243287048413751
1.6857900390625 0.018891490610908307
1.6867900390625 0.015945847871950053
1.6877900390625 0.013418333908402028
1.6887900390625 0.011183170470801482
1.6897900390625 0.009428917927974805
1.6907900390625 0.007918053576457933
1.6917900390625 0.0066565709599740435
1.6927900390625 0.005577761059382713
1.6937900390625 0.004719697629013755
1.6947900390625 0.0039831674251181075
1.6957900390625 0.003355344669748922
1.6967900390625 0.002869564255415079
1.6977900390625 0.0024312876414398533
1.6987900390625 0.0020711292161086758
1.6997900390625 0.0017761954206689404
1.7007900390625 0.0015351957229602458
1.7017900390625 0.0013140343429308453
1.7027900390625 0.0011349470810301024
1.7037900390625 0.0009830123749942363
1.7047900390625 0.000853874312536017
1.7057900390625 0.0007461281519236774
1.7067900390625 0.0006514896606101948
1.7077900390625 0.0005682807770162278
1.7087900390625 0.0004985632780459603
1.7097900390625 0.00043974962889907265
1.7107900390625 0.00038741692564580444
1.7117900390625 0.00034395740540508747
1.7127900390625 0.00030632625113387313
1.7137900390625 0.00026860205754044116
1.7147900390625 0.00024144867255555987
1.7157900390625 0.00021485855793783768
1.7167900390625 0.00019343667792348708
1.7177900390625 0.00017346409077606106
1.7187900390625 0.00015554617695326455
1.7197900390625 0.00014059039378943526
1.7207900390625 0.00012770924825214092
1.7217900390625 0.00011675633759874905
1.7227900390625 0.00010392243143404294
1.7237900390625 9.52222045069292e-05
1.7247900390625 8.702101475859603e-05
1.7257900390625 7.930221608481304e-05
1.7267900390625 7.114113560438131e-05
1.7277900390625 6.667446761629046e-05
1.7287900390625 5.95083552149096e-05
1.7297900390625 5.605535758341711e-05
1.7307900390625 5.125530006722247e-05
1.7317900390625 4.701530148256519e-05
1.7327900390625 4.3162305300285355e-05
1.7337900390625 3.825516418517362e-05
1.7347900390625 3.7161640209374174e-05
1.7357900390625 3.3120040843930913e-05
1.7367900390625 3.1075486756011985e-05
1.7377900390625 2.966117556700006e-05
1.7387900390625 2.6142258807283403e-05
1.7397900390625 2.490271173597162e-05
1.7407900390625 2.291782065510368e-05
1.7417900390625 2.0631710799702008e-05
1.7427900390625 1.9619607844815876e-05
1.7437900390625 1.943194452507535e-05
1.7447900390625 1.7423841964730235e-05
1.7457900390625 1.7198690241825885e-05
1.7467900390625 1.5658270891123943e-05
1.7477900390625 1.5614087912709132e-05
1.7487900390625 1.482148753863849e-05
1.7497900390625 1.2797912704859918e-05
1.7507900390625 1.3041630006444685e-05
1.7517900390625 1.1579273040537602e-05
1.7527900390625 1.0688106408923304e-05
1.7537900390625 1.0429454712062624e-05
1.7547900390625 1.0916701472019257e-05
1.7557900390625 9.64858932132105e-06
1.7567900390625 9.227918474003401e-06
1.7577900390625 6.916161755109071e-06
1.7587900390625 9.053787543766723e-06
1.7597900390625 8.076271700567222e-06
1.7607900390625 8.883611276630966e-06
1.7617900390625 7.552367529433987e-06
1.7627900390625 6.999253602129889e-06
1.7637900390625 7.1082940291345745e-06
1.7647900390625 6.3066883366311236e-06
1.7657900390625 7.346513011634412e-06
1.7667900390625 6.044852791341907e-06
1.7677900390625 6.491673333341113e-06
1.7687900390625 5.229431646834014e-06
1.7697900390625 6.205194121692215e-06
1.7707900390625 7.351023518957342e-06
1.7717900390625 4.8073103618396785e-06
1.7727900390625 6.250353079952513e-06
1.7737900390625 5.388553902740417e-06
1.7747900390625 4.588053238821726e-06
1.7757900390625 6.1011762231679005e-06
1.7767900390625 6.183274142671855e-06
1.7777900390625 5.6290514001737315e-06
1.7787900390625 6.2099647552233295e-06
1.7797900390625 3.940923309708504e-06
1.7807900390625 3.8544900696527875e-06
1.7817900390625 4.768311987121837e-06
1.7827900390625 4.108796904267889e-06
1.7837900390625 3.6435272275300666e-06
1.7847900390625 5.1233087880271015e-06
1.7857900390625 5.095908718918901e-06
1.7867900390625 5.890401077863916e-06
1.7877900390625 5.669866170063361e-06
1.7887900390625 4.047040557690597e-06
1.7897900390625 5.123324594178171e-06
1.7907900390625 4.644394442763583e-06
1.7917900390625 6.047442750477405e-06
1.7927900390625 4.5715702681796105e-06
1.7937900390625 4.985007824338747e-06
1.7947900390625 4.586494752315816e-06
1.7957900390625 6.225859743656272e-06
1.7967900390625 4.9957536695202596e-06
1.7977900390625 4.6530309484257105e-06
1.7987900390625 3.569246474132973e-06
1.7997900390625 3.6090416630395693e-06
1.8007900390625 6.042312098100974e-06
1.8017900390625 4.7790942981512165e-06
1.8027900390625 5.995912927553636e-06
1.8037900390625 6.384008030477179e-06
1.8047900390625 3.912160880478761e-06
1.8057900390625 4.480226043350378e-06
1.8067900390625 4.399951558190162e-06
1.8077900390625 5.062982164543552e-06
1.8087900390625 5.101035998893685e-06
1.8097900390625 5.679720351537595e-06
1.8107900390625 6.705988728932065e-06
1.8117900390625 4.808984632710586e-06
1.8127900390625 5.404714469948599e-06
1.8137900390625 4.652535160529802e-06
1.8147900390625 5.192788188024496e-06
1.8157900390625 4.112061209822948e-06
1.8167900390625 4.231412194801335e-06
1.8177900390625 5.864745257001196e-06
1.8187900390625 6.615665137701985e-06
1.8197900390625 4.143427692078438e-06
1.8207900390625 5.477186158241772e-06
1.8217900390625 4.988208639795059e-06
1.8227900390625 4.909236224057663e-06
1.8237900390625 5.608539869903541e-06
1.8247900390625 5.185633704200099e-06
1.8257900390625 5.364736001451796e-06
1.8267900390625 4.5320003594025856e-06
1.8277900390625 3.3214784765507003e-06
1.8287900390625 6.075604022100401e-06
1.8297900390625 4.341715460039837e-06
1.8307900390625 6.061977775995451e-06
1.8317900390625 4.111704254640422e-06
1.8327900390625 6.016174124334906e-06
1.8337900390625 3.0722191607290684e-06
1.8347900390625 5.996595970427701e-06
1.8357900390625 5.185458485041281e-06
1.8367900390625 5.176036882261353e-06
1.8377900390625 2.903222408476388e-06
1.8387900390625 6.296453393985577e-06
1.8397900390625 3.5405218681822734e-06
1.8407900390625 5.1403335566740145e-06
1.8417900390625 3.7240301558727544e-06
1.8427900390625 5.8441547423075384e-06
1.8437900390625 5.690218363140227e-06
1.8447900390625 4.524381280165834e-06
1.8457900390625 5.098813050308258e-06
1.8467900390625 6.989204194441928e-06
1.8477900390625 6.060055134526606e-06
1.8487900390625 4.4587040678077855e-06
1.8497900390625 6.297744441785089e-06
1.8507900390625 5.3177854204192044e-06
1.8517900390625 9.415113841787223e-06
1.8527900390625 5.489096112160047e-06
1.8537900390625 5.349710620343387e-06
1.8547900390625 5.322281019038642e-06
1.8557900390625 7.3320282495706145e-06
1.8567900390625 6.0636801537972015e-06
1.8577900390625 4.328442089100313e-06
1.8587900390625 7.21161702179313e-06
1.8597900390625 2.8653956189782656e-06
1.8607900390625 7.005332028082651e-06
1.8617900390625 6.32463943333652e-06
1.8627900390625 8.26908928636159e-06
1.8637900390625 5.0144384470436654e-06
1.8647900390625 7.164905530751554e-06
1.8657900390625 5.273356021133973e-06
1.8667900390625 4.216850339504698e-06
1.8677900390625 7.625203340617804e-06
1.8687900390625 5.4850221562358024e-06
1.8697900390625 5.94257016502958e-06
1.8707900390625 6.383199418176127e-06
1.8717900390625 7.225140622837144e-06
1.8727900390625 4.713096784528134e-06
1.8737900390625 5.35560193462612e-06
1.8747900390625 5.158112615401399e-06
1.8757900390625 5.350081170848515e-06
1.8767900390625 5.881946521887761e-06
1.8777900390625 6.85976329563763e-06
1.8787900390625 5.118023523999156e-06
1.8797900390625 4.135441031979151e-06
1.8807900390625 5.0194429706078575e-06
1.8817900390625 3.0963499704497018e-06
1.8827900390625 6.092838075030769e-06
1.8837900390625 5.778523484694531e-06
1.8847900390625 7.17253768460577e-06
1.8857900390625 4.936777602076325e-06
1.8867900390625 3.9436573332211274e-06
1.8877900390625 5.811294272535054e-06
1.8887900390625 5.126701339303181e-06
1.8897900390625 5.922579963025424e-06
1.8907900390625 5.265295743088078e-06
1.8917900390625 5.907400052861269e-06
1.8927900390625 5.342548959102761e-06
1.8937900390625 5.657585964830904e-06
1.8947900390625 3.7608995301628116e-06
1.8957900390625 7.481402106133206e-06
1.8967900390625 7.686992929124574e-06
1.8977900390625 7.317425213935658e-06
1.8987900390625 6.369926977651287e-06
1.8997900390625 4.675950927226159e-06
1.9007900390625 5.061263323639985e-06
1.9017900390625 5.981831668026083e-06
1.9027900390625 6.5237492282798065e-06
1.9037900390625 4.140739050137076e-06
1.9047900390625 5.634763458872847e-06
1.9057900390625 5.6770790418609776e-06
1.9067900390625 5.728858663377556e-06
1.9077900390625 6.331787100371577e-06
1.9087900390625 5.0845431010803755e-06
1.9097900390625 5.886553623248312e-06
1.9107900390625 6.811220321890308e-06
1.9117900390625 5.892357762710521e-06
1.9127900390625 7.775016407030585e-06
1.9137900390625 5.8628867101860555e-06
1.9147900390625 5.714029201766955e-06
1.9157900390625 5.096077054739561e-06
1.9167900390625 6.046641235255637e-06
1.9177900390625 5.1942025156835565e-06
1.9187900390625 7.3210821362548515e-06
1.9197900390625 5.543029898094775e-06
1.9207900390625 6.244110041474559e-06
1.9217900390625 6.646578474109853e-06
1.9227900390625 7.26671618829154e-06
1.9237900390625 5.7110748159004825e-06
1.9247900390625 6.656209798071358e-06
1.9257900390625 3.903300098666705e-06
1.9267900390625 7.190265134743697e-06
1.9277900390625 6.588561112528019e-06
1.9287900390625 4.97944379251441e-06
1.9297900390625 5.706173170540502e-06
1.9307900390625 6.566243578345112e-06
1.9317900390625 5.322402354542035e-06
1.9327900390625 4.996727671172507e-06
1.9337900390625 6.2759896535410704e-06
1.9347900390625 5.956919847611562e-06
1.9357900390625 7.453701535762274e-06
1.9367900390625 6.3263473727723376e-06
1.9377900390625 5.857870521216513e-06
1.9387900390625 3.282802824889507e-06
1.9397900390625 7.939505848724744e-06
1.9407900390625 5.405409643373139e-06
1.9417900390625 6.833648295436496e-06
1.9427900390625 7.3550889811289115e-06
1.9437900390625 6.128285540234631e-06
1.9447900390625 9.078771219353392e-06
1.9457900390625 7.02662000786111e-06
1.9467900390625 7.836968142212902e-06
1.9477900390625 7.147550124439154e-06
1.9487900390625 3.791840676022533e-06
1.9497900390625 8.090250107143236e-06
1.9507900390625 7.75799030130408e-06
1.9517900390625 5.055648112193328e-06
1.9527900390625 5.372582513432307e-06
1.9537900390625 6.192348454974248e-06
1.9547900390625 4.008761747617659e-06
1.9557900390625 7.056370434422058e-06
1.9567900390625 5.165480620823016e-06
1.9577900390625 7.467147922428963e-06
1.9587900390625 5.652384532490334e-06
1.9597900390625 5.77899045480009e-06
1.9607900390625 5.669224380049043e-06
1.9617900390625 6.365042603898206e-06
1.9627900390625 5.037078412598277e-06
1.9637900390625 5.289916142668061e-06
1.9647900390625 5.455759784897595e-06
1.9657900390625 6.716184620560137e-06
1.9667900390625 7.729307162630297e-06
1.9677900390625 4.850048902951682e-06
1.9687900390625 8.495394458502174e-06
1.9697900390625 5.1592394463087925e-06
1.9707900390625 6.703220340964097e-06
1.9717900390625 6.289838102884446e-06
1.9727900390625 7.131312106271523e-06
1.9737900390625 6.926920584842905e-06
1.9747900390625 6.98416394316065e-06
1.9757900390625 4.343332048567255e-06
1.9767900390625 5.685291335826681e-06
1.9777900390625 7.024920261490185e-06
1.9787900390625 7.717570690219029e-06
1.9797900390625 7.3447770070662554e-06
1.9807900390625 4.12033641356443e-06
1.9817900390625 6.2356513268234195e-06
1.9827900390625 9.035392527986708e-06
1.9837900390625 8.19042312890539e-06
1.9847900390625 4.802507540889708e-06
1.9857900390625 6.009581007309115e-06
1.9867900390625 7.021821894457784e-06
1.9877900390625 6.81028931330796e-06
1.9887900390625 8.045405893553474e-06
1.9897900390625 7.646960379341114e-06
1.9907900390625 4.258707012281096e-06
1.9917900390625 7.135893214769599e-06
1.9927900390625 6.067853559620834e-06
1.9937900390625 4.541863245916034e-06
1.9947900390625 6.431016667025824e-06
1.9957900390625 8.882466315085447e-06
1.9967900390625 5.790669384871707e-06
1.9977900390625 6.713543337249632e-06
1.9987900390625 7.5242575084381275e-06
1.9997900390625 4.513764815118525e-06
2.0007900390625 5.08248479762359e-06
2.0017900390625 5.111648028088983e-06
2.0027900390625 6.449020931354762e-06
2.0037900390625 8.210857721363726e-06
2.0047900390625 7.505612743165345e-06
2.0057900390625 4.595150658125153e-06
2.0067900390625 6.913580408907501e-06
2.0077900390625 8.704685893620825e-06
2.0087900390625 5.248873545349072e-06
2.0097900390625 7.4600194492757536e-06
2.0107900390625 7.99482388731179e-06
2.0117900390625 8.88313674078621e-06
2.0127900390625 5.617528768848214e-06
2.0137900390625 8.426640964413986e-06
2.0147900390625 6.265349833127708e-06
2.0157900390625 8.203520771875448e-06
2.0167900390625 5.216007515585839e-06
2.0177900390625 9.057599133506658e-06
2.0187900390625 7.973505594530245e-06
2.0197900390625 8.821347736159233e-06
2.0207900390625 7.178901266242408e-06
2.0217900390625 8.47039417333338e-06
2.0227900390625 4.920406671669781e-06
2.0237900390625 6.374110721633759e-06
2.0247900390625 9.414720130229176e-06
2.0257900390625 7.718025886406638e-06
2.0267900390625 7.057750323810051e-06
2.0277900390625 5.498720033581432e-06
2.0287900390625 7.928580381422127e-06
2.0297900390625 9.800978261378904e-06
2.0307900390625 7.790871083719999e-06
2.0317900390625 7.162608324135367e-06
2.0327900390625 1.169737924213103e-05
2.0337900390625 6.2563308415991395e-06
2.0347900390625 4.670706420512893e-06
2.0357900390625 8.060425216644668e-06
2.0367900390625 5.373181221038824e-06
2.0377900390625 8.439441388099168e-06
2.0387900390625 7.829937307426238e-06
2.0397900390625 6.792744208177802e-06
2.0407900390625 5.467214765963133e-06
2.0417900390625 1.235472326137675e-05
2.0427900390625 6.373627359553655e-06
2.0437900390625 7.906730787008974e-06
2.0447900390625 5.443990904014935e-06
2.0457900390625 9.10492063417468e-06
2.0467900390625 5.2404907947042676e-06
2.0477900390625 5.906192236334725e-06
2.0487900390625 9.369767728101752e-06
2.0497900390625 7.33417468587772e-06
2.0507900390625 7.405985440544717e-06
2.0517900390625 8.338998093210696e-06
2.0527900390625 7.043201035219712e-06
2.0537900390625 6.345157829705276e-06
2.0547900390625 7.3447310042473484e-06
2.0557900390625 8.102525769190978e-06
2.0567900390625 6.832038680424808e-06
2.0577900390625 5.687083162378285e-06
2.0587900390625 9.666557860581765e-06
2.0597900390625 5.905243985789075e-06
2.0607900390625 8.707778827304792e-06
2.0617900390625 8.21992393674735e-06
2.0627900390625 6.6676852216745035e-06
2.0637900390625 8.295345870434755e-06
2.0647900390625 1.0010268552375332e-05
2.0657900390625 9.997961035345487e-06
2.0667900390625 5.8737645049322965e-06
2.0677900390625 7.544374791542056e-06
2.0687900390625 1.1309823203484007e-05
2.0697900390625 7.327762302118076e-06
2.0707900390625 9.844815325747376e-06
2.0717900390625 6.664639803552669e-06
2.0727900390625 8.109160317024787e-06
2.0737900390625 7.780623554807776e-06
2.0747900390625 9.873158440649347e-06
2.0757900390625 8.414387594005119e-06
2.0767900390625 7.970070401255116e-06
2.0777900390625 7.246251587480371e-06
2.0787900390625 9.086700930923213e-06
2.0797900390625 9.19405079179593e-06
2.0807900390625 1.1857197524746519e-05
2.0817900390625 6.605983186825445e-06
2.0827900390625 1.1441000458897202e-05
2.0837900390625 6.720232652329097e-06
2.0847900390625 9.168944683879877e-06
2.0857900390625 7.039672462232466e-06
2.0867900390625 8.52797052408636e-06
2.0877900390625 7.908095933275622e-06
2.0887900390625 6.684365864399808e-06
2.0897900390625 9.583273452270284e-06
2.0907900390625 1.0653149331815291e-05
2.0917900390625 8.373867767032252e-06
2.0927900390625 7.5741176834306365e-06
2.0937900390625 9.664432861940364e-06
2.0947900390625 5.835389688295681e-06
2.0957900390625 9.322742206535579e-06
2.0967900390625 9.45595494512058e-06
2.0977900390625 1.068514769217373e-05
2.0987900390625 8.151593638406948e-06
2.0997900390625 8.7442584192791e-06
2.1007900390625 9.26746178040462e-06
2.1017900390625 8.392774619790378e-06
2.1027900390625 8.49256933897774e-06
2.1037900390625 9.332108600613247e-06
2.1047900390625 1.2136298101097203e-05
2.1057900390625 7.833692552157985e-06
2.1067900390625 1.1047791353791938e-05
2.1077900390625 1.1694171554204351e-05
2.1087900390625 6.927565720379631e-06
2.1097900390625 8.60320476431345e-06
2.1107900390625 7.4771329674692865e-06
2.1117900390625 9.401194979331773e-06
2.1127900390625 8.202500633783995e-06
2.1137900390625 8.756004353132093e-06
2.1147900390625 8.925288396953281e-06
2.1157900390625 9.495561202248646e-06
2.1167900390625 1.0579305864219665e-05
2.1177900390625 9.076261738862976e-06
2.1187900390625 1.1526226921749833e-05
2.1197900390625 1.1417818288314281e-05
2.1207900390625 1.2446734893254331e-05
2.1217900390625 1.1765013157905196e-05
2.1227900390625 1.0176149668594147e-05
2.1237900390625 7.910237527189797e-06
2.1247900390625 6.358055597296672e-06
2.1257900390625 1.1989535959360912e-05
2.1267900390625 1.1523210172744567e-05
2.1277900390625 1.5043846606712611e-05
2.1287900390625 9.876955514246871e-06
2.1297900390625 1.0710024322845088e-05
2.1307900390625 1.1391055873947809e-05
2.1317900390625 1.0101789919199995e-05
2.1327900390625 1.4322833225309857e-05
2.1337900390625 8.321709668462632e-06
2.1347900390625 8.475628703707436e-06
2.1357900390625 9.858203307134824e-06
2.1367900390625 1.0634619431160524e-05
2.1377900390625 6.708666653049665e-06
2.1387900390625 1.047247765234356e-05
2.1397900390625 1.1768576781865328e-05
2.1407900390625 1.0351233978176718e-05
2.1417900390625 1.4380999664556698e-05
2.1427900390625 8.17350970081759e-06
2.1437900390625 9.775589467263157e-06
2.1447900390625 1.1426383422453408e-05
2.1457900390625 1.0684742811685298e-05
2.1467900390625 9.294435482898714e-06
2.1477900390625 9.346714140122543e-06
2.1487900390625 1.3111203424795074e-05
2.1497900390625 1.098498426043036e-05
2.1507900390625 8.23131876542202e-06
2.1517900390625 1.1342976733613608e-05
2.1527900390625 1.586675926255929e-05
2.1537900390625 1.2349895452931898e-05
2.1547900390625 1.2377434242299578e-05
2.1557900390625 1.2366275187392108e-05
2.1567900390625 8.727307941586e-06
2.1577900390625 1.116446588439642e-05
2.1587900390625 9.338850505109222e-06
2.1597900390625 1.3544768705045731e-05
2.1607900390625 9.778165547779089e-06
2.1617900390625 1.2253376062294487e-05
2.1627900390625 1.2351607881464077e-05
2.1637900390625 1.2301011031294333e-05
2.1647900390625 1.320750821289002e-05
2.1657900390625 8.69243360010939e-06
2.1667900390625 9.071558966357648e-06
2.1677900390625 9.071776866525857e-06
2.1687900390625 7.7268415625806e-06
2.1697900390625 1.2405553285510077e-05
2.1707900390625 1.403970574711417e-05
2.1717900390625 9.126791509297553e-06
2.1727900390625 6.995401163507862e-06
2.1737900390625 1.3794233998546643e-05
2.1747900390625 1.0510054248876715e-05
2.1757900390625 1.2962958526670294e-05
2.1767900390625 7.724095094926883e-06
2.1777900390625 7.531213197026712e-06
2.1787900390625 1.2276369224389617e-05
2.1797900390625 9.395122063000597e-06
2.1807900390625 6.859023301940908e-06
2.1817900390625 1.3971528890792172e-05
2.1827900390625 9.603054025616293e-06
2.1837900390625 1.0243745033177828e-05
2.1847900390625 1.095408199364164e-05
2.1857900390625 1.1098211162432254e-05
2.1867900390625 7.939011165016717e-06
2.1877900390625 7.2032427174490585e-06
2.1887900390625 8.080382530984555e-06
2.1897900390625 1.026876704062628e-05
2.1907900390625 1.0428928766155476e-05
2.1917900390625 1.3683981142771967e-05
2.1927900390625 1.3205099433500057e-05
2.1937900390625 8.760354785676378e-06
2.1947900390625 1.131588155749441e-05
2.1957900390625 1.1915528022270286e-05
2.1967900390625 1.4229658162927211e-05
2.1977900390625 1.2721780681153128e-05
2.1987900390625 1.5912340980274275e-05
2.1997900390625 1.0839507619732084e-05
2.2007900390625 1.320458319962096e-05
2.2017900390625 1.4017337792954115e-05
2.2027900390625 1.2705930531211548e-05
2.2037900390625 1.2638464312676884e-05
2.2047900390625 1.4516313059236943e-05
2.2057900390625 1.5622053710766463e-05
2.2067900390625 1.3164551301191445e-05
2.2077900390625 1.2327798433962237e-05
2.2087900390625 1.2990173264239611e-05
2.2097900390625 1.579942965671212e-05
2.2107900390625 1.5699395508449372e-05
2.2117900390625 1.6472169134376552e-05
2.2127900390625 2.1482587333486966e-05
2.2137900390625 2.0295289532460105e-05
2.2147900390625 1.507945728629538e-05
2.2157900390625 4.55761836099919e-06
2.2167900390625 1.9357968986268385e-05
2.2177900390625 2.0489474636240477e-05
2.2187900390625 1.8655653391406494e-05
2.2197900390625 1.4018957185136554e-05
2.2207900390625 1.5686169050999895e-05
2.2217900390625 1.814262538406439e-05
2.2227900390625 1.686677826694544e-05
2.2237900390625 1.519130380475696e-05
2.2247900390625 1.4464908216257904e-05
2.2257900390625 1.0999440035388267e-05
2.2267900390625 2.216808418615953e-05
2.2277900390625 1.4909352920533691e-05
2.2287900390625 1.6497574755015908e-05
2.2297900390625 2.2555061035453984e-05
2.2307900390625 1.48455635423368e-05
2.2317900390625 1.4798038887081414e-05
2.2327900390625 1.6756696899187924e-05
2.2337900390625 1.647831287498493e-05
2.2347900390625 1.4257558236309406e-05
2.2357900390625 2.184525274407178e-05
2.2367900390625 1.5369255448794612e-05
2.2377900390625 2.0354767827822782e-05
2.2387900390625 1.2212761726573054e-05
2.2397900390625 2.1826448438282795e-05
2.2407900390625 2.5246867692319794e-05
2.2417900390625 1.7157660727125094e-05
2.2427900390625 2.0748389201201766e-05
2.2437900390625 2.0476227659553483e-05
2.2447900390625 1.3206272977587778e-05
2.2457900390625 2.0512533047633688e-05
2.2467900390625 1.511331491662496e-05
2.2477900390625 2.1617113076749092e-05
2.2487900390625 1.6107199601041353e-05
2.2497900390625 1.8923169909812292e-05
2.2507900390625 1.7366261313631157e-05
2.2517900390625 1.9087674958087517e-05
2.2527900390625 1.6257489971205512e-05
2.2537900390625 2.2996795365382173e-05
2.2547900390625 2.5260410757773795e-05
2.2557900390625 2.3824911273279324e-05
2.2567900390625 2.3982746106385928e-05
2.2577900390625 1.5195840613620337e-05
2.2587900390625 1.6624170479656253e-05
2.2597900390625 2.4595421579864128e-05
2.2607900390625 2.6852301719337983e-05
2.2617900390625 2.0816553476520432e-05
2.2627900390625 1.861248612581339e-05
2.2637900390625 1.861239582610174e-05
2.2647900390625 1.662476320117044e-05
2.2657900390625 1.6466952841788904e-05
2.2667900390625 1.9677377476780365e-05
2.2677900390625 1.476636944346966e-05
2.2687900390625 2.2981172869823236e-05
2.2697900390625 1.920126783034288e-05
2.2707900390625 1.832364773966101e-05
2.2717900390625 1.6474647349635758e-05
2.2727900390625 1.602443081797128e-05
2.2737900390625 1.9292317337174355e-05
2.2747900390625 1.68400275016168e-05
2.2757900390625 1.77948302194095e-05
2.2767900390625 1.1927668586601497e-05
2.2777900390625 1.2950572532468308e-05
2.2787900390625 1.4785972959136401e-05
2.2797900390625 1.582735942057435e-05
2.2807900390625 1.2309858615577488e-05
2.2817900390625 1.2537427592987978e-05
2.2827900390625 8.070301591658566e-06
2.2837900390625 1.1695710033303253e-05
2.2847900390625 1.5790105645106466e-05
2.2857900390625 9.656368917420042e-06
2.2867900390625 1.1347035715457911e-05
2.2877900390625 1.0104719692876805e-05
2.2887900390625 1.1455052090929812e-05
2.2897900390625 1.0849341165714998e-05
2.2907900390625 7.756362305419588e-06
2.2917900390625 1.2763541583849181e-05
2.2927900390625 9.07090519792249e-06
2.2937900390625 8.98434734727419e-06
2.2947900390625 1.342957165492986e-05
2.2957900390625 7.747878750650297e-06
2.2967900390625 1.03572477474979e-05
2.2977900390625 8.184856329822461e-06
2.2987900390625 5.5853964153572354e-06
2.2997900390625 8.788517871909103e-06
2.3007900390625 7.440586339116855e-06
2.3017900390625 8.394812960040574e-06
2.3027900390625 6.650077430481528e-06
2.3037900390625 6.728937025870024e-06
2.3047900390625 6.7882554790312325e-06
2.3057900390625 8.598184863770206e-06
2.3067900390625 8.82042797996065e-06
2.3077900390625 4.156729476685465e-06
2.3087900390625 9.37334414906575e-06
2.3097900390625 7.202254608100837e-06
2.3107900390625 6.740216440245152e-06
2.3117900390625 4.436177749676697e-06
2.3127900390625 4.964242036967457e-06
2.3137900390625 6.94065151359728e-06
2.3147900390625 6.387882151665673e-06
2.3157900390625 5.097877105462669e-06
2.3167900390625 5.011456874855424e-06
2.3177900390625 4.7337367055300145e-06
2.3187900390625 3.7228704893506475e-06
2.3197900390625 5.886356340166152e-06
2.3207900390625 4.926711950042162e-06
2.3217900390625 3.977004638782442e-06
2.3227900390625 4.628679352779062e-06
2.3237900390625 3.4078533635660894e-06
2.3247900390625 4.1747455922913194e-06
2.3257900390625 4.073782880729298e-06
2.3267900390625 4.2842361110755585e-06
2.3277900390625 4.7086761937173436e-06
2.3287900390625 2.8332291269584176e-06
2.3297900390625 2.5702425433792914e-06
2.3307900390625 3.4804852986833385e-06
2.3317900390625 2.946482578787376e-06
2.3327900390625 2.8588358141834455e-06
2.3337900390625 2.829814995577473e-06
2.3347900390625 2.377294211139479e-06
2.3357900390625 2.308141685080154e-06
2.3367900390625 2.3041673035884524e-06
2.3377900390625 1.8197228303892762e-06
2.3387900390625 2.4678612358927674e-06
2.3397900390625 1.7374338479466368e-06
2.3407900390625 2.168357589775014e-06
2.3417900390625 2.410440786053594e-06
2.3427900390625 2.28877259268547e-06
2.3437900390625 2.044968859225961e-06
2.3447900390625 1.670275516173972e-06
2.3457900390625 1.5245758190515738e-06
2.3467900390625 1.500120088909557e-06
2.3477900390625 1.6530608361954422e-06
2.3487900390625 1.9487582520538675e-06
2.3497900390625 2.2222287143571106e-06
2.3507900390625 1.6968845167643062e-06
2.3517900390625 1.8752319014722294e-06
2.3527900390625 1.231476709783765e-06
2.3537900390625 1.477397356372442e-06
2.3547900390625 1.7767211100015388e-06
2.3557900390625 1.5496143950257021e-06
2.3567900390625 2.0872488472243315e-06
2.3577900390625 1.4689865436217595e-06
2.3587900390625 1.4528301748998794e-06
2.3597900390625 1.3550872132337576e-06
2.3607900390625 1.0211479234646411e-06
2.3617900390625 1.0792373448049669e-06
2.3627900390625 1.436656766801262e-06
2.3637900390625 1.302193447328373e-06
2.3647900390625 1.2036830975211775e-06
2.3657900390625 7.586264791345212e-07
2.3667900390625 8.466280119729493e-07
2.3677900390625 9.460312821333051e-07
2.3687900390625 5.187573131324882e-07
2.3697900390625 5.206772952960263e-07
2.3707900390625 4.981760562419407e-07
2.3717900390625 4.842209902449059e-07
2.3727900390625 3.252417032741479e-07
2.3737900390625 2.638997682123157e-07
2.3747900390625 3.338467356567507e-07
2.3757900390625 2.779869853583201e-07
2.3767900390625 3.024083344011667e-07
2.3777900390625 3.129310737858001e-07
2.3787900390625 3.0689089147720467e-07
2.3797900390625 2.9942144299524593e-07
2.3807900390625 1.5590391348965764e-07
2.3817900390625 2.5324864350221703e-07
2.3827900390625 2.363053252608172e-07
2.3837900390625 1.8690549484494597e-07
2.3847900390625 1.7356128368238218e-07
2.3857900390625 1.5210364122439352e-07
2.3867900390625 1.25919012315727e-07
2.3877900390625 9.578697339034995e-08
2.3887900390625 1.0500412448690509e-07
2.3897900390625 7.97316942457715e-08
2.3907900390625 9.458445796497694e-08
2.3917900390625 1.0502339756231615e-07
2.3927900390625 7.755888587872601e-08
2.3937900390625 6.92146092505458e-08
2.3947900390625 5.3695084139188966e-08
2.3957900390625 4.004371678881685e-08
2.3967900390625 4.555661911724284e-08
2.3977900390625 4.788974476369148e-08
2.3987900390625 3.383557324767876e-08
2.3997900390625 4.6657502023943597e-08
2.4007900390625 2.9182521121319285e-08
2.4017900390625 2.393658757287369e-08
2.4027900390625 3.083018543761181e-08
2.4037900390625 2.7608365176442133e-08
2.4047900390625 2.0331202681687643e-08
2.4057900390625 1.647658440174777e-08
2.4067900390625 1.7431331037713184e-08
2.4077900390625 1.1547643483847008e-08
2.4087900390625 1.4985563760519813e-08
2.4097900390625 9.439201418299362e-09
2.4107900390625 1.2406880324546244e-08
2.4117900390625 8.02354687908843e-09
2.4127900390625 1.0292223257918813e-08
2.4137900390625 6.560359860103937e-09
2.4147900390625 4.953466871115176e-09
2.4157900390625 6.013196383948284e-09
2.4167900390625 4.655798135001988e-09
2.4177900390625 5.2186250353231895e-09
2.4187900390625 5.331668145487498e-09
2.4197900390625 3.5830210345024025e-09
2.4207900390625 3.1161753248254666e-09
2.4217900390625 3.242394377171509e-09
2.4227900390625 3.66324531017879e-09
2.4237900390625 1.912719092246085e-09
2.4247900390625 2.0204922878183794e-09
2.4257900390625 1.3755731615180392e-09
2.4267900390625 1.5022274040763526e-09
2.4277900390625 5.962755342592995e-10
2.4287900390625 1.198796572198001e-09
2.4297900390625 1.1584263479121614e-09
2.4307900390625 9.203538950208498e-10
2.4317900390625 6.579367464078052e-10
2.4327900390625 6.529030678107896e-10
2.4337900390625 8.045843563869232e-10
2.4347900390625 5.666987422708205e-10
2.4357900390625 4.595052888861654e-10
2.4367900390625 5.091351190453136e-10
2.4377900390625 2.8795684356662433e-10
2.4387900390625 3.032347734319443e-10
2.4397900390625 3.2916475431546577e-10
2.4407900390625 1.8583292678353119e-10
2.4417900390625 1.7191608553069902e-10
2.4427900390625 1.1330717336789355e-10
2.4437900390625 1.2334208009019032e-10
2.4447900390625 1.3095299187573226e-10
2.4457900390625 1.1449110271010686e-10
2.4467900390625 8.95569065608466e-11
2.4477900390625 8.7031956959396e-11
2.4487900390625 4.441721061334751e-11
2.4497900390625 6.507736690409825e-11
2.4507900390625 3.9626173007402256e-11
2.4517900390625 5.307162405550966e-11
2.4527900390625 6.532358670716759e-11
2.4537900390625 5.286579412919621e-11
2.4547900390625 4.570568500215313e-11
2.4557900390625 3.202187132796396e-11
2.4567900390625 3.370115655599538e-11
2.4577900390625 3.623985954786764e-11
2.4587900390625 5.813247502810855e-11
2.4597900390625 3.807462303947977e-11
2.4607900390625 5.0978219330235194e-11
2.4617900390625 3.390314258300601e-11
2.4627900390625 4.5450282784580685e-11
2.4637900390625 2.1554306113008886e-11
2.4647900390625 2.728325268426757e-11
2.4657900390625 2.3020806571676084e-11
2.4667900390625 2.29822426264252e-11
2.4677900390625 2.5754789950884892e-11
2.4687900390625 2.627046067055646e-11
2.4697900390625 2.3250310883712338e-11
2.4707900390625 1.3704457658343656e-11
2.4717900390625 1.7734770630750556e-11
2.4727900390625 1.146008234855286e-11
2.4737900390625 1.5139753160933286e-11
2.4747900390625 1.5743608865485318e-11
2.4757900390625 1.0724919696031933e-11
2.4767900390625 1.3597238221243763e-11
2.4777900390625 9.039100526661218e-12
2.4787900390625 5.961766189734893e-12
2.4797900390625 7.982240297171921e-12
2.4807900390625 9.551893790515332e-12
2.4817900390625 6.635432464673786e-12
2.4827900390625 6.041398441197334e-12
2.4837900390625 5.928725658616401e-12
2.4847900390625 3.5354742427307506e-12
2.4857900390625 5.270356505446655e-12
2.4867900390625 2.886476383735464e-12
2.4877900390625 4.631409541467101e-12
2.4887900390625 4.109348848764622e-12
2.4897900390625 4.060593524065957e-12
2.4907900390625 3.829387121688535e-12
2.4917900390625 2.489173022758213e-12
2.4927900390625 2.501454868333655e-12
2.4937900390625 1.9010204305083663e-12
2.4947900390625 2.327636961960681e-12
2.4957900390625 1.5162836406729428e-12
2.4967900390625 2.1913443602720136e-12
2.4977900390625 1.3512742845600757e-12
2.4987900390625 1.594255156638327e-12
2.4997900390625 1.0411498417794584e-12
2.5007900390625 5.9133553193327e-13
2.5017900390625 9.628467642670796e-13
2.5027900390625 1.0184607595193028e-12
2.5037900390625 7.875848425621124e-13
2.5047900390625 2.1348421002031452e-13
2.5057900390625 6.778979093225474e-13
2.5067900390625 5.106209715219928e-13
2.5077900390625 6.125509298892517e-13
2.5087900390625 3.662968530323277e-13
2.5097900390625 1.5482107084145615e-13
2.5107900390625 3.0132678489489407e-13
2.5117900390625 3.859156428592278e-13
2.5127900390625 3.3976360379359253e-13
2.5137900390625 3.452267938865043e-13
2.5147900390625 2.9743438932839e-13
2.5157900390625 2.40615188223973e-13
2.5167900390625 2.425378211382509e-13
2.5177900390625 1.89933186488478e-13
2.5187900390625 2.0691372598157728e-13
2.5197900390625 1.3237959197707988e-13
2.5207900390625 1.327683038399993e-13
2.5217900390625 1.230659769297838e-13
2.5227900390625 1.1149990435223882e-13
2.5237900390625 8.427149697798384e-14
2.5247900390625 1.0979910527364248e-13
2.5257900390625 9.590801292122702e-14
2.5267900390625 4.7567184561736915e-14
2.5277900390625 7.309670287373596e-14
2.5287900390625 6.807232858768295e-14
2.5297900390625 7.408841978530678e-14
2.5307900390625 4.28447061011958e-14
2.5317900390625 6.453529140636126e-14
2.5327900390625 6.354874123397137e-14
2.5337900390625 5.27690467721557e-14
2.5347900390625 3.570115980066016e-14
2.5357900390625 4.3792896926100625e-14
2.5367900390625 3.205455288437957e-14
2.5377900390625 3.0394287140427334e-14
2.5387900390625 3.885003846274405e-14
2.5397900390625 1.6356082790579187e-14
2.5407900390625 3.128045233755681e-14
2.5417900390625 2.372741476309552e-14
2.5427900390625 1.6491922173533605e-14
2.5437900390625 1.2723909320652778e-14
2.5447900390625 2.0867175442885676e-14
2.5457900390625 8.682531221917124e-15
2.5467900390625 1.703431834105943e-14
2.5477900390625 1.6772681278708563e-14
2.5487900390625 1.3574888934634843e-14
2.5497900390625 1.3796134297175616e-14
2.5507900390625 1.0844513762972123e-14
2.5517900390625 1.2020642382591766e-14
2.5527900390625 5.191480325039215e-15
2.5537900390625 8.24515257006284e-15
2.5547900390625 4.7059592395152045e-15
2.5557900390625 8.203329021687813e-15
2.5567900390625 6.0240940384344705e-15
2.5577900390625 4.216131923557464e-15
2.5587900390625 6.538726955111645e-15
2.5597900390625 6.0144264926122545e-15
2.5607900390625 4.886961775456542e-15
2.5617900390625 4.875894822976136e-15
2.5627900390625 3.6440766383734e-15
2.5637900390625 4.4429149075069796e-15
2.5647900390625 3.2630015187793333e-15
2.5657900390625 2.183418846286521e-15
2.5667900390625 2.648318808564001e-15
2.5677900390625 3.0874812450789693e-15
2.5687900390625 2.1511509287202125e-15
2.5697900390625 1.06057389710639e-15
2.5707900390625 1.3992127147862404e-15
2.5717900390625 1.4290644179884007e-15
2.5727900390625 1.6686039485664339e-15
2.5737900390625 1.0336445488508487e-15
2.5747900390625 1.1992378681818201e-15
2.5757900390625 9.2116133047647e-16
2.5767900390625 1.087086515331176e-15
2.5777900390625 6.504000111885102e-16
2.5787900390625 8.46136396958076e-16
2.5797900390625 6.137299546194226e-16
2.5807900390625 6.223993484134833e-16
2.5817900390625 4.827338454538342e-16
2.5827900390625 4.30310163231545e-16
2.5837900390625 4.2124284796680484e-16
2.5847900390625 4.197220719650074e-16
2.5857900390625 3.980586889960619e-16
2.5867900390625 3.2860216009547732e-16
2.5877900390625 1.6475707725205014e-16
2.5887900390625 1.920448540985672e-16
2.5897900390625 2.07771816356552e-16
2.5907900390625 1.8779566661244274e-16
2.5917900390625 1.6541102625302804e-16
2.5927900390625 1.3364509684633475e-16
2.5937900390625 6.076118721514561e-17
2.5947900390625 1.048767342033616e-16
2.5957900390625 8.877750997700116e-17
2.5967900390625 5.770370888707685e-17
2.5977900390625 4.1997614536103186e-17
