Wavelength_microns Throughput
0.5505 4.635993412715828e-13
0.5515 4.821015464460134e-13
0.5525 6.928707529483832e-11
0.5535 2.0910996484059125e-10
0.5545 7.402229798185223e-13
0.5555 7.147240874693187e-13
0.5565 3.35236462766492e-10
0.5575 8.519002726299491e-10
0.5585 9.46816966589229e-10
0.5595 1.1244405023551472e-09
0.5605 4.402298338615353e-10
0.5615 1.8992443680862357e-10
0.5625 4.0314289860434076e-10
0.5635 1.942020900518622e-12
0.5645 2.047563724122078e-12
0.5655 2.127871152035653e-12
0.5665 2.188463111726587e-12
0.5675 4.195243071894252e-10
0.5685 2.266927085019737e-12
0.5695 2.305671371286019e-12
0.5705 6.46603405388725e-10
0.5715 3.579943164741e-09
0.5725 2.067437280019652e-09
0.5735 3.990533385174838e-09
0.5745 4.981185179958924e-09
0.5755 4.660704405894252e-09
0.5765 5.28963085477597e-09
0.5775 3.45953777594321e-12
0.5785 3.837267891445724e-12
0.5795 4.2650171087489685e-12
0.5805 4.705219638489094e-12
0.5815 2.252281813280879e-09
0.5825 3.3693156776318777e-09
0.5835 9.25758584357023e-10
0.5845 6.437595241332048e-12
0.5855 1.6556642499478917e-09
0.5865 5.640275046570992e-09
0.5875 1.5256862279080562e-08
0.5885 1.2816936883145569e-09
0.5895 8.304374193470904e-09
0.5905 4.372460247012148e-09
0.5915 4.3377982447571935e-09
0.5925 5.353303972885281e-09
0.5935 9.414398336857976e-12
0.5945 9.564735025105457e-12
0.5955 3.5422982845273488e-09
0.5965 9.83029858999858e-12
0.5975 8.174737478790014e-10
0.5985 1.2698331042641609e-08
0.5995 1.017132515014477e-11
0.6005 1.899429704646443e-08
0.6015 2.020841681269275e-09
0.6025 7.900180854646662e-09
0.6035 5.870499539780329e-09
0.6045 2.8511259538085275e-09
0.6055 6.033369886898574e-09
0.6065 9.537750169607036e-09
0.6075 1.5285302465399776e-08
0.6085 3.55851253892478e-09
0.6095 2.477002987231609e-09
0.6105 1.2307321720104608e-11
0.6115 1.1091792794491127e-08
0.6125 2.5498630361488564e-09
0.6135 1.3903366259032077e-08
0.6145 1.0227799891166715e-08
0.6155 1.2292887287522708e-08
0.6165 1.1754081549101112e-08
0.6175 2.0110361878001625e-08
0.6185 2.6233347202966037e-08
0.6195 1.1991591276329368e-08
0.6205 2.119104604077839e-08
0.6215 1.3615584476697969e-08
0.6225 1.6835696940761317e-08
0.6235 3.3485697624073466e-08
0.6245 4.174479273078405e-08
0.6255 3.908896650678786e-09
0.6265 2.4573443451089203e-08
0.6275 3.592063039607191e-08
0.6285 3.77263744282579e-08
0.6295 1.5368269465915723e-11
0.6305 1.6292352638713506e-08
0.6315 5.215618085833196e-08
0.6325 2.470667101730593e-08
0.6335 4.794675417803692e-08
0.6345 4.4308064971566116e-08
0.6355 7.831170763146467e-08
0.6365 5.0436096992130366e-08
0.6375 8.658102968915704e-08
0.6385 5.83769855014735e-08
0.6395 1.1660042076531671e-07
0.6405 8.339712880574223e-08
0.6415 8.145151556762075e-08
0.6425 7.242299209677567e-08
0.6435 1.2812042520413236e-07
0.6445 1.4056897407628615e-07
0.6455 1.7790870555232223e-07
0.6465 2.1260137839973749e-07
0.6475 2.2773280368250695e-07
0.6485 2.35594870198886e-07
0.6495 3.309779209074701e-07
0.6505 3.068663997596794e-07
0.6515 3.9966875138382086e-07
0.6525 2.9799092888110936e-07
0.6535 3.8276655970139314e-07
0.6545 4.181287123965844e-07
0.6555 4.567883552242514e-07
0.6565 5.196227293618746e-07
0.6575 5.144488655960586e-07
0.6585 5.929323728997355e-07
0.6595 5.650429349375684e-07
0.6605 5.769400511560397e-07
0.6615 5.849934114205287e-07
0.6625 5.611949943983279e-07
0.6635 5.752782874024042e-07
0.6645 6.136311439013535e-07
0.6655 7.046892046296555e-07
0.6665 8.449725008312586e-07
0.6675 8.899512466024637e-07
0.6685 9.865731466695956e-07
0.6695 1.0550081300395684e-06
0.6705 1.0217452268757057e-06
0.6715 1.0848823307780216e-06
0.6725 1.0922922472939613e-06
0.6735 1.1206476021993177e-06
0.6745 1.006489183824653e-06
0.6755 9.002730871137984e-07
0.6765 7.14969411256375e-07
0.6775 6.665985208692325e-07
0.6785 5.20839882692558e-07
0.6795 4.218879537031846e-07
0.6805 3.312167437054246e-07
0.6815 2.0048905608525956e-07
0.6825 1.6754751968810012e-07
0.6835 1.642961335248969e-07
0.6845 8.541001811362486e-08
0.6855 1.1064507585696645e-07
0.6865 1.2267062915433817e-07
0.6875 9.514370646652693e-08
0.6885 1.4689309528720716e-07
0.6895 1.5468997055835733e-07
0.6905 2.7624794469046426e-07
0.6915 3.403433342827875e-07
0.6925 2.9770786606993673e-07
0.6935 3.3396575106328936e-07
0.6945 2.2307046217304532e-07
0.6955 2.2490827197302083e-07
0.6965 1.996137697127373e-07
0.6975 2.1736569711293083e-07
0.6985 2.4893432335562356e-07
0.6995 3.037860344881465e-07
0.7005 2.813799482988568e-07
0.7015 2.0000624248139387e-07
0.7025 2.3773630241196097e-07
0.7035 2.9289656472820144e-07
0.7045 3.478098021919745e-07
0.7055 4.4620640090058993e-07
0.7065 4.7372697682204726e-07
0.7075 5.524254751862896e-07
0.7085 4.4764221049919175e-07
0.7095 4.46018247831887e-07
0.7105 3.0415951355134764e-07
0.7115 3.000096153472831e-07
0.7125 1.991196485602269e-07
0.7135 1.9205789294808556e-07
0.7145 1.7341660985363155e-07
0.7155 1.2252150254297354e-07
0.7165 1.2149433598866677e-07
0.7175 1.5714128680479128e-07
0.7185 1.484990291499859e-07
0.7195 1.702229968862791e-07
0.7205 2.779579472767316e-07
0.7215 2.961629931464756e-07
0.7225 1.704418098162139e-07
0.7235 1.555129750359983e-07
0.7245 7.406237941842298e-08
0.7255 8.88624178571512e-08
0.7265 1.7102268695849943e-08
0.7275 2.1123326572151225e-09
0.7285 7.960266977428599e-09
0.7295 3.11745005021442e-08
0.7305 9.895149780647831e-08
0.7315 4.249518168472897e-08
0.7325 2.4581979661794194e-11
0.7335 4.2649342003894515e-08
0.7345 3.5110061128464376e-08
0.7355 1.2649989606073818e-08
0.7365 3.3724229854976775e-08
0.7375 8.933349328572064e-09
0.7385 6.325748006294221e-08
0.7395 2.910330581097513e-09
0.7405 2.529415943097562e-11
0.7415 1.842966527605505e-08
0.7425 4.4592638598867174e-08
0.7435 1.4914716138637807e-08
0.7445 3.76227931346159e-08
0.7455 3.10240305444409e-08
0.7465 2.5790253047778957e-11
0.7475 2.1613058599830655e-08
0.7485 1.815904175172727e-08
0.7495 3.104657721700325e-08
0.7505 1.1373218750312749e-07
0.7515 8.889173373867224e-09
0.7525 1.0094960849754835e-07
0.7535 3.4543075206897116e-08
0.7545 3.407553963451897e-08
0.7555 2.644254322914378e-11
0.7565 2.650035078716806e-11
0.7575 1.6091525451803192e-08
0.7585 9.444201915644347e-08
0.7595 1.2978090845396132e-08
0.7605 3.9498761637961196e-08
0.7615 1.9086703142009288e-08
0.7625 5.571130384493399e-08
0.7635 4.6856730813367206e-08
0.7645 7.032930483295548e-08
0.7655 7.992559072787105e-08
0.7665 6.149292168572501e-08
0.7675 2.7130927990602566e-11
0.7685 3.480325894418726e-08
0.7695 7.061457913364976e-08
0.7705 4.87042801451935e-09
0.7715 8.7615045691895e-09
0.7725 5.743661723615742e-08
0.7735 6.008907663104998e-08
0.7745 4.464104699704929e-08
0.7755 5.9023530931471434e-08
0.7765 2.8979260053010615e-08
0.7775 9.12666087173889e-08
0.7785 2.7682469940387374e-11
0.7795 2.1370467153412482e-08
0.7805 5.421821791326519e-08
0.7815 5.074540932854114e-08
0.7825 1.4036976284872507e-07
0.7835 2.0159408846618147e-07
0.7845 3.151033699230195e-07
0.7855 1.2822099095114315e-07
0.7865 2.319375340612657e-07
0.7875 1.452094463409412e-07
0.7885 1.294537366796403e-07
0.7895 1.0785986270492404e-07
0.7905 9.753189140963215e-08
0.7915 1.3497020776430055e-07
0.7925 3.111645056830766e-08
0.7935 1.587816556858064e-07
0.7945 6.28057577063583e-08
0.7955 2.0062338587605495e-07
0.7965 5.7492210553174385e-08
0.7975 7.342769550581968e-08
0.7985 2.4768177586550455e-07
0.7995 3.0975671657406035e-09
0.8005 4.911927856233515e-08
0.8015 2.787226201347972e-08
0.8025 5.6385199969883045e-08
0.8035 7.186103909694403e-08
0.8045 7.402291764279555e-08
0.8055 4.1187215686957236e-08
0.8065 6.78236109144227e-08
0.8075 2.134753164383631e-08
0.8085 5.5083107866429944e-08
0.8095 4.072200262267906e-08
0.8105 3.075843336752387e-08
0.8115 5.293924036077887e-08
0.8125 2.8063760402034406e-08
0.8135 6.562066176980204e-08
0.8145 1.0663652909345495e-08
0.8155 7.435560206090375e-08
0.8165 5.0303331935639966e-08
0.8175 7.145091088991607e-08
0.8185 1.0678051708928456e-07
0.8195 4.9528314633142635e-08
0.8205 4.671273418455878e-08
0.8215 5.851020129888195e-08
0.8225 8.640605390451425e-08
0.8235 5.2545807576628466e-08
0.8245 9.825568133330204e-08
0.8255 1.0065205032824471e-07
0.8265 3.839245089641359e-08
0.8275 5.335859624086166e-08
0.8285 6.778261422903935e-08
0.8295 9.492264123646327e-09
0.8305 3.544136235541796e-08
0.8315 7.642405960648323e-08
0.8325 7.6412748345511e-08
0.8335 6.440103954765475e-08
0.8345 5.977511773099138e-08
0.8355 6.867392516502355e-08
0.8365 1.1233499561884459e-07
0.8375 1.2832749144300479e-07
0.8385 1.5254855146726653e-07
0.8395 8.992368076057554e-08
0.8405 6.552942812876813e-08
0.8415 1.2698083449631218e-07
0.8425 1.412154838291905e-07
0.8435 1.0021656577883128e-07
0.8445 3.935716737832427e-08
0.8455 8.156597010021881e-08
0.8465 1.1167292775308845e-07
0.8475 1.047453753694222e-07
0.8485 1.3731119694663306e-07
0.8495 7.544957580632583e-08
0.8505 1.1870553145026588e-07
0.8515 1.5135267886908118e-07
0.8525 9.83210412832793e-08
0.8535 1.1533408972732654e-07
0.8545 1.3330584088766048e-07
0.8555 9.79505740952685e-08
0.8565 5.297099880659835e-08
0.8575 1.8073896693611768e-07
0.8585 1.5382109838797274e-07
0.8595 1.4653621147764977e-07
0.8605 1.1378956674742271e-07
0.8615 6.2349542425940605e-09
0.8625 1.171139430601297e-07
0.8635 2.1433968027228242e-07
0.8645 1.8547383938266257e-07
0.8655 1.5373804921667382e-07
0.8665 9.442496886337243e-08
0.8675 8.161294714417443e-08
0.8685 5.372827498888332e-08
0.8695 7.91630426276664e-08
0.8705 3.109710385592969e-11
0.8715 7.429051644141353e-08
0.8725 3.1253548843169156e-11
0.8735 3.130937611740043e-11
0.8745 3.1365029650544804e-11
0.8755 8.619770297047421e-08
0.8765 3.147576128785549e-11
0.8775 1.0639302413828203e-07
0.8785 2.953145566726424e-07
0.8795 3.540917943657211e-07
0.8805 3.167664739411452e-11
0.8815 3.170108970768645e-11
0.8825 3.6568077071402063e-07
0.8835 8.622332172789572e-08
0.8845 7.864779997497966e-08
0.8855 2.977638329854204e-07
0.8865 3.101671837192524e-07
0.8875 2.46330884354747e-07
0.8885 6.665080215244146e-07
0.8895 4.4555105813729694e-07
0.8905 8.408669141339006e-09
0.8915 6.481063776931521e-07
0.8925 3.204204926990723e-11
0.8935 9.055691076471536e-07
0.8945 3.215597149595451e-11
0.8955 3.218368517084585e-11
0.8965 8.155775203891776e-07
0.8975 3.221355662507759e-11
0.8985 1.478104699080616e-06
0.8995 3.227929896698297e-11
0.9005 1.335482469931479e-07
0.9015 4.005211784657131e-08
0.9025 1.1639457117075467e-07
0.9035 2.0544041215136917e-08
0.9045 7.514092795612008e-08
0.9055 3.1037790593258795e-08
0.9065 8.681239371926077e-08
0.9075 1.386666251473838e-07
0.9085 1.397795966556784e-07
0.9095 9.762996027159161e-08
0.9105 6.068330462744961e-08
0.9115 9.90335697887138e-08
0.9125 1.212049484816012e-07
0.9135 1.859752731900295e-08
0.9145 1.1466161280811621e-07
0.9155 1.9182701580340508e-07
0.9165 8.319314966355224e-08
0.9175 1.3330694046775556e-07
0.9185 8.445893493846608e-08
0.9195 1.339134360765076e-07
0.9205 1.190027208388542e-07
0.9215 7.21944520364714e-08
0.9225 1.6044337335208783e-07
0.9235 1.1644692090679698e-07
0.9245 1.22722836977182e-07
0.9255 1.7188169305656836e-07
0.9265 1.190052870031416e-07
0.9275 1.6094831383640164e-07
0.9285 1.486701725442389e-07
0.9295 7.802000405265159e-08
0.9305 1.8322142503706942e-07
0.9315 2.461440487678373e-07
0.9325 2.4843016664546153e-07
0.9335 1.281055516301816e-07
0.9345 2.1786583387892522e-07
0.9355 2.522211475894641e-07
0.9365 1.5078408046343352e-07
0.9375 2.1969231406581044e-07
0.9385 2.3194641989487688e-07
0.9395 2.4860268965724257e-07
0.9405 2.049742787865111e-07
0.9415 2.5507474864833764e-07
0.9425 1.6514533682602983e-07
0.9435 1.8606226140068063e-07
0.9445 1.5540914771954556e-07
0.9455 2.2090267039294123e-07
0.9465 2.1006467296173304e-07
0.9475 1.5956126265673292e-07
0.9485 1.1672947985057171e-07
0.9495 2.3243942669405005e-07
0.9505 2.4237869040883886e-07
0.9515 2.3706460571605998e-07
0.9525 1.5147617502470295e-07
0.9535 2.600465452304095e-07
0.9545 2.297750965871619e-07
0.9555 2.587906477444494e-07
0.9565 3.1545208048288185e-07
0.9575 2.395126265276509e-07
0.9585 2.3806354563059766e-07
0.9595 2.605285219839064e-07
0.9605 3.442902842729411e-07
0.9615 2.7569338883948997e-07
0.9625 2.0461321154009145e-07
0.9635 2.2854877870428395e-07
0.9645 2.4505035420950825e-07
0.9655 1.4128993920258954e-07
0.9665 2.1893460869754312e-07
0.9675 2.075212610580915e-07
0.9685 2.6770815926798926e-07
0.9695 2.3026212049901042e-07
0.9705 1.865261163455657e-07
0.9715 3.1973779823025377e-07
0.9725 2.7570226496193256e-07
0.9735 2.508636325290162e-07
0.9745 2.8314003683362024e-07
0.9755 3.2116766953099116e-07
0.9765 2.235828466883977e-07
0.9775 2.2646596733042713e-07
0.9785 2.8020902706325294e-07
0.9795 2.3247435278535976e-07
0.9805 1.8115543313812182e-07
0.9815 1.1535622337313065e-07
0.9825 2.202275358923196e-07
0.9835 1.964769482151907e-07
0.9845 2.2902702533016793e-07
0.9855 1.4181868701442151e-07
0.9865 1.6283188479094818e-07
0.9875 1.9568816009757083e-07
0.9885 2.2880368324828185e-07
0.9895 2.975421913772769e-07
0.9905 1.4593083242971473e-07
0.9915 2.465689386803578e-07
0.9925 3.027219964738781e-07
0.9935 2.5338385958742246e-07
0.9945 2.0139944865228371e-07
0.9955 2.1920767318233707e-07
0.9965 2.345563479866951e-07
0.9975 2.6328908711189305e-07
0.9985 2.6039503803222365e-07
0.9995 2.3909894687346504e-07
1.0005 2.4998226455120354e-07
1.0015 5.508614237486252e-07
1.0025 2.659048590911268e-07
1.0035 2.2489903311687072e-07
1.0045 3.923488604238967e-07
1.0055 2.144625351179689e-08
1.0065 1.5630375743059943e-08
1.0075 1.0951462240548427e-07
1.0085 1.005054147388876e-06
1.0095 3.7576698322015344e-07
1.0105 2.8068453254737437e-07
1.0115 1.2281986122109027e-07
1.0125 8.976217903656597e-07
1.0135 1.3308573658647085e-06
1.0145 8.179936463352012e-07
1.0155 3.3215977042584034e-11
1.0165 3.3237216322041015e-11
1.0175 2.6334390039559513e-07
1.0185 1.0303945431573443e-06
1.0195 3.338568193484603e-11
1.0205 1.0863444258754323e-06
1.0215 2.5703099958018415e-07
1.0225 2.734416633427013e-07
1.0235 3.2104353848353852e-06
1.0245 8.326360159248436e-07
1.0255 1.3991988843907318e-07
1.0265 1.6357972361575064e-06
1.0275 3.783894446909283e-07
1.0285 1.430345553597999e-06
1.0295 3.391091329284098e-11
1.0305 3.4761564846403247e-07
1.0315 5.581577638727049e-07
1.0325 2.4001787868511443e-06
1.0335 3.4042654931770836e-08
1.0345 3.5914412856562e-07
1.0355 4.6504183482267527e-07
1.0365 2.431968434473254e-07
1.0375 5.864008139942975e-07
1.0385 8.745352661982023e-07
1.0395 3.413006015666999e-11
1.0405 4.0405966801231575e-07
1.0415 3.412277542972884e-11
1.0425 1.746664703178503e-07
1.0435 9.669422130662396e-07
1.0445 2.7231629687711787e-07
1.0455 5.528553705246041e-07
1.0465 7.152508094083832e-07
1.0475 1.2313352755925613e-06
1.0485 1.1161835489884703e-06
1.0495 4.016398624586398e-07
1.0505 6.17329126164985e-07
1.0515 7.526756947907971e-07
1.0525 4.490074745114667e-07
1.0535 1.0444180130934142e-07
1.0545 1.1506981744303046e-06
1.0555 1.3180569625236862e-06
1.0565 3.2605864371856266e-07
1.0575 4.845080942530427e-07
1.0585 1.3064093495444031e-06
1.0595 1.27802936084524e-06
1.0605 1.7190089473184722e-07
1.0615 4.118513959028439e-07
1.0625 7.184320426936962e-07
1.0635 2.5156173284313514e-06
1.0645 4.86753703100863e-07
1.0655 2.877388853815077e-07
1.0665 6.363293873279252e-07
1.0675 1.1442624422556203e-06
1.0685 6.027442493930284e-07
1.0695 1.4886654654449604e-06
1.0705 2.393534715998188e-06
1.0715 7.185315555559874e-07
1.0725 1.806005278891848e-07
1.0735 1.009041451788812e-06
1.0745 2.8309127870700967e-07
1.0755 1.289098492868474e-06
1.0765 1.518901765581367e-06
1.0775 1.1171286923262243e-06
1.0785 3.587196702252589e-11
1.0795 2.867424138483362e-07
1.0805 1.3198558188619393e-06
1.0815 1.4472498236674267e-06
1.0825 5.728272613983322e-08
1.0835 6.654916236232126e-07
1.0845 8.154049713770242e-07
1.0855 5.412959489636793e-07
1.0865 1.02607785137131e-06
1.0875 6.253892488475473e-07
1.0885 1.0627288174117262e-06
1.0895 5.369485977931263e-07
1.0905 2.0980926075256083e-07
1.0915 1.2168479031751528e-06
1.0925 6.451246697534236e-07
1.0935 7.250380446539789e-08
1.0945 3.2244721573176996e-07
1.0955 1.0024278673507662e-06
1.0965 7.936026965702132e-07
1.0975 1.6820344708223977e-06
1.0985 4.331058580054402e-07
1.0995 6.757660845861858e-08
1.1005 1.143034248596772e-06
1.1015 1.1637182886617731e-06
1.1025 4.862490322566088e-07
1.1035 6.89660786505055e-08
1.1045 9.132426049683902e-07
1.1055 1.6951559805979069e-06
1.1065 5.570104444488217e-07
1.1075 1.0724944949574048e-06
1.1085 1.7284772902640632e-06
1.1095 5.038763251014749e-07
1.1105 1.0063703371527402e-06
1.1115 7.741091108513549e-07
1.1125 2.8937306393113156e-07
1.1135 1.1528993655827495e-06
1.1145 7.675603771173666e-07
1.1155 8.837542403208789e-07
1.1165 3.4969300953510307e-07
1.1175 2.115848183464601e-06
1.1185 1.9402332739605615e-07
1.1195 4.638243301580422e-07
1.1205 3.196089121228826e-07
1.1215 3.3801296261128027e-07
1.1225 6.868841387664767e-07
1.1235 1.4132567566367176e-06
1.1245 7.617202622817986e-07
1.1255 4.77042611349229e-07
1.1265 1.4387993844746474e-06
1.1275 2.0568499941201853e-07
1.1285 2.853035756939569e-07
1.1295 4.989905096290434e-07
1.1305 2.729667342248457e-07
1.1315 5.464533382306546e-07
1.1325 6.26013509657188e-07
1.1335 7.911551593344851e-07
1.1345 4.974477205454508e-07
1.1355 3.811375771040784e-11
1.1365 1.0691994076354978e-06
1.1375 3.238239873767483e-07
1.1385 7.255828110297105e-07
1.1395 2.366277459294058e-07
1.1405 1.153321477766043e-06
1.1415 3.2290400462615347e-07
1.1425 1.6959457616662475e-06
1.1435 9.743186611753976e-08
1.1445 8.588285418022827e-07
1.1455 1.2138344246623611e-08
1.1465 3.862086607423735e-11
1.1475 1.9423228621199307e-07
1.1485 1.038881772285429e-06
1.1495 1.3483875908369724e-07
1.1505 3.874649511718881e-11
1.1515 6.205310710373336e-07
1.1525 8.490108415272559e-07
1.1535 9.781896084659242e-07
1.1545 1.1481889902196324e-06
1.1555 9.594377883225286e-08
1.1565 8.077660354184637e-07
1.1575 6.214445122567648e-07
1.1585 3.752837855380459e-07
1.1595 2.7136510461141146e-07
1.1605 7.335536963384454e-07
1.1615 5.249569417343386e-07
1.1625 1.9952855342896162e-08
1.1635 2.608907318948042e-07
1.1645 3.904564200079568e-11
1.1655 3.4616842810470116e-07
1.1665 8.728151134660536e-07
1.1675 5.023962935104838e-07
1.1685 7.286100724632056e-07
1.1695 1.1347371110873867e-06
1.1705 2.5558240519217267e-07
1.1715 8.085211621862878e-07
1.1725 1.105926905877625e-06
1.1735 1.0002615679545841e-06
1.1745 4.246210963371426e-07
1.1755 5.884099313400461e-07
1.1765 3.676581176874361e-08
1.1775 7.8133288691826e-08
1.1785 7.904137810274377e-07
1.1795 6.471767427708019e-07
1.1805 1.0174828521432897e-06
1.1815 3.879044772951648e-11
1.1825 1.9363408683741795e-07
1.1835 1.108571382107845e-06
1.1845 6.287347657343817e-07
1.1855 6.359946432244196e-07
1.1865 3.0187027819943284e-07
1.1875 5.716229503635752e-07
1.1885 2.21651267168107e-07
1.1895 3.45086418376256e-07
1.1905 6.74812153764265e-08
1.1915 5.995260311232486e-07
1.1925 5.392242355076404e-07
1.1935 3.786256132191463e-07
1.1945 1.8723235390587892e-07
1.1955 5.611860749887663e-07
1.1965 3.5445667565769643e-07
1.1975 3.9263635370034045e-11
1.1985 3.080908354793365e-07
1.1995 1.6252697750122607e-06
1.2005 8.809453522195212e-07
1.2015 3.9644211477966186e-11
1.2025 2.729306119382138e-07
1.2035 1.1794496866000147e-07
1.2045 2.6582621517745253e-07
1.2055 8.833560812728083e-07
1.2065 1.007966599343846e-06
1.2075 6.299797899063684e-07
1.2085 6.30943222073363e-07
1.2095 5.583655203991281e-07
1.2105 1.5631056063958775e-06
1.2115 1.618288632759923e-07
1.2125 7.642293046574282e-07
1.2135 8.267680748894862e-07
1.2145 2.483310905346855e-07
1.2155 8.809760395749463e-07
1.2165 2.0493224539872262e-07
1.2175 9.69921077413029e-07
1.2185 2.96006744332685e-07
1.2195 7.285473520008229e-08
1.2205 2.5484029120551997e-07
1.2215 6.539466324376289e-07
1.2225 2.2131640339640078e-07
1.2235 3.229270539482715e-07
1.2245 2.2111196076480218e-07
1.2255 4.0460077581398506e-11
1.2265 2.160406289441359e-06
1.2275 1.3253173668667633e-07
1.2285 2.2304370782685624e-07
1.2295 4.053248848467677e-11
1.2305 9.399353672229474e-07
1.2315 3.509690902158543e-07
1.2325 8.809313427009043e-07
1.2335 4.058672426044806e-11
1.2345 1.0359833172208173e-06
1.2355 6.023319486309897e-07
1.2365 7.387646151344156e-07
1.2375 4.3237451430185487e-07
1.2385 5.908800054622893e-08
1.2395 4.5450055161922845e-07
1.2405 1.1746906029416503e-06
1.2415 1.968674478086808e-07
1.2425 6.638178735489994e-07
1.2435 1.9266873122604318e-07
1.2445 6.726435539440013e-07
1.2455 4.290190863918098e-07
1.2465 2.973550072389552e-08
1.2475 9.265103400502164e-07
1.2485 8.4947519490095e-07
1.2495 3.385122333475022e-07
1.2505 2.205104130993472e-07
1.2515 5.606728776251956e-07
1.2525 3.536076677371574e-07
1.2535 1.2457966883929147e-07
1.2545 3.8080485760914275e-07
1.2555 4.4450187408629403e-07
1.2565 1.2147157047009954e-06
1.2575 3.100810827257564e-07
1.2585 4.088787219706428e-11
1.2595 1.7417090849345618e-06
1.2605 3.1437627711102604e-07
1.2615 4.0883910428930804e-11
1.2625 1.4595385515420917e-06
1.2635 2.4278307341498424e-07
1.2645 7.458032656982809e-07
1.2655 3.0919969993071076e-07
1.2665 4.153294894906281e-07
1.2675 1.0667106434980103e-06
1.2685 1.5536112487613794e-07
1.2695 1.228707902367441e-06
1.2705 2.798403683339856e-07
1.2715 4.0583617516951485e-11
1.2725 1.675994440451293e-07
1.2735 4.0513385133424724e-11
1.2745 4.5094582205616494e-07
1.2755 1.344920434005365e-06
1.2765 1.1483812227120473e-07
1.2775 4.894715899589451e-07
1.2785 3.463406617661157e-07
1.2795 4.915247581045499e-07
1.2805 5.1924240411189e-07
1.2815 3.775307082458536e-07
1.2825 3.140359594401263e-07
1.2835 4.105218490605294e-08
1.2845 1.4410093204486757e-06
1.2855 4.864757883658096e-07
1.2865 9.705730657616721e-08
1.2875 5.919741626794122e-07
1.2885 2.5130728573358214e-07
1.2895 1.5424774976256724e-06
1.2905 1.705531868177327e-07
1.2915 7.30430134673543e-07
1.2925 2.965489969283414e-07
1.2935 5.541681384207551e-07
1.2945 1.2703575311690853e-06
1.2955 1.2424960316691965e-07
1.2965 9.10230072289962e-07
1.2975 1.8820044701156105e-06
1.2985 1.7027873108049356e-07
1.2995 5.540608268043646e-07
1.3005 7.562163086180187e-07
1.3015 7.731230251579522e-07
1.3025 1.4048404901353993e-06
1.3035 6.473434727602859e-07
1.3045 9.865149483874742e-07
1.3055 4.520955930728534e-07
1.3065 6.876542961137991e-07
1.3075 2.3457433266409983e-07
1.3085 1.321037270230783e-06
1.3095 2.0029836318129277e-06
1.3105 7.170724739966647e-08
1.3115 6.819432290610463e-07
1.3125 1.2609180655036598e-07
1.3135 8.336591383039494e-07
1.3145 9.033907867865414e-07
1.3155 2.4616582230933487e-07
1.3165 1.113798082589086e-07
1.3175 9.64139997245769e-07
1.3185 1.3257277269576064e-06
1.3195 1.2635615647065826e-06
1.3205 9.764207306922054e-07
1.3215 8.078011944030648e-07
1.3225 1.3387220580500768e-06
1.3235 1.2836655714944587e-06
1.3245 1.049092275621202e-06
1.3255 1.087323377361782e-06
1.3265 4.216094667967984e-11
1.3275 2.118195652111486e-06
1.3285 5.270061939934319e-07
1.3295 9.230847318607683e-07
1.3305 1.263086878278698e-06
1.3315 6.544544588992222e-07
1.3325 7.063853069026471e-07
1.3335 9.853213376446017e-07
1.3345 3.728744653764749e-07
1.3355 1.444904181460468e-07
1.3365 4.3604497341285357e-07
1.3375 7.944667811006897e-07
1.3385 9.873166040985514e-07
1.3395 1.603738863088045e-06
1.3405 1.3762255796624272e-06
1.3415 1.210207753820189e-06
1.3425 1.3108957522841769e-06
1.3435 1.0718461933720169e-06
1.3445 7.03380067401248e-07
1.3455 6.129103022182304e-07
1.3465 1.0675423718095825e-06
1.3475 1.870422735960918e-07
1.3485 1.108348053301422e-06
1.3495 3.560478607663287e-07
1.3505 2.1862002374486387e-07
1.3515 1.8664812767587087e-06
1.3525 5.012672476839047e-07
1.3535 6.45632806989823e-07
1.3545 5.355341869832527e-07
1.3555 7.560147905406336e-07
1.3565 6.954070947050815e-07
1.3575 1.0837333309727346e-06
1.3585 4.1896944253336795e-07
1.3595 9.200197243896059e-07
1.3605 1.2545060769359873e-06
1.3615 2.8697141584607996e-07
1.3625 9.540417045459565e-07
1.3635 5.486268417718404e-07
1.3645 8.546312741117151e-08
1.3655 1.1495024974794063e-06
1.3665 2.0860453609296657e-07
1.3675 4.900231072047762e-07
1.3685 7.411151131281725e-07
1.3695 4.473177260206068e-07
1.3705 8.600551889243148e-07
1.3715 5.70239263316276e-08
1.3725 5.446919202611416e-07
1.3735 4.3254567476090555e-07
1.3745 7.513689678656083e-08
1.3755 2.528814704686916e-07
1.3765 6.441973697466228e-07
1.3775 2.3008650087366175e-06
1.3785 1.8331893818288277e-07
1.3795 3.0484992334284407e-07
1.3805 1.1756691178492284e-06
1.3815 2.3887418973694463e-07
1.3825 1.050619557803842e-06
1.3835 4.2686191007029215e-11
1.3845 1.97106385179085e-06
1.3855 1.0172174883006443e-06
1.3865 5.055498336268436e-07
1.3875 6.127380348255464e-07
1.3885 6.707732032458597e-07
1.3895 7.292221361526118e-07
1.3905 8.297413411121694e-07
1.3915 4.422667434468681e-07
1.3925 7.35719941650342e-07
1.3935 1.5668608505837027e-06
1.3945 5.014970475567197e-07
1.3955 2.388362309872287e-07
1.3965 8.373334959819767e-07
1.3975 1.9038377327908962e-06
1.3985 4.319977007609875e-11
1.3995 9.874767903601835e-08
1.4005 2.1420487952659193e-06
1.4015 1.2104723125565694e-07
1.4025 1.1649635901760447e-06
1.4035 1.3603273058951283e-06
1.4045 7.383479947594665e-07
1.4055 1.2233602976105726e-06
1.4065 1.873756561629313e-07
1.4075 3.551698076859202e-07
1.4085 1.8232591788004719e-06
1.4095 2.0830175618313275e-06
1.4105 2.502065240337233e-07
1.4115 7.699523437330209e-07
1.4125 1.103943524462905e-06
1.4135 5.246765478268091e-07
1.4145 2.7348162011241587e-07
1.4155 2.7659316009363254e-06
1.4165 6.821514300950149e-07
1.4175 3.9973329498866763e-07
1.4185 1.1887942827476103e-06
1.4195 6.516938970357036e-07
1.4205 2.0980491212567273e-08
1.4215 1.1898787822371526e-06
1.4225 1.903773141304988e-06
1.4235 2.761410250617784e-07
1.4245 2.713713032897299e-07
1.4255 6.208207199662014e-07
1.4265 7.135953431565675e-07
1.4275 7.734606640797556e-07
1.4285 3.276357821227811e-08
1.4295 1.3488031649597629e-07
1.4305 1.0663072549217113e-06
1.4315 9.244612036624457e-07
1.4325 1.0914125704138024e-06
1.4335 9.910843171351052e-07
1.4345 2.2258157259461503e-06
1.4355 4.428885514446514e-11
1.4365 5.358060657788513e-07
1.4375 1.3679986610132642e-07
1.4385 9.281055748975147e-07
1.4395 3.516092180963392e-07
1.4405 5.337161681051317e-07
1.4415 8.99811400062562e-07
1.4425 3.42708682252973e-07
1.4435 2.598233898101843e-07
1.4445 2.483940068910536e-07
1.4455 4.0591214229675233e-07
1.4465 1.1675934998074524e-06
1.4475 8.11959202016557e-07
1.4485 5.495877149864884e-07
1.4495 1.3774561576920846e-06
1.4505 1.1975720454779152e-06
1.4515 7.368071148941592e-08
1.4525 4.452400881187203e-11
1.4535 3.143543418191821e-07
1.4545 1.0571183822712475e-06
1.4555 7.411801284368435e-07
1.4565 3.1038077732650623e-07
1.4575 6.676421936213583e-07
1.4585 4.4546745385554194e-11
1.4595 2.0487881980159936e-06
1.4605 7.570142535384802e-07
1.4615 7.122340362860971e-07
1.4625 7.07787559351765e-07
1.4635 9.385955131863858e-07
1.4645 4.459651310856717e-11
1.4655 1.1706669288370265e-06
1.4665 4.461814778125762e-11
1.4675 1.5372189221439083e-06
1.4685 1.0949672040574417e-06
1.4695 1.49705086348482e-06
1.4705 7.976205708773049e-07
1.4715 1.216948679450558e-06
1.4725 2.491017075126389e-07
1.4735 6.745720853371241e-07
1.4745 6.776801247219678e-07
1.4755 7.511463538378552e-07
1.4765 9.502063351403987e-07
1.4775 1.1005137346648848e-06
1.4785 1.518562340431698e-06
1.4795 4.479011638676309e-11
1.4805 6.857744395539956e-07
1.4815 6.23371281896761e-07
1.4825 1.4172260860963213e-06
1.4835 1.0236404469504529e-07
1.4845 1.813793472309281e-06
1.4855 4.461721374421283e-07
1.4865 7.237276482456807e-07
1.4875 1.398365503429592e-06
1.4885 1.741894272899441e-07
1.4895 1.6959472201784386e-06
1.4905 1.1368964712735087e-06
1.4915 9.216935783318542e-07
1.4925 1.4726513993174981e-06
1.4935 6.242090521974088e-07
1.4945 1.0935186718974645e-06
1.4955 1.7651019557162138e-06
1.4965 5.692461347426234e-07
1.4975 3.800979924622996e-07
1.4985 2.0119970356607157e-06
1.4995 5.57940597573226e-07
1.5005 2.534872857124026e-06
1.5015 9.258103900856581e-07
1.5025 1.4782225992955652e-06
1.5035 2.0061895974004854e-06
1.5045 2.174809724659991e-06
1.5055 4.5533385038983664e-11
1.5065 9.57068491580876e-07
1.5075 1.8522077863730033e-06
1.5085 1.4212709536573868e-08
1.5095 1.1081272743816973e-06
1.5105 1.0539680991316166e-06
1.5115 6.847281367770158e-07
1.5125 2.0245181829514344e-06
1.5135 1.594447019896948e-06
1.5145 7.716352463946406e-07
1.5155 1.8016473509559678e-06
1.5165 4.577870111805341e-11
1.5175 1.4478245902106844e-07
1.5185 1.281431523360573e-06
1.5195 4.425221936488825e-08
1.5205 3.6883563480298284e-07
1.5215 1.7045468922807838e-06
1.5225 5.207866067918933e-07
1.5235 1.8626207197508471e-06
1.5245 7.100526659314302e-07
1.5255 1.0833380614855656e-06
1.5265 1.5202843802285697e-06
1.5275 8.677969172441237e-07
1.5285 5.691326777459359e-07
1.5295 5.513139067660529e-07
1.5305 1.4859325092597218e-06
1.5315 1.4265439053752254e-06
1.5325 1.0329272625205622e-06
1.5335 9.58432112050907e-08
1.5345 1.3824659909172772e-06
1.5355 1.2164454183778442e-06
1.5365 6.505993966587218e-07
1.5375 1.9023000520970677e-07
1.5385 1.849906346338869e-08
1.5395 1.5187098565167627e-06
1.5405 1.9426151655929943e-06
1.5415 3.7755756349567294e-07
1.5425 3.130007812244032e-07
1.5435 1.1904063015455726e-06
1.5445 4.598030843082019e-11
1.5455 6.234140918507845e-07
1.5465 7.685466760151431e-07
1.5475 2.1960680888349067e-06
1.5485 9.872005791993768e-08
1.5495 6.075818033030348e-07
1.5505 1.5368297952036545e-06
1.5515 8.841026221257196e-07
1.5525 5.68149498957624e-07
1.5535 2.4957899175295333e-06
1.5545 6.723369676918367e-07
1.5555 1.2247408633674332e-06
1.5565 4.0745699475023214e-07
1.5575 4.565622492003609e-11
1.5585 1.3999481529946842e-06
1.5595 2.4734145221746284e-06
1.5605 9.258167199090901e-08
1.5615 1.0302702246754574e-06
1.5625 1.1249306375469341e-06
1.5635 2.2772303748648827e-06
1.5645 2.139308817065716e-07
1.5655 1.4102179130366212e-06
1.5665 1.4473381774173056e-06
1.5675 4.561210741727129e-11
1.5685 3.897470685793398e-08
1.5695 7.730780764209852e-07
1.5705 1.7564675408100625e-06
1.5715 4.578611146364815e-11
1.5725 1.0177876466763049e-06
1.5735 5.254883297973529e-07
1.5745 3.7212986453283686e-08
1.5755 1.4289178111697568e-07
1.5765 1.1814307882434935e-06
1.5775 3.9578151443663357e-07
1.5785 1.5959474308556821e-06
1.5795 3.3059232223790715e-07
1.5805 1.6335795287697507e-06
1.5815 5.404650886093597e-07
1.5825 1.0924226441366784e-06
1.5835 1.6766181309824342e-06
1.5845 3.2434015824937957e-07
1.5855 2.0478070098108892e-06
1.5865 1.079728953735478e-06
1.5875 2.119321398625093e-06
1.5885 1.167785833177251e-06
1.5895 4.4815361079500984e-07
1.5905 1.7491439455688313e-06
1.5915 3.7558954681778234e-07
1.5925 1.107524149559008e-06
1.5935 5.129028360259705e-07
1.5945 1.228065069316328e-06
1.5955 4.462797006040758e-07
1.5965 3.720893759068794e-07
1.5975 1.1718922399932017e-06
1.5985 8.567303362215787e-07
1.5995 6.256028805418857e-07
1.6005 5.260650048934505e-07
1.6015 7.665189061171563e-07
1.6025 4.5518528208484726e-07
1.6035 9.937797274965332e-07
1.6045 1.96225278847885e-06
1.6055 3.795931781781634e-08
1.6065 9.234593357749726e-07
1.6075 1.3433113065333454e-06
1.6085 2.953072333769576e-07
1.6095 1.326887780464885e-06
1.6105 1.3025901045257473e-06
1.6115 1.0476491123277137e-06
1.6125 2.826226185318752e-06
1.6135 1.207908970666975e-06
1.6145 2.143508840126546e-06
1.6155 1.233912619039646e-06
1.6165 2.4719573751370057e-06
1.6175 2.4761381572191763e-06
1.6185 2.5031195028862197e-06
1.6195 1.105123210695889e-06
1.6205 2.837673908817896e-06
1.6215 1.3753531249886588e-06
1.6225 3.0907616673501504e-06
1.6235 3.8562607684796585e-06
1.6245 3.627473167247079e-06
1.6255 5.224427147237259e-06
1.6265 5.121470341587555e-06
1.6275 3.967298664578132e-06
1.6285 6.1438112268733005e-06
1.6295 7.598180719807686e-06
1.6305 7.733435648522193e-06
1.6315 8.379277203803093e-06
1.6325 7.268254429642388e-06
1.6335 9.481101384265063e-06
1.6345 8.701444640453166e-06
1.6355 1.105654830735301e-05
1.6365 1.1425933019170797e-05
1.6375 1.2411512975668816e-05
1.6385 1.4197504147622718e-05
1.6395 1.521689660649869e-05
1.6405 1.3496153695731019e-05
1.6415 1.7219600085185687e-05
1.6425 1.7082216689528652e-05
1.6435 1.967443677401201e-05
1.6445 2.0730701150055977e-05
1.6455 2.326791140791641e-05
1.6465 2.4386906431281826e-05
1.6475 2.5256769807994612e-05
1.6485 2.535089969340264e-05
1.6495 2.775435654298606e-05
1.6505 2.8735949555582704e-05
1.6515 3.1425077285229884e-05
1.6525 3.388667454099101e-05
1.6535 3.874034075514788e-05
1.6545 4.2079537478470755e-05
1.6555 4.1357941551676405e-05
1.6565 4.5855068255743174e-05
1.6575 5.3697398931982024e-05
1.6585 5.7980801753605527e-05
1.6595 6.386600134388005e-05
1.6605 7.28695934873697e-05
1.6615 8.129116425892453e-05
1.6625 9.224301604773129e-05
1.6635 0.00010564761156786417
1.6645 0.00012027018527086141
1.6655 0.0001398353268247726
1.6665 0.00015921460342204808
1.6675 0.0001892478536823064
1.6685 0.000217455564098307
1.6695 0.0002505811780932442
1.6705 0.0002902986744906228
1.6715 0.000332116518853453
1.6725 0.0003795923345443731
1.6735 0.0004308926960265552
1.6745 0.0004957415952028229
1.6755 0.0005681424107064565
1.6765 0.0006431125252324275
1.6775 0.0007216162838057985
1.6785 0.0007905549969499191
1.6795 0.0008984414847590927
1.6805 0.0010044547188097022
1.6815 0.0011222936693795244
1.6825 0.0012486681830413814
1.6835 0.0013751899306023803
1.6845 0.0015245224891325864
1.6855 0.001665170414689829
1.6865 0.001857341235272493
1.6875 0.0020338599539310278
1.6885 0.0022407559356875197
1.6895 0.002543824331280071
1.6905 0.00279708261496548
1.6915 0.003162255880545255
1.6925 0.0035317857406915007
1.6935 0.004027538981101532
1.6945 0.004641007760325727
1.6955 0.005216162422719397
1.6965 0.006096715794505767
1.6975 0.007308074229005359
1.6985 0.008656357069855392
1.6995 0.010509228034530181
1.7005 0.012274468263074238
1.7015 0.014930688138094691
1.7025 0.01818301106613642
1.7035 0.021615394762620695
1.7045 0.024361982560610163
1.7055 0.026804661290207747
1.7065 0.02988968976875134
1.7075 0.03290695707392448
1.7085 0.0371559121963994
1.7095 0.04267880226154609
1.7105 0.046023859295461746
1.7115 0.0541978442779305
1.7125 0.06063478058202667
1.7135 0.07176065103063675
1.7145 0.08122816868433391
1.7155 0.09818755740118058
1.7165 0.1153060921140991
1.7175 0.13678412599503706
1.7185 0.16375952469321556
1.7195 0.18282378479025807
1.7205 0.2138042943276474
1.7215 0.24354059017915358
1.7225 0.2754772402431681
1.7235 0.30066406479165797
1.7245 0.317557373786597
1.7255 0.3422053829463391
1.7265 0.3504477187529878
1.7275 0.3560355418335084
1.7285 0.36519137058946105
1.7295 0.3709309124475041
1.7305 0.3704352127581557
1.7315 0.38569383818398917
1.7325 0.3885009844637772
1.7335 0.39453302231237836
1.7345 0.40217605509871973
1.7355 0.40968441794833893
1.7365 0.4178834949271416
1.7375 0.43051234694036083
1.7385 0.43078168020847185
1.7395 0.438296149688871
1.7405 0.446287728738304
1.7415 0.44589367433555027
1.7425 0.45726523515563705
1.7435 0.46129503649588005
1.7445 0.4540153382404772
1.7455 0.46328220940698506
1.7465 0.4610446692222675
1.7475 0.4586510736926816
1.7485 0.4580384736224234
1.7495 0.4510599307060223
1.7505 0.4706849226493709
1.7515 0.4592879274583334
1.7525 0.46141519454227264
1.7535 0.4594375150285041
1.7545 0.4611379043391137
1.7555 0.4613083797932688
1.7565 0.47019185474070174
1.7575 0.46759719448777015
1.7585 0.46981001628684776
1.7595 0.46642566881099723
1.7605 0.4702799349427417
1.7615 0.47495858852478007
1.7625 0.4742922098391858
1.7635 0.47369834262064536
1.7645 0.46649632435830357
1.7655 0.472284812670287
1.7665 0.47963189180889915
1.7675 0.4773720086993956
1.7685 0.47670613115708393
1.7695 0.4694074892035584
1.7705 0.47381287610918055
1.7715 0.47989413255149466
1.7725 0.4735036046563076
1.7735 0.46731254268789685
1.7745 0.4722495893880929
1.7755 0.47138108653146116
1.7765 0.46595511210848534
1.7775 0.47795253580201646
1.7785 0.4628289418457821
1.7795 0.4727012991058141
1.7805 0.4709042416998728
1.7815 0.46615701254673275
1.7825 0.46254944837437306
1.7835 0.4665885129361856
1.7845 0.46821648541147554
1.7855 0.46361457675267415
1.7865 0.45635190449945173
1.7875 0.45776793474001365
1.7885 0.4636954317091277
1.7895 0.4542523357684636
1.7905 0.45426926795194633
1.7915 0.4526048061172282
1.7925 0.4543401147707016
1.7935 0.4542477638878183
1.7945 0.4450611155389585
1.7955 0.4550622717457044
1.7965 0.452182918711341
1.7975 0.4479247566817297
1.7985 0.4465996318119757
1.7995 0.4528274345293234
1.8005 0.45274917456172364
1.8015 0.45221778403791
1.8025 0.4583657626194277
1.8035 0.45505828022391914
1.8045 0.44731063485898803
1.8055 0.4527990726208876
1.8065 0.46069097975955087
1.8075 0.47035851341458784
1.8085 0.4628384402209564
1.8095 0.4657916124411344
1.8105 0.4689975027313374
1.8115 0.47012277576731487
1.8125 0.4648756408082433
1.8135 0.4744083486971187
1.8145 0.4659912053939319
1.8155 0.4741645711885293
1.8165 0.47611112791380017
1.8175 0.4775842932170984
1.8185 0.47330159855210263
1.8195 0.48611748084626666
1.8205 0.47778773615594927
1.8215 0.47750637561089065
1.8225 0.4789544735459221
1.8235 0.48149322462428173
1.8245 0.47882013687106484
1.8255 0.47832434654303735
1.8265 0.4845786402697155
1.8275 0.47811464192039843
1.8285 0.47808649171884277
1.8295 0.47624862304508236
1.8305 0.47495752502151173
1.8315 0.49056710499560563
1.8325 0.4763063944591143
1.8335 0.4734021887873296
1.8345 0.4825075615251551
1.8355 0.47325229682024306
1.8365 0.4777556850785536
1.8375 0.47680778206373814
1.8385 0.47066738623155263
1.8395 0.47308677624802875
1.8405 0.4749167732671589
1.8415 0.4691397793774428
1.8425 0.4700286123993772
1.8435 0.4753354210213361
1.8445 0.46561392172571553
1.8455 0.4702319382730388
1.8465 0.4591353179401934
1.8475 0.4697105430538637
1.8485 0.462326133188001
1.8495 0.46394895990064877
1.8505 0.46268644634783834
1.8515 0.46039176989158753
1.8525 0.4579578630102172
1.8535 0.4589822493629888
1.8545 0.4538778570447016
1.8555 0.4552698149776715
1.8565 0.45931053536421096
1.8575 0.4571949935495508
1.8585 0.458955175557447
1.8595 0.46034721124949757
1.8605 0.45729644541048453
1.8615 0.45734610023142364
1.8625 0.4575442337435284
1.8635 0.45670876454268344
1.8645 0.46170414796332304
1.8655 0.46123245821047626
1.8665 0.4653613229135521
1.8675 0.46621220301774374
1.8685 0.4680926427608278
1.8695 0.47086145304400306
1.8705 0.47279934914462846
1.8715 0.46788957082492405
1.8725 0.4739507678411197
1.8735 0.4763389270801845
1.8745 0.482145338614202
1.8755 0.483883968555939
1.8765 0.4735774804482278
1.8775 0.4862818940209019
1.8785 0.47909941996698874
1.8795 0.4830958354207518
1.8805 0.48014823074149515
1.8815 0.48298660391578097
1.8825 0.48236596219771205
1.8835 0.4820451531374174
1.8845 0.4851545574937133
1.8855 0.4811810153691196
1.8865 0.48105332762290387
1.8875 0.4871470685864736
1.8885 0.48000868601656055
1.8895 0.48265751449740013
1.8905 0.47884926563744273
1.8915 0.47809579207078157
1.8925 0.4854235107336316
1.8935 0.4756905981054094
1.8945 0.4762995644526616
1.8955 0.47766170213994874
1.8965 0.4746943846833558
1.8975 0.478717691910885
1.8985 0.4729503344931863
1.8995 0.46784347532689535
1.9005 0.47087308900179414
1.9015 0.4715087185555917
1.9025 0.46791285042675096
1.9035 0.4608730463384059
1.9045 0.4704739353399127
1.9055 0.4626675271071933
1.9065 0.46617364943619816
1.9075 0.4603745101205254
1.9085 0.4697023103265949
1.9095 0.46805774424793206
1.9105 0.4622651837146874
1.9115 0.46847438737634406
1.9125 0.46175980280943146
1.9135 0.463059468578249
1.9145 0.46150830457562736
1.9155 0.46602167460697946
1.9165 0.4691810571667297
1.9175 0.46585367454358045
1.9185 0.4640036927542229
1.9195 0.46912128524543434
1.9205 0.46286498572186924
1.9215 0.4745097556157489
1.9225 0.4691619347609282
1.9235 0.47045859249425365
1.9245 0.4709400996785402
1.9255 0.4764080337199824
1.9265 0.4739090379958982
1.9275 0.47838436566886705
1.9285 0.4798639395026206
1.9295 0.48509999071802246
1.9305 0.4786139486463436
1.9315 0.4869027208999344
1.9325 0.4731161712986429
1.9335 0.4882544875982689
1.9345 0.48948163500036146
1.9355 0.47909221694023535
1.9365 0.48642899985244503
1.9375 0.4796439077169886
1.9385 0.48942690787334814
1.9395 0.4862834121952174
1.9405 0.4820149386208687
1.9415 0.4855730584615015
1.9425 0.47874866282883727
1.9435 0.49049897022576094
1.9445 0.4859810239309567
1.9455 0.4918703664472435
1.9465 0.487510005552696
1.9475 0.48386379545214475
1.9485 0.4887961090537484
1.9495 0.4858365923140451
1.9505 0.4811138222060526
1.9515 0.4902839216731558
1.9525 0.48308702409144133
1.9535 0.4728553061960863
1.9545 0.4783141912857371
1.9555 0.4665554410309021
1.9565 0.4595336498370703
1.9575 0.44503988655351423
1.9585 0.4247350054430009
1.9595 0.4123572042527406
1.9605 0.38942216033778354
1.9615 0.3764804642850454
1.9625 0.3631209352300141
1.9635 0.3397413794390606
1.9645 0.3158646619477811
1.9655 0.2924330310085109
1.9665 0.2724822683781321
1.9675 0.24549975156287243
1.9685 0.22721872119628747
1.9695 0.2037224827597093
1.9705 0.1840825961910673
1.9715 0.16605295171967113
1.9725 0.14926396085995
1.9735 0.1359516642036629
1.9745 0.12075587850776576
1.9755 0.10877321108121114
1.9765 0.10189788960165858
1.9775 0.08944463292536954
1.9785 0.0829959247099852
1.9795 0.07485960184669746
1.9805 0.06777046826995951
1.9815 0.06095414386676296
1.9825 0.05492854235087109
1.9835 0.047976318284023246
1.9845 0.043656708700399074
1.9855 0.0383108187004194
1.9865 0.0332614367809373
1.9875 0.028409767027839542
1.9885 0.025901199387992457
1.9895 0.02186858505834704
1.9905 0.019842420851305394
1.9915 0.017027898844264013
1.9925 0.014935958591909966
1.9935 0.013005127552525737
1.9945 0.011322294403114355
1.9955 0.009945877914304043
1.9965 0.008442981016286356
1.9975 0.007775997908732508
1.9985 0.006518091944054978
1.9995 0.0058272004408096755
2.0005 0.005108395524043569
2.0015 0.00458628760694895
2.0025 0.003951404808729766
2.0035 0.003516165385675293
2.0045 0.003143440089544212
2.0055 0.0027835892814524364
2.0065 0.0024490830131317855
2.0075 0.0021928037792298266
2.0085 0.0019305619495542064
2.0095 0.0017745139278800295
2.0105 0.001558675156119103
2.0115 0.0014216016668233036
2.0125 0.0012777849787025313
2.0135 0.001140349529439458
2.0145 0.0010341783664286693
2.0155 0.0009139187317489601
2.0165 0.0008663692371416101
2.0175 0.0007880528552440229
2.0185 0.0007026597968435231
2.0195 0.000632918363607045
2.0205 0.0005926213883427498
2.0215 0.0005338877766081238
2.0225 0.0004942144939232387
2.0235 0.0004555975751547499
2.0245 0.0004209406149659346
2.0255 0.0003769699024476432
2.0265 0.00035596145884149135
2.0275 0.0003262542375346412
2.0285 0.00030682964290760703
2.0295 0.0002860596694774216
2.0305 0.0002686368646879751
2.0315 0.00024327561749735578
2.0325 0.00023705993881047014
2.0335 0.00021575784030644085
2.0345 0.0002024976604164551
2.0355 0.00018531404753876257
2.0365 0.00017937717051800956
2.0375 0.000162687004969682
2.0385 0.00015120751406630227
2.0395 0.00014331829624214998
2.0405 0.00014148643098449426
2.0415 0.00013414157996273886
2.0425 0.00012407161637137724
2.0435 0.000116269761381845
2.0445 0.0001122935194366304
2.0455 9.849143015437013e-05
2.0465 9.157657067035386e-05
2.0475 8.622718272052048e-05
2.0485 8.567058354482598e-05
2.0495 7.266568707052062e-05
2.0505 7.358120172379357e-05
2.0515 7.073380125253837e-05
2.0525 6.110625257760688e-05
2.0535 5.613971754634501e-05
2.0545 6.032759064793346e-05
2.0555 4.881325106796655e-05
2.0565 5.3038662605799936e-05
2.0575 5.1506801233602026e-05
2.0585 3.3795978492874024e-05
2.0595 3.8246831189637916e-05
2.0605 4.0974706577959144e-05
2.0615 3.6797201196343765e-05
2.0625 3.8946374124688175e-05
2.0635 3.675924258997995e-05
2.0645 1.668272118016194e-05
2.0655 3.173305225542627e-05
2.0665 2.9624829616747814e-05
2.0675 2.4562930373449898e-05
2.0685 1.795817699020224e-05
2.0695 2.200544716883145e-05
2.0705 2.2557317634810714e-05
2.0715 2.1367773178758164e-05
2.0725 1.1429141617469752e-05
2.0735 1.4595949068798448e-05
2.0745 1.0425335748730898e-05
2.0755 1.2394057064717548e-05
2.0765 3.64289393003938e-06
2.0775 1.6613231659215284e-05
2.0785 1.8235769143162054e-05
2.0795 1.2479780500004488e-05
2.0805 3.3833631513689455e-06
2.0815 1.0498893995713448e-05
2.0825 9.95237343569692e-06
2.0835 1.1261450382163909e-05
2.0845 8.194529223277152e-06
2.0855 8.882417110145901e-06
2.0865 8.851969485067989e-06
2.0875 1.7465523550560547e-06
2.0885 4.01114210870053e-06
2.0895 1.4624444760694591e-05
2.0905 5.5917476598374415e-06
2.0915 6.362424839839543e-06
2.0925 1.8563989823893641e-06
2.0935 9.54910779206801e-06
2.0945 3.47173724028699e-06
2.0955 2.7808697553887843e-06
2.0965 6.177365611077464e-06
2.0975 5.7938559778855505e-06
2.0985 5.028136379939239e-11
2.0995 9.451173273170558e-06
2.1005 2.3062226828841105e-06
2.1015 2.5782084868552752e-06
2.1025 3.551152427909785e-06
2.1035 1.039488502462617e-05
2.1045 7.896647589127761e-06
2.1055 3.4579221491037045e-06
2.1065 5.797787935726788e-06
2.1075 1.865851007497043e-06
2.1085 3.5500554668603887e-06
2.1095 3.9768934796867e-06
2.1105 5.960206195540238e-06
2.1115 1.1758821925539075e-05
2.1125 7.699357939076668e-07
2.1135 8.279781897788189e-07
2.1145 8.161939579314255e-06
2.1155 5.392950977169022e-06
2.1165 5.196771402843751e-06
2.1175 5.7507799140541515e-06
2.1185 7.35995332136047e-07
2.1195 6.711956241141739e-06
2.1205 5.867629671790399e-06
2.1215 4.173699364468551e-06
2.1225 8.67720382204485e-06
2.1235 9.24674283259773e-07
2.1245 6.230105600533556e-06
2.1255 1.0288573699457502e-05
2.1265 4.9859374869617075e-06
2.1275 4.547997831187396e-06
2.1285 5.0338504922553716e-11
2.1295 4.556970944933691e-06
2.1305 8.670141811427108e-06
2.1315 1.1087245899960864e-05
2.1325 1.4387061792352232e-05
2.1335 5.050199561248219e-11
2.1345 3.199734853050097e-06
2.1355 2.9815323089448547e-06
2.1365 6.172203040853239e-06
2.1375 3.721664284960839e-06
2.1385 3.0854794019011982e-06
2.1395 8.23847915297506e-06
2.1405 1.9657766568400685e-06
2.1415 2.3506994301224387e-07
2.1425 3.2437661407344387e-06
2.1435 2.4970384172876675e-06
2.1445 5.072845080473354e-06
2.1455 5.0801903811800134e-11
2.1465 1.9377613074803298e-06
2.1475 5.153443107810316e-07
2.1485 5.293240707130527e-06
2.1495 4.0704600069289924e-07
2.1505 4.772870660682105e-06
2.1515 5.093964184580857e-11
2.1525 3.7712495771430102e-06
2.1535 1.705150197362083e-06
2.1545 1.3185882069671583e-06
2.1555 7.531261896343736e-06
2.1565 1.7972365999134336e-06
2.1575 6.655851991847096e-07
2.1585 4.768899435164627e-06
2.1595 1.3646878715443694e-06
2.1605 5.048362770152441e-06
2.1615 8.070746917230689e-06
2.1625 1.7499715418490472e-06
2.1635 6.711614826592804e-06
2.1645 1.080822383752117e-06
2.1655 1.006037335051891e-06
2.1665 5.100221604940238e-11
2.1675 1.2294068354551172e-05
2.1685 1.447665963446995e-05
2.1695 3.148425640842514e-07
2.1705 5.885941593431883e-06
2.1715 2.6119212568822585e-06
2.1725 1.5953310957306219e-06
2.1735 8.304360310090261e-06
2.1745 5.5033415517877304e-06
2.1755 1.6335368702699238e-06
2.1765 2.1380941542697775e-06
2.1775 2.7393341261549677e-06
2.1785 4.303702484022233e-06
2.1795 5.10574250388904e-11
2.1805 3.435429710479388e-06
2.1815 5.719713304649331e-06
2.1825 4.752588471078332e-06
2.1835 2.099489382227053e-06
2.1845 3.4278026392783024e-06
2.1855 1.6448079023412264e-06
2.1865 4.814873960131974e-06
2.1875 4.866899293503652e-06
2.1885 6.857211731543994e-06
2.1895 9.562181603391423e-07
2.1905 2.445727369087592e-06
2.1915 2.0218659959697986e-06
2.1925 2.8454824992730663e-06
2.1935 5.103923339702978e-11
2.1945 4.4043602216506595e-06
2.1955 5.928995993726292e-06
2.1965 6.700544311419609e-06
2.1975 1.1919737526224946e-05
2.1985 5.102511678618914e-11
2.1995 1.239541887408813e-05
2.2005 2.3749310697015596e-06
2.2015 8.925487020271859e-06
2.2025 1.1731839411354492e-05
2.2035 5.0906905782990045e-11
2.2045 3.993862603526896e-06
2.2055 5.521249034242461e-06
2.2065 8.482201302969222e-06
2.2075 4.3971799245303826e-07
2.2085 4.928521488196053e-06
2.2095 1.677587645338674e-06
2.2105 8.52473040797271e-06
2.2115 5.365836466715242e-06
2.2125 2.1165099210637793e-06
2.2135 5.829591802604484e-06
2.2145 4.322053465590319e-06
2.2155 2.584259260964623e-05
2.2165 5.019264867697744e-11
2.2175 1.1418955656198248e-05
2.2185 1.0175146435859757e-05
2.2195 1.6983026602203123e-05
2.2205 4.187041959656825e-06
2.2215 6.664309844041875e-06
2.2225 7.440746264420883e-06
2.2235 1.7365140696328479e-06
2.2245 2.371164559682145e-06
2.2255 1.0814968423237286e-05
2.2265 6.191075732010763e-06
2.2275 1.3244587083791165e-05
2.2285 4.896045155356763e-11
2.2295 4.029704947313653e-06
2.2305 3.4158655950316104e-06
2.2315 4.932580389645717e-11
2.2325 4.976469005686928e-06
2.2335 7.139191190124733e-06
2.2345 5.630288358320393e-06
2.2355 1.0063900659371343e-05
2.2365 5.672963828774443e-06
2.2375 6.065471495804339e-06
2.2385 9.507044620199654e-06
2.2395 5.019963451853699e-11
2.2405 2.4072029552897265e-05
2.2415 6.652801298198923e-06
2.2425 1.1234499188613488e-05
2.2435 6.64831511367447e-08
2.2445 1.0178631209472807e-05
2.2455 5.031095245817443e-11
2.2465 1.3877222058123574e-05
2.2475 2.7657269893684763e-06
2.2485 5.9532017585155515e-06
2.2495 1.0972119827568367e-05
2.2505 6.5944388752069196e-06
2.2515 1.3300724902650369e-05
2.2525 1.0298015609627472e-05
2.2535 9.220520749434261e-06
2.2545 5.100741122728994e-06
2.2555 1.0298393530285907e-06
2.2565 9.217277939402829e-07
2.2575 5.273977724964496e-06
2.2585 8.411901268554814e-06
2.2595 8.918776442067964e-07
2.2605 1.414029858226203e-05
2.2615 1.992947236099257e-06
2.2625 7.881184586308276e-06
2.2635 4.9803241059350586e-11
2.2645 1.3898610991746566e-05
2.2655 2.979230434968754e-07
2.2665 1.3757135535701234e-05
2.2675 4.590686272882205e-07
2.2685 2.1232403507963527e-06
2.2695 8.999531434938575e-06
2.2705 4.6444262244603e-06
2.2715 3.219967299253271e-06
2.2725 3.944637487673412e-06
2.2735 5.718776937537842e-06
2.2745 3.65296039710414e-06
2.2755 1.2105274342718768e-05
2.2765 4.984931878142997e-11
2.2775 2.165004084036585e-06
2.2785 3.7658544266500655e-06
2.2795 4.9865699278427214e-11
2.2805 7.428647147179346e-06
2.2815 3.230756497469981e-06
2.2825 4.004957179926426e-06
2.2835 3.5968258064628584e-06
2.2845 5.5542859936066465e-06
2.2855 2.578250456340988e-07
2.2865 4.720292667430554e-07
2.2875 3.828954750220316e-07
2.2885 4.020469059653077e-06
2.2895 3.0408086902900755e-06
2.2905 4.743350077668928e-06
2.2915 4.97764811147277e-11
2.2925 5.5234587134007535e-06
2.2935 7.925308004902673e-07
2.2945 4.9695136673595245e-11
2.2955 1.828612897530358e-06
2.2965 3.2766406794925124e-07
2.2975 1.8494420250156183e-06
2.2985 3.8896967350814274e-07
2.2995 4.938682973585125e-11
2.3005 1.289007494627435e-06
2.3015 5.695492791791711e-06
2.3025 2.01459088532626e-06
2.3035 4.890697336016565e-11
2.3045 7.737336036704982e-07
2.3055 1.4713822341268742e-06
2.3065 2.558801789267933e-07
2.3075 3.080845574716017e-06
2.3085 4.793397138318157e-11
2.3095 4.3995649280622836e-07
2.3105 5.957252589193937e-06
2.3115 1.5203704986027226e-06
2.3125 1.7213622602566932e-06
2.3135 2.1616525153550946e-06
2.3145 1.2934141088680192e-06
2.3155 4.7574329019326255e-07
2.3165 4.4641973506459103e-11
2.3175 1.936655581532008e-06
2.3185 4.321395407506151e-11
2.3195 1.0519945335650182e-06
2.3205 2.586744605461238e-06
2.3215 8.121432365718783e-07
2.3225 3.4653959915406566e-07
2.3235 4.5271018277722775e-07
2.3245 1.0611234937128694e-06
2.3255 1.1542448112489086e-06
2.3265 1.3840628327454022e-06
2.3275 2.3547864061970727e-06
2.3285 3.2416202049200116e-11
2.3295 3.123015496507523e-11
2.3305 1.4132242949748391e-06
2.3315 7.56700302325628e-07
2.3325 2.7340547470557024e-07
2.3335 2.6404025292577293e-11
2.3345 1.4562621339213754e-06
2.3355 1.0056707154422303e-06
2.3365 2.2225524704768235e-06
2.3375 2.1920582260085634e-11
2.3385 2.099601024596931e-11
2.3395 1.6028686552887102e-06
2.3405 8.796679167387291e-07
2.3415 8.324575400986008e-07
2.3425 1.3370800634686846e-06
2.3435 7.794398530929573e-07
2.3445 4.133793938237344e-07
2.3455 1.7395573762070845e-06
2.3465 7.292710961607541e-08
2.3475 2.7417967707662058e-06
2.3485 2.5150203810622618e-06
2.3495 1.7351389584726667e-11
2.3505 6.320779046065725e-07
2.3515 7.962656297602704e-07
2.3525 9.151641622653923e-07
2.3535 5.557287856999132e-07
2.3545 1.3896974904086652e-06
2.3555 1.5444171037761876e-07
2.3565 1.9533983337998573e-07
2.3575 5.095368394483578e-07
2.3585 5.981674260666295e-07
2.3595 7.787793433873806e-08
2.3605 3.188050339342428e-07
2.3615 5.150269266011763e-07
2.3625 2.2227641967142405e-07
2.3635 8.734034941177192e-07
2.3645 9.557406307155338e-12
2.3655 3.814145573399013e-07
2.3665 7.7173780041416e-12
2.3675 9.636432562512026e-08
2.3685 9.353134301071766e-08
2.3695 1.5763186078815102e-07
2.3705 3.5317400468557454e-07
2.3715 2.9665097284637716e-07
2.3725 3.193814670297316e-12
2.3735 1.673676886949632e-07
2.3745 5.624743409367077e-08
2.3755 4.9346451106073366e-08
2.3765 5.887894285827655e-08
2.3775 3.2257867102368674e-08
2.3785 1.0124179898688642e-08
2.3795 8.934857607965093e-08
2.3805 1.1815211126668871e-07
2.3815 8.68228355167559e-08
2.3825 1.1382478996135052e-12
2.3835 2.0908048693970834e-07
2.3845 8.666662083764624e-09
2.3855 1.6766486297222448e-07
2.3865 3.9599635332955506e-08
2.3875 1.0991965504154953e-07
2.3885 2.360516384322023e-08
2.3895 8.05993488230569e-09
2.3905 2.64498146985942e-08
2.3915 3.5331711641218075e-08
2.3925 6.242151616020904e-08
2.3935 2.1993865937281047e-08
2.3945 1.0444444226981695e-08
2.3955 2.401204035251483e-08
2.3965 6.022946345732716e-08
2.3975 4.2131275521458366e-13
2.3985 3.8050268930937674e-13
2.3995 3.250908362546059e-08
2.4005 1.4299075406650776e-08
2.4015 1.8113789323358739e-09
2.4025 2.0985715753658323e-08
2.4035 3.2703950370913174e-09
2.4045 1.8839692119786174e-13
2.4055 2.4296680404329983e-08
2.4065 1.5917764347380902e-08
2.4075 1.0994326623194782e-09
2.4085 7.199659575527149e-09
2.4095 4.186201970415002e-09
2.4105 8.25029550212178e-09
2.4115 7.985141969485493e-09
2.4125 4.75769021868078e-10
2.4135 2.1988956010646958e-09
2.4145 6.299405342356242e-10
2.4155 3.826198389448739e-14
2.4165 1.8725757153360305e-10
2.4175 6.816423325947837e-10
2.4185 2.1017109490073718e-09
2.4195 3.965930762367335e-09
2.4205 1.8532310389200127e-14
2.4215 1.624164907088617e-14
2.4225 1.2616978752765745e-10
2.4235 9.608221408224692e-10
2.4245 1.0653264240193813e-10
2.4255 8.981820948389811e-10
2.4265 3.08056932490532e-09
2.4275 8.285064803299957e-15
2.4285 2.1323106587447144e-11
2.4295 9.983936076983977e-11
2.4305 9.337083460209264e-10
2.4315 5.793369317853317e-15
2.4325 5.25558115591939e-10
2.4335 5.887459675765192e-11
2.4345 4.5157337822117244e-15
2.4355 4.1569339316493515e-15
2.4365 4.739591678716138e-10
2.4375 2.560843687906403e-10
2.4385 2.5955402933218965e-10
2.4395 2.9546611980875167e-15
2.4405 3.227016929503088e-10
2.4415 4.706077669801511e-10
2.4425 2.2462666184024627e-15
2.4435 8.656649711959068e-11
2.4445 7.450532484444228e-11
2.4455 1.6743213528449514e-15
2.4465 2.151469916280067e-10
2.4475 4.5396174737467545e-10
2.4485 6.715687157387711e-11
2.4495 1.0949579865172733e-15
2.4505 1.7762083986623204e-10
2.4515 8.730372136258234e-16
2.4525 9.048009998028225e-11
2.4535 2.7113253933330033e-11
2.4545 9.244502699215748e-11
2.4555 5.401318212607804e-16
2.4565 2.2055804393986123e-11
2.4575 1.0881999141844223e-11
2.4585 3.684985539564319e-16
2.4595 2.7347051582749015e-11
2.4605 8.804662522141549e-11
2.4615 1.8707738256110914e-11
2.4625 2.471320347936063e-11
2.4635 1.8775861968591912e-16
2.4645 5.5700228862287264e-11
2.4655 9.723618376935487e-12
2.4665 5.565228397811656e-12
2.4675 5.9710688566124306e-12
2.4685 1.8612925699088376e-11
2.4695 6.412636756976725e-12
2.4705 1.5958538688741205e-11
2.4715 4.2070257447443485e-12
2.4725 1.2129036946265783e-12
2.4735 3.727927608883662e-12
2.4745 4.755583096583287e-12
2.4755 3.414189507762898e-17
2.4765 4.741223490479084e-12
2.4775 1.0853577516833322e-12
2.4785 9.164057016964372e-13
2.4795 7.937146281256587e-13
2.4805 2.743177290861484e-12
2.4815 9.262056721776548e-13
2.4825 1.3601678120887463e-17
2.4835 7.389359433738275e-13
2.4845 7.460396000388227e-13
2.4855 3.770476754726997e-12
2.4865 8.606391387057634e-18
2.4875 4.429557169750902e-13
2.4885 1.0637785235397052e-12
2.4895 6.339797818160685e-18
2.4905 1.5102515710035679e-13
2.4915 7.278013250283664e-13
2.4925 2.87213793552453e-13
2.4935 1.43440118312062e-12
2.4945 3.090132206006509e-13
2.4955 4.639369385600968e-13
2.4965 2.0568551324241915e-13
2.4975 3.196394653762134e-18
2.4985 6.492802624188688e-13
2.4995 2.1892446332504332e-14
2.5005 3.234134455254765e-13
2.5015 2.3804828819185596e-18
2.5025 4.780632945888085e-13
2.5035 4.917253984664404e-13
2.5045 4.1668364792551725e-14
2.5055 9.868689554091203e-14
2.5065 2.501996496564256e-13
2.5075 6.21995402055993e-13
2.5085 1.471345509190001e-18
2.5095 8.392954977137144e-13
2.5105 1.2869244068352246e-18
2.5115 3.0894441674911515e-13
2.5125 3.5613239472918146e-14
2.5135 9.58212647675361e-14
2.5145 3.761597646886328e-14
2.5155 9.207975297347022e-19
2.5165 4.108639261620969e-13
2.5175 8.04234850116296e-19
2.5185 7.512022493955036e-19
2.5195 1.3614813298394561e-13
2.5205 6.5452467413045755e-19
2.5215 6.148300095406555e-14
2.5225 5.688093288925571e-19
2.5235 5.296478654635098e-19
2.5245 2.1563226716290108e-13
2.5255 1.3135643102217616e-13
2.5265 4.265817834805125e-19
2.5275 3.9632575279472913e-19
2.5285 2.1622754135715898e-14
2.5295 6.447805237607905e-14
2.5305 3.163740553006055e-19
2.5315 5.2821094794714166e-14
2.5325 5.11981494899071e-15
2.5335 1.3679518902232631e-13
2.5345 4.940211881328138e-14
2.5355 2.1383801656462715e-19
2.5365 1.9721618749367786e-19
2.5375 2.8128482393097392e-14
2.5385 1.0078717179949191e-14
2.5395 1.539031635900532e-19
2.5405 1.023874780710053e-14
2.5415 8.164566413136565e-15
2.5425 1.652903490206004e-14
2.5435 7.113286243870604e-15
2.5445 8.281219947704196e-15
2.5455 5.153540247896612e-15
2.5465 3.743339318566328e-14
2.5475 7.648760621507518e-20
2.5485 6.983047923789818e-20
2.5495 2.5381659558241657e-14
2.5505 7.567857021158575e-15
2.5515 7.725246756173472e-15
2.5525 4.815195203893194e-20
2.5535 4.3801188689419524e-20
2.5545 3.981692556346357e-20
2.5555 4.9173732446166285e-15
2.5565 4.5043835355493945e-15
2.5575 1.1556666970509763e-14
2.5585 8.003372631592929e-15
2.5595 2.4488134113575324e-20
2.5605 2.727315264513561e-16
2.5615 3.230207752387841e-15
2.5625 1.8173243242598255e-20
2.5635 1.1371816001620697e-15
2.5645 3.8729986934680154e-15
2.5655 9.30387467181567e-15
2.5665 1.2132409391005367e-20
2.5675 1.2227838424778393e-15
2.5685 3.8537379000485344e-15
2.5695 6.072197591513601e-16
2.5705 8.050294663013333e-21
2.5715 4.437387832874685e-15
2.5725 4.2594158154640205e-16
2.5735 1.1989227286837707e-15
2.5745 5.315171574087116e-21
2.5755 2.0635291514379633e-15
2.5765 6.331910684989474e-16
2.5775 3.8824068357331424e-21
2.5785 3.494779046238033e-21
2.5795 3.1739437415567414e-15
2.5805 2.829779019474748e-21
2.5815 2.648233703842828e-16
2.5825 2.2891724293822962e-21
2.5835 2.058183369751857e-21
2.5845 1.6562526205308197e-15
2.5855 1.661638945989991e-21
2.5865 5.08911415565221e-17
2.5875 1.1435227492376065e-16
2.5885 1.0431090593073916e-15
2.5895 1.0799680654845918e-21
2.5905 5.731471644297899e-16
2.5915 8.692272715450505e-22
2.5925 7.793973778300002e-22
2.5935 6.985778006509453e-22
2.5945 6.25518531264126e-22
2.5955 5.598557759434039e-22
2.5965 2.6542940677912063e-16
2.5975 4.867480308560259e-17
2.5985 4.0095809534332018e-22
2.5995 3.5836457134019173e-22
2.6005 2.4063019588612237e-16
