Wavelength_microns Throughput
0.5509000244140625 1.6764640696298158e-10
0.5519000244140625 5.52060682871559e-13
0.5529000244140625 7.21209177911302e-10
0.5539000244140625 1.0880740824844137e-10
0.5549000244140625 6.92238952467625e-11
0.5559000244140625 8.841619277030778e-10
0.5569000244140625 3.662203240421086e-10
0.5579000244140625 7.137961038803521e-10
0.5589000244140625 3.0387392188563497e-10
0.5599000244140625 7.963755790435795e-10
0.5609000244140625 1.0975216431351268e-09
0.5619000244140625 1.123855897977113e-09
0.5629000244140625 1.8672731864948146e-12
0.5639000244140625 1.9900162627244017e-12
0.5649000244140625 3.2850317351802285e-12
0.5659000244140625 3.2515531068649796e-10
0.5669000244140625 5.259418009793412e-10
0.5679000244140625 2.246896067390363e-12
0.5689000244140625 1.7374981856460082e-10
0.5699000244140625 6.483409112030132e-10
0.5709000244140625 2.379814669003785e-12
0.5719000244140625 6.041206632678484e-10
0.5729000244140625 4.99133565587385e-10
0.5739000244140625 3.122265063793654e-10
0.5749000244140625 8.50275918042044e-10
0.5759000244140625 4.664931159167317e-10
0.5769000244140625 4.241488848885068e-09
0.5779000244140625 2.939282764454617e-10
0.5789000244140625 8.647118504681151e-10
0.5799000244140625 4.445820498372103e-12
0.5809000244140625 4.403338616108649e-09
0.5819000244140625 1.815803232204448e-09
0.5829000244140625 1.4245830100660682e-09
0.5839000244140625 3.698821173808068e-09
0.5849000244140625 6.614563692104206e-09
0.5859000244140625 1.190050564533741e-09
0.5869000244140625 2.6897333276884667e-09
0.5879000244140625 6.481851981161661e-09
0.5889000244140625 8.471784237068962e-12
0.5899000244140625 2.0656021809040318e-10
0.5909000244140625 5.04556425529709e-09
0.5919000244140625 6.500788946416025e-10
0.5929000244140625 6.074438156748501e-09
0.5939000244140625 9.474942160517242e-12
0.5949000244140625 5.9024343633762e-09
0.5959000244140625 3.849380174658372e-09
0.5969000244140625 8.571009916048189e-10
0.5979000244140625 1.4223604124095609e-08
0.5989000244140625 1.01095512019672e-11
0.5999000244140625 4.588016378257056e-09
0.6009000244140625 9.96776116777758e-09
0.6019000244140625 7.025700829939742e-09
0.6029000244140625 5.995424234496237e-09
0.6039000244140625 1.584181974597026e-08
0.6049000244140625 2.5697665992251837e-09
0.6059000244140625 2.617650270809171e-09
0.6069000244140625 1.1651768769293587e-11
0.6079000244140625 3.6549485605415013e-09
0.6089000244140625 3.01657597285006e-09
0.6099000244140625 7.562106540615006e-09
0.6109000244140625 1.4394715910590133e-08
0.6119000244140625 1.2556498253412544e-11
0.6129000244140625 5.972124064014076e-09
0.6139000244140626 1.3079811968208521e-09
0.6149000244140626 3.3563093215940745e-09
0.6159000244140626 1.3210088660835103e-08
0.6169000244140626 1.3286904616813496e-11
0.6179000244140626 7.621274396921003e-09
0.6189000244140626 1.96235596054691e-09
0.6199000244140624 7.754473834170184e-10
0.6209000244140624 1.1355389658243198e-09
0.6219000244140624 3.189950554015036e-09
0.6229000244140624 1.3744815013077235e-08
0.6239000244140624 4.7270664685295e-09
0.6249000244140624 1.8885526272619813e-09
0.6259000244140625 3.2016836368666135e-09
0.6269000244140625 1.7903098597352178e-08
0.6279000244140625 3.327347312195257e-09
0.6289000244140625 8.359139613243577e-10
0.6299000244140625 1.543136725214817e-11
0.6309000244140625 1.69111540098213e-08
0.6319000244140625 4.022915860641911e-09
0.6329000244140625 9.72474083717602e-10
0.6339000244140625 1.6000894901126025e-11
0.6349000244140625 2.1909747901385302e-08
0.6359000244140625 8.681297559995822e-09
0.6369000244140625 1.506483542020885e-08
0.6379000244140625 1.977661409511719e-08
0.6389000244140625 4.771356522711469e-09
0.6399000244140625 4.47695505973405e-11
0.6409000244140625 1.6919269951536202e-11
0.6419000244140625 7.122715507637483e-09
0.6429000244140625 1.699825898882313e-08
0.6439000244140625 4.2356352502918246e-09
0.6449000244140625 2.011786996909656e-08
0.6459000244140625 2.2477004764118637e-08
0.6469000244140625 1.4161134844801914e-08
0.6479000244140625 2.3541967538818416e-08
0.6489000244140625 1.789197349195808e-11
0.6499000244140625 2.8651786534281026e-09
0.6509000244140625 2.2863818199937717e-08
0.6519000244140625 1.820173655785044e-11
0.6529000244140625 1.6667015420607668e-08
0.6539000244140625 1.8407320794927605e-11
0.6549000244140625 3.9396245560780234e-08
0.6559000244140625 2.901940384992699e-09
0.6569000244140625 4.383240325981253e-09
0.6579000244140625 7.675228788906723e-09
0.6589000244140625 2.6066964747352515e-08
0.6599000244140625 1.907711590750846e-11
0.6609000244140625 1.9151221919109618e-11
0.6619000244140625 3.137021702388958e-08
0.6629000244140625 1.9297366326343924e-11
0.6639000244140625 1.2257140532971163e-08
0.6649000244140625 7.938987540299776e-09
0.6659000244140625 2.9002206131701116e-09
0.6669000244140625 1.2235402659165448e-08
0.6679000244140625 2.898072550845849e-10
0.6689000244140625 1.9748882372026278e-11
0.6699000244140625 7.306340727689048e-10
0.6709000244140625 3.1025300092962053e-10
0.6719000244140625 3.9319460327938993e-10
0.6729000244140625 2.0044260891033937e-11
0.6739000244140625 1.2654370330783427e-08
0.6749000244140625 8.606814429030303e-09
0.6759000244140625 2.0976336243732043e-08
0.6769000244140625 4.1997113968882304e-11
0.6779000244140625 2.0358084300589997e-11
0.6789000244140625 2.7637357387411968e-08
0.6799000244140625 5.064287922793641e-09
0.6809000244140625 6.787195557734761e-09
0.6819000244140625 2.064674710389429e-11
0.6829000244140625 2.3323294021279947e-09
0.6839000244140625 2.991136282699242e-08
0.6849000244140625 2.0801490362710084e-11
0.6859000244140625 2.170604668248138e-08
0.6869000244140625 7.30314568553357e-09
0.6879000244140625 9.261354278327348e-09
0.6889000244140625 2.96322847731444e-08
0.6899000244140625 1.6077674543959386e-08
0.6909000244140625 3.0161381557800773e-09
0.6919000244140625 5.1431993528908755e-09
0.6929000244140625 1.7960947975733586e-08
0.6939000244140625 1.6167049899662966e-08
0.6949000244140625 1.216937169992238e-10
0.6959000244140625 1.9949611794018235e-08
0.6969000244140625 4.460010362058389e-09
0.6979000244140625 1.4783929067468918e-08
0.6989000244140625 3.8473424732648936e-08
0.6999000244140625 1.5152430786258228e-08
0.7009000244140625 6.488623463516966e-09
0.7019000244140625 4.614456797124287e-08
0.7029000244140625 2.2004046482879563e-11
0.7039000244140625 2.211102385025683e-11
0.7049000244140625 2.2165095122619485e-11
0.7059000244140625 3.399214872410197e-09
0.7069000244140625 1.248437172967828e-08
0.7079000244140625 6.6549645012611445e-09
0.7089000244140625 2.8638042630988447e-08
0.7099000244140625 3.183628433200702e-08
0.7109000244140625 2.707375782864821e-09
0.7119000244140625 4.547269438406182e-09
0.7129000244140625 7.403111819086637e-08
0.7139000244140625 2.2929087912019696e-11
0.7149000244140625 2.9378977187965417e-09
0.7159000244140625 3.670686805634122e-08
0.7169000244140625 2.1686697650906396e-08
0.7179000244140625 8.17761764772655e-09
0.7189000244140625 5.694163652578384e-09
0.7199000244140625 1.1348362083410264e-08
0.7209000244140625 6.861268102120365e-09
0.7219000244140625 5.208501709161461e-09
0.7229000244140625 6.976577748455903e-09
0.7239000244140625 2.3774268036633542e-11
0.7249000244140625 2.1956422725763298e-09
0.7259000244140625 2.3980824990234098e-11
0.7269000244140625 1.5558736111572462e-09
0.7279000244140625 2.4161530963790294e-11
0.7289000244140625 1.0445563986013793e-08
0.7299000244140625 1.0106832016413145e-08
0.7309000244140625 1.9179165915048547e-08
0.7319000244140625 2.451915133780926e-11
0.7329000244140625 2.46239145859553e-11
0.7339000244140625 2.4698110116863266e-11
0.7349000244140625 9.364282860209323e-09
0.7359000244140625 1.4903921053080197e-08
0.7369000244140625 3.1647162272037976e-09
0.7379000244140625 1.1711362515035322e-08
0.7389000244140626 6.585273228587953e-09
0.7399000244140626 3.64953872837407e-09
0.7409000244140626 5.858396420311503e-09
0.7419000244140626 7.079440987470415e-10
0.7429000244140626 3.7212502845403797e-09
0.7439000244140626 3.003573235178156e-09
0.7449000244140624 4.1731988778260366e-09
0.7459000244140624 2.573400430437259e-11
0.7469000244140624 1.264563036830367e-09
0.7479000244140624 5.280999716315659e-09
0.7489000244140624 6.3463648996495044e-09
0.7499000244140624 2.097886391484756e-09
0.7509000244140625 1.009424914577296e-08
0.7519000244140625 3.2705317156868364e-09
0.7529000244140625 2.625958199063359e-11
0.7539000244140625 4.433940798717735e-09
0.7549000244140625 2.6407891233123944e-11
0.7559000244140625 2.6465649005172957e-11
0.7569000244140625 2.652350552169915e-11
0.7579000244140625 2.6613812122908686e-11
0.7589000244140625 1.2670705820615978e-08
0.7599000244140625 8.184017545092601e-09
0.7609000244140625 4.250074003464389e-09
0.7619000244140625 2.678793765608377e-11
0.7629000244140625 2.687538536620717e-11
0.7639000244140625 6.505512231310142e-09
0.7649000244140625 7.67950907067223e-10
0.7659000244140625 2.705361610651527e-11
0.7669000244140625 2.7111203220495636e-11
0.7679000244140625 2.6462665645748385e-08
0.7689000244140625 3.6464570764247525e-08
0.7699000244140625 2.7248290161044108e-11
0.7709000244140625 2.7586578824173303e-08
0.7719000244140625 9.840812633340792e-09
0.7729000244140625 2.742700489640614e-11
0.7739000244140625 1.1168064844189279e-08
0.7749000244140625 3.333080859974468e-09
0.7759000244140625 2.7560135112145545e-11
0.7769000244140625 2.762111409911033e-11
0.7779000244140625 2.7649891838569692e-11
0.7789000244140625 2.7706551592261066e-11
0.7799000244140625 1.1812806719097507e-08
0.7809000244140625 3.073198861164152e-08
0.7819000244140625 1.0068137348945336e-08
0.7829000244140625 1.0203761969492368e-08
0.7839000244140625 6.849423120184018e-09
0.7849000244140625 1.587007116478339e-08
0.7859000244140625 3.096218423011746e-09
0.7869000244140625 1.188398510153428e-08
0.7879000244140625 1.409203533681918e-08
0.7889000244140625 2.0194250043907838e-08
0.7899000244140625 2.1339207491342465e-08
0.7909000244140625 7.005799739704103e-09
0.7919000244140625 4.495852238087557e-09
0.7929000244140625 7.227149502625678e-09
0.7939000244140625 2.1983666395344726e-08
0.7949000244140625 1.7586177158424355e-07
0.7959000244140625 2.348458499797288e-07
0.7969000244140625 2.450164629079978e-07
0.7979000244140625 2.524226785647193e-07
0.7989000244140625 2.3279273852918102e-07
0.7999000244140625 2.8510789553914534e-07
0.8009000244140625 2.2152492965385141e-07
0.8019000244140625 3.1582280434861905e-07
0.8029000244140625 3.247472746970298e-07
0.8039000244140625 3.4394821153367536e-07
0.8049000244140625 3.213666787586164e-07
0.8059000244140625 2.8780401001692976e-07
0.8069000244140625 3.0857830673382374e-07
0.8079000244140625 3.6556778102118525e-07
0.8089000244140625 2.773188502453742e-07
0.8099000244140625 2.443896017871335e-07
0.8109000244140625 3.1300431166852857e-07
0.8119000244140625 1.4413586918979498e-07
0.8129000244140625 1.3730067705015455e-07
0.8139000244140625 1.3408420664008501e-07
0.8149000244140625 1.120935060941537e-07
0.8159000244140625 9.561167648793321e-08
0.8169000244140625 8.09249049982086e-08
0.8179000244140625 8.991478376910706e-08
0.8189000244140625 4.6797193876483056e-08
0.8199000244140625 9.153937388365669e-08
0.8209000244140625 2.891804291825488e-08
0.8219000244140625 8.387061814196843e-08
0.8229000244140625 6.708691194202698e-08
0.8239000244140625 5.152950419937248e-08
0.8249000244140625 6.949164436231358e-08
0.8259000244140625 8.204960311177538e-08
0.8269000244140625 1.071967160654014e-07
0.8279000244140625 6.308895875052595e-08
0.8289000244140625 7.958793488258834e-08
0.8299000244140625 3.204800013397712e-08
0.8309000244140625 3.7299356473911e-08
0.8319000244140625 4.8515519480795175e-08
0.8329000244140625 2.0423738233255867e-08
0.8339000244140625 4.4856007055071396e-08
0.8349000244140625 6.297123965459035e-08
0.8359000244140625 6.835925909415038e-08
0.8369000244140625 5.8232445746163474e-08
0.8379000244140625 7.215708629597505e-08
0.8389000244140625 2.078231172167165e-08
0.8399000244140625 4.9484541839374054e-08
0.8409000244140625 6.824833551302419e-08
0.8419000244140625 1.0500520139088606e-07
0.8429000244140625 9.232001553575584e-08
0.8439000244140625 5.80092752425938e-08
0.8449000244140625 2.3301720634262995e-08
0.8459000244140625 1.6295137014642246e-07
0.8469000244140625 1.0376194365844464e-07
0.8479000244140625 9.220458840188689e-08
0.8489000244140625 8.248206759381781e-08
0.8499000244140625 1.424405295899799e-07
0.8509000244140625 6.239162543590181e-08
0.8519000244140625 2.045621238256122e-08
0.8529000244140625 9.553980421773269e-08
0.8539000244140625 3.311104544668268e-08
0.8549000244140625 1.9332329706044259e-07
0.8559000244140625 7.830657900624812e-08
0.8569000244140625 1.1682319626275412e-07
0.8579000244140625 1.4626876453623752e-07
0.8589000244140625 1.55390663600503e-07
0.8599000244140625 9.551466954971261e-08
0.8609000244140625 2.1539665974803373e-08
0.8619000244140625 1.9475294608774045e-07
0.8629000244140625 2.0270602912277556e-07
0.8639000244140626 6.548554232615889e-08
0.8649000244140626 1.029797487112355e-07
0.8659000244140626 3.306651447806974e-08
0.8669000244140626 9.824920152066089e-08
0.8679000244140626 1.2070099957542269e-08
0.8689000244140626 3.2283006643493194e-08
0.8699000244140624 1.0945193441590378e-07
0.8709000244140624 1.1983965998784333e-07
0.8719000244140624 6.532486416870005e-08
0.8729000244140624 1.1175100128532936e-07
0.8739000244140624 1.8546689588247478e-08
0.8749000244140624 1.9177656370516664e-07
0.8759000244140625 3.143212266641943e-11
0.8769000244140625 2.591990631619703e-07
0.8779000244140625 2.0546287342327126e-07
0.8789000244140625 8.858473484124363e-10
0.8799000244140625 1.9869640392874473e-07
0.8809000244140625 3.622533324948286e-07
0.8819000244140625 5.6986947958996064e-08
0.8829000244140625 2.683920655625194e-07
0.8839000244140625 1.1353507003925126e-06
0.8849000244140625 1.1579545060166653e-06
0.8859000244140625 7.044136142458193e-07
0.8869000244140625 1.0522219432396753e-06
0.8879000244140625 3.1740087265834585e-11
0.8889000244140625 4.4191970809857576e-07
0.8899000244140625 1.7850295338393787e-06
0.8909000244140625 3.1946879775136623e-11
0.8919000244140625 1.4509140689343427e-06
0.8929000244140625 8.179066204794471e-07
0.8939000244140625 1.645443627107015e-06
0.8949000244140625 1.3321746469658971e-07
0.8959000244140625 2.57397069968223e-07
0.8969000244140625 3.1484656333020485e-07
0.8979000244140625 2.3600862186755294e-07
0.8989000244140625 2.702878154691796e-07
0.8999000244140625 2.888373824070625e-07
0.9009000244140625 2.482512376445638e-07
0.9019000244140625 3.3124086497485853e-07
0.9029000244140625 2.9732058376412167e-07
0.9039000244140625 2.5360443412663353e-07
0.9049000244140625 2.448963640534608e-07
0.9059000244140625 2.117375308853282e-07
0.9069000244140625 2.145271282772745e-07
0.9079000244140625 2.229254241512054e-07
0.9089000244140625 2.6813754595665426e-07
0.9099000244140625 9.58526395749442e-08
0.9109000244140625 2.3420427063752856e-07
0.9119000244140625 2.553164895766151e-07
0.9129000244140625 1.4967478793975467e-07
0.9139000244140625 2.667639393139733e-07
0.9149000244140625 1.932419609911157e-07
0.9159000244140625 2.0702113783087193e-07
0.9169000244140625 1.5795420626811774e-07
0.9179000244140625 1.4510183777794424e-07
0.9189000244140625 2.2397725663852318e-07
0.9199000244140625 2.99089324010515e-07
0.9209000244140625 2.04441250939777e-07
0.9219000244140625 2.5113475172524494e-07
0.9229000244140625 3.4564539141936203e-07
0.9239000244140625 3.190008636226732e-07
0.9249000244140625 3.063464753553421e-07
0.9259000244140625 3.2964270475368557e-07
0.9269000244140625 2.4306853345261723e-07
0.9279000244140625 3.0150095668235293e-07
0.9289000244140625 3.508914262066298e-07
0.9299000244140625 3.765602976435171e-07
0.9309000244140625 3.240975478997351e-07
0.9319000244140625 4.024502944128889e-07
0.9329000244140625 3.8041633117003127e-07
0.9339000244140625 4.437275957235729e-07
0.9349000244140625 3.9819789167967944e-07
0.9359000244140625 4.420321685541838e-07
0.9369000244140625 4.4444762872858477e-07
0.9379000244140625 4.0130928041994413e-07
0.9389000244140625 4.044609852799771e-07
0.9399000244140625 4.38431836501354e-07
0.9409000244140625 4.5411774186828194e-07
0.9419000244140625 3.9490757794038125e-07
0.9429000244140625 3.7901944418520265e-07
0.9439000244140625 3.3821676770558294e-07
0.9449000244140625 4.3831610880669034e-07
0.9459000244140625 5.044770892152272e-07
0.9469000244140625 3.373731144518215e-07
0.9479000244140625 3.365486820295202e-07
0.9489000244140625 4.1822193343376247e-07
0.9499000244140625 3.7599980711971516e-07
0.9509000244140625 3.5852155608261286e-07
0.9519000244140625 4.786701397537672e-07
0.9529000244140625 3.730453296136264e-07
0.9539000244140625 4.0824044630258085e-07
0.9549000244140625 4.1452557790051693e-07
0.9559000244140625 3.403367755556644e-07
0.9569000244140625 3.3195365084066867e-07
0.9579000244140625 3.7052389810863824e-07
0.9589000244140625 3.9842054575484475e-07
0.9599000244140625 2.1911216939782352e-07
0.9609000244140625 2.8106238572788614e-07
0.9619000244140625 3.404858500636428e-07
0.9629000244140625 2.879533331524391e-07
0.9639000244140625 3.188449059864543e-07
0.9649000244140625 3.1339704519868155e-07
0.9659000244140625 3.0564945127536237e-07
0.9669000244140625 3.1482604733177653e-07
0.9679000244140625 2.7935015349048877e-07
0.9689000244140625 3.486967449550286e-07
0.9699000244140625 2.985009732673491e-07
0.9709000244140625 2.769778888453765e-07
0.9719000244140625 3.274135571755348e-07
0.9729000244140625 3.5920410009386923e-07
0.9739000244140625 3.2575695113281586e-07
0.9749000244140625 3.1152507340610524e-07
0.9759000244140625 3.943481837518587e-07
0.9769000244140625 3.791811565176715e-07
0.9779000244140625 3.7170269234895655e-07
0.9789000244140625 2.831770051231245e-07
0.9799000244140625 3.5087289122154133e-07
0.9809000244140625 3.1664001999050797e-07
0.9819000244140625 4.043418854409267e-07
0.9829000244140625 3.180307909679104e-07
0.9839000244140625 3.409083096837173e-07
0.9849000244140625 2.8252806981985707e-07
0.9859000244140625 2.7363643862441326e-07
0.9869000244140625 2.5468868844603984e-07
0.9879000244140625 3.5350690789123917e-07
0.9889000244140626 3.434228425499823e-07
0.9899000244140626 3.322665701519843e-07
0.9909000244140626 2.936988769652304e-07
0.9919000244140626 2.945511242511184e-07
0.9929000244140626 3.185107256934534e-07
0.9939000244140626 2.6685446709190783e-07
0.9949000244140624 2.655391746096438e-07
0.9959000244140624 2.838308174560158e-06
0.9969000244140624 2.8074706452661436e-06
0.9979000244140624 2.495198229905044e-06
0.9989000244140624 2.0056311733497854e-06
0.9999000244140624 2.463291255884156e-06
1.0009000244140625 2.392807271419138e-06
1.0019000244140626 2.4917007472630673e-06
1.0029000244140625 2.018331342033422e-06
1.0039000244140626 2.2293078600674273e-06
1.0049000244140625 2.3444444330075404e-06
1.0059000244140626 2.0055121161955643e-06
1.0069000244140625 2.2054361445813737e-06
1.0079000244140626 2.1660637252596943e-06
1.0089000244140625 2.523079470196278e-06
1.0099000244140626 1.6616006798317234e-06
1.0109000244140625 1.9974854273946434e-06
1.0119000244140626 2.378105672490771e-06
1.0129000244140625 2.3834739436057558e-06
1.0139000244140626 2.06860027713009e-06
1.0149000244140625 2.2619565563330657e-06
1.0159000244140626 2.151049042095248e-06
1.0169000244140625 1.9465489669899053e-06
1.0179000244140626 2.2206844682016914e-06
1.0189000244140625 2.2022726624287924e-06
1.0199000244140626 2.3314801898219494e-06
1.0209000244140625 2.0581717926539063e-06
1.0219000244140626 1.906369047654582e-06
1.0229000244140625 1.8898471279855174e-06
1.0239000244140626 1.9392223883739603e-06
1.0249000244140625 2.198021810222332e-06
1.0259000244140626 1.8492977091411185e-06
1.0269000244140625 1.6637343174346267e-06
1.0279000244140626 1.8206737641530988e-06
1.0289000244140625 2.6464295221825393e-06
1.0299000244140626 2.016407414248416e-06
1.0309000244140625 2.316805956108425e-06
1.0319000244140626 1.9072526883988253e-06
1.0329000244140625 1.7537598316425837e-06
1.0339000244140626 1.928933534115612e-06
1.0349000244140625 1.6308221349109676e-06
1.0359000244140626 1.9119122996358843e-06
1.0369000244140625 1.985398876740056e-06
1.0379000244140626 2.1131863165178495e-06
1.0389000244140625 2.0438528605379486e-06
1.0399000244140626 1.901531731527449e-06
1.0409000244140625 1.6291126691230772e-06
1.0419000244140626 1.7625655796037446e-06
1.0429000244140625 1.4959388385885151e-06
1.0439000244140626 1.8383384557475338e-06
1.0449000244140625 1.4809897150340685e-06
1.0459000244140626 1.7263349464781666e-06
1.0469000244140625 1.864407160293285e-06
1.0479000244140626 2.033027871619623e-06
1.0489000244140625 1.8947505510533787e-06
1.0499000244140626 1.6113101095486326e-06
1.0509000244140625 2.298771931079276e-06
1.0519000244140626 1.6337052744578202e-06
1.0529000244140625 1.8909988604224038e-06
1.0539000244140626 1.653407825603133e-06
1.0549000244140625 1.6901251071606182e-06
1.0559000244140626 1.4505376892501195e-06
1.0569000244140625 1.8070567638606268e-06
1.0579000244140624 1.5192406340573463e-06
1.0589000244140625 2.042217979645753e-06
1.0599000244140624 1.7834991139737989e-06
1.0609000244140625 1.5949905019556204e-06
1.0619000244140624 1.702262515068485e-06
1.0629000244140625 1.95563555895005e-06
1.0639000244140624 1.379190938027202e-06
1.0649000244140625 1.7957631678760056e-06
1.0659000244140624 1.6189491958355594e-06
1.0669000244140625 1.144924915187078e-06
1.0679000244140624 1.643458427133088e-06
1.0689000244140625 1.8684276773560464e-06
1.0699000244140624 1.4721902494975736e-06
1.0709000244140625 1.8439260054335356e-06
1.0719000244140624 1.5373988616105988e-06
1.0729000244140625 1.9705905468780814e-06
1.0739000244140624 1.7335700588176414e-06
1.0749000244140625 1.6605375132886456e-06
1.0759000244140624 1.9790170998687093e-06
1.0769000244140625 1.6062482495591556e-06
1.0779000244140624 1.5161382879041169e-06
1.0789000244140625 1.6523853461599101e-06
1.0799000244140624 1.1098991844839842e-06
1.0809000244140625 1.8244206933875598e-06
1.0819000244140624 1.64839475747508e-06
1.0829000244140625 1.6747059553601594e-06
1.0839000244140624 1.6898219906013373e-06
1.0849000244140625 1.9574593756170627e-06
1.0859000244140624 1.4787015454081713e-06
1.0869000244140625 1.8100863573316894e-06
1.0879000244140624 1.5850323361573307e-06
1.0889000244140625 1.9644065829601073e-06
1.0899000244140624 1.5739477045977557e-06
1.0909000244140625 1.6283433767205652e-06
1.0919000244140624 1.7904886766205275e-06
1.0929000244140625 1.6808555832008817e-06
1.0939000244140624 1.6907714823448706e-06
1.0949000244140625 1.8682066031639706e-06
1.0959000244140624 1.318962015146937e-06
1.0969000244140625 1.7921655249794713e-06
1.0979000244140624 1.345783175679227e-06
1.0989000244140625 1.9398879813115453e-06
1.0999000244140624 1.6915075585584024e-06
1.1009000244140625 1.3850668545510084e-06
1.1019000244140624 1.4894650039524596e-06
1.1029000244140625 1.8891361863458844e-06
1.1039000244140624 1.6600432529053285e-06
1.1049000244140625 1.5987998301523495e-06
1.1059000244140624 1.6240584260501389e-06
1.1069000244140625 1.7135908169516211e-06
1.1079000244140624 1.520583601196883e-06
1.1089000244140625 1.712409586327222e-06
1.1099000244140624 2.030034439011856e-06
1.1109000244140625 1.964605429181295e-06
1.1119000244140624 1.3669075385683136e-06
1.1129000244140625 1.419044543822256e-06
1.1139000244140624 1.5885754684378454e-06
1.1149000244140626 1.8781841638649072e-06
1.1159000244140624 1.9296079559104506e-06
1.1169000244140626 1.2318789062611345e-06
1.1179000244140624 1.593275809393979e-06
1.1189000244140626 1.977100185856406e-06
1.1199000244140624 1.35189441816654e-06
1.1209000244140626 1.3517868734606617e-06
1.1219000244140624 1.3780694052514348e-06
1.1229000244140626 1.6611913391552187e-06
1.1239000244140624 1.5329029596185897e-06
1.1249000244140626 1.4850619006820327e-06
1.1259000244140625 1.7138742742560368e-06
1.1269000244140626 1.4697804257260355e-06
1.1279000244140625 1.4787052526017103e-06
1.1289000244140626 1.646073275350748e-06
1.1299000244140625 1.8061220669729994e-06
1.1309000244140626 1.6724972317516804e-06
1.1319000244140625 1.6631645490882632e-06
1.1329000244140626 1.798070687287619e-06
1.1339000244140625 1.539682482670054e-06
1.1349000244140626 1.6692100027482601e-06
1.1359000244140625 1.521686508647463e-06
1.1369000244140626 1.4995256747052523e-06
1.1379000244140625 1.911655787197942e-06
1.1389000244140626 1.4848856818680049e-06
1.1399000244140625 1.3691648709403783e-06
1.1409000244140626 1.596351208493059e-06
1.1419000244140625 1.3532947960940459e-06
1.1429000244140626 1.6709134280856123e-06
1.1439000244140625 1.8104807582713732e-06
1.1449000244140626 1.5153287349670467e-06
1.1459000244140625 1.7017720400098457e-06
1.1469000244140626 1.5884329799453296e-06
1.1479000244140625 1.8242270143052232e-06
1.1489000244140626 1.8510560790188606e-06
1.1499000244140625 1.982394226295892e-06
1.1509000244140626 1.4733439250760669e-06
1.1519000244140625 1.3967864011828012e-06
1.1529000244140626 1.4711949481645248e-06
1.1539000244140625 1.9537510711702205e-06
1.1549000244140626 1.4676261391534622e-06
1.1559000244140625 1.9525652059030765e-06
1.1569000244140626 1.920980524657524e-06
1.1579000244140625 1.7238677736585294e-06
1.1589000244140626 1.890408950536587e-06
1.1599000244140625 1.3160645584864294e-06
1.1609000244140626 1.968941374567672e-06
1.1619000244140625 1.9059183087921195e-06
1.1629000244140626 1.106416061493212e-06
1.1639000244140625 1.711025748633291e-06
1.1649000244140626 2.033084612920258e-06
1.1659000244140625 1.8423230564604119e-06
1.1669000244140626 1.7356959524995435e-06
1.1679000244140625 1.7098828756811197e-06
1.1689000244140626 2.0045792828124603e-06
1.1699000244140625 1.5363480348011612e-06
1.1709000244140626 1.8686151126610963e-06
1.1719000244140625 1.610197758313223e-06
1.1729000244140626 1.5531775289066963e-06
1.1739000244140625 1.8516710657821233e-06
1.1749000244140626 1.838857382727036e-06
1.1759000244140625 1.6784473875265669e-06
1.1769000244140626 1.6375995808197716e-06
1.1779000244140625 1.6640225310939916e-06
1.1789000244140626 1.6480286448835139e-06
1.1799000244140625 1.874798360559213e-06
1.1809000244140626 1.6789191916215502e-06
1.1819000244140625 1.852599561857406e-06
1.1829000244140624 1.6374557667873536e-06
1.1839000244140625 1.4044066872669406e-06
1.1849000244140624 1.909049551197899e-06
1.1859000244140625 1.3055010534743047e-06
1.1869000244140624 1.817725857505873e-06
1.1879000244140625 1.696231873719406e-06
1.1889000244140624 1.894892280496478e-06
1.1899000244140625 1.7642057192954627e-06
1.1909000244140624 1.5342551404117819e-06
1.1919000244140625 1.9163606997075163e-06
1.1929000244140624 2.3925652956960677e-06
1.1939000244140625 1.721354755477668e-06
1.1949000244140624 1.857695999399765e-06
1.1959000244140625 1.7073645560392629e-06
1.1969000244140624 1.941062357376071e-06
1.1979000244140625 1.970169660734228e-06
1.1989000244140624 2.1035104538902354e-06
1.1999000244140625 1.8330610989259489e-06
1.2009000244140624 1.8993330424898103e-06
1.2019000244140625 1.4689076004483384e-06
1.2029000244140624 1.9579019036775405e-06
1.2039000244140625 2.181272098491524e-06
1.2049000244140624 1.6331375978581843e-06
1.2059000244140625 1.416084280426464e-06
1.2069000244140624 1.9576943455987325e-06
1.2079000244140625 1.6486652182742646e-06
1.2089000244140624 1.84036297261725e-06
1.2099000244140625 1.7419814801524373e-06
1.2109000244140624 1.8254573339475995e-06
1.2119000244140625 1.935508154460448e-06
1.2129000244140624 1.320496178258179e-06
1.2139000244140625 1.7486705863338884e-06
1.2149000244140624 1.7189322861760348e-06
1.2159000244140625 1.3696071266174777e-06
1.2169000244140624 1.4128395168798443e-06
1.2179000244140625 2.1578651938779653e-06
1.2189000244140624 1.7942991067164777e-06
1.2199000244140625 1.7543026030930462e-06
1.2209000244140624 1.7926367527367377e-06
1.2219000244140625 1.7178459574765058e-06
1.2229000244140624 1.816546816891048e-06
1.2239000244140625 1.5232280194872461e-06
1.2249000244140624 2.076269761689269e-06
1.2259000244140625 2.073285062868733e-06
1.2269000244140624 2.0349841988289963e-06
1.2279000244140625 1.7047697664547523e-06
1.2289000244140624 2.0832075004984585e-06
1.2299000244140625 1.8070840492158738e-06
1.2309000244140624 1.8444486034134034e-06
1.2319000244140625 1.8148644327525125e-06
1.2329000244140624 1.5667226800195693e-06
1.2339000244140625 1.8978417668718745e-06
1.2349000244140624 1.9050246636884717e-06
1.2359000244140625 2.051072940586032e-06
1.2369000244140624 1.7485725666744285e-06
1.2379000244140625 1.8672816242543478e-06
1.2389000244140624 1.769459783206018e-06
1.2399000244140626 1.982804797316623e-06
1.2409000244140624 1.9537141354725484e-06
1.2419000244140626 1.8081804581629979e-06
1.2429000244140624 2.141578641995418e-06
1.2439000244140626 1.7651440279528405e-06
1.2449000244140624 2.0450154487004908e-06
1.2459000244140626 1.632201859464113e-06
1.2469000244140624 1.8823446765907117e-06
1.2479000244140626 2.273382199158532e-06
1.2489000244140624 2.153356290165742e-06
1.2499000244140626 2.0946474330796463e-06
1.2509000244140625 1.5098896616432527e-06
1.2519000244140626 2.2148753577463762e-06
1.2529000244140625 1.70400443517464e-06
1.2539000244140626 2.0057861748860743e-06
1.2549000244140625 2.073442422304497e-06
1.2559000244140626 1.9475060683242624e-06
1.2569000244140625 1.8417952831364579e-06
1.2579000244140626 1.7547693414818745e-06
1.2589000244140625 1.9739517541059102e-06
1.2599000244140626 1.9353181841090223e-06
1.2609000244140625 1.4678218720065625e-06
1.2619000244140626 1.8465082869442018e-06
1.2629000244140625 1.9306116500962254e-06
1.2639000244140626 2.44517774124424e-06
1.2649000244140625 2.1549230950013734e-06
1.2659000244140626 1.7185236120841504e-06
1.2669000244140625 1.927657161885082e-06
1.2679000244140626 2.034392901185554e-06
1.2689000244140625 1.8557975126920087e-06
1.2699000244140626 2.0386651810709312e-06
1.2709000244140625 1.8579163415289834e-06
1.2719000244140626 2.157169000032298e-06
1.2729000244140625 1.7643369409189485e-06
1.2739000244140626 2.3540031596307668e-06
1.2749000244140625 1.5451473980788753e-06
1.2759000244140626 1.4168134599276274e-06
1.2769000244140625 1.9895548486680143e-06
1.2779000244140626 2.0113097967592775e-06
1.2789000244140625 1.7727671869707768e-06
1.2799000244140626 1.7770198431816644e-06
1.2809000244140625 2.1252685222428593e-06
1.2819000244140626 2.0146749705646372e-06
1.2829000244140625 2.0259817248200955e-06
1.2839000244140626 1.7592732830039163e-06
1.2849000244140625 1.7271209538999522e-06
1.2859000244140626 2.068906730709196e-06
1.2869000244140625 2.0158892435076663e-06
1.2879000244140626 2.0487884729378153e-06
1.2889000244140625 2.098400568929506e-06
1.2899000244140626 2.2456571105994325e-06
1.2909000244140625 2.0491875209820503e-06
1.2919000244140626 2.381843338626952e-06
1.2929000244140625 2.0508214773449383e-06
1.2939000244140626 2.181432623138727e-06
1.2949000244140625 2.1668481339940255e-06
1.2959000244140626 1.7257900103005252e-06
1.2969000244140625 1.9369796694815243e-06
1.2979000244140626 2.1723165912619696e-06
1.2989000244140625 1.9548106430341287e-06
1.2999000244140626 1.8234391348237949e-06
1.3009000244140625 2.0569773853963762e-06
1.3019000244140626 1.992704416290609e-06
1.3029000244140625 2.1030022198380206e-06
1.3039000244140626 2.18903602860883e-06
1.3049000244140625 1.9238398879411693e-06
1.3059000244140626 1.9964496623579998e-06
1.3069000244140625 2.010899915848721e-06
1.3079000244140624 1.755333030703755e-06
1.3089000244140625 1.7832629410230597e-06
1.3099000244140624 1.8314922175363156e-06
1.3109000244140625 2.253820677544355e-06
1.3119000244140624 2.0660762064999852e-06
1.3129000244140625 2.1496791742570063e-06
1.3139000244140624 2.591513567401037e-06
1.3149000244140625 1.9456100675731625e-06
1.3159000244140624 2.057681546232603e-06
1.3169000244140625 1.8969924096468127e-06
1.3179000244140624 1.9735970263758286e-06
1.3189000244140625 2.1771743951159483e-06
1.3199000244140624 1.7663430444589176e-06
1.3209000244140625 2.136684668467437e-06
1.3219000244140624 2.0158577173634287e-06
1.3229000244140625 2.1918839061422634e-06
1.3239000244140624 2.0254562518550227e-06
1.3249000244140625 1.490415707946042e-06
1.3259000244140624 1.7573942470515262e-06
1.3269000244140625 1.9459914924905042e-06
1.3279000244140624 1.8568426033772443e-06
1.3289000244140625 2.0704865086143637e-06
1.3299000244140624 2.2036093418253822e-06
1.3309000244140625 2.175532069326142e-06
1.3319000244140624 2.1293139253095174e-06
1.3329000244140625 1.5606999902943381e-06
1.3339000244140624 2.0735849428438686e-06
1.3349000244140625 1.8637792445328277e-06
1.3359000244140624 1.8134610835765508e-06
1.3369000244140625 2.49763642967454e-06
1.3379000244140624 1.7612427492806546e-06
1.3389000244140625 2.2362599704273916e-06
1.3399000244140624 1.841494296755857e-06
1.3409000244140625 2.0463831460016954e-06
1.3419000244140624 1.8893268640640909e-06
1.3429000244140625 2.3363888743380143e-06
1.3439000244140624 2.6171804362193225e-06
1.3449000244140625 1.7196373989667273e-06
1.3459000244140624 2.0208014333136485e-06
1.3469000244140625 2.307577286079683e-06
1.3479000244140624 2.1730379612499524e-06
1.3489000244140625 2.68371314008533e-06
1.3499000244140624 2.6685504923014854e-06
1.3509000244140625 2.3826687042343343e-06
1.3519000244140624 1.8510986561327323e-06
1.3529000244140625 2.761861254635123e-06
1.3539000244140624 2.6366569980182495e-06
1.3549000244140625 1.8619632974683318e-06
1.3559000244140624 2.4236720983681527e-06
1.3569000244140625 2.5314518747264997e-06
1.3579000244140624 1.808785743125609e-06
1.3589000244140625 2.323912943256262e-06
1.3599000244140624 3.1152425488688784e-06
1.3609000244140625 2.3839030952120416e-06
1.3619000244140624 1.7562066138393071e-06
1.3629000244140625 2.29963260993845e-06
1.3639000244140624 2.092401165266783e-06
1.3649000244140626 2.1320737128355e-06
1.3659000244140624 2.6730715534173915e-06
1.3669000244140626 2.398595450321884e-06
1.3679000244140624 2.137626915051086e-06
1.3689000244140626 2.1977893390401205e-06
1.3699000244140624 2.385456229238262e-06
1.3709000244140626 2.456209666291549e-06
1.3719000244140624 2.2148831944533244e-06
1.3729000244140626 2.4702396927394374e-06
1.3739000244140624 2.6556243760371762e-06
1.3749000244140626 2.449741761825224e-06
1.3759000244140625 2.342399815456514e-06
1.3769000244140626 2.6931045021225887e-06
1.3779000244140625 2.603655353118744e-06
1.3789000244140626 2.6259390239930444e-06
1.3799000244140625 2.650441654411629e-06
1.3809000244140626 2.1982340231459114e-06
1.3819000244140625 2.600052856990128e-06
1.3829000244140626 2.725120488777966e-06
1.3839000244140625 2.385930529887775e-06
1.3849000244140626 2.274357365440307e-06
1.3859000244140625 2.495340117646518e-06
1.3869000244140626 2.4181500576380284e-06
1.3879000244140625 2.3173553646615597e-06
1.3889000244140626 2.4479679189885065e-06
1.3899000244140625 2.4134720030711313e-06
1.3909000244140626 1.922787546929952e-06
1.3919000244140625 2.3144336566811643e-06
1.3929000244140626 1.8564977802094813e-06
1.3939000244140625 2.2725634426015956e-06
1.3949000244140626 2.221406053883575e-06
1.3959000244140625 2.0574689690140686e-06
1.3969000244140626 2.5218679526558256e-06
1.3979000244140625 2.234183497263412e-06
1.3989000244140626 2.185576322449021e-06
1.3999000244140625 2.0265535243249843e-06
1.4009000244140626 2.25211734248139e-06
1.4019000244140625 2.4936331452535686e-06
1.4029000244140626 2.1755556145160283e-06
1.4039000244140625 2.555702469918853e-06
1.4049000244140626 2.6515600556865975e-06
1.4059000244140625 1.7556278226119573e-06
1.4069000244140626 2.199700332543234e-06
1.4079000244140625 2.0340312614048383e-06
1.4089000244140626 2.235736950408167e-06
1.4099000244140625 2.594476294454172e-06
1.4109000244140626 2.0165689104570653e-06
1.4119000244140625 1.921341294014056e-06
1.4129000244140626 2.4644873356098355e-06
1.4139000244140625 2.454006738981108e-06
1.4149000244140626 2.27491407861663e-06
1.4159000244140625 2.4570054242987546e-06
1.4169000244140626 2.2151625910757823e-06
1.4179000244140625 2.82917149860579e-06
1.4189000244140626 2.496605933847721e-06
1.4199000244140625 2.58334311824281e-06
1.4209000244140626 1.9237719742607242e-06
1.4219000244140625 1.985891037255934e-06
1.4229000244140626 2.1493590834046933e-06
1.4239000244140625 2.6058180788284383e-06
1.4249000244140626 2.819407784411813e-06
1.4259000244140625 2.1110166740616648e-06
1.4269000244140626 2.1078325505698267e-06
1.4279000244140625 2.3465597485067597e-06
1.4289000244140626 2.1768870514772323e-06
1.4299000244140625 2.2417102944627777e-06
1.4309000244140626 1.871881780150572e-06
1.4319000244140625 2.1754705149231305e-06
1.4329000244140624 2.3701645134977662e-06
1.4339000244140625 2.754139198976284e-06
1.4349000244140624 2.40941952577256e-06
1.4359000244140625 1.9673908362039115e-06
1.4369000244140624 2.1830336862318957e-06
1.4379000244140625 2.808126047193337e-06
1.4389000244140624 2.1463185980130862e-06
1.4399000244140625 2.125076147060724e-06
1.4409000244140624 2.596447603440698e-06
1.4419000244140625 1.8091678224397737e-06
1.4429000244140624 2.7056925953324885e-06
1.4439000244140625 2.259019899625386e-06
1.4449000244140624 2.312323201858953e-06
1.4459000244140625 2.5503233751848227e-06
1.4469000244140624 1.9379704176164342e-06
1.4479000244140625 1.98556415425717e-06
1.4489000244140624 2.206608583230212e-06
1.4499000244140625 2.4644269339125266e-06
1.4509000244140624 2.5112858829233182e-06
1.4519000244140625 2.6919642809425078e-06
1.4529000244140624 2.3570552588755178e-06
1.4539000244140625 2.290027349122481e-06
1.4549000244140624 2.224151058797194e-06
1.4559000244140625 2.2937871988364233e-06
1.4569000244140624 1.9916673277947266e-06
1.4579000244140625 2.3304475676676217e-06
1.4589000244140624 2.577603075605147e-06
1.4599000244140625 2.329162950753344e-06
1.4609000244140624 2.7160229935048827e-06
1.4619000244140625 2.363653794493249e-06
1.4629000244140624 2.3480157624727283e-06
1.4639000244140625 2.0980386078126727e-06
1.4649000244140624 1.8672621831656488e-06
1.4659000244140625 2.2676100105854715e-06
1.4669000244140624 2.65637478723562e-06
1.4679000244140625 2.741762397945452e-06
1.4689000244140624 2.5863693953023717e-06
1.4699000244140625 3.076681982350109e-06
1.4709000244140624 2.6779922159805934e-06
1.4719000244140625 3.043873756530238e-06
1.4729000244140624 2.8859969638680136e-06
1.4739000244140625 2.9600769558356427e-06
1.4749000244140624 2.4908234234964417e-06
1.4759000244140625 2.94959558029812e-06
1.4769000244140624 2.387836804411548e-06
1.4779000244140625 2.5435920132480344e-06
1.4789000244140624 2.633214953773915e-06
1.4799000244140625 2.58231156352302e-06
1.4809000244140624 2.253798486640823e-06
1.4819000244140625 2.0932833324167275e-06
1.4829000244140624 2.2111477676484e-06
1.4839000244140625 2.598975101164303e-06
1.4849000244140624 2.356579700858504e-06
1.4859000244140625 3.054380958431075e-06
1.4869000244140624 2.0960068433642727e-06
1.4879000244140625 2.146179667967165e-06
1.4889000244140624 2.6911799188675565e-06
1.4899000244140626 2.8192005501356906e-06
1.4909000244140624 2.17550178878072e-06
1.4919000244140626 2.246214800492513e-06
1.4929000244140624 2.749859554912141e-06
1.4939000244140626 2.601684206683615e-06
1.4949000244140624 2.588710194775888e-06
1.4959000244140626 2.8803535702046126e-06
1.4969000244140624 2.5958063244158985e-06
1.4979000244140626 2.84611223249928e-06
1.4989000244140624 2.6961420267022798e-06
1.4999000244140626 2.90321754323268e-06
1.5009000244140625 2.9718113515105333e-06
1.5019000244140626 2.8133937404039434e-06
1.5029000244140625 2.726124300715095e-06
1.5039000244140626 2.3172577069215735e-06
1.5049000244140625 2.2218071619087055e-06
1.5059000244140626 2.875474190944756e-06
1.5069000244140625 2.677188742997528e-06
1.5079000244140626 2.5910781791871877e-06
1.5089000244140625 3.1461635534562415e-06
1.5099000244140626 2.3558252433360723e-06
1.5109000244140625 2.2422267415194216e-06
1.5119000244140626 2.694623406630525e-06
1.5129000244140625 2.557945866570477e-06
1.5139000244140626 3.3600905501717826e-06
1.5149000244140625 2.7462192761812317e-06
1.5159000244140626 3.14350213513686e-06
1.5169000244140625 3.2049321315174374e-06
1.5179000244140626 2.7403986608950913e-06
1.5189000244140625 2.917391073995209e-06
1.5199000244140626 2.5364947077500796e-06
1.5209000244140625 2.731126324932097e-06
1.5219000244140626 2.7887336153190076e-06
1.5229000244140625 3.1573473953838227e-06
1.5239000244140626 3.2197758200670567e-06
1.5249000244140625 3.802147061918339e-06
1.5259000244140626 2.914625000473372e-06
1.5269000244140625 3.2350591639824044e-06
1.5279000244140626 3.003906267150521e-06
1.5289000244140625 2.9906937919735835e-06
1.5299000244140626 2.11461293765964e-06
1.5309000244140625 3.002557942224095e-06
1.5319000244140626 2.830134212276561e-06
1.5329000244140625 2.757851130673749e-06
1.5339000244140626 2.819863792988213e-06
1.5349000244140625 2.8121851120840754e-06
1.5359000244140626 2.144610145379881e-06
1.5369000244140625 2.937387615041325e-06
1.5379000244140626 2.7278058546783144e-06
1.5389000244140625 3.038939475680404e-06
1.5399000244140626 2.9764986963062072e-06
1.5409000244140625 2.755694243264221e-06
1.5419000244140626 3.083592993934891e-06
1.5429000244140625 3.3839895281310867e-06
1.5439000244140626 3.1415259430335265e-06
1.5449000244140625 2.8672410202008273e-06
1.5459000244140626 2.0751157067201794e-06
1.5469000244140625 3.4847236440118018e-06
1.5479000244140626 3.535282979547816e-06
1.5489000244140625 3.11645919116833e-06
1.5499000244140626 2.907528596821784e-06
1.5509000244140625 3.1976989042870935e-06
1.5519000244140626 2.8674383025162463e-06
1.5529000244140625 3.824052579102056e-06
1.5539000244140626 3.168312121623885e-06
1.5549000244140625 3.07664580953647e-06
1.5559000244140626 3.3893953054130966e-06
1.5569000244140625 3.60010374209633e-06
1.5579000244140624 3.581228966510687e-06
1.5589000244140625 3.1442913142340286e-06
1.5599000244140624 3.4403140711664714e-06
1.5609000244140625 2.8896833237624307e-06
1.5619000244140624 3.1870382886689156e-06
1.5629000244140625 3.5548595332642867e-06
1.5639000244140624 2.218441004563604e-06
1.5649000244140625 3.441873426398055e-06
1.5659000244140624 2.6150642672957473e-06
1.5669000244140625 2.8352608568323565e-06
1.5679000244140624 2.7958608928517164e-06
1.5689000244140625 3.8102016516117167e-06
1.5699000244140624 3.2434751287161015e-06
1.5709000244140625 3.3040649756296275e-06
1.5719000244140624 2.777667647233674e-06
1.5729000244140625 3.183691837325884e-06
1.5739000244140624 3.2404584725707336e-06
1.5749000244140625 2.4645755864018822e-06
1.5759000244140624 3.6640519481760236e-06
1.5769000244140625 3.558003774609848e-06
1.5779000244140624 3.41602092270551e-06
1.5789000244140625 2.6769199531266827e-06
1.5799000244140624 2.9154699594585797e-06
1.5809000244140625 4.085015456513694e-06
1.5819000244140624 3.626337947164302e-06
1.5829000244140625 2.6391762112628554e-06
1.5839000244140624 3.6008134469118015e-06
1.5849000244140625 2.6164022470942047e-06
1.5859000244140624 3.5797620118200697e-06
1.5869000244140625 2.888105365696787e-06
1.5879000244140624 3.5011529517798143e-06
1.5889000244140625 3.997978903276905e-06
1.5899000244140624 3.1440414018400958e-06
1.5909000244140625 2.3088437241666093e-06
1.5919000244140624 4.078809175659013e-06
1.5929000244140625 2.914179793326381e-06
1.5939000244140624 3.426877021432913e-06
1.5949000244140625 4.15691877523981e-06
1.5959000244140624 3.7095689858697356e-06
1.5969000244140625 2.8487995389246245e-06
1.5979000244140624 2.8685169541366506e-06
1.5989000244140625 2.7313038322551983e-06
1.5999000244140624 3.1989388970366655e-06
1.6009000244140625 4.1852481718396965e-06
1.6019000244140624 3.5065285704030927e-06
1.6029000244140625 3.945478299871122e-06
1.6039000244140624 3.2641936525556043e-06
1.6049000244140625 3.7178897203650517e-06
1.6059000244140624 3.2859558430472293e-06
1.6069000244140625 3.0153098216160887e-06
1.6079000244140624 3.620504616644786e-06
1.6089000244140625 3.833124904304329e-06
1.6099000244140624 3.881471577346026e-06
1.6109000244140625 3.5758495524363896e-06
1.6119000244140624 3.564317769150887e-06
1.6129000244140625 3.6484101861187472e-06
1.6139000244140624 3.465599314409937e-06
1.6149000244140626 3.476244456241688e-06
1.6159000244140624 4.3227556549760596e-06
1.6169000244140626 3.5420928286665194e-06
1.6179000244140624 4.447789108844631e-06
1.6189000244140626 3.5849031240960066e-06
1.6199000244140624 4.19956508477539e-06
1.6209000244140626 4.071670354932825e-06
1.6219000244140624 3.6508202215961518e-06
1.6229000244140626 3.829255458659329e-06
1.6239000244140624 3.4006934137870355e-06
1.6249000244140626 4.533792801074902e-06
1.6259000244140625 4.110066639993702e-06
1.6269000244140626 5.0561760789764696e-06
1.6279000244140625 3.468112191689541e-06
1.6289000244140626 3.596987354820674e-06
1.6299000244140625 3.6513442667431197e-06
1.6309000244140626 3.7601531632438795e-06
1.6319000244140625 4.283907066620988e-06
1.6329000244140626 3.6436229252186224e-06
1.6339000244140625 3.6122163871336992e-06
1.6349000244140626 4.079319269795978e-06
1.6359000244140625 4.096194637735778e-06
1.6369000244140626 4.227177367243602e-06
1.6379000244140625 4.828580706487649e-06
1.6389000244140626 4.10946276839733e-06
1.6399000244140625 5.167863553795398e-06
1.6409000244140626 5.487327278358717e-06
1.6419000244140625 5.437978833043966e-06
1.6429000244140626 5.382146504480966e-06
1.6439000244140625 5.0849270399001145e-06
1.6449000244140626 4.831693295215575e-06
1.6459000244140625 4.539170270805449e-06
1.6469000244140626 5.472123419780018e-06
1.6479000244140625 6.643476661402309e-06
1.6489000244140626 5.292931972033089e-06
1.6499000244140625 6.480457379287346e-06
1.6509000244140626 6.784688009981826e-06
1.6519000244140625 7.043848084862731e-06
1.6529000244140626 6.695568704797835e-06
1.6539000244140625 6.139197573552905e-06
1.6549000244140626 8.238252164410476e-06
1.6559000244140625 7.888780621627492e-06
1.6569000244140626 8.707759053831183e-06
1.6579000244140625 8.340752246688937e-06
1.6589000244140626 9.661051763884633e-06
1.6599000244140625 1.0311430548321113e-05
1.6609000244140626 1.015745436499351e-05
1.6619000244140625 1.1621959804122288e-05
1.6629000244140626 1.1942495091323056e-05
1.6639000244140625 1.3369430081328104e-05
1.6649000244140626 1.421216530917876e-05
1.6659000244140625 1.5170826378525136e-05
1.6669000244140626 1.640643015592674e-05
1.6679000244140625 1.64833970747787e-05
1.6689000244140626 1.803112527441999e-05
1.6699000244140625 2.007098711497868e-05
1.6709000244140626 2.1595376443550898e-05
1.6719000244140625 2.4190015816657358e-05
1.6729000244140626 2.6440768272590996e-05
1.6739000244140625 2.7164052039267514e-05
1.6749000244140626 2.99514783515783e-05
1.6759000244140625 3.287570962114828e-05
1.6769000244140626 3.544691444805454e-05
1.6779000244140625 3.760179617887104e-05
1.6789000244140626 4.080400902810507e-05
1.6799000244140625 4.3880975303792426e-05
1.6809000244140626 4.675352161941013e-05
1.6819000244140625 5.028290829721151e-05
1.6829000244140624 5.53078093807714e-05
1.6839000244140625 5.865217003451157e-05
1.6849000244140624 6.287545329988642e-05
1.6859000244140625 6.856320028019424e-05
1.6869000244140624 7.545190337614085e-05
1.6879000244140625 7.997479672727784e-05
1.6889000244140624 8.74887683321111e-05
1.6899000244140625 9.539551887428537e-05
1.6909000244140624 0.00010427771187406392
1.6919000244140625 0.00011405574447259038
1.6929000244140624 0.00012481560814766107
1.6939000244140625 0.00013716386871080673
1.6949000244140624 0.00015252394664822802
1.6959000244140625 0.00016669719986395334
1.6969000244140624 0.0001878858498346775
1.6979000244140625 0.00020954395820342722
1.6989000244140624 0.00023239213018370875
1.6999000244140625 0.0002638799735865513
1.7009000244140624 0.0002951051661387937
1.7019000244140625 0.00033154430488181345
1.7029000244140624 0.00037502759399974154
1.7039000244140625 0.00042509007165663374
1.7049000244140624 0.00048126494647156336
1.7059000244140625 0.0005441426773768235
1.7069000244140624 0.000618315871673397
1.7079000244140625 0.000703505684393744
1.7089000244140624 0.0007951945591912732
1.7099000244140625 0.0009068204685343387
1.7109000244140624 0.0010329544831929956
1.7119000244140625 0.0011672100653700212
1.7129000244140624 0.0013219352231551172
1.7139000244140625 0.001506906930522191
1.7149000244140624 0.0017004793291790952
1.7159000244140625 0.0019374152871105617
1.7169000244140624 0.0022188206768475
1.7179000244140625 0.002512584922543452
1.7189000244140624 0.0028550944875232976
1.7199000244140625 0.0032582237035221925
1.7209000244140624 0.003712288805999689
1.7219000244140625 0.004254117610386976
1.7229000244140624 0.0049106289199640635
1.7239000244140625 0.005654946418889159
1.7249000244140624 0.006516388276579352
1.7259000244140625 0.007527649923209911
1.7269000244140624 0.008800386309510605
1.7279000244140625 0.010222435681242963
1.7289000244140624 0.012021733205085445
1.7299000244140625 0.014190971629064016
1.7309000244140624 0.016559763749649813
1.7319000244140625 0.01944193036865909
1.7329000244140624 0.022849575249635875
1.7339000244140625 0.02664287083383568
1.7349000244140624 0.03077228247014171
1.7359000244140625 0.035530183670448606
1.7369000244140624 0.04015044741594952
1.7379000244140625 0.04511330211127721
1.7389000244140624 0.050332064933270186
1.7399000244140626 0.05549852938506991
1.7409000244140624 0.06104713012273169
1.7419000244140626 0.06760681733967756
1.7429000244140624 0.07506555829070939
1.7439000244140626 0.08345563203703683
1.7449000244140624 0.09322855206078366
1.7459000244140626 0.10461580058516058
1.7469000244140624 0.11724416093649509
1.7479000244140626 0.1324856211059023
1.7489000244140624 0.14940739170272332
1.7499000244140626 0.1666735711078838
1.7509000244140625 0.18631808903077388
1.7519000244140626 0.20636013658351657
1.7529000244140625 0.2266414259441051
1.7539000244140626 0.2476178087756192
1.7549000244140625 0.2685790587609389
1.7559000244140626 0.287097122286596
1.7569000244140625 0.30503572138220647
1.7579000244140626 0.3217058945566775
1.7589000244140625 0.33653185215949655
1.7599000244140626 0.35007091754421055
1.7609000244140625 0.36377548319791264
1.7619000244140626 0.37508765582078807
1.7629000244140625 0.3862100182632002
1.7639000244140626 0.3962638117656692
1.7649000244140625 0.4058583743897894
1.7659000244140626 0.41594560928806407
1.7669000244140625 0.4251124653523783
1.7679000244140626 0.43371051468629507
1.7689000244140625 0.44063738009348036
1.7699000244140626 0.44661517539336715
1.7709000244140625 0.4524226907516254
1.7719000244140626 0.4570193889357063
1.7729000244140625 0.46163907639985685
1.7739000244140626 0.4631594613671983
1.7749000244140625 0.4661013973074692
1.7759000244140626 0.4664669271976633
1.7769000244140625 0.4680601930888762
1.7779000244140626 0.468897070028622
1.7789000244140625 0.4684392102474881
1.7799000244140626 0.46930754259573215
1.7809000244140625 0.46825786202886904
1.7819000244140626 0.46793851855232615
1.7829000244140625 0.468292388479798
1.7839000244140626 0.4683506367560483
1.7849000244140625 0.468606201109549
1.7859000244140626 0.4692379024189784
1.7869000244140625 0.4692595840985365
1.7879000244140626 0.46903181224577595
1.7889000244140625 0.46960752419315444
1.7899000244140626 0.46945870129913153
1.7909000244140625 0.4693905927342832
1.7919000244140626 0.4700286300169705
1.7929000244140625 0.468299446950243
1.7939000244140626 0.4679111349239511
1.7949000244140625 0.46645407429748725
1.7959000244140626 0.4649835513213344
1.7969000244140625 0.4647706495547263
1.7979000244140626 0.46319827693908106
1.7989000244140625 0.4620766609832631
1.7999000244140626 0.45991140778709744
1.8009000244140625 0.45806620304682216
1.8019000244140626 0.45670401496719865
1.8029000244140625 0.45457701933482425
1.8039000244140626 0.4534439714393459
1.8049000244140625 0.45267642734683966
1.8059000244140626 0.45162933635132824
1.8069000244140625 0.45180088598596446
1.8079000244140624 0.452046707379337
1.8089000244140625 0.45062211077894726
1.8099000244140624 0.4510678026182477
1.8109000244140625 0.4508009970300855
1.8119000244140624 0.451423803944696
1.8129000244140625 0.4528394066404974
1.8139000244140624 0.45284015277254086
1.8149000244140625 0.45353523832165876
1.8159000244140624 0.45510198415204894
1.8169000244140625 0.4564658942511275
1.8179000244140624 0.45694445771830355
1.8189000244140625 0.4585909850803523
1.8199000244140624 0.4597989474768335
1.8209000244140625 0.459916867694239
1.8219000244140624 0.46315495231433507
1.8229000244140625 0.46410856787896676
1.8239000244140624 0.4648046430958567
1.8249000244140625 0.46552639040635774
1.8259000244140624 0.4662121059864523
1.8269000244140625 0.4669354975927663
1.8279000244140624 0.46899641405520087
1.8289000244140625 0.46855613775994703
1.8299000244140624 0.4700953185241671
1.8309000244140625 0.4709633914223664
1.8319000244140624 0.47119405154283905
1.8329000244140625 0.47154274791863593
1.8339000244140624 0.4732272165328002
1.8349000244140625 0.4727298278032004
1.8359000244140624 0.47304400025602306
1.8369000244140625 0.4732382543765387
1.8379000244140624 0.47352426181735874
1.8389000244140625 0.47299955966134366
1.8399000244140624 0.47395185954311786
1.8409000244140625 0.47358835199512145
1.8419000244140624 0.473235565263201
1.8429000244140625 0.4737989545023131
1.8439000244140624 0.4729232842373307
1.8449000244140625 0.47191765661592877
1.8459000244140624 0.47261773743205415
1.8469000244140625 0.4714827913380672
1.8479000244140624 0.47001596130777806
1.8489000244140625 0.47001748430153556
1.8499000244140624 0.46984994432587324
1.8509000244140625 0.46914467772883633
1.8519000244140624 0.46710585090980117
1.8529000244140625 0.46712544206772205
1.8539000244140624 0.46589288920361016
1.8549000244140625 0.46658219610935076
1.8559000244140624 0.46549855820348446
1.8569000244140625 0.46520641131131574
1.8579000244140624 0.4646618090906592
1.8589000244140625 0.4640086504387758
1.8599000244140624 0.4633392777814003
1.8609000244140625 0.46350490298077934
1.8619000244140624 0.46187806527418807
1.8629000244140625 0.4625399153296504
1.8639000244140624 0.46283015585824605
1.8649000244140626 0.4622384735924124
1.8659000244140624 0.46198632670984174
1.8669000244140626 0.46190488773223154
1.8679000244140624 0.46222074442157196
1.8689000244140626 0.4620614093446304
1.8699000244140624 0.4624436684589296
1.8709000244140626 0.46273341726998096
1.8719000244140624 0.46328844968900046
1.8729000244140626 0.4633788005197825
1.8739000244140624 0.4650905830949379
1.8749000244140626 0.4655776679106633
1.8759000244140625 0.46574922418279374
1.8769000244140626 0.465879591620133
1.8779000244140625 0.46704848316173003
1.8789000244140626 0.4671888964658635
1.8799000244140625 0.4681336143991574
1.8809000244140626 0.4681887676161944
1.8819000244140625 0.46977303089415123
1.8829000244140626 0.4705262244124073
1.8839000244140625 0.47178847588982353
1.8849000244140626 0.4722955427718836
1.8859000244140625 0.4718370553345138
1.8869000244140626 0.47347054891452994
1.8879000244140625 0.4738185927838636
1.8889000244140626 0.4743185080884581
1.8899000244140625 0.47418884175682785
1.8909000244140626 0.4742792094033268
1.8919000244140625 0.47551016352361
1.8929000244140626 0.4761808316559567
1.8939000244140625 0.47651653397331545
1.8949000244140626 0.4771320269627744
1.8959000244140625 0.47734786216238206
1.8969000244140626 0.4772339862346264
1.8979000244140625 0.4771983038643148
1.8989000244140626 0.47650132455003474
1.8999000244140625 0.4780651812024727
1.9009000244140626 0.4772696427547259
1.9019000244140625 0.4775020328966943
1.9029000244140626 0.4785586804709605
1.9039000244140625 0.4794548474901016
1.9049000244140626 0.479542683857236
1.9059000244140625 0.48003196721779634
1.9069000244140626 0.48169418297978406
1.9079000244140625 0.4831065654765787
1.9089000244140626 0.4835338881283458
1.9099000244140625 0.4833392816862913
1.9109000244140626 0.4834555043757498
1.9119000244140625 0.4857253639183741
1.9129000244140626 0.4848111408683668
1.9139000244140625 0.4847694863628343
1.9149000244140626 0.48477136112083147
1.9159000244140625 0.4848062918055593
1.9169000244140626 0.4848146335104245
1.9179000244140625 0.4846461926061708
1.9189000244140626 0.4839522051156335
1.9199000244140625 0.4854021185624592
1.9209000244140626 0.48409059116486386
1.9219000244140625 0.4838380134004122
1.9229000244140626 0.4838221044752293
1.9239000244140625 0.4835418656106892
1.9249000244140626 0.48299664907839107
1.9259000244140625 0.4814601465058565
1.9269000244140626 0.4824064042679287
1.9279000244140625 0.4829278626689742
1.9289000244140626 0.4821313329412891
1.9299000244140625 0.4816274478282741
1.9309000244140626 0.4814230934105576
1.9319000244140625 0.47994396021164026
1.9329000244140624 0.4804874876428609
1.9339000244140625 0.4797019448344262
1.9349000244140624 0.47961387785632764
1.9359000244140625 0.4792363702198347
1.9369000244140624 0.47890538185385845
1.9379000244140625 0.4784731535452076
1.9389000244140624 0.4782650964696795
1.9399000244140625 0.47831811741271124
1.9409000244140624 0.47883935660334037
1.9419000244140625 0.4793829606041089
1.9429000244140624 0.47904488193409533
1.9439000244140625 0.4791578229859934
1.9449000244140624 0.4790463919907693
1.9459000244140625 0.4802021215202362
1.9469000244140624 0.48048447987956605
1.9479000244140625 0.4812064845995485
1.9489000244140624 0.48123228122240486
1.9499000244140625 0.48061930556305593
1.9509000244140624 0.48157508052202014
1.9519000244140625 0.4813979703563099
1.9529000244140624 0.48109558356161475
1.9539000244140625 0.48143301504925384
1.9549000244140624 0.4813230516055421
1.9559000244140625 0.4810089868351203
1.9569000244140624 0.47987078437789554
1.9579000244140625 0.4786796513807025
1.9589000244140624 0.4757325903690055
1.9599000244140625 0.47172856912945815
1.9609000244140624 0.4724295929266738
1.9619000244140625 0.4761895435773185
1.9629000244140624 0.47948120894234686
1.9639000244140625 0.48116893537666316
1.9649000244140624 0.4822319912109895
1.9659000244140625 0.4823818638815435
1.9669000244140624 0.482465454685348
1.9679000244140625 0.4817878944890573
1.9689000244140624 0.4838750566098109
1.9699000244140625 0.4837798888973653
1.9709000244140624 0.48223527180921927
1.9719000244140625 0.4827940208820396
1.9729000244140624 0.482478863837666
1.9739000244140625 0.4819613983916328
1.9749000244140624 0.48199076130087803
1.9759000244140625 0.48203380916870275
1.9769000244140624 0.4816685304310168
1.9779000244140625 0.4818967113833318
1.9789000244140624 0.48141958773631394
1.9799000244140625 0.4816751271419898
1.9809000244140624 0.48309163827893664
1.9819000244140625 0.48339486866401077
1.9829000244140624 0.4824739640548671
1.9839000244140625 0.4835238929301421
1.9849000244140624 0.48373791765191954
1.9859000244140625 0.48426692704466545
1.9869000244140624 0.4839069502011795
1.9879000244140625 0.48496598219144393
1.9889000244140624 0.4848430632924094
1.9899000244140626 0.48464743214351375
1.9909000244140624 0.4860298952303148
1.9919000244140626 0.4857199019483342
1.9929000244140624 0.48701994365401796
1.9939000244140626 0.48729495616695095
1.9949000244140624 0.4875999975061627
1.9959000244140626 0.48737956761916607
1.9969000244140624 0.487120539814704
1.9979000244140626 0.4878888009459881
1.9989000244140624 0.4866518332089181
1.9999000244140626 0.4875876135827448
2.0009000244140625 0.48798973023019565
2.0019000244140623 0.4877358296048002
2.0029000244140627 0.48661080768923376
2.0039000244140626 0.48724255271450856
2.0049000244140625 0.4863221001343924
2.0059000244140623 0.48613657261914067
2.0069000244140627 0.485851790709964
2.0079000244140626 0.48551279176792006
2.0089000244140625 0.4850515510843862
2.0099000244140623 0.48631307404844604
2.0109000244140627 0.4847031088046027
2.0119000244140626 0.4845731949302983
2.0129000244140625 0.485225720101925
2.0139000244140624 0.48526471873216176
2.0149000244140627 0.48494151941564684
2.0159000244140626 0.48550340094954636
2.0169000244140625 0.48622924888713165
2.0179000244140624 0.48662159555930207
2.0189000244140627 0.4855089820599329
2.0199000244140626 0.48675825662262506
2.0209000244140625 0.4871669832005781
2.0219000244140624 0.4870755200338212
2.0229000244140627 0.48842421705940525
2.0239000244140626 0.489790213637134
2.0249000244140625 0.48989892386415723
2.0259000244140624 0.49174869610332167
2.0269000244140627 0.49215774186216443
2.0279000244140626 0.4929746398416103
2.0289000244140625 0.49376097604987146
2.0299000244140624 0.49411107793722564
2.0309000244140627 0.49445546388488926
2.0319000244140626 0.49461050810042845
2.0329000244140625 0.495682483912996
2.0339000244140624 0.4953147736275058
2.0349000244140627 0.4954562586381502
2.0359000244140626 0.4953363374140786
2.0369000244140625 0.4959643039454327
2.0379000244140624 0.49608008965864175
2.0389000244140627 0.496108908531991
2.0399000244140626 0.49720122315819415
2.0409000244140625 0.4969556190285742
2.0419000244140624 0.4954757704496751
2.0429000244140627 0.49623570643470155
2.0439000244140626 0.4938278790868468
2.0449000244140625 0.49348680368466946
2.0459000244140624 0.49310835086388405
2.0469000244140627 0.49251815614599026
2.0479000244140626 0.4919486203154115
2.04889990234375 0.4914465255504226
2.04989990234375 0.49033111145505404
2.05089990234375 0.4902710915989172
2.05189990234375 0.49032674667008724
2.05289990234375 0.49056267661752206
2.05389990234375 0.48940040208118235
2.05489990234375 0.4897182304878287
2.05589990234375 0.48984793718166286
2.05689990234375 0.48949041344631156
2.05789990234375 0.48915006084728074
2.05889990234375 0.48881113129008386
2.05989990234375 0.4891433385757477
2.06089990234375 0.49085545402696606
2.06189990234375 0.4906297822624737
2.06289990234375 0.49115763565523723
2.06389990234375 0.49184203238033275
2.06489990234375 0.49301667433511476
2.06589990234375 0.49360293098810576
2.06689990234375 0.4941322381923601
2.06789990234375 0.49517150192381965
2.06889990234375 0.49603974016337066
2.06989990234375 0.4959097361570931
2.07089990234375 0.4983011320564951
2.07189990234375 0.4988364649285328
2.07289990234375 0.4988823528528754
2.07389990234375 0.49983634286151174
2.07489990234375 0.5006209269822667
2.07589990234375 0.501013800895573
2.07689990234375 0.5014565564389207
2.07789990234375 0.5009255168354992
2.07889990234375 0.5005961083476602
2.07989990234375 0.5020645592087081
2.08089990234375 0.5016837958295585
2.08189990234375 0.5021631313193655
2.08289990234375 0.5019532719250083
2.08389990234375 0.5024432542235157
2.08489990234375 0.5027731348047345
2.08589990234375 0.5021157718117829
2.08689990234375 0.5003943638038933
2.08789990234375 0.5003093029147604
2.08889990234375 0.4987769783880851
2.08989990234375 0.4987976569993081
2.09089990234375 0.4990567771961803
2.09189990234375 0.49783166120754857
2.09289990234375 0.49697775135693856
2.09389990234375 0.49693757101975405
2.09489990234375 0.4970327455096623
2.09589990234375 0.49666545247668414
2.09689990234375 0.49666682447566013
2.09789990234375 0.49364285050724405
2.09889990234375 0.4942721758715982
2.09989990234375 0.4927331776197059
2.10089990234375 0.4931216069953164
2.10189990234375 0.49214456046339367
2.10289990234375 0.49079039099242483
2.10389990234375 0.49010540439612615
2.10489990234375 0.49022837532686003
2.10589990234375 0.4894912965469255
2.10689990234375 0.4877829143252927
2.10789990234375 0.4885564161147816
2.10889990234375 0.48787119760536074
2.10989990234375 0.4867529682269973
2.11089990234375 0.48605578765911406
2.11189990234375 0.48628129876626963
2.11289990234375 0.4857170772265142
2.11389990234375 0.4852925496641867
2.11489990234375 0.48404436823229846
2.11589990234375 0.4843881406674875
2.11689990234375 0.48398169803606705
2.11789990234375 0.4842257610380642
2.11889990234375 0.48382443125323354
2.11989990234375 0.4833573791513883
2.12089990234375 0.48405438511091853
2.12189990234375 0.4843167222437593
2.12289990234375 0.4846296188039622
2.12389990234375 0.4843625095420217
2.12489990234375 0.4853955303739071
2.12589990234375 0.4842512801483512
2.12689990234375 0.4866323304347432
2.12789990234375 0.4850762206040949
2.12889990234375 0.4845954942942312
2.12989990234375 0.485526235389619
2.13089990234375 0.48504380666468166
2.13189990234375 0.48625900812484213
2.13289990234375 0.4855039630004026
2.13389990234375 0.4872704129734409
2.13489990234375 0.487324874867766
2.13589990234375 0.48774382127460897
2.13689990234375 0.48790417761191596
2.13789990234375 0.4890426745110476
2.13889990234375 0.4885224876402668
2.13989990234375 0.4915241879697069
2.14089990234375 0.49102030396421914
2.14189990234375 0.49152637374654257
2.14289990234375 0.49219480694974943
2.14389990234375 0.49219701119651277
2.14489990234375 0.4935199969683918
2.14589990234375 0.49429750031727593
2.14689990234375 0.493080917319759
2.14789990234375 0.49475525401072545
2.14889990234375 0.4954643995335286
2.14989990234375 0.4968867209180015
2.15089990234375 0.495404751829123
2.15189990234375 0.496492502707921
2.15289990234375 0.49601638723262775
2.15389990234375 0.49664723970149993
2.15489990234375 0.49513543023801637
2.15589990234375 0.49546850076700855
2.15689990234375 0.49585972900022984
2.15789990234375 0.4947707895585554
2.15889990234375 0.4947221188443319
2.15989990234375 0.4931868018332911
2.16089990234375 0.4935076905597194
2.16189990234375 0.4922380035683255
2.16289990234375 0.4915457007645336
2.16389990234375 0.49164363540224165
2.16489990234375 0.49012608099410976
2.16589990234375 0.4903786915194132
2.16689990234375 0.48858936958971
2.16789990234375 0.4885071805454877
2.16889990234375 0.4866336309089588
2.16989990234375 0.48765783614422764
2.17089990234375 0.48623664630994984
2.17189990234375 0.48568998442822975
2.17289990234375 0.48564234549961904
2.17389990234375 0.4845525483709491
2.17489990234375 0.4847262764127222
2.17589990234375 0.48286867441763365
2.17689990234375 0.4835859599916946
2.17789990234375 0.4848361097817307
2.17889990234375 0.4844796038086792
2.17989990234375 0.4840701459971732
2.18089990234375 0.4837182947906009
2.18189990234375 0.48349083711709356
2.18289990234375 0.485133165280442
2.18389990234375 0.48563862655618606
2.18489990234375 0.4850004551842829
2.18589990234375 0.4870189949065821
2.18689990234375 0.48594081260331995
2.18789990234375 0.48653879343621975
2.18889990234375 0.48761970841146457
2.18989990234375 0.4878065108137616
2.19089990234375 0.4883153348065496
2.19189990234375 0.4892187323451408
2.19289990234375 0.48952146922131007
2.19389990234375 0.48990839149409865
2.19489990234375 0.49134193221421235
2.19589990234375 0.4919860727509037
2.19689990234375 0.4926220148974977
2.19789990234375 0.4948098300732392
2.19889990234375 0.4944302984682706
2.19989990234375 0.4952992581558215
2.20089990234375 0.49518132216298977
2.20189990234375 0.4962442668356554
2.20289990234375 0.4963128970951585
2.20389990234375 0.4959859758263201
2.20489990234375 0.49542018072726507
2.20589990234375 0.4946760755250185
2.20689990234375 0.4935811987204551
2.20789990234375 0.49330235353751806
2.20889990234375 0.4909076890046062
2.20989990234375 0.48843429872294064
2.21089990234375 0.4847757728667499
2.21189990234375 0.47813820937879525
2.21289990234375 0.47423997906626186
2.21389990234375 0.46416578310605455
2.21489990234375 0.4560223011764266
2.21589990234375 0.44492459477824114
2.21689990234375 0.4312201917586876
2.21789990234375 0.4164599246419448
2.21889990234375 0.400078671591929
2.21989990234375 0.3823086113934767
2.22089990234375 0.36298780636302125
2.22189990234375 0.34238541322839056
2.22289990234375 0.3214389780711365
2.22389990234375 0.3004371418888829
2.22489990234375 0.28006105840732354
2.22589990234375 0.25952343858622584
2.22689990234375 0.23992850648513164
2.22789990234375 0.2217621124303307
2.22889990234375 0.20374704069439145
2.22989990234375 0.18760378561509422
2.23089990234375 0.17309029288250827
2.23189990234375 0.15940535043406004
2.23289990234375 0.14597978722055177
2.23389990234375 0.13372377399977603
2.23489990234375 0.12114864960977446
2.23589990234375 0.10930580554168587
2.23689990234375 0.09886050695430743
2.23789990234375 0.08867918188691727
2.23889990234375 0.07902848123334524
2.23989990234375 0.07036839325755635
2.24089990234375 0.062272292242867254
2.24189990234375 0.05456429688198181
2.24289990234375 0.04812112549629231
2.24389990234375 0.04234873742065732
2.24489990234375 0.03697093292515752
2.24589990234375 0.03232829950532158
2.24689990234375 0.028149568025920096
2.24789990234375 0.024387730297689852
2.24889990234375 0.021194082862219573
2.24989990234375 0.01855463272839569
2.25089990234375 0.016198913924292273
2.25189990234375 0.01408134819515515
2.25289990234375 0.012302727116079095
2.25389990234375 0.010676464305306508
2.25489990234375 0.009260758327131234
2.25589990234375 0.008120605455380804
2.25689990234375 0.007106878074924931
2.25789990234375 0.006206332917505489
2.25889990234375 0.005437882888089539
2.25989990234375 0.004739217209218437
2.26089990234375 0.004125481235523095
2.26189990234375 0.003629108864207127
2.26289990234375 0.0031974935492741904
2.26389990234375 0.002805907478302019
2.26489990234375 0.0024747752901422035
2.26589990234375 0.002181908695632623
2.26689990234375 0.0019165362579164824
2.26789990234375 0.0016972660268272893
2.26889990234375 0.0015014722784140902
2.26989990234375 0.001332065978586041
2.27089990234375 0.0011920531282311273
2.27189990234375 0.0010587859927242594
2.27289990234375 0.0009436951104086191
2.27389990234375 0.000842951193463878
2.27489990234375 0.0007619789667806619
2.27589990234375 0.0006868157561578131
2.27689990234375 0.0006181940461027793
2.27789990234375 0.0005676357391433221
2.27889990234375 0.0005113246561762445
2.27989990234375 0.0004615330436113486
2.28089990234375 0.00042343434561168915
2.28189990234375 0.0003900619266277277
2.28289990234375 0.00035807692199424807
2.28389990234375 0.00032716001620881896
2.28489990234375 0.00029843680542553834
2.28589990234375 0.0002798515973626313
2.28689990234375 0.0002516282041406083
2.28789990234375 0.00023542678455704713
2.28889990234375 0.00021852953395004658
2.28989990234375 0.00020036974593741887
2.29089990234375 0.00018314845762620532
2.29189990234375 0.00017048336036335743
2.29289990234375 0.00015914414238288972
2.29389990234375 0.00014392737978284465
2.29489990234375 0.00013890821472222715
2.29589990234375 0.00012482712773809776
2.29689990234375 0.00011839283808941034
2.29789990234375 0.00010980648216638143
2.29889990234375 0.00010247947418321441
2.29989990234375 9.431186671031207e-05
2.30089990234375 8.763968361263404e-05
2.30189990234375 8.439928013568414e-05
2.30289990234375 7.553491907303519e-05
2.30389990234375 6.96206622654509e-05
2.30489990234375 6.442845218154916e-05
2.30589990234375 6.193890191734508e-05
2.30689990234375 5.562550788603606e-05
2.30789990234375 5.358971058594102e-05
2.30889990234375 5.0082146058509464e-05
2.30989990234375 4.545210912107893e-05
2.31089990234375 4.608327189814156e-05
2.31189990234375 4.1236339046722795e-05
2.31289990234375 3.756777824775979e-05
2.31389990234375 3.4639782547559906e-05
2.31489990234375 3.376449096654583e-05
2.31589990234375 3.1543818727257925e-05
2.31689990234375 3.0078008392618193e-05
2.31789990234375 2.7347436533231828e-05
2.31889990234375 2.4622756898910355e-05
2.31989990234375 2.4222926769348953e-05
2.32089990234375 2.2946946687295095e-05
2.32189990234375 2.1443219300812662e-05
2.32289990234375 2.0530540392542077e-05
2.32389990234375 1.753103853655506e-05
2.32489990234375 1.6987977116458727e-05
2.32589990234375 1.5361640555271854e-05
2.32689990234375 1.4914810569645238e-05
2.32789990234375 1.2792493913493604e-05
2.32889990234375 1.207136149843517e-05
2.32989990234375 1.2036453440388183e-05
2.33089990234375 1.0584841441058219e-05
2.33189990234375 9.995064340575936e-06
2.33289990234375 8.74362989078961e-06
2.33389990234375 8.377085858607355e-06
2.33489990234375 7.5762439943005355e-06
2.33589990234375 7.342826789119833e-06
2.33689990234375 6.703143791493163e-06
2.33789990234375 6.671982212344448e-06
2.33889990234375 5.906889894454486e-06
2.33989990234375 5.131942546930064e-06
2.34089990234375 5.138632989420535e-06
2.34189990234375 4.88530119860269e-06
2.34289990234375 4.958784562556349e-06
2.34389990234375 4.4532865061102966e-06
2.34489990234375 4.142922985998675e-06
2.34589990234375 4.550799770943378e-06
2.34689990234375 4.315835241820548e-06
2.34789990234375 3.832263088165798e-06
2.34889990234375 3.7370303649979535e-06
2.34989990234375 4.444318048636439e-06
2.35089990234375 3.821006603273719e-06
2.35189990234375 4.131695023578218e-06
2.35289990234375 3.5341722660457186e-06
2.35389990234375 3.523235337484933e-06
2.35489990234375 2.989749871350473e-06
2.35589990234375 3.213594081536991e-06
2.35689990234375 3.520608095031137e-06
2.35789990234375 2.8187308536433247e-06
2.35889990234375 3.022931304917686e-06
2.35989990234375 2.5586476563838483e-06
2.36089990234375 2.4024062552207694e-06
2.36189990234375 2.2793501173314384e-06
2.36289990234375 2.03844600836024e-06
2.36389990234375 2.3014723417564075e-06
2.36489990234375 2.1539002547426947e-06
2.36589990234375 1.5028144491127145e-06
2.36689990234375 1.7068156104685195e-06
2.36789990234375 1.5953069293588381e-06
2.36889990234375 1.050437547877074e-06
2.36989990234375 8.876051049227634e-07
2.37089990234375 7.288654939510627e-07
2.37189990234375 7.302632837006854e-07
2.37289990234375 6.678804082552665e-07
2.37389990234375 4.596651989789491e-07
2.37489990234375 4.854726460854124e-07
2.37589990234375 4.3497722178511423e-07
2.37689990234375 2.9214013938579587e-07
2.37789990234375 2.491693209718538e-07
2.37889990234375 2.817799036683495e-07
2.37989990234375 3.45138340427021e-07
2.38089990234375 2.516870382115175e-07
2.38189990234375 2.1471808619312412e-07
2.38289990234375 1.824367273888632e-07
2.38389990234375 2.0143206013472708e-07
2.38489990234375 2.1323641748701877e-07
2.38589990234375 2.174984195264229e-07
2.38689990234375 2.041755262985452e-07
2.38789990234375 1.8583183576583624e-07
2.38889990234375 1.6613002684048637e-07
2.38989990234375 1.6952421822868532e-07
2.39089990234375 1.457783740254143e-07
2.39189990234375 1.675625780735201e-07
2.39289990234375 1.2207972142751078e-07
2.39389990234375 1.4677444990077235e-07
2.39489990234375 1.336094187104245e-07
2.39589990234375 1.259548290878267e-07
2.39689990234375 1.0789963064107055e-07
2.39789990234375 9.705861901886483e-08
2.39889990234375 8.666613439302143e-08
2.39989990234375 7.814865619970112e-08
2.40089990234375 5.972743832970625e-08
2.40189990234375 7.426066119282804e-08
2.40289990234375 6.085317660914444e-08
2.40389990234375 5.3365863661580075e-08
2.40489990234375 4.186522953786338e-08
2.40589990234375 3.414559114843669e-08
2.40689990234375 3.005717026843436e-08
2.40789990234375 3.1560888348129315e-08
2.40889990234375 1.9061798290465677e-08
2.40989990234375 2.6702486879832342e-08
2.41089990234375 2.363008232693219e-08
2.41189990234375 1.7182938343663927e-08
2.41289990234375 1.3719296283295862e-08
2.41389990234375 1.3502381435731388e-08
2.41489990234375 9.69908175220295e-09
2.41589990234375 1.113661177218528e-08
2.41689990234375 7.575908733067056e-09
2.41789990234375 5.968141928456618e-09
2.41889990234375 6.620521742594296e-09
2.41989990234375 5.131911606413126e-09
2.42089990234375 4.844678718144874e-09
2.42189990234375 3.1797255633065364e-09
2.42289990234375 4.370089832668839e-09
2.42389990234375 3.7762553825788555e-09
2.42489990234375 3.044844179086428e-09
2.42589990234375 2.6017905960510556e-09
2.42689990234375 2.9625634719683264e-09
2.42789990234375 2.1172700174535677e-09
2.42889990234375 2.0523058574949436e-09
2.42989990234375 1.8305043753525229e-09
2.43089990234375 1.7638344193900084e-09
2.43189990234375 2.076953063613534e-09
2.43289990234375 1.5544836840129138e-09
2.43389990234375 1.7138453635751381e-09
2.43489990234375 1.3572923749524143e-09
2.43589990234375 1.5543765784995467e-09
2.43689990234375 1.0217344713822037e-09
2.43789990234375 9.984223153051664e-10
2.43889990234375 1.0072570760189442e-09
2.43989990234375 8.458126043042939e-10
2.44089990234375 9.101147205517921e-10
2.44189990234375 6.634588806513374e-10
2.44289990234375 6.508409298212897e-10
2.44389990234375 5.682790365083317e-10
2.44489990234375 5.623911103507204e-10
2.44589990234375 5.136025844097081e-10
2.44689990234375 4.6058531857693243e-10
2.44789990234375 4.1871730988804223e-10
2.44889990234375 4.18740969034588e-10
2.44989990234375 3.2368192376536677e-10
2.45089990234375 3.6438186613108483e-10
2.45189990234375 2.5177407180008955e-10
2.45289990234375 1.8693531060886666e-10
2.45389990234375 3.0855695382922076e-10
2.45489990234375 2.0854384072187779e-10
2.45589990234375 1.8070623514796485e-10
2.45689990234375 1.672135756781244e-10
2.45789990234375 1.508269928565895e-10
2.45889990234375 1.1169433212799578e-10
2.45989990234375 8.007061121322201e-11
2.46089990234375 1.0715577456008686e-10
2.46189990234375 7.134217852478587e-11
2.46289990234375 8.931719459452692e-11
2.46389990234375 7.81849016837667e-11
2.46489990234375 5.5588164515521626e-11
2.46589990234375 5.22026575293688e-11
2.46689990234375 4.972063019753873e-11
2.46789990234375 3.686275372449186e-11
2.46889990234375 3.6736966913052746e-11
2.46989990234375 2.964131886983564e-11
2.47089990234375 2.2039737651514407e-11
2.47189990234375 2.4802516492720723e-11
2.47289990234375 2.229691545513421e-11
2.47389990234375 2.1291884529490172e-11
2.47489990234375 1.4301885943294064e-11
2.47589990234375 1.3396127517903585e-11
2.47689990234375 1.118121929944729e-11
2.47789990234375 9.196866333670905e-12
2.47889990234375 8.12636962171525e-12
2.47989990234375 8.461264836591395e-12
2.48089990234375 6.004517859484306e-12
2.48189990234375 6.7938476307391936e-12
2.48289990234375 4.732566980820543e-12
2.48389990234375 3.9772421675338506e-12
2.48489990234375 4.628754031907591e-12
2.48589990234375 2.611384993970158e-12
2.48689990234375 3.836707601509823e-12
2.48789990234375 3.418021531165268e-12
2.48889990234375 2.372536609314781e-12
2.48989990234375 2.920065881808193e-12
2.49089990234375 2.164536406798695e-12
2.49189990234375 2.1987029450352462e-12
2.49289990234375 2.4325150830157644e-12
2.49389990234375 1.806892327185406e-12
2.49489990234375 2.0698047204343995e-12
2.49589990234375 1.605809195511575e-12
2.49689990234375 1.6627466757601655e-12
2.49789990234375 1.4587312767169193e-12
2.49889990234375 1.3362188590117843e-12
2.49989990234375 1.3882924859672795e-12
2.50089990234375 9.440088916693196e-13
2.50189990234375 9.23157931958536e-13
2.50289990234375 1.289268552425635e-12
2.50389990234375 8.809676505559213e-13
2.50489990234375 7.889783503555179e-13
2.50589990234375 1.1009094670163287e-12
2.50689990234375 8.086066593450165e-13
2.50789990234375 6.687684916794673e-13
2.50889990234375 7.560253299641249e-13
2.50989990234375 7.564775657530493e-13
2.51089990234375 7.196556249636903e-13
2.51189990234375 7.47733366753088e-13
2.51289990234375 5.299789645491142e-13
2.51389990234375 4.939265866507741e-13
2.51489990234375 5.466121888797197e-13
2.51589990234375 5.099072281770343e-13
2.51689990234375 5.206895187385723e-13
2.51789990234375 4.4999571953867173e-13
2.51889990234375 3.307651920898504e-13
2.51989990234375 3.461737779646936e-13
2.52089990234375 3.6360883872062075e-13
2.52189990234375 3.782317878756731e-13
2.52289990234375 2.1703928722853301e-13
2.52389990234375 3.2771820329370447e-13
2.52489990234375 3.0649222564149635e-13
2.52589990234375 2.9694070011036237e-13
2.52689990234375 2.170003598346476e-13
2.52789990234375 2.3887981420354705e-13
2.52889990234375 2.5085314592486345e-13
2.52989990234375 2.068010906234175e-13
2.53089990234375 1.768765952851103e-13
2.53189990234375 1.8564089049007817e-13
2.53289990234375 1.8377797213965795e-13
2.53389990234375 1.6152835060815052e-13
2.53489990234375 1.4437714729253356e-13
2.53589990234375 1.1963375759217263e-13
2.53689990234375 1.4883429652559027e-13
2.53789990234375 1.065513100616621e-13
2.53889990234375 1.1898659144870415e-13
2.53989990234375 1.1273658287231163e-13
2.54089990234375 9.827754802771842e-14
2.54189990234375 7.558780351188303e-14
2.54289990234375 8.08741150773555e-14
2.54389990234375 7.035936437755908e-14
2.54489990234375 7.228619486367759e-14
2.54589990234375 7.408925930305846e-14
2.54689990234375 7.751603793524404e-14
2.54789990234375 4.8565771504781705e-14
2.54889990234375 5.37145224590273e-14
2.54989990234375 4.574197550417109e-14
2.55089990234375 4.4104297052922733e-14
2.55189990234375 4.281321733720537e-14
2.55289990234375 4.001941027517038e-14
2.55389990234375 3.924639414910948e-14
2.55489990234375 3.5341799288039776e-14
2.55589990234375 2.6004544145717164e-14
2.55689990234375 3.248594314288733e-14
2.55789990234375 3.0237627286276585e-14
2.55889990234375 2.3610640411116986e-14
2.55989990234375 2.2333410889105515e-14
2.56089990234375 2.37599452819197e-14
2.56189990234375 1.961861774048906e-14
2.56289990234375 1.4350003991982658e-14
2.56389990234375 1.7569514767350666e-14
2.56489990234375 1.3998384640740113e-14
2.56589990234375 1.6416647499640338e-14
2.56689990234375 1.3179103543885696e-14
2.56789990234375 8.855827134185903e-15
2.56889990234375 9.431335092555173e-15
2.56989990234375 9.034340239421885e-15
2.57089990234375 9.84223395567466e-15
2.57189990234375 6.412055039461009e-15
2.57289990234375 6.310870827123724e-15
2.57389990234375 6.8547838640533936e-15
2.57489990234375 6.57273409318592e-15
2.57589990234375 4.759077748410247e-15
2.57689990234375 5.460800517618035e-15
2.57789990234375 4.93964771120846e-15
2.57889990234375 3.3245342476185355e-15
2.57989990234375 3.3621369913449976e-15
2.58089990234375 2.7900189790203717e-15
2.58189990234375 3.1175347601598456e-15
2.58289990234375 2.5196583558959858e-15
2.58389990234375 2.768994146973862e-15
2.58489990234375 2.0205959306837555e-15
2.58589990234375 2.131452342559643e-15
2.58689990234375 1.919472667114771e-15
2.58789990234375 1.4343680101183907e-15
2.58889990234375 1.3238337180087652e-15
2.58989990234375 1.3351569783323174e-15
2.59089990234375 1.5714224984625031e-15
2.59189990234375 1.0095787423991918e-15
2.59289990234375 8.91029995676482e-16
2.59389990234375 9.471423894600655e-16
2.59489990234375 8.980939719014881e-16
