Wavelength_microns Throughput
2.0004663860000003 9.856748778292568e-12
2.002074478 7.371247473139377e-12
2.00368257 5.6016959395425585e-12
2.005290662 4.448422356063224e-12
2.006898754 2.402931466251402e-12
2.008506846 9.662171670846236e-13
2.010114938 1.819898610636051e-13
2.01172303 1.4701434773254876e-13
2.013331122 1.1532386059400573e-12
2.014939214 1.7223117232389613e-12
2.016547306 2.434613163334646e-12
2.018155398 1.935381387271971e-12
2.01976349 2.1809859478569035e-12
2.021371582 3.4357477498980876e-12
2.022979674 3.5743284266044453e-12
2.0245877660000002 2.7837718373744214e-12
2.026195858 2.9036667311463284e-12
2.027803949 3.801675226514672e-12
2.029412041 4.343135195952366e-12
2.031020133 3.865900720947233e-12
2.032628225 4.208245904156274e-12
2.034236317 5.138900512489615e-12
2.035844409 5.4785022007097975e-12
2.037452501 5.4393573296428e-12
2.039060593 5.160323379066898e-12
2.040668685 4.869220641025769e-12
2.042276777 5.471595382974842e-12
2.0438848689999998 6.688025252874338e-12
2.045492961 6.04869335744264e-12
2.047101053 4.961364736942696e-12
2.0487091449999997 5.7175538870270314e-12
2.0503172370000002 7.613528166782097e-12
2.0519253290000004 7.727805862088843e-12
2.053533421 6.97597002144283e-12
2.055141513 6.694473135206995e-12
2.056749605 7.198914190832631e-12
2.058357697 6.9048954327162966e-12
2.059965788 6.175446879109367e-12
2.06157388 6.431117068478671e-12
2.0631819719999998 7.459816523318992e-12
2.064790064 9.235736559867754e-12
2.066398156 1.2186318951458096e-11
2.068006248 1.3703159557744117e-11
2.06961434 1.3107178073401589e-11
2.071222432 1.4011785763513627e-11
2.072830524 1.713629570586544e-11
2.074438616 1.8487591054683192e-11
2.076046708 1.6664805091779442e-11
2.0776548 1.6706267671644162e-11
2.079262892 2.1224604198071804e-11
2.080870984 2.5448972196401572e-11
2.0824790760000003 2.535768994610682e-11
2.084087168 2.6566186358941747e-11
2.08569526 3.329367587888135e-11
2.0873033519999997 4.2249098330915044e-11
2.088911444 5.2490730625406607e-11
2.090519536 6.584778226671706e-11
2.092127627 7.147228483618904e-11
2.0937357189999997 7.833187479022735e-11
2.0953438110000002 1.0535180393418819e-10
2.0969519030000003 1.451845504326573e-10
2.098559995 1.6318982297818685e-10
2.100168087 1.7389695813497194e-10
2.101776179 2.165374091307215e-10
2.103384271 2.934179671744943e-10
2.104992363 3.3092506447878404e-10
2.1066004549999997 3.18799713019255e-10
2.1082085470000003 3.146825658170298e-10
2.109816639 3.18295374459275e-10
2.111424731 3.065593220597238e-10
2.113032823 2.6553851929557797e-10
2.114640915 2.160707303059507e-10
2.116249007 1.2892852382479047e-10
2.1178570989999996 7.506032378754841e-11
2.1194651909999997 1.346581231480992e-10
2.1210732830000003 2.455250127196504e-10
2.122681375 2.197182743635204e-10
2.124289466 1.7287906184081908e-10
2.125897558 2.007712133229688e-10
2.1275056500000002 2.7878044668100777e-10
2.129113742 1.9933080323952514e-10
2.130721834 1.2344342531767737e-10
2.1323299259999997 9.79174003839541e-11
2.133938018 1.1072670101323687e-10
2.1355461100000004 1.3851058261347427e-10
2.137154202 1.0790420417303992e-10
2.138762294 9.102599511704477e-11
2.140370386 3.789799409961669e-11
2.141978478 2.5630359160570646e-11
2.14358657 3.03547502891343e-11
2.1451946619999998 4.248505098264466e-11
2.146802754 8.436600727840862e-12
2.1484108460000004 4.104552093486593e-13
2.150018938 1.981823951770539e-13
2.15162703 3.371321299700484e-12
2.153235122 4.197317447945594e-11
2.154843214 1.6306087433286292e-12
2.156451305 1.3822399995674819e-13
2.158059397 1.215422349728572e-13
2.159667489 1.2328252403206928e-13
2.161275581 1.2542731409041542e-13
2.1628836729999996 1.273960636726776e-13
2.164491765 1.2991798558016327e-13
2.1660998570000003 1.327601831056933e-13
2.167707949 1.3593513188533412e-13
2.169316041 1.3944478291584787e-13
2.170924133 1.4298683748735151e-13
2.172532225 1.4741391726542804e-13
2.174140317 1.5211254632041016e-13
2.1757484089999997 1.5730263133560587e-13
2.177356501 1.630173775515306e-13
2.1789645930000003 1.6928972478868062e-13
2.180572685 1.7624656087862385e-13
2.182180777 1.8388458627906568e-13
2.183788869 1.9251941885907368e-13
2.185396961 2.0238227392240696e-13
2.187005053 2.1275079300047347e-13
2.1886131449999997 2.2436687402889286e-13
2.1902212359999997 2.37253286112044e-13
2.191829328 2.5167408217002236e-13
2.1934374200000004 2.8529456114560665e-13
2.195045512 4.727381666654135e-13
2.196653604 9.528969779191434e-13
2.198261696 6.221232109434132e-13
2.199869788 4.1408604230769044e-13
2.20147788 1.2784661875784149e-12
2.203085972 1.775142312981789e-11
2.204694064 7.757384675996289e-11
2.206302156 6.254922719804637e-12
2.207910248 6.787486775813801e-13
2.2095183400000002 6.303279766720707e-12
2.211126432 1.384597133043155e-10
2.212734524 4.361094517849526e-10
2.2143426159999997 3.0028045548030876e-10
2.215950708 2.6382320833530347e-10
2.2175588 4.416181070151144e-10
2.219166892 7.447248939638843e-10
2.220774984 1.1308546369888802e-09
2.221786975 6.237882766256686e-10
2.222987941 4.382064613542967e-10
2.2241889070000003 2.6046547289798177e-12
2.225389873 2.8756456709928965e-12
2.226590839 6.675200411051631e-10
2.227791805 2.5166773623384768e-11
2.228992771 4.65928192700643e-10
2.230193737 8.601327867379522e-10
2.231394703 1.5604999185724203e-09
2.2325956689999997 1.236173500842174e-09
2.233796635 1.4328841015683299e-09
2.234997601 8.253922184999355e-10
2.2361985669999997 4.093609346216585e-12
2.2373995329999996 1.1360062295994209e-09
2.238600498 4.542525238037297e-12
2.239801464 4.837311537740668e-12
2.24100243 5.194377487310799e-12
2.242203396 5.612325942769488e-12
2.243404362 6.096349066063902e-12
2.244605328 6.658340319449078e-12
2.245806294 7.29796885963641e-12
2.2470072599999997 8.02031681032491e-12
2.248208226 8.849136858977622e-12
2.249409192 9.780737990863273e-12
2.2506101579999997 1.0830578123803365e-11
2.251811124 1.1995916197296944e-11
2.2530120900000004 1.327880870129876e-11
2.254213056 1.4700949734179734e-11
2.255414021 1.6246393891005188e-11
2.256614987 1.791038235767332e-11
2.2578159529999997 1.96838914661077e-11
2.259016919 2.1524774799169233e-11
2.260217885 2.347483204414047e-11
2.2614188509999997 2.5474090330102685e-11
2.2626198169999996 2.7474519215098283e-11
2.2638207830000003 2.947898347338223e-11
2.265021749 3.14277565381261e-11
2.266222715 3.3382088126729933e-11
2.2674236810000004 3.5202508132189316e-11
2.268624647 3.6945436835988304e-11
2.269825613 3.861291271294408e-11
2.271026579 4.016031753807034e-11
2.2722275450000002 4.162304276192374e-11
2.27342851 4.305507461977269e-11
2.274629476 4.440130601224078e-11
2.2758304419999997 4.577281457054262e-11
2.277031408 4.7105624114058726e-11
2.2782323740000003 4.8454998142710344e-11
2.27943334 2.294657523335691e-09
2.280634306 5.133000153065724e-11
2.281835272 5.295598608177724e-11
2.283036238 5.466796918388192e-11
2.284237204 5.653637074010935e-11
2.28543817 3.103686378392393e-08
2.286639136 8.66421313738384e-09
2.287840102 8.984590320879416e-09
2.289041068 6.60030169503976e-11
2.290242034 6.9888807351975225e-09
2.291442999 2.947226347447024e-08
2.2926439650000003 2.431557258674003e-08
2.293844931 8.056104974795163e-11
2.295045897 8.525483488111793e-11
2.296246863 9.066274740986734e-11
2.297447829 9.667655846109954e-11
2.298648795 1.0353340750703077e-10
2.299849761 1.1126507718744735e-10
2.301050727 1.1985779863365591e-10
2.302251693 1.7006358080659974e-10
2.303452659 1.3475451219099577e-09
2.304653625 1.5378290628139156e-10
2.3058545909999997 1.6851544615029466e-10
2.307055557 1.853362428097508e-10
2.308256523 2.049274127144163e-10
2.309457488 2.2767134976987938e-10
2.310658454 1.7013802027301283e-09
2.3118594199999998 6.341799302967157e-08
2.313060386 2.3555402820073838e-08
2.314261352 3.619345289680971e-10
2.315462318 4.107808616105443e-10
2.316663284 4.67808835897372e-10
2.31786425 5.334656827454051e-10
2.319065216 6.088868364480556e-10
2.3202661819999997 6.951646851554829e-10
2.321467148 7.911310023447581e-10
2.322668114 8.960602096654873e-10
2.32386908 1.0086737716883336e-09
2.325070046 1.1263099595992569e-09
2.3262710120000003 1.2500134229872255e-09
2.327471977 1.3771691417984065e-09
2.328672943 1.5061752985673964e-09
2.329873909 1.638555927865422e-09
2.3310748749999997 1.774475554886722e-09
2.332275841 1.9117264262135758e-09
2.333476807 2.047802987468894e-09
2.3346777729999997 2.1829449687008776e-09
2.3358787390000004 2.3100187857586223e-09
2.3370797050000003 2.429227746350696e-09
2.338280671 2.535121259133917e-09
2.339481637 2.6247414230951323e-09
2.3406826030000003 2.698450920758144e-09
2.341883569 2.7554890046655452e-09
2.343084535 2.7998765063848886e-09
2.344285501 2.8295482855915145e-09
2.3454864659999997 4.337595334216569e-09
2.346687432 6.108478345823854e-08
2.3478883980000003 2.8825622604258625e-09
2.349089364 2.8982527028707523e-09
2.35029033 2.9144007466058815e-09
2.3514912960000003 2.936632260850798e-09
2.352692262 2.9624988018965937e-09
2.353893228 2.9986259940911316e-09
2.355094194 3.040640866769286e-09
2.35629516 3.0925716110171622e-09
2.357496126 3.1547940919143224e-09
2.358697092 3.2231114541077046e-09
2.359898058 3.3029883991879046e-09
2.361099024 3.3914703985218156e-09
2.3622999890000003 3.482022099788822e-09
2.363500955 3.5787865515523814e-09
2.364701921 3.6778563209441064e-09
2.3659028870000003 3.7748949517194946e-09
2.367103853 3.869321074137288e-09
2.368304819 3.959875787324468e-09
2.369505785 4.045234637842824e-09
2.370706751 5.246030173641716e-06
2.371907717 1.2232587018496657e-05
2.373108683 1.9519096659634595e-05
2.3743096489999997 4.063774041419086e-05
2.375510615 6.577575698600628e-05
2.376711581 9.977385294091037e-05
2.3779125469999998 0.00013726457960480806
2.3791135129999996 0.00018955195860250013
2.380314478 0.00025214305970235404
2.381515444 0.00033100592350191176
2.38271641 0.00042851711181896924
2.383917376 0.0005522692393919175
2.385118342 0.0007080083374675815
2.386319308 0.0008981388739544667
2.387520274 0.0011481333720923367
2.3887212399999997 0.0014599168890933037
2.389922206 0.0018619809712245596
2.391123172 0.002378144470071088
2.3923241379999998 0.0030463523156212652
2.3935251039999996 0.003925927247359818
2.3947260700000004 0.005081865700429346
2.3959270360000002 0.0066192210664037885
2.397128002 0.008676787847715561
2.398328967 0.01144104940191004
2.3995299329999997 0.015179933757604446
2.400730899 0.020213382551452767
2.401931865 0.026968840665282465
2.4031328309999997 0.03596448817197266
2.4043337969999996 0.04779311786761339
2.405534763 0.06306083825496439
2.406735729 0.08227701855704757
2.407936695 0.10578165330998285
2.4091376610000004 0.13351810308421497
2.4103386270000002 0.16478407428631206
2.411539593 0.198212686719939
2.412740559 0.2318057532983936
2.4139415250000003 0.2632334596350662
2.415142491 0.29034485681337496
2.416343456 0.31181792871493974
2.4175444219999997 0.32743624766703355
2.4187453879999996 0.3378722888907567
2.4199463540000004 0.34438818009496136
2.42114732 0.34846618463672197
2.422348286 0.35133968430237544
2.423549252 0.3531255401116984
2.4247502180000002 0.3547013075191582
2.425951184 0.3563319620555372
2.42715215 0.35811520920711315
2.4283531160000003 0.36007636245563407
2.429554082 0.36219477181453463
2.430755048 0.364399044628324
2.431956014 0.3665999407084699
2.43315698 0.36868348407555773
2.4343579450000004 0.37059536687777106
2.435558911 0.37229774870709553
2.436759877 0.3737572302879653
2.437960843 0.3750117337277993
2.4391618090000002 0.37600211508891745
2.440362775 0.37673221143782337
2.441563741 0.3772205742268069
2.442764707 0.3775413888512014
2.443965673 0.3776999668053936
2.445166639 0.3777307023073916
2.446367605 0.37767152691840705
2.4475685709999997 0.3773257138314241
2.448769537 0.37700553461038605
2.449970503 0.3768531156517514
2.4511714689999997 0.3767306468066134
2.452372434 0.37663571438230015
2.4535734000000002 0.37654894147139956
2.454774366 0.3765128914589636
2.455975332 0.37666650176854677
2.457176298 0.3768554525972898
2.458377264 0.37707355617014204
2.45957823 0.3773305111257776
2.460779196 0.3775799248273093
2.4619801619999997 0.3778291344037065
2.463181128 0.3781107256587204
2.464382094 0.3784274760479022
2.4655830599999997 0.3787494562081675
2.466784026 0.3790773513086964
2.4679849920000003 0.379439671280238
2.469185958 0.3798347334138752
2.470386923 0.38023248258377773
2.471587889 0.38067998052676505
2.4727888549999997 0.38115537371927743
2.473989821 0.38212806535605387
2.475190787 0.3827625701866283
2.4763917529999997 0.3834185996111367
2.477592719 0.3840697723164626
2.4787936850000003 0.3847036067895135
2.479994651 0.3853494157220792
2.481195617 0.3859071592966722
2.4823965830000003 0.38615087266463494
2.483597549 0.38672274624992087
2.484798515 0.3872871761494913
2.485999481 0.38778722708287194
2.4872004459999997 0.388237577802684
2.488401412 0.3886521312751752
2.489602378 0.38901669109395565
2.490803344 0.38923876813486297
2.49200431 0.3893758253989653
2.4932052760000003 0.38953879216717685
2.494406242 0.3896747400838898
2.495607208 0.389710461267756
2.496808174 0.38970619442728854
2.49800914 0.3895823149040284
2.499210106 0.3893622853288832
2.500411072 0.38910433391417276
2.501612038 0.3887740968220306
2.502813004 0.38834992404604574
2.50401397 0.38790338681313885
2.505214935 0.3874090838279659
2.506415901 0.3868646214157196
2.5076168670000003 0.38631662028120506
2.508817833 0.3857638146154027
2.510018799 0.38518769478718723
2.511219765 0.38462461650407354
2.512420731 0.38414486060514275
2.513621697 0.38374876889408366
2.514822663 0.383375802801413
2.5160236289999998 0.3830500347557153
2.517224595 0.38275311884144136
2.518425561 0.3824638929451677
2.519626527 0.3822248433258604
2.5208274929999996 0.3820371964938201
2.522028459 0.38185640607866983
2.523229424 0.3817110632193612
2.52443039 0.38158957320881143
2.525631356 0.38147831317837905
2.526832322 0.3813979540615875
2.528033288 0.38134442784054706
2.529234254 0.3812574433148449
2.5304352199999998 0.3812039226873012
2.531636186 0.38120503204453343
2.532837152 0.3812887430581352
2.534038118 0.38138436469814085
2.5352390839999996 0.381472567852228
2.53644005 0.38150768886899644
2.5376410160000002 0.3815659701335651
2.538841982 0.38160468478607557
2.540042948 0.38160588425841085
2.5412439129999997 0.3815654166446992
2.542444879 0.3814912542143274
2.543645845 0.3813937920088742
2.5448468109999998 0.3812888890455236
2.546047777 0.38116928313762144
2.547248743 0.38097698270314295
2.548449709 0.3807849455184774
2.5496506749999996 0.3805926479754411
2.5508516410000004 0.38028151223068024
2.5520526070000003 0.38000227643282186
2.553253573 0.37977951760587925
2.554454539 0.3794798762468391
2.5556555050000003 0.37911040891832115
2.556856471 0.37867306283495766
2.558057437 0.37813781255461876
2.5592584019999998 0.3775367629895767
2.5604593679999996 0.37684446976989777
2.561660334 0.3760861899706987
2.5628613000000002 0.3753391705180811
2.564062266 0.3745971666491424
2.565263232 0.3738277135471725
2.5664641980000003 0.3731273441644687
2.567665164 0.3724845879363914
2.56886613 0.37186515808005016
2.5700670960000003 0.37149299368548555
2.571268062 0.3717255759024054
2.572469028 0.3716814457331866
2.573669994 0.37193769336483407
2.57487096 0.3724647233855158
2.576071926 0.3729625525080789
2.5772728910000002 0.373385292214221
2.578473857 0.37338928314386244
2.579674823 0.37303820279801225
2.5808757890000003 0.37176753300192045
2.582076755 0.3691024700023609
2.583277721 0.36450670060398266
2.584478687 0.357678329652484
2.585679653 0.34802591616544387
2.586880619 0.33521429615966747
2.588081585 0.3192256731066463
2.5892825509999997 0.30000716258813803
2.590483517 0.2778922686602046
2.591684483 0.25339747545097124
2.5928854489999997 0.22708012728608865
2.594086414 0.1999319591302115
2.5952873800000003 0.17237228772247493
2.596488346 0.14645140700577255
2.597689312 0.12281689929942101
2.598890278 0.10153511321371182
2.600091244 0.08298074666121162
2.60129221 0.06726447474383608
2.602493176 0.05419694608405132
2.6036941419999997 0.04357661729969163
2.604895108 0.03504181251828728
2.606096074 0.028108466378758717
2.6072970399999997 0.022665806902352047
2.6084980059999996 0.018331246947147873
2.6096989720000003 0.014862319528868885
2.610899938 0.012107147929907464
2.612100903 0.009902821440084145
2.613301869 0.008126455534870592
2.6145028349999997 0.006715556419142238
2.615703801 0.005555794836513046
2.616904767 0.004625006430540885
2.6181057329999997 0.0038710786706203765
2.619306699 0.003246334367727556
2.620507665 0.0027423638112803544
2.621708631 0.0023209644348042824
2.622909597 0.0019711286188842875
2.6241105630000003 0.0016912737475488215
2.625311529 0.0014501825533409518
2.626512495 0.0012506632129737313
2.627713461 0.0010872189733809484
2.628914427 0.0009426983347578603
2.630115392 0.0008245717073162201
2.631316358 0.000722568926767691
2.6325173239999997 0.0006362899748156367
2.63371829 0.00057111681261
2.6349192560000003 0.000502995490033439
2.636120222 0.00044539391448286507
2.637321188 0.0004028302260189694
2.638522154 0.00036000587096884137
2.63972312 0.0003309284372990914
2.640924086 0.00029983568607496955
2.642125052 0.00027051825692049
2.643326018 0.00025442874500500095
2.644526984 0.00023072854670536634
2.64572795 0.00021219324741544995
2.646928916 0.00019484040468271166
2.648129881 0.00017430393605439003
2.6493308470000003 0.0001664239939711612
2.650531813 0.00015222199335822732
2.651732779 0.0001402036007584154
2.652933745 0.00013509193105273702
2.654134711 0.00011990728135724707
2.655335677 0.00011330712206022741
2.656536643 0.00010786221295717002
2.657737609 9.970929926206218e-05
2.658938575 9.505956851697083e-05
2.660139541 8.631061614907683e-05
2.661340507 8.27873457532623e-05
2.662541473 7.694143596537119e-05
2.663742439 7.168263040139064e-05
2.664943405 7.272246157210382e-05
2.66614437 6.283670291836415e-05
2.667345336 6.269849180195086e-05
2.668546302 6.757030046197674e-05
2.669747268 6.190043063616269e-05
2.670948234 5.985308267976473e-05
2.6721492 5.4412245522503506e-05
2.673350166 5.2860965750870644e-05
2.674551132 6.01818467697104e-05
2.675752098 5.396415171000375e-05
2.6769530639999997 5.710320152674164e-05
2.67815403 5.3096558137104386e-05
2.679354996 4.730361107874549e-05
2.680555962 4.836991888901188e-05
2.681756928 4.8696507595623075e-05
2.6829578940000003 5.267534146630509e-05
2.684158859 5.019979133002159e-05
2.685359825 5.201094450703387e-05
2.686560791 5.527134429776847e-05
2.687761757 5.1853194994187585e-05
2.688962723 5.196207675186528e-05
2.690163689 5.318635663414612e-05
2.6913646549999997 5.368051603578474e-05
2.6925656210000004 5.613157424388909e-05
2.6937665870000003 5.447570983008466e-05
2.694967553 5.549111911250164e-05
2.696168519 5.5479002710405056e-05
2.6973694850000003 5.393720230775185e-05
2.698570451 5.56511552886178e-05
2.699771417 5.572343709027611e-05
2.700972383 5.5036437883284956e-05
2.7021733479999996 5.4618655060762474e-05
2.703374314 5.438562683567821e-05
2.70457528 5.486789105160388e-05
2.705776246 5.070525239854132e-05
2.706977212 5.4280261400740106e-05
2.7081781780000003 5.35089388261672e-05
2.709379144 5.779964088855224e-05
2.71058011 5.89265595405448e-05
2.7117810760000003 5.672934786508419e-05
2.712982042 5.706370911992149e-05
2.714183008 5.35002434460625e-05
2.715383974 5.532877415858291e-05
2.71658494 5.6699115996967355e-05
2.717785906 5.302608158049926e-05
2.7189868710000002 5.619875458265388e-05
2.720187837 5.805040215633438e-05
2.721388803 5.691043941073137e-05
2.7225897690000003 4.7635453839632224e-05
2.723790735 5.1585552206516544e-05
2.724991701 5.1931214868468864e-05
2.726192667 5.0978050376717255e-05
2.727393633 5.579364698875242e-05
2.728594599 5.4868763401259935e-05
2.729795565 5.5723892329328987e-05
2.7309965309999997 5.379626184578586e-05
2.732197497 4.841905623868464e-05
2.733398463 4.9060995801394666e-05
2.7345994289999997 4.6617609361479635e-05
2.735800395 4.964965850529839e-05
2.7370013600000003 4.8645835521060764e-05
2.738202326 4.566606481127952e-05
2.739403292 4.855857317937701e-05
2.740604258 4.511477321297355e-05
2.741805224 4.4762032305167645e-05
2.74300619 4.246725306308018e-05
2.744207156 4.060779122089919e-05
2.7454081219999997 3.992335393499973e-05
2.746609088 4.17086508140072e-05
2.747810054 4.373555859009075e-05
2.7490110199999997 3.9683453411337155e-05
2.7502119859999996 3.835288465122584e-05
2.751412952 3.878085318461857e-05
2.752613918 4.2644775610832545e-05
2.753814884 4.0949631606855105e-05
2.755015849 3.9405542979302484e-05
2.756216815 4.0974878997810205e-05
2.757417781 3.848538005425903e-05
2.758618747 3.547158193564296e-05
2.7598197129999997 3.6630035464580525e-05
2.761020679 4.0665447763653274e-05
2.762221645 3.772238825313096e-05
2.7634226109999998 4.144010910433574e-05
2.764623577 4.282319458257235e-05
2.7658245430000004 3.9774066043370895e-05
2.767025509 4.1489475532958946e-05
2.768226475 4.1614739413920566e-05
2.769427441 4.4160940917318646e-05
2.7706284070000002 4.2057248177454364e-05
2.771829373 4.1907869852453613e-05
2.773030338 4.2942486377713024e-05
2.7742313039999997 4.2035705020835643e-05
2.7754322699999996 4.009844949483295e-05
2.7766332360000003 4.115838493745619e-05
2.777834202 4.326587939129859e-05
2.779035168 4.116935254415487e-05
2.7802361340000004 4.489650894326202e-05
2.7814371 4.3096346485980094e-05
2.782638066 4.143574402570797e-05
2.783839032 4.267629358565703e-05
2.7850399980000002 4.162055501962722e-05
2.786240964 4.087364546720565e-05
2.78744193 3.9516432652717024e-05
2.788642896 4.0875027016029954e-05
2.789843862 4.030447549316194e-05
2.7910448270000003 4.250494705026291e-05
2.792245793 4.325098409054022e-05
2.793446759 4.0914880561795445e-05
2.794647725 3.87610697524273e-05
2.795848691 3.8812725106076853e-05
2.797049657 3.6798252528327306e-05
2.798250623 3.449065780657558e-05
2.799451589 3.792255458586121e-05
2.800652555 3.664043255122751e-05
2.801853521 4.2076371683016255e-05
2.803054487 4.605242373707752e-05
2.804255453 4.3399161346562144e-05
2.805456419 4.3015602290722586e-05
2.806657385 4.10057762583506e-05
2.8078583509999997 4.0310279516952714e-05
2.809059316 4.031595249732465e-05
2.810260282 4.2173281086363526e-05
2.811461248 3.8739869760027424e-05
2.812662214 3.9729705639197185e-05
2.81386318 3.6573004814993575e-05
2.815064146 3.266835803829627e-05
2.816265112 3.348539566745361e-05
2.817466078 3.747867079611928e-05
2.8186670439999997 3.508465270892552e-05
2.81986801 3.5099867705154294e-05
2.821068976 3.050817141269314e-05
2.8222699419999997 2.6129375687405955e-05
2.823470908 3.055970834021101e-05
2.8246718740000003 3.187240171789834e-05
2.825872839 3.108090828499208e-05
2.827073805 3.0247648672781813e-05
2.828274771 2.9795849237640898e-05
2.829475737 2.719693180057707e-05
2.830676703 2.6215968105225246e-05
2.831877669 2.6667748952870216e-05
2.8330786349999997 2.5111815132847882e-05
2.834279601 2.6282150817603144e-05
2.8354805670000003 2.8113307471961595e-05
2.836681533 2.8536504114872522e-05
2.837882499 2.2288044072066767e-05
2.8390834650000003 2.310014864394623e-05
2.840284431 2.218759967937951e-05
2.841485397 2.3982652991115984e-05
2.842686363 2.495460331442001e-05
2.8438873279999997 2.5429049629416865e-05
2.845088294 2.2453085407946408e-05
2.84628926 2.243924810614462e-05
2.8474902259999997 2.3889480613844412e-05
2.848691192 2.3980285651906064e-05
2.8498921580000003 2.445932291985302e-05
2.851093124 2.6243928461105236e-05
2.85229409 2.7637668463841443e-05
2.8534950560000003 2.425839742599837e-05
2.854696022 2.6057759146110613e-05
2.855896988 2.4698086013789444e-05
2.857097954 2.6336630821349604e-05
2.85829892 2.334010268363813e-05
2.859499886 2.120539333564438e-05
2.860700852 2.3561936719260237e-05
2.861901817 2.379659423242677e-05
2.863102783 2.195369390410523e-05
2.8643037490000003 2.3538801317429204e-05
2.865504715 2.3673327567892355e-05
2.866705681 2.299058308465538e-05
2.867906647 2.2190197862141665e-05
2.869107613 1.9500263328693225e-05
2.870308579 1.7833412440032953e-05
2.871509545 2.2799765608305465e-05
2.872710511 2.5242508416581747e-05
2.873911477 2.775898839952772e-05
2.875112443 3.14860889053067e-05
2.8763134089999998 2.903459076427884e-05
2.877514375 3.123917484436132e-05
2.878715341 3.1964160752520874e-05
2.879916306 3.5289451813300586e-05
2.881117272 3.281528891829314e-05
2.882318238 3.417836137493994e-05
2.883519204 3.49543941500771e-05
2.88472017 3.487229241882437e-05
2.885921136 3.402673995485791e-05
2.8871221019999997 3.527760171224154e-05
2.888323068 3.973195383754947e-05
2.889524034 4.500830003942346e-05
2.8907249999999998 4.1397076140823705e-05
2.8919259659999996 4.2378381006505696e-05
2.893126932 3.9473978530781584e-05
2.894327898 3.5317930963321394e-05
2.895528864 3.5070693708987004e-05
2.8967298300000004 3.724950944661403e-05
2.897930795 3.64531154200215e-05
2.899131761 3.522571460404813e-05
2.900332727 3.657096986656359e-05
2.9015336929999997 3.925212713950093e-05
2.902734659 3.654439781437478e-05
2.903935625 3.618033830877959e-05
2.9051365909999998 3.6899553568310427e-05
2.9063375569999996 3.7285185396513245e-05
2.9075385230000004 3.7184917973793674e-05
2.9087394890000002 3.473600601659256e-05
2.909940455 3.3211238541116714e-05
2.911141421 3.162586063492796e-05
2.9123423870000003 3.26579915524666e-05
2.913543353 3.198483807063081e-05
2.914744319 3.171508993911184e-05
2.9159452839999997 2.9872293851534768e-05
2.9171462499999996 2.930045349971975e-05
2.918347216 3.0028942817407785e-05
2.919548182 3.3727107758962815e-05
2.920749148 3.148348415843262e-05
2.9219501140000004 3.110152291845659e-05
2.9231510800000002 2.885155001656147e-05
2.924352046 3.004216308199547e-05
2.925553012 3.330066673767312e-05
2.9267539780000003 3.0149961705858905e-05
2.927954944 2.9065957522187276e-05
2.92915591 3.430719025619232e-05
2.930356876 3.404532080119933e-05
2.931557842 3.458718256250811e-05
2.932758808 3.382497601224077e-05
2.933959773 3.4793263269134734e-05
2.935160739 2.9999970245922086e-05
2.936361705 3.0912148676375436e-05
2.9375626710000002 3.123487374803766e-05
2.938763637 3.0857418939944774e-05
2.939964603 3.044219095046926e-05
2.941165569 3.288663878930633e-05
2.942366535 3.1787983270955914e-05
2.943567501 3.207789335917143e-05
2.944768467 3.3997648475572726e-05
2.945969433 3.491309169865716e-05
2.947170399 3.325650684853157e-05
2.948371365 3.56558647631893e-05
2.9495723309999997 3.792445721771656e-05
2.950773296 3.820506889890809e-05
2.9519742620000002 3.488473854145199e-05
2.953175228 3.4076705910186476e-05
2.954376194 3.398950335911447e-05
2.95557716 3.544421385395627e-05
2.956778126 3.43675966543425e-05
2.957979092 3.9235416994580006e-05
2.959180058 4.038676522632864e-05
2.9603810239999997 3.9189138444611996e-05
2.96158199 3.8297666555796983e-05
2.962782956 4.082188146932682e-05
2.9639839219999997 4.1198882493887964e-05
2.9651848879999996 4.167920891926496e-05
2.9663858540000003 3.9987566199655996e-05
2.96758682 4.036500303370721e-05
2.968787785 4.1798048192616844e-05
2.969988751 4.23475182332482e-05
2.971189717 3.745656117581207e-05
2.972390683 3.7281866095392864e-05
2.973591649 3.7235329329173434e-05
2.9747926149999997 4.018302500506582e-05
2.975993581 4.091504245928588e-05
2.977194547 3.958183126832155e-05
2.9783955129999997 4.06238865928564e-05
2.979596479 4.3018688556983885e-05
2.9807974450000003 4.2070631408281625e-05
2.981998411 3.533078847335465e-05
2.983199377 3.611967110551807e-05
2.984400343 4.19743818910806e-05
2.985601309 4.2366427016710004e-05
2.986802274 3.867381862317658e-05
2.98800324 3.665466158565602e-05
2.9892042059999997 3.315715892356375e-05
2.990405172 3.173392669451602e-05
2.9916061380000003 3.410634286303947e-05
2.992807104 3.734347944687933e-05
2.99400807 3.438556611322314e-05
2.9952090360000003 3.5814257570692625e-05
2.996410002 3.365144702698507e-05
2.997610968 3.07360448790165e-05
2.998811934 2.8884308180464902e-05
3.0000129 3.191526345787246e-05
3.001213866 3.156896814472078e-05
3.002414832 3.14398823772096e-05
3.003615798 2.9709518340787603e-05
3.004816763 2.995748895972933e-05
3.0060177290000003 2.923998952758381e-05
3.007218695 2.8581502288575648e-05
3.008419661 2.79011697164246e-05
3.009620627 2.8913577541056533e-05
3.010821593 2.9139845082590322e-05
3.012022559 2.378399223751007e-05
3.013223525 2.3174876686241474e-05
3.014424491 2.721408602456778e-05
3.015625457 3.083513442787708e-05
3.016826423 3.126675432779677e-05
3.018027389 3.115397551220725e-05
3.019228355 3.0130710883520545e-05
3.020429321 2.7600466610653605e-05
3.021630287 2.175261268120322e-05
3.022831252 2.037824328864098e-05
3.024032218 2.050358305088424e-05
3.025233184 2.239297823414881e-05
3.02643415 2.3086634216526917e-05
3.027635116 2.2620420923283137e-05
3.0288360819999998 2.3106464475441356e-05
3.030037048 2.5818204487949406e-05
3.031238014 2.5623668275793988e-05
3.03243898 2.526895301341325e-05
3.0336399459999996 2.3585298789527664e-05
3.034840912 2.2763659080724698e-05
3.036041878 2.301247497160825e-05
3.0372428439999997 1.9971374052309975e-05
3.0384438100000004 1.692496764074407e-05
3.0396447760000003 1.676269150098655e-05
3.040845741 2.0479722472938844e-05
3.042046707 2.5418556178264857e-05
3.0432476729999998 2.6049968400800597e-05
3.044448639 2.1086158052233605e-05
3.045649605 2.186390318386355e-05
3.046850571 2.444130550284806e-05
3.0480515369999996 2.3194920480185236e-05
3.049252503 2.00046931317842e-05
3.0504534690000003 2.235323387031914e-05
3.051654435 2.218292395911145e-05
3.052855401 1.8732472301215925e-05
3.0540563670000003 1.5691262632878803e-05
3.055257333 1.331435637120774e-05
3.056458299 1.4653337559096975e-05
3.0576592639999998 1.8559373143911602e-05
3.0588602299999996 2.0091634500664877e-05
3.060061196 1.4893060260775903e-05
3.061262162 1.2710158195591152e-05
3.062463128 1.3889018438703374e-05
3.0636640940000004 1.754206192686783e-05
3.0648650600000003 1.717180383365905e-05
3.066066026 1.65982481036554e-05
3.067266992 1.2621097505935724e-05
3.0684679580000003 1.0739822837813377e-05
3.069668924 1.158417837645337e-05
3.07086989 1.141380544312196e-05
3.072070856 1.2450147217815156e-05
3.073271822 1.0904321212431036e-05
3.074472788 1.3204387316286532e-05
3.0756737530000002 1.2533790747469443e-05
3.076874719 1.092481198358629e-05
3.078075685 1.0276477133824705e-05
3.0792766510000003 1.0329263382377667e-05
3.080477617 1.1690958483737259e-05
3.081678583 1.3373300922125469e-05
3.0828795490000003 1.2212870702334718e-05
3.084080515 1.344900234669492e-05
3.085281481 1.6344008251152313e-05
3.086482447 1.1844728174661306e-05
3.087683413 8.616014355099325e-06
3.088884379 8.702370586534786e-06
3.090085345 1.1134331173678684e-05
3.0912863109999997 1.0335599567862603e-05
3.092487277 9.128918710275108e-06
3.0936882420000003 1.1823144279996486e-05
3.094889208 1.5118836080736103e-05
3.096090174 1.600605942812486e-05
3.09729114 1.7446486464532003e-05
3.098492106 1.6975793036665622e-05
3.099693072 1.2516418913398687e-05
3.100894038 1.0649586819159169e-05
3.1020950039999997 1.2469031232125908e-05
3.10329597 1.5084913172587151e-05
3.104496936 1.4870862889205855e-05
3.1056979019999997 1.7744312136713122e-05
3.106898868 1.960520157142126e-05
3.108099834 2.0693715609423444e-05
3.1093008 2.1918795537123105e-05
3.110501766 2.051125707524488e-05
3.111702731 1.8637340510144815e-05
3.112903697 1.7701543866013828e-05
3.114104663 2.1822763190489242e-05
3.115305629 2.2730056762394085e-05
3.1165065949999997 2.3972176903392485e-05
3.117707561 2.4243308373625285e-05
3.118908527 2.3258474825113052e-05
3.1201094929999997 2.4470413291362225e-05
3.1213104589999996 2.4427532442757766e-05
3.1225114250000003 2.5203570872834328e-05
3.123712391 2.771224058845887e-05
3.124913357 2.9125588611567402e-05
3.126114323 2.552279590292579e-05
3.127315289 2.516665627796699e-05
3.128516255 2.5589787881109724e-05
3.12971722 2.5594527104443226e-05
3.1309181859999997 2.6964072052776277e-05
3.132119152 2.842606312539557e-05
3.133320118 3.0161038812402604e-05
3.134521084 2.9938620822077188e-05
3.13572205 3.262216080006503e-05
3.1369230160000003 3.3695631706020604e-05
3.138123982 3.2700125909867495e-05
3.139324948 3.152912534896278e-05
3.140525914 3.019397669418668e-05
3.14172688 2.9787183607056958e-05
3.142927846 2.97569609231796e-05
3.144128812 2.975991644096864e-05
3.145329778 2.8845291559153518e-05
3.146530744 2.6981937470738673e-05
3.1477317090000003 2.1065049215960086e-05
3.148932675 1.96977383898475e-05
3.150133641 2.200167842105571e-05
3.151334607 2.1468625984870275e-05
3.152535573 1.9526723121637614e-05
3.153736539 1.6932875816223987e-05
3.154937505 1.543893687807677e-05
3.1561384710000002 1.196376284365763e-05
3.157339437 1.1228686698724466e-05
3.158540403 1.179698451537116e-05
3.159741369 1.3603924260817234e-05
3.160942335 1.4784276936964893e-05
3.162143301 1.1096034081058275e-05
3.163344267 9.318144677551236e-06
3.1645452329999997 7.218009065419898e-06
3.165746198 9.048589234295954e-06
3.166947164 1.122899026911339e-05
3.16814813 9.031435198004577e-06
3.169349096 1.0751751488124701e-05
3.170550062 9.142267715098996e-06
3.171751028 3.700569689293518e-06
3.172951994 1.9942016881121693e-06
3.17415296 4.485807176806414e-06
3.1753539259999997 6.4629223456418575e-06
3.176554892 7.580669532720955e-06
3.177755858 9.389815666489127e-06
3.1789568239999997 6.202808556712186e-06
3.18015779 5.900344173607056e-06
3.1813587560000003 7.686954945889468e-06
3.182559721 8.196555359222633e-06
3.183760687 6.003859290400057e-06
3.184961653 3.314963755918963e-06
3.186162619 2.7243003670813313e-06
3.187363585 2.8124881253073537e-06
3.188564551 3.5973766746858544e-06
3.1897655169999997 2.5131947622739306e-06
3.190966483 2.6524499992575565e-06
3.192167449 2.4416034042174064e-06
3.193368415 1.0270509028120967e-06
3.194569381 1.0855665232907463e-07
3.1957703470000003 1.4726465233533108e-06
3.196971313 3.2010127299730527e-06
3.198172279 1.5078549493653263e-06
3.1993732450000003 1.6281712649650834e-06
3.20057421 3.6050956305960834e-06
3.201775176 2.2159812653251287e-06
3.202976142 1.0393194124014126e-06
3.2041771079999997 5.880689486152927e-09
3.2053780740000004 1.686362594001034e-06
3.2065790400000003 4.146733104064911e-07
3.207780006 1.1283981505864963e-06
3.208980972 1.4842415246704621e-06
3.2101819380000003 1.4698601059015811e-06
3.211382904 2.107161351056728e-06
3.21258387 3.891944870504759e-07
3.213784836 6.661855327513418e-08
3.214985802 1.0257768552662537e-07
3.216186768 1.6108857786402976e-06
3.217387734 2.260150056255068e-06
3.218588699 1.0654009574800216e-07
3.219789665 1.19027923942592e-06
3.2209906310000003 1.865892417571969e-06
3.222191597 9.786406699621423e-07
3.223392563 7.104490508989724e-07
3.2245935290000003 3.709281924181792e-07
3.225794495 2.274376152220224e-07
3.226995461 4.6856353914225064e-07
3.228196427 3.018310934241361e-07
3.229397393 2.1535896988004734e-07
3.230598359 1.148937090086078e-06
3.231799325 3.338323666212975e-08
3.2330002909999997 4.555712590917867e-09
3.234201257 4.560324362636674e-09
3.235402223 4.564907899757418e-09
3.236603188 4.569463247188661e-09
3.237804154 4.573990578899786e-09
3.23900512 4.578490089056865e-09
3.240206086 4.132018054396761e-07
3.241407052 1.5973040616917931e-06
3.242608018 2.601621846605905e-07
3.2438089839999997 2.965293790649495e-07
3.24500995 4.158530946559424e-07
3.246210916 7.417314823062627e-07
3.2474118819999997 1.260611273015811e-06
3.248612848 2.1766983016824434e-06
3.249813814 1.5785534046047932e-07
3.2510147799999998 4.622854865664419e-09
3.252215746 3.420460212190314e-08
3.2534167120000004 5.879324213383353e-09
3.254617677 5.33991219863735e-09
3.255818643 7.277900963108287e-07
3.257019609 3.2256129913715716e-06
3.2582205749999997 1.4431640688404931e-06
3.259421541 1.1366495153218516e-08
3.260622507 5.816702992954499e-07
3.2618234729999998 3.9145818345050735e-07
3.2630244389999996 6.065749590029503e-09
3.2642254050000004 8.023300122794044e-08
3.265426371 4.1271126219655004e-07
3.266627337 4.76223864207843e-07
3.267828303 3.0698999122202194e-07
3.2690292690000002 4.694695321872494e-09
3.270230235 9.237069762399014e-09
3.271431201 4.5607237198345915e-07
3.2726321659999997 1.3312867431143886e-07
3.273833132 6.79373411287092e-09
3.275034098 4.710983283366241e-09
3.2762350639999998 4.714156625696824e-09
3.27743603 1.7112433722898648e-08
3.2786369960000004 2.457114028742949e-06
3.279837962 1.8416484578190305e-06
3.281038928 2.448139834656962e-07
3.282239894 6.248500612134656e-09
3.2834408600000002 8.243498822935106e-09
3.284641826 1.6620820627401207e-07
3.285842792 4.741235362609742e-09
3.287043758 4.7448623610339975e-09
3.288244724 4.748553390495467e-09
3.2894456890000003 4.75480224485444e-09
3.290646655 3.273058455382412e-07
3.291847621 1.5179300773663702e-06
3.2930485870000004 2.5574408431311714e-06
3.294249553 1.975269086449498e-06
3.295450519 1.3878204183111904e-06
3.296651485 7.887102367370108e-07
3.2978524510000002 8.137438151288576e-09
3.299053417 4.790311979505976e-09
3.300254383 7.38994661937568e-09
3.301455349 1.951245004514846e-06
3.302656315 1.498186364476006e-06
3.303857281 4.777203573063918e-07
3.305058247 8.368800155856823e-07
3.3062592129999997 8.018826928353138e-07
3.307460178 2.1597873548400195e-07
3.308661144 2.957766224903334e-07
3.30986211 4.821510276506828e-09
3.311063076 4.825047411669332e-09
3.312264042 4.833557010124897e-09
3.313465008 1.3182583101809154e-07
3.314665974 2.2083985141815655e-06
3.31586694 5.269774020319689e-07
3.317067906 5.067733180837022e-09
3.318268872 2.054951519757112e-07
3.319469838 4.85396116722399e-09
3.3206708039999997 4.85731610057663e-09
3.32187177 4.86052614021333e-09
3.323072736 6.55758650837804e-08
3.324273702 9.388898581466542e-07
3.325474667 5.910277283025293e-09
3.326675633 1.3048023122129552e-07
3.327876599 1.1477770730597639e-06
3.329077565 1.2175742444619618e-07
3.330278531 4.883024075973897e-09
3.3314794969999997 4.881048179951628e-09
3.332680463 4.879096203908783e-09
3.333881429 4.877165549848652e-09
3.3350823949999997 4.880990439057988e-09
3.336283361 4.879094900664615e-09
3.3374843270000003 4.877212154347361e-09
3.338685293 4.875339552397668e-09
3.339886259 4.873474440967686e-09
3.3410872250000003 4.8612065763172675e-09
3.342288191 4.84783870033358e-09
3.343489156 4.834455584432635e-09
3.344690122 4.821054616250277e-09
3.3458910879999997 4.807633272452303e-09
3.347092054 4.7941886813668166e-09
3.3482930200000003 4.780717934584618e-09
3.349493986 4.767219008659166e-09
3.350694952 4.742463264141514e-09
3.3518959180000003 4.709481236850583e-09
3.353096884 4.676438882693891e-09
3.35429785 4.643333967573624e-09
3.355498816 4.610166047539478e-09
3.356699782 4.576933626881529e-09
3.357900748 4.54363533791003e-09
3.359101714 4.510268040089169e-09
3.3603026799999998 4.4865255226740695e-09
3.361503645 4.491514271580806e-09
3.3627046110000003 4.496476690292898e-09
3.363905577 4.5014113269268156e-09
3.365106543 4.506314253687411e-09
3.3663075090000003 4.5111842599248065e-09
3.367508475 4.516022377983405e-09
3.368709441 4.520827539187506e-09
3.369910407 4.525598774427259e-09
3.371111373 4.561605355655962e-09
3.372312339 4.601750452626688e-09
3.373513305 4.6466724494849055e-09
3.3747142709999998 4.687920452426102e-09
3.375915237 4.7265147894493e-09
3.377116203 4.765097699922834e-09
3.378317169 4.803668890946194e-09
3.379518134 4.842229847401934e-09
3.3807191 7.33960995339269e-07
3.381920066 1.1235087489419602e-06
3.383121032 4.888666152202564e-09
3.384321998 4.900515915475518e-09
3.3855229639999997 4.912331672845791e-09
3.38672393 4.9241137511087056e-09
3.387924896 4.9358625793117624e-09
3.3891258619999998 4.947575158774616e-09
3.390326828 2.9205386594415403e-08
3.391527794 2.2728387548636013e-07
3.39272876 4.499031609501715e-07
3.3939297259999996 6.432257052528272e-07
3.3951306920000004 4.364112477573909e-07
3.3963316580000003 1.225941070392173e-06
3.397532623 2.9582050475623415e-06
3.398733589 3.5798074590765066e-06
3.3999345549999997 2.2235342961771043e-06
3.401135521 1.4517500893142832e-07
3.402336487 4.926342541934715e-09
3.4035374529999998 4.9227908599997045e-09
3.4047384189999996 4.919214006345637e-09
3.405939385 4.915613630663588e-09
3.407140351 4.911989676657161e-09
3.408341317 2.015686340245566e-07
3.4095422830000004 1.742028778660291e-06
3.4107432490000003 2.7907140775523438e-06
3.411944215 4.451716573769213e-06
3.413145181 5.0261925608035085e-06
3.4143461459999997 3.613004864847339e-06
3.415547112 2.0364776884783236e-06
3.416748078 1.8871119758506979e-06
3.4179490439999998 1.1779486964106221e-06
3.4191500099999996 6.988340291819583e-08
3.4203509760000004 4.899332654431258e-09
3.4215519420000002 4.901071778439234e-09
3.422752908 4.902813432081369e-09
3.423953874 8.275040992028136e-08
3.4251548400000003 1.2279946678690534e-06
3.426355806 1.2956971455910347e-06
3.427556772 2.3350175528716255e-06
3.428757738 3.2197174175636947e-06
3.429958704 3.6256003626782675e-07
3.43115967 5.226016484212191e-09
3.432360635 5.021619110478111e-09
3.433561601 3.4499901631034857e-08
3.4347625670000004 6.471368588032552e-07
3.4359635330000002 4.2644401818003015e-07
3.437164499 8.016147706002445e-07
3.438365465 2.5615447831216783e-06
3.4395664310000003 3.260629308057933e-06
3.440767397 3.4385016797493286e-06
3.441968363 1.2572070254799646e-07
3.443169329 4.911371215890068e-09
3.444370295 4.914509244877022e-09
3.445571261 3.6892102516374614e-08
3.446772227 5.191610458066319e-07
3.4479731929999997 1.1089247866869664e-06
3.449174159 1.5614746835287895e-06
3.4503751240000002 2.1664032933368736e-06
3.45157609 2.5416126214018844e-06
3.452777056 1.6894557504931035e-06
3.453978022 3.856744383069453e-07
3.455178988 5.1551217163852944e-09
3.456379954 4.918044048968951e-09
3.45758092 4.919134305244539e-09
3.458781886 4.92023918478538e-09
3.459982852 4.9213580621272774e-09
3.461183818 9.253161888960178e-09
3.4623847839999997 2.0756332437630544e-06
3.46358575 1.9456255835140726e-06
3.464786716 8.877387298313237e-07
3.4659876819999997 5.5919197132644724e-08
3.467188648 4.950571748540125e-09
3.468389613 4.955493003930782e-09
3.469590579 4.6621210779117295e-08
3.470791545 1.5817031498288767e-06
3.471992511 2.4934918107659987e-06
3.4731934769999997 2.6847728640391883e-06
3.474394443 2.9775476005117114e-06
3.475595409 2.8586160281802577e-06
3.4767963749999997 3.026865282734717e-06
3.4779973409999996 3.0012700871193067e-06
3.4791983070000003 1.3280380883361128e-06
3.480399273 4.6422341488633883e-07
3.481600239 2.7124360625897296e-06
3.4828012050000003 5.271266917153682e-06
3.484002171 4.956782237672001e-06
3.485203137 2.1709654858548562e-06
3.486404102 1.1453365204208868e-06
3.4876050679999997 2.1335084717593505e-06
3.488806034 4.2423287517882e-06
3.490007 4.9880434334320815e-06
3.491207966 6.759533753181068e-06
3.492408932 5.1263944264305135e-06
3.4936098980000003 3.5464217764485495e-06
3.494810864 5.800161729102881e-06
3.49601183 2.3448109273428636e-06
3.497212796 1.2995921950044742e-06
3.498413762 2.599917304055078e-06
3.499614728 3.7103763438921602e-06
3.500815694 2.78434867230327e-06
3.50201666 8.987620703681179e-07
3.503217626 5.0966845938204724e-09
3.5044185910000003 5.102044381948392e-09
3.505619557 8.256154334640869e-09
3.506820523 1.5657820147803474e-06
3.5080214890000003 1.658624753334116e-06
3.509222455 1.945711526155128e-07
3.510423421 7.07066125143188e-07
3.511624387 3.4473311270351275e-07
3.512825353 1.4772475786824079e-06
3.514026319 8.474315250277218e-07
3.515227285 6.408250405573116e-07
3.516428251 2.732966393297613e-06
3.517629217 3.1737133527627565e-06
3.518830183 2.4525850489953272e-06
3.520031149 2.7221671191206323e-07
3.521232114 5.191692549340997e-09
3.52243308 5.196648958251371e-09
3.523634046 5.201581554563678e-09
3.524835012 5.206490750433658e-09
3.526035978 1.4726561386434464e-08
3.527236944 3.779092942949621e-07
3.52843791 5.281610188566282e-07
3.529638876 1.7199662266368622e-06
3.530839842 1.8261486870185702e-06
3.532040808 2.3488358502174246e-06
3.533241774 1.4028024923185721e-06
3.53444274 7.762446474318816e-08
3.5356437059999997 5.252984052721614e-09
3.536844672 5.257091226745005e-09
3.5380456380000003 5.261182430203249e-09
3.539246603 8.591501357894307e-09
3.540447569 2.0597793808123565e-07
3.5416485349999998 1.3479695588618157e-06
3.542849501 1.0935840703539033e-06
3.544050467 1.1799085276747695e-07
3.545251433 7.923275966847084e-09
3.5464523989999996 1.2597616690505225e-07
3.547653365 7.088110527584285e-08
3.548854331 5.292697530992174e-09
3.5500552969999997 5.295218699468479e-09
3.5512562630000004 5.298852581920886e-09
3.5524572290000003 5.305498344194766e-09
3.553658195 7.948991352241825e-09
3.554859161 1.1975849453071446e-06
3.5560601270000003 4.3971531987565327e-07
3.557261092 5.313670419150657e-09
3.558462058 5.315702182344771e-09
3.559663024 5.317736862057057e-09
3.5608639899999996 5.3202372431788695e-09
3.562064956 5.322922901403192e-09
3.5632659220000003 5.325615027432775e-09
3.564466888 5.328313872607864e-09
3.565667854 5.331020217715272e-09
3.5668688200000003 5.3337348081168055e-09
3.568069786 5.336893027318602e-09
3.569270752 2.1676610935924546e-07
3.570471718 8.873356517981292e-07
3.571672684 8.001292975144201e-09
3.57287365 5.352113034622602e-09
3.574074616 5.3542351974839226e-09
3.575275581 5.356370926135658e-09
3.5764765470000004 5.3585194943792425e-09
3.5776775130000003 5.364739552131807e-09
3.578878479 5.36884857516754e-09
3.580079445 5.371000900213223e-09
3.5812804110000003 5.3726028345028965e-09
3.582481377 5.37421887929834e-09
3.583682343 5.375849171761241e-09
3.584883309 5.383023543315184e-09
3.586084275 5.3854158749566075e-09
3.587285241 5.387093461016803e-09
3.588486207 5.388785441326729e-09
3.5896871729999997 5.390491730585131e-09
3.590888139 5.3917218543505145e-09
3.592089105 5.39279400219045e-09
3.59329007 5.393880860374808e-09
3.594491036 5.394981011943811e-09
3.595692002 5.396094175949223e-09
3.596892968 5.397220041875466e-09
3.598093934 1.166095971658007e-08
3.5992949 1.6590967166514995e-06
3.600495866 4.2502784477356756e-07
3.601696832 1.9053281162745488e-07
3.602897798 5.049846008861662e-07
3.6040987639999997 2.4604271016519872e-06
3.60529973 2.8672108912899136e-06
3.606500696 1.388365023991844e-06
3.6077016619999998 8.468538756955312e-09
3.6089026279999996 5.415490568181225e-09
3.6101035940000004 5.950215867014858e-07
3.611304559 3.986408392867956e-06
3.612505525 2.855777646575728e-06
3.613706491 1.273992686384644e-06
3.6149074569999997 2.810702452457244e-08
3.616108423 5.4201199638485e-09
3.617309389 5.420817189641518e-09
3.6185103549999997 5.421516555722039e-09
3.619711321 5.426521891127682e-09
3.620912287 5.428898479017783e-09
3.622113253 5.4295051202304785e-09
3.623314219 1.002301462446836e-08
3.6245151850000004 4.609438831333439e-07
3.625716151 4.402715999387636e-07
3.626917117 5.431918848515117e-09
3.628118082 5.432515594201996e-09
3.6293190479999997 5.433108249519462e-09
3.630520014 5.43399518219639e-09
3.63172098 2.2008904348223502e-07
3.6329219459999997 9.101134588561501e-09
3.6341229119999996 5.437798020476124e-09
3.6353238780000003 7.613354811883949e-08
3.636524844 8.018358468472804e-07
3.63772581 6.032599381148368e-07
3.638926776 6.113943479803487e-08
3.640127742 5.444062663690613e-09
3.641328708 2.3562417673979444e-08
3.642529674 1.1500913241941472e-06
3.6437306400000002 1.3687062658817682e-06
3.644931606 1.2708861316563873e-07
3.646132571 5.4532331348301494e-09
3.647333537 5.455035957544517e-09
3.648534503 5.456828049079066e-09
3.6497354690000003 5.4632720795669065e-09
3.650936435 5.4672618412728195e-09
3.652137401 5.46971532090083e-09
3.653338367 5.472157150299794e-09
3.6545393330000002 5.474587695719266e-09
3.655740299 5.477006887457269e-09
3.656941265 5.47941468626557e-09
3.658142231 5.481810009203029e-09
3.659343197 5.484193519673087e-09
3.660544163 5.486257388449017e-09
3.661745129 5.487937695807301e-09
3.6629460949999997 5.489606618839961e-09
3.66414706 5.4912632627570504e-09
3.665348026 5.492908490869603e-09
3.666548992 5.494542889038587e-09
3.667749958 5.4961666830861916e-09
3.6689509240000002 5.497780124371518e-09
3.67015189 5.505599868843605e-09
3.671352856 5.507877737043846e-09
3.672553822 5.510146444536872e-09
3.673754788 5.512406325924176e-09
3.674955754 5.514657733280167e-09
3.67615672 5.516900305599712e-09
3.6773576859999997 1.3271878304306531e-08
3.678558652 5.225920754543022e-07
3.679759618 4.97728703911379e-07
3.680960584 9.78923943636021e-07
3.682161549 1.5422873743692521e-06
3.683362515 2.8460303960455806e-06
3.684563481 3.3957238395567697e-06
3.685764447 1.3111087158430606e-06
3.686965413 7.395699902637151e-08
3.6881663789999997 2.0548710264409785e-07
3.689367345 1.1532203836388282e-06
3.690568311 8.42965484346246e-08
3.6917692769999997 5.543213184170742e-09
3.6929702430000004 5.544023062628891e-09
3.6941712090000003 5.551264392175743e-09
3.695372175 6.089589323290887e-09
3.696573141 1.4213918038663261e-06
3.6977741070000003 2.0259277745843923e-06
3.698975073 8.409023869250116e-07
3.700176038 1.5791164159689293e-08
3.701377004 5.5561634949743205e-09
3.7025779699999997 5.557010398801482e-09
3.703778936 3.140904021693025e-08
3.704979902 1.7442496574635161e-06
3.706180868 2.508557387940579e-06
3.707381834 1.9710407597553755e-06
3.7085828000000003 4.2680892520584967e-07
3.709783766 6.349786570326344e-09
3.710984732 3.127793046620544e-07
3.712185698 1.6769093868146335e-06
3.713386664 2.2093151428239257e-06
3.71458763 2.0845624728796917e-06
3.715788596 1.4434515463330047e-06
3.716989562 1.0210277352996565e-06
3.7181905270000004 2.7606954770491763e-06
3.7193914930000003 2.8007032049144067e-06
3.720592459 1.2419407494271892e-06
3.721793425 6.234206848465642e-09
3.7229943910000003 5.579050508464764e-09
3.724195357 5.580648077889585e-09
3.725396323 5.582252610564526e-09
3.726597289 5.583864035290065e-09
3.727798255 5.585482307430068e-09
3.728999221 2.1868643110024025e-08
3.730200187 1.7083209682750056e-06
3.7314011529999997 9.89924913074057e-07
3.732602119 5.592122318747164e-09
3.733803085 5.5938189982300086e-09
3.7350040509999998 5.595547916270903e-09
3.736205016 5.603716759272723e-09
3.7374059820000003 5.605433460633999e-09
3.738606948 5.607155253511816e-09
3.739807914 2.1786213685028674e-08
3.74100888 7.055669758231133e-07
3.742209846 2.2584465209445736e-07
3.743410812 6.19084776227002e-09
3.744611778 4.82065849666301e-07
3.7458127439999997 2.090578923204049e-06
3.74701371 1.5430960616371874e-06
3.748214676 2.9700667005757996e-08
3.7494156419999998 5.623535157301839e-09
3.7506166079999996 5.624570862764633e-09
3.751817574 5.625598086342096e-09
3.753018539 5.626624712111572e-09
3.754219505 5.627650188460632e-09
3.755420471 5.628673810412517e-09
3.7566214369999997 5.629695010639475e-09
3.757822403 5.6307131987424e-09
3.759023369 5.631727736481308e-09
3.7602243349999998 5.632740680511248e-09
3.761425301 1.3451319131834527e-08
3.762626267 3.606342905438263e-07
3.7638272329999998 2.2201223230998614e-07
3.765028199 6.1971610149870685e-09
3.7662291650000004 5.6377830938130274e-09
3.7674301310000002 5.6387690043099436e-09
3.768631097 5.639746067227841e-09
3.769832063 5.640713656930268e-09
3.7710330279999997 5.641609375281436e-09
3.772233994 5.642483196865705e-09
3.77343496 5.643345530304178e-09
3.7746359259999998 5.644196428564787e-09
3.7758368919999996 5.645035223882514e-09
3.7770378580000004 5.652394988947198e-09
3.778238824 5.653205815678117e-09
3.77943979 5.654002090889134e-09
3.780640756 5.655196358028798e-09
3.7818417220000002 9.128898140417864e-09
3.783042688 4.6342362879193757e-07
3.784243654 1.5222674980164134e-06
3.7854446200000003 7.041987297632679e-07
3.786645586 1.6073197846795465e-08
3.787846552 5.664177533775897e-09
3.7890475169999998 1.944464037452651e-08
3.790248483 8.566651764605804e-08
3.7914494490000004 5.666750244079867e-09
3.792650415 5.66674180951176e-09
3.793851381 5.6667130838381795e-09
3.795052347 5.66666306713459e-09
3.7962533130000002 5.66659017272089e-09
3.797454279 5.666496118466972e-09
3.798655245 5.666380686811848e-09
3.799856211 5.666243696763899e-09
3.801057177 5.667333657813053e-09
3.802258143 5.668569939570097e-09
3.803459109 5.66978451104357e-09
3.8046600749999997 5.670977289616688e-09
3.805861041 5.672148213223272e-09
3.807062006 5.673296390098538e-09
3.808262972 5.674420731953288e-09
3.809463938 5.675523251262881e-09
3.8106649040000002 5.67618486244991e-09
3.81186587 5.676486812153102e-09
3.813066836 5.676766234781032e-09
3.814267802 5.677022398190995e-09
3.815468768 5.677257365251397e-09
3.816669734 5.677471368079183e-09
3.8178707 5.68337974258748e-09
3.8190716659999997 5.6844005992532694e-09
3.820272632 5.684569225251517e-09
3.821473598 5.6847800694983695e-09
3.8226745639999997 5.684971595738789e-09
3.8238755299999996 5.6851442014618306e-09
3.825076495 5.685297447976148e-09
3.826277461 5.68543133188342e-09
3.827478427 5.685547764643179e-09
3.828679393 5.685647251072146e-09
3.829880359 5.685730317448809e-09
3.831081325 5.685781913469637e-09
3.832282291 5.685815555335188e-09
3.8334832569999997 5.685834619623028e-09
3.834684223 5.6858397110427245e-09
3.835885189 5.68583146120367e-09
3.837086155 5.685809909791793e-09
3.838287121 5.687591548615991e-09
3.8394880870000003 5.692054660196426e-09
3.840689053 5.69197396258862e-09
3.841890019 5.691865137612856e-09
3.843090984 5.69174679601626e-09
3.8442919499999997 5.691619711416217e-09
3.845492916 5.691485119864022e-09
3.846693882 5.691353784605745e-09
3.8478948479999997 5.6912237372202255e-09
3.849095814 5.69108823730769e-09
3.8502967800000003 5.6909337709288845e-09
3.851497746 5.690731858347186e-09
3.852698712 5.690527074971691e-09
3.8538996780000003 5.690320164004067e-09
3.855100644 5.69011199575947e-09
3.85630161 5.689903453923818e-09
3.857502576 5.69299715338329e-09
3.858703542 5.696057771704444e-09
3.859904507 5.695851998940345e-09
3.8611054730000003 5.695713417651869e-09
3.862306439 5.695584040789892e-09
3.863507405 5.69545867287841e-09
3.8647083710000003 5.695337987290729e-09
3.865909337 5.6952226522508905e-09
3.867110303 5.695114038929356e-09
3.868311269 5.695012784412868e-09
3.869512235 5.6949189495505875e-09
3.870713201 5.6947573568921e-09
3.871914167 5.694552569557607e-09
3.8731151329999998 5.694357974941845e-09
3.874316099 5.694173969599216e-09
3.875517065 5.6940003616325124e-09
3.876718031 5.6938376496698415e-09
3.877918996 5.693686322773015e-09
3.8791199620000003 5.693548098003429e-09
3.880320928 5.693461675184287e-09
3.881521894 5.693493884627608e-09
3.88272286 5.6935392773919106e-09
3.883923826 5.693598222277225e-09
3.885124792 5.6936725444394754e-09
3.886325758 5.6937620426934605e-09
3.8875267239999998 5.693866117799789e-09
3.88872769 5.693985029466452e-09
3.889928656 5.694119017423913e-09
3.891129622 5.694209651252738e-09
3.8923305879999996 5.694312897963365e-09
3.893531554 5.694431823363062e-09
3.89473252 5.694566559251067e-09
3.895933485 5.694717212328919e-09
3.897134451 5.695768787896356e-09
3.8983354169999997 5.701639740695594e-09
3.899536383 5.701841450340536e-09
3.900737349 5.702012027508879e-09
3.9019383149999998 5.702168963797031e-09
3.903139281 5.702343772201197e-09
3.904340247 5.702535341086459e-09
3.905541213 5.70274276454708e-09
3.9067421789999996 5.702965923574607e-09
3.9079431450000004 5.703204676245094e-09
3.9091441110000003 5.703460682559035e-09
3.910345077 5.703773172981735e-09
3.911546043 7.78306219224897e-09
3.9127470090000003 9.62277030499716e-07
3.913947974 1.5040523946799124e-08
3.91514894 5.711914598180004e-09
3.9163499059999998 5.712403138931422e-09
3.9175508719999996 5.7129053066618165e-09
3.918751838 5.713420787504415e-09
3.9199528040000002 5.71394924480613e-09
3.92115377 5.714514261924653e-09
3.922354736 5.715091488953089e-09
3.9235557020000003 5.7156771914742744e-09
3.924756668 5.716274298860635e-09
3.925957634 5.7168824087835875e-09
3.9271586000000003 6.773687049650169e-08
3.928359566 8.194849337514179e-07
3.929560532 1.6126487345633968e-06
3.930761498 9.389039729452363e-07
3.9319624629999996 9.612851415499004e-09
3.9331634290000004 5.720500179856708e-09
3.9343643950000002 5.721081482793233e-09
3.935565361 5.721669975370999e-09
3.936766327 5.722265183667922e-09
3.9379672930000003 5.729244161815789e-09
3.939168259 5.730068652828783e-09
3.940369225 3.9571911466652024e-08
3.941570191 5.913278109931918e-07
3.942771157 2.545536319996275e-07
3.943972123 7.039216198239089e-09
3.945173089 5.736293208981751e-09
3.946374055 5.737649367647303e-09
3.947575021 5.7390079042802736e-09
3.948775987 5.740368347935865e-09
3.949976952 5.741730245402094e-09
3.951177918 5.742283227654505e-09
3.9523788840000003 5.7428206760812955e-09
3.95357985 5.743357954323129e-09
3.954780816 5.743894646860068e-09
3.955981782 5.7444303322196e-09
3.957182748 5.744964726094651e-09
3.958383714 5.745497235801015e-09
3.95958468 5.746027478012643e-09
3.9607856459999997 5.746601874778408e-09
3.961986612 5.747198029258821e-09
3.963187578 5.747790728895055e-09
3.9643885439999997 5.748379706832984e-09
3.9655895099999996 5.7489646597984434e-09
3.9667904760000003 5.749545295552215e-09
3.967991441 5.750121333137745e-09
3.969192407 1.1412803237241561e-07
3.970393373 6.603220004218167e-07
3.971594339 8.478557591400575e-08
3.972795305 5.956117340964059e-09
3.973996271 5.759779989435326e-09
3.9751972369999997 5.760465330267427e-09
3.976398203 5.761144529449714e-09
3.977599169 5.765790198676897e-09
3.9788001349999997 5.76911519355559e-09
3.980001101 5.7697759101497926e-09
3.9812020670000003 5.770303490032006e-09
3.982403033 5.770824404877981e-09
3.983603999 5.771338621368042e-09
3.984804964 5.771846123704561e-09
3.9860059299999997 5.772346886666472e-09
3.987206896 5.772840403440395e-09
3.988407862 5.7733272589640975e-09
3.9896088279999997 5.7738075160298164e-09
3.9908097939999996 5.77427739993486e-09
3.9920107600000003 5.774738962465017e-09
3.993211726 5.77519372796048e-09
3.994412692 5.7756423291041216e-09
3.9956136580000003 5.776084908001499e-09
3.996814624 5.776521622482486e-09
3.99801559 5.77695262233487e-09
3.999216556 5.7773778065278975e-09
4.000417522 5.777764742588952e-09
4.001618488 5.7780848570588105e-09
4.002819453 5.778400527289831e-09
4.004020419 5.778712001282924e-09
4.005221385 5.779019457791997e-09
4.006422351 5.779323352505969e-09
4.007623317 5.779623976084111e-09
4.008824283 5.7799216408785e-09
4.010025249 5.780231268355485e-09
4.011226215 5.781218630285736e-09
4.012427181 5.782204157949666e-09
4.0136281469999995 5.78318820537898e-09
4.014829112999999 5.784171127727526e-09
4.016030079 5.785153334801315e-09
4.017231045 5.786135500841175e-09
4.018432011 5.789991571009019e-09
4.0196329770000006 5.79475339815093e-09
4.020833942 5.800634949703166e-09
4.022034908 5.802024093630343e-09
4.023235874 5.802348467184445e-09
4.02443684 5.802674873314329e-09
4.025637806 5.803003707206242e-09
4.026838772 5.803335359834737e-09
4.028039738 5.803670412097133e-09
4.029240704 5.804009886032016e-09
4.03044167 5.804338026077354e-09
4.031642636 7.003101442702824e-09
4.032843602 4.161968107159532e-07
4.034044568 1.1485770271062462e-06
4.035245534 1.253155173252147e-06
4.0364465 1.449856547494673e-06
4.037647466 1.545628681530113e-06
4.038848431 1.505507407300764e-06
4.040049397000001 9.03573794096255e-08
4.0412503630000005 5.8080465791343084e-09
4.042451329 5.809120665139916e-09
4.043652295 5.810203012487228e-09
4.044853261 5.8112939340142765e-09
4.046054227 8.499589401584838e-09
4.047255193 7.969305241169954e-08
4.048456159 8.612784965425199e-09
4.049657125 5.815754993661307e-09
4.050858091 5.816387503586779e-09
4.052059057 5.816827945828896e-09
4.053260023 5.817280093007223e-09
4.054460989 5.817742804411667e-09
4.055661955 5.818216259280394e-09
4.05686292 5.818700618465674e-09
4.058063886 5.819196682865991e-09
4.059264852 5.819705350220519e-09
4.060465818 5.823343843359574e-09
4.061666784 5.8274603466650065e-09
4.06286775 5.828018835806728e-09
4.064068716 5.828589640266199e-09
4.065269682 5.829173465811524e-09
4.066470648 5.829768957885668e-09
4.067671614 5.830376124602719e-09
4.06887258 5.830994954013631e-09
4.070073546 5.83166934909365e-09
4.071274512 5.8330184109207e-09
4.072475477999999 5.8374514145923465e-09
4.073676444 5.842214079890399e-09
4.074877409 5.843599409519168e-09
4.076078375 5.844996916714492e-09
4.077279341 5.846406888995158e-09
4.0784803069999995 5.847827916434062e-09
4.079681273 5.8492598292634035e-09
4.080882239 5.850183053974105e-09
4.082083205 5.850928489529856e-09
4.083284171 5.851668121583478e-09
4.084485137 5.852417521564864e-09
4.085686103 5.853176425302237e-09
4.086887069 5.85394455171947e-09
4.088088035 5.8547223430549446e-09
4.089289001 5.85550963674673e-09
4.090489967 5.856302629258747e-09
4.091690932 5.857099838911972e-09
4.0928918979999995 5.8579045397592166e-09
4.094092864 5.858717023420186e-09
4.09529383 5.859536934854124e-09
4.096494796 5.860363073038676e-09
4.097695762 5.8611950259526036e-09
4.098896728 5.862032365091389e-09
4.1000976940000005 5.8628199940602e-09
4.10129866 5.862989153783161e-09
4.102499626 5.863162009470365e-09
4.103700592 5.868048739785388e-09
4.104901558 5.870241133917835e-09
4.106102524 5.870422792497547e-09
4.1073034900000005 5.870606462306627e-09
4.1085044559999995 5.870791243297941e-09
4.109705420999999 5.870976610955154e-09
4.110906387 5.871640006222083e-09
4.112107353000001 2.4289695275255952e-08
4.113308319 7.044543116471313e-07
4.1145092850000005 9.6293139765754e-07
4.115710251 9.597688272535335e-07
4.116911217 1.167313655908588e-06
4.118112183 1.8390252359423716e-06
4.119313149 2.0781010751442805e-06
4.120514115 8.500493434677811e-07
4.1217150810000005 9.282297910423945e-08
4.1229160469999995 5.886367486568818e-09
4.124117013 5.887211846086111e-09
4.125317979 5.888049260184058e-09
4.126518945 5.888879343055485e-09
4.12771991 5.889701535343229e-09
4.1289208760000005 5.890515286242183e-09
4.130121841999999 5.8912478568955455e-09
4.131322808 5.89133574844541e-09
4.132523774 5.891413242812123e-09
4.13372474 5.8914798017375396e-09
4.134925706 5.891534903495497e-09
4.1361266720000005 6.544992935416275e-09
4.1373276379999995 2.530878268319576e-07
4.138528604 1.777997407068385e-06
4.13972957 3.000128141392543e-06
4.140930536 2.820335244552501e-06
4.142131502 1.968365659387904e-06
4.143332468 1.1175018419209084e-07
4.1445334339999995 5.896535403285752e-09
4.145734399 5.8977994796534e-09
4.146935365 5.89904737691206e-09
4.148136331 5.907035954497551e-09
4.149337297 5.908249568081296e-09
4.1505382630000005 5.909140209431832e-09
4.1517392289999995 5.909636807885779e-09
4.152940195 5.910115028140403e-09
4.154141160999999 5.910572956350629e-09
4.155342127 5.911011100517479e-09
4.156543093 5.911429801487539e-09
4.157744059 5.911828765257214e-09
4.158945025 5.912207718230242e-09
4.160145991 5.913526983898663e-09
4.161346957 1.1229868750824443e-08
4.162547923 3.709000866713435e-07
4.163748888 1.6324693819361902e-06
4.1649498540000005 3.0328283746590456e-06
4.1661508199999995 3.4519788500913198e-06
4.167351786 3.0513733262916645e-06
4.168552751999999 2.263878011448838e-06
4.169753718 1.9331794009672076e-06
4.170954684000001 1.738741059097801e-06
4.17215565 2.140458021884253e-06
4.173356616 2.781470082537758e-06
4.174557582 3.6622072508344076e-06
4.175758548 4.3841871038250565e-06
4.176959514 3.988711462267792e-06
4.17816048 2.6238408260046378e-06
4.179361446 1.1471946396721703e-06
4.1805624120000004 6.559510544420374e-07
4.181763377 6.336896574977907e-07
4.182964343 4.223837439481692e-07
4.184165309 9.539712234291582e-09
4.185366275000001 5.922659997999712e-09
4.186567241 1.1247496766351764e-08
4.187768207 3.0300504700667265e-07
4.188969173 4.779061598361387e-07
4.190170139 6.782635008118645e-08
4.191371105 5.921991336131408e-09
4.192572071 5.921750114865207e-09
4.193773037 5.926726490462757e-09
4.1949740030000005 5.9279832316091e-09
4.196174968999999 5.92768105444195e-09
4.197375935 5.927359678141075e-09
4.198576901 5.927019720007865e-09
4.199777866000001 6.4538657461560376e-09
4.200978832 1.5239544633429366e-07
4.202179798 9.065747241971904e-07
4.203380764 1.2952773159324093e-06
4.20458173 1.0171803039983192e-06
4.205782696 9.763298192465333e-07
4.206983662 7.998853902710279e-07
4.208184628 4.7000622325279775e-07
4.2093855940000005 1.5468543007681786e-08
4.210586559999999 1.9911085604192528e-08
4.211787526 3.178504373945566e-07
4.212988492 1.0498546479537287e-08
4.214189458 5.9276525553354004e-09
4.215390424 5.927221733749829e-09
4.216591389 5.926778870908822e-09
4.217792354999999 5.926324439698417e-09
4.218993321 5.9258589239752e-09
4.220194287 5.925360709683231e-09
4.221395253 5.924742627533078e-09
4.222596219 5.924115083984289e-09
4.2237971850000005 5.9234785776420515e-09
4.224998150999999 5.92283359746414e-09
4.226199117 5.922180122172192e-09
4.227400083 5.921519279652078e-09
4.228601049 5.920851570081186e-09
4.229802015000001 1.3650749627264304e-07
4.231002981 2.1003851311442025e-06
4.232203947 2.5161097154026203e-06
4.233404913 1.452624216814956e-06
4.234605878 1.4224888390927898e-07
4.235806844 5.916926779115435e-09
4.23700781 5.916265843874982e-09
4.2382087760000005 5.9156021449877756e-09
4.239409741999999 5.91493605730845e-09
4.240610708 5.914217881649599e-09
4.241811673999999 5.913449788925522e-09
4.24301264 9.81448276220708e-09
4.244213606000001 2.6443377495927945e-07
4.245414572 1.2786165157839002e-06
4.246615538 2.248982657697449e-06
4.247816504 1.563863000951127e-06
4.24901747 2.389051816669381e-08
4.250218436 5.921325615458485e-09
4.251419402000001 5.920453273826001e-09
4.2526203670000005 5.919583138830996e-09
4.253821332999999 3.358751753722337e-08
4.255022299 1.553570765485267e-06
4.256223265 1.9102813434155085e-06
4.257424231 2.305965879976409e-06
4.258625197000001 3.973588008585122e-06
4.259826163 4.124463304592078e-06
4.261027129 1.6088997764040713e-06
4.262228095 1.9903898911729064e-06
4.263429061 1.3325935663658104e-06
4.264630027 3.2262166405599055e-08
4.265830993 5.86259933380077e-09
4.267031959 5.8519711629132075e-09
4.268232925 5.841351818306965e-09
4.269433890999999 5.83074029546604e-09
4.270634856 5.8175277502786775e-09
4.271835822 5.801997424792129e-09
4.273036788000001 5.786476274007932e-09
4.274237754 6.4978796964961905e-09
4.27543872 1.8459518216679131e-07
4.276639686 1.8051445840483726e-06
4.277840652 4.3769448275010975e-06
4.279041618 3.630288860128487e-06
4.280242584 1.4943735140082744e-07
4.28144355 1.280419083377815e-06
4.282644516 2.250527347321106e-06
4.283845481999999 1.0078333171792025e-06
4.285046448 1.6059170463418013e-07
4.286247414 9.81217378376178e-07
4.28744838 4.201561204557898e-06
4.288649345 6.333784783383802e-06
4.289850311 8.59985619174073e-06
4.291051276999999 8.252390944166606e-06
4.292252243 6.565291600119923e-06
4.293453209 4.2681154304921364e-06
4.294654175 3.917385096664591e-06
4.295855141 3.713003544253366e-06
4.297056107 5.2925448003914085e-06
4.298257072999999 5.9280693423592495e-06
4.299458039 5.937827706817026e-06
4.300659005000001 6.122822827840365e-06
4.301859971 7.378663120862119e-06
4.303060937000001 8.72812912938105e-06
4.304261903 8.23159546844674e-06
4.305462869 6.926042024920014e-06
4.306663834 4.366245960823429e-06
4.3078648 2.0229907607433594e-06
4.309065766 3.2910872457730644e-08
4.310266732 1.6090557944820975e-08
4.311467698 4.951573988098169e-07
4.312668663999999 4.7062886012820047e-07
4.31386963 7.576794488285385e-08
4.315070596 6.110058092216212e-09
4.316271562 3.294722240612197e-07
4.317472528000001 4.524899614976231e-06
4.318673494 1.1368125036734376e-05
4.31987446 1.2529189364458633e-05
4.321075426 1.0566956471466262e-05
4.322276392 8.335483070175047e-06
4.323477357 4.94900807131636e-06
4.324678323 3.392294839027727e-06
4.325879289 2.620988635453065e-06
4.327080255 3.0324812208321182e-06
4.328281221 5.9476544543267285e-06
4.329482187 8.653890523755508e-06
4.330683153 7.621738598080503e-06
4.331884119000001 5.295709361921031e-06
4.333085085 4.268546892945473e-06
4.334286051 1.9970078816888273e-06
4.335487017 2.3069053661784572e-06
4.336687983 2.5727244729113734e-06
4.337888949 3.0620463515107467e-06
4.339089915 3.1547751463423196e-06
4.340290881 2.755813820489107e-06
4.341491846 1.6784031297324058e-06
4.342692812 1.2472017402824034e-06
4.343893778 2.8243969935409263e-06
4.345094744 5.187483641308583e-06
4.346295710000001 7.0686395598084044e-06
4.347496676 8.659077713034031e-06
4.348697642 9.429594190162207e-06
4.349898608 9.2411783751363e-06
4.351099574 1.0075591435199524e-05
4.35230054 1.1562485280104962e-05
4.353501506 1.2776435960403434e-05
4.354702472 1.2784243799562534e-05
4.355903438 1.1801519947084361e-05
4.357104403999999 1.0867890548145573e-05
4.35830537 1.0516089077378305e-05
4.359506335 1.1002552580483812e-05
4.360707301000001 1.176243144560825e-05
4.361908267 1.2418759838498558e-05
4.363109233 1.1462779163926404e-05
4.364310198999999 1.0091536853258414e-05
4.365511165 8.443767446318174e-06
4.366712131 9.191877547711666e-06
4.367913097 9.80017989063808e-06
4.369114063 9.688382662713109e-06
4.370315029 8.03190174602566e-06
4.371515994999999 7.685873860591187e-06
4.372716961 9.372986018974825e-06
4.373917927000001 1.1192470407948585e-05
4.375118893 1.3020262516032557e-05
4.3763198590000005 1.3120206731810927e-05
4.377520824 1.3698371007653054e-05
4.378721789999999 1.5403925007270208e-05
4.379922756 1.558404638078104e-05
4.381123722 1.4256651336869888e-05
4.382324688 1.0903218998292042e-05
4.383525654 8.371891720458912e-06
4.38472662 6.298195393230627e-06
4.385927586 6.8440680721152435e-06
4.387128552 7.790931853883131e-06
4.388329518 8.418003734854363e-06
4.389530484 8.022219118401768e-06
4.3907314500000005 7.950306510447521e-06
4.3919324159999995 9.076918975899947e-06
4.393133382 1.2193100965856911e-05
4.394334348 1.5201479602837595e-05
4.395535313 1.752395030333572e-05
4.396736279 1.3890950017965013e-05
4.3979372450000005 1.0508399891594354e-05
4.399138211 7.817898533319817e-06
4.400339177 8.450390766851378e-06
4.401540143 1.0391129078108957e-05
4.402741109 1.1088637765087221e-05
4.403942075 9.381833331828109e-06
4.4051430410000005 8.170932307736964e-06
4.4063440069999995 7.780613301393381e-06
4.407544973 7.424246635101868e-06
4.408745939 6.877952044624437e-06
4.409946905 5.745433644696088e-06
4.411147871 6.732665309957968e-06
4.412348837 8.110839257405197e-06
4.413549802 8.89133036425208e-06
4.414750768 9.418258571389374e-06
4.415951734 8.525725124269961e-06
4.4171527 5.737605428531575e-06
4.418353666 5.614229829957883e-06
4.4195546320000005 6.336803624105778e-06
4.4207555979999995 7.240473594004402e-06
4.421956564 8.175190994407825e-06
4.42315753 8.10872901805683e-06
4.424358496 4.6447922177963685e-06
4.425559462 4.417834354063202e-06
4.426760428 1.593206453463277e-06
4.4279613939999996 1.7136308577506968e-07
4.42916236 7.328365017675921e-09
4.430363325999999 1.3856642205540339e-07
4.431564291 2.8374807061802207e-06
4.432765257 4.7960702254733275e-06
4.4339662230000005 4.636561075646997e-06
4.4351671889999995 3.5445741325434048e-06
4.436368155 3.0404919694610014e-06
4.437569121 3.062967365042617e-06
4.438770087 3.1553492636857432e-06
4.439971053 2.444325115669378e-06
4.441172019 2.6464195688467014e-06
4.4423729849999996 5.109778122107417e-06
4.443573951 8.011552359152427e-06
4.444774917 1.1421917341679198e-05
4.445975883 1.1969642454325645e-05
4.447176849000001 1.1489920194596219e-05
4.4483778140000005 1.053443421687923e-05
4.4495787799999995 8.343513020930861e-06
4.450779746 5.453598933858278e-06
4.451980711999999 4.7865355915366605e-06
4.453181678 4.939846870204575e-06
4.454382644 5.529071118769281e-06
4.45558361 5.804075346667454e-06
4.456784576 4.95867841304991e-06
4.457985542 3.430466131878462e-06
4.459186508 2.9734637809544633e-06
4.460387474 2.280431086557582e-06
4.461588440000001 2.7907797587326133e-06
4.462789406 4.940024144582165e-06
4.4639903720000005 7.8550543387259e-06
4.4651913379999995 1.0059381952895439e-05
4.466392302999999 1.0787019091250076e-05
4.467593269 7.868789706099084e-06
4.468794235000001 2.4232299078626972e-06
4.469995201 1.0072268203812044e-06
4.471196167 2.045736989372587e-06
4.472397133 4.819545807359512e-06
4.473598099 7.387149734130064e-06
4.474799065 7.539886606180056e-06
4.476000031 8.710755823282562e-06
4.477200997 1.0311928165595316e-05
4.4784019630000005 1.0094873246033684e-05
4.4796029289999995 7.971197404473709e-06
4.480803895 5.66704535475938e-06
4.482004861 4.1833692298906515e-06
4.483205827 4.156863442270717e-06
4.484406792 4.350682088767926e-06
4.4856077580000004 4.715229644522015e-06
4.486808724 5.007008283494173e-06
4.48800969 4.892040858506234e-06
4.489210656 4.916121669732195e-06
4.490411622 4.771601758716112e-06
4.491612588 5.3687833819233065e-06
4.4928135540000005 5.535071920604141e-06
4.4940145199999995 5.209535042656642e-06
4.495215486 4.104758257657577e-06
4.496416452 4.993697668385962e-06
4.497617418 5.128722406927889e-06
4.498818384 5.112910178921454e-06
4.50001935 5.388816373919789e-06
4.5012203159999995 6.375369736674304e-06
4.502421281 6.5588697251592305e-06
4.503622247 5.427892425775942e-06
4.504823213 4.1645294486630224e-06
4.506024179 4.012428249831115e-06
4.5072251450000005 4.549959381600321e-06
4.5084261109999995 5.84010797765369e-06
4.509627077 7.392952010480672e-06
4.510828043 8.520816885906979e-06
4.512029009 8.857401047350546e-06
4.513229975 7.508724445772031e-06
4.514430941 6.164437269614096e-06
4.515631907 5.314058719354897e-06
4.516832873 5.704372347294913e-06
4.518033839 6.302092966176711e-06
4.519234805 6.294308492253409e-06
4.52043577 5.841756623967997e-06
4.5216367360000005 4.133149076709544e-06
4.5228377019999995 1.41860954719936e-06
4.524038668 1.4420311713790892e-06
4.525239633999999 2.262693073581832e-06
4.5264406 3.425337359467274e-06
4.527641566000001 5.239148470411313e-06
4.528842532 5.535318712440684e-06
4.530043498 5.492292067223186e-06
4.531244464 5.158586399973127e-06
4.53244543 5.148577322106138e-06
4.533646396 4.634378721905805e-06
4.534847362000001 2.676273210463557e-06
4.536048328 1.3692015648621947e-06
4.537249294 7.52277863827249e-07
4.538450259 9.768562051684964e-07
4.539651224999999 4.938125624389508e-06
4.540852191 9.321683326465218e-06
4.542053157000001 1.1195149598321002e-05
4.543254123 1.0721121209994596e-05
4.544455089 1.0269079862322777e-05
4.545656055 9.236168561730698e-06
4.546857021 6.453756473247188e-06
4.548057987 4.971855883400623e-06
4.549258953 3.191573215673491e-06
4.550459919 2.768540266557006e-06
4.551660885 3.402642879936216e-06
4.552861850999999 4.288322346439611e-06
4.554062817 5.636334113331931e-06
4.555263782 5.938046540853809e-06
4.556464748000001 5.691180353348603e-06
4.557665714 5.320016153264789e-06
4.55886668 5.391654339738023e-06
4.560067646 6.225091971926983e-06
4.561268612 7.231922147346749e-06
4.562469578 8.148389270394509e-06
4.563670544 9.623413339670521e-06
4.56487151 1.1410428924062591e-05
4.566072476 1.2553542058713342e-05
4.567273441999999 1.3378624243069753e-05
4.568474408 1.3354500023833768e-05
4.569675374 1.2541787985496234e-05
4.57087634 1.112886841103314e-05
4.572077306 1.0068341085244524e-05
4.573278271 1.0399477922961018e-05
4.574479236999999 1.0234881224343151e-05
4.575680203 9.383464600583567e-06
4.576881169 7.207499190296201e-06
4.578082135 6.6978066627810706e-06
4.579283101 7.009681579346681e-06
4.580484067 7.279953696787798e-06
4.581685032999999 7.852476952773092e-06
4.582885999 9.39150051394411e-06
4.584086965 1.018769373144272e-05
4.585287931 9.242728214389947e-06
4.586488897000001 6.865018142695713e-06
4.587689863 5.286027255049511e-06
4.588890829 2.9145494903347584e-06
4.590091795 2.9681116541735724e-06
4.59129276 3.5263897761650922e-06
4.592493726 6.703101677286033e-06
4.593694692 8.535280572667246e-06
4.594895658 1.0432115591995707e-05
4.596096623999999 1.2454261548435082e-05
4.59729759 1.1909381359521843e-05
4.598498555999999 1.0320433927259377e-05
4.599699522 6.788722506451675e-06
4.600900488000001 5.482054756278584e-06
4.602101454 5.7441044269819165e-06
4.60330242 7.072270829197314e-06
4.604503386 8.309522769170972e-06
4.605704352 7.18746372248016e-06
4.606905318 7.533187799894603e-06
4.608106284000001 8.96490085977796e-06
4.609307249 1.0230636391720717e-05
4.610508214999999 1.147618596536959e-05
4.611709181 9.541536050939969e-06
4.612910147 8.758556149758438e-06
4.614111113 8.667558980747835e-06
4.615312079000001 9.023989790853525e-06
4.616513045 1.0496884240306531e-05
4.617714011 1.0656822404208388e-05
4.618914977 1.0420353000283415e-05
4.620115943 9.40765659268827e-06
4.621316909 7.4184494066696175e-06
4.622517875 5.409562443170487e-06
4.623718841 4.350741350392841e-06
4.624919807 5.414105643245243e-06
4.626120772999999 4.92276443351458e-06
4.627321738 3.976799995912009e-06
4.628522704 3.169741403319997e-06
4.629723670000001 3.1337098168171803e-06
4.630924636 3.486623913301795e-06
4.632125602 4.9446500508253965e-06
4.633326568 9.364473616556634e-06
4.634527534 1.1311191044123984e-05
4.6357285 1.2826861967030522e-05
4.636929466 1.3093036002454952e-05
4.638130432 1.247740497595732e-05
4.639331398 1.2318904907122616e-05
4.640532363999999 1.0742121112566465e-05
4.64173333 9.934811843168702e-06
4.642934296 8.861288133813984e-06
4.644135262 7.924415094345309e-06
4.645336227 9.94539333875347e-06
4.646537193 1.0326668854796426e-05
4.647738159 9.686568188599017e-06
4.648939125 8.83264334794467e-06
4.650140091 1.0931155180726178e-05
4.651341057 1.3269615851386453e-05
4.652542023 1.3561819644079335e-05
4.653742989 1.1823416663021485e-05
4.654943954999999 8.547446369185859e-06
4.656144921 8.16976445401243e-06
4.657345887 8.664016398817073e-06
4.658546853 8.898197407603883e-06
4.659747819000001 8.826615121558861e-06
4.6609487849999995 9.845126345702817e-06
4.662149751 1.2192394971561663e-05
4.663350716 1.396428286136391e-05
4.664551682 1.5429562578701564e-05
4.665752648 1.4398853165765613e-05
4.666953614 1.334392885635945e-05
4.66815458 1.248439608806866e-05
4.669355545999999 1.110426891607887e-05
4.670556512 1.1365785205576141e-05
4.671757478000001 1.066913730840515e-05
4.672958444 9.866119124683643e-06
4.674159410000001 9.265912957405128e-06
4.6753603759999995 8.491865714546215e-06
4.676561342 7.801791979943261e-06
4.677762308 8.238146171469796e-06
4.678963274 6.697671693397987e-06
4.680164239 3.889646313571941e-06
4.681365205 4.0779679516772054e-06
4.682566171 4.3251175860709606e-06
4.683767137 4.564701403414745e-06
4.684968103 4.06542336238315e-06
4.686169069 4.849340446778927e-06
4.687370035 7.532562432184663e-06
4.688571001000001 9.99110033317895e-06
4.6897719669999995 1.1902271815615194e-05
4.690972933 1.1188257148818781e-05
4.692173899 1.1503126982062697e-05
4.693374865 1.0436215136493091e-05
4.694575831 9.670179059457332e-06
4.695776797000001 8.996782928266176e-06
4.696977763 9.339544805101745e-06
4.698178728 1.0652603440590676e-05
4.699379694 1.1415224614789067e-05
4.70058066 1.2754717194761314e-05
4.701781626 1.1841063388171643e-05
4.702982592000001 1.0397719450198402e-05
4.7041835579999995 9.000035225919143e-06
4.705384524 6.530518718592355e-06
4.70658549 6.226531791591877e-06
4.707786456 5.117265067121374e-06
4.708987422 4.263364209326969e-06
4.710188388 3.3085579591446927e-06
4.711389354 1.6562394055231432e-06
4.71259032 2.3124303072562148e-06
4.713791285999999 4.869935713834797e-06
4.714992252 5.580482630246331e-06
4.716193217 5.2361366859705995e-06
4.717394183000001 5.933231372209687e-06
4.7185951489999995 5.79868125383058e-06
4.719796115 5.5202039237832345e-06
4.720997081 4.875109704433938e-06
4.722198047 6.650819168974792e-06
4.723399013 8.193103993798659e-06
4.724599979 9.137642324059575e-06
4.725800945 9.65699718172889e-06
4.727001911 9.455479010010927e-06
4.728202876999999 9.296115140211444e-06
4.729403843 8.33856891868692e-06
4.730604809000001 7.901164912268927e-06
4.731805775 6.032420941417783e-06
4.7330067410000005 5.398272386805638e-06
4.734207706 5.826075326454018e-06
4.735408671999999 7.562601755082663e-06
4.736609638 1.061287318441776e-05
4.737810604 1.3322194028449805e-05
4.73901157 1.4361581980549586e-05
4.740212536 1.2953919018948734e-05
4.741413502 1.1958611513307032e-05
4.742614468 1.2363367305507016e-05
4.743815434 1.3154914764908244e-05
4.745016400000001 1.4605339568804876e-05
4.746217366 1.599409204159961e-05
4.7474183320000005 1.7353981090135352e-05
4.7486192979999995 1.7935971735092224e-05
4.749820264 1.8263161280513183e-05
4.75102123 1.7204306951535163e-05
4.752222195 1.62935027372514e-05
4.753423161 1.5442958386438426e-05
4.7546241270000005 1.4078128947005434e-05
4.755825093 1.174462521743875e-05
4.757026059 7.274325905830278e-06
4.758227025 4.819949054987842e-06
4.759427991 3.5602532819814057e-06
4.760628957 3.071257946883459e-06
4.7618299230000005 2.5629214333017726e-06
4.7630308889999995 4.204994774583589e-06
4.764231855 3.9485177050122825e-06
4.765432821 5.455555005663174e-06
4.766633787 7.083868659739378e-06
4.767834753 8.373703969338126e-06
4.769035719000001 8.13159054604304e-06
4.770236684 5.202748715230853e-06
4.77143765 2.4049555556720928e-06
4.772638616 4.2338385077406663e-07
4.773839582 7.750281267179731e-07
4.775040548 7.192391434969144e-07
4.7762415140000005 3.1266566100777847e-06
4.7774424799999995 3.745422084037199e-06
4.778643446 4.560317588118489e-06
4.779844412 3.780932778502001e-06
4.781045378 3.4865187186173552e-06
4.782246344 3.776812140652477e-06
4.78344731 4.645773000911638e-06
4.7846482759999995 6.354652945953992e-06
4.785849242 7.074892904808167e-06
4.787050207 7.387038650677193e-06
4.788251173 4.203471646799096e-06
4.789452139 2.2579242665131933e-06
4.7906531050000005 6.906751352162068e-07
4.7918540709999995 4.1024949911123194e-07
4.793055037 1.3533660349346323e-06
4.794256003 3.86730831174747e-06
4.795456969 6.249439143243025e-06
4.796657935 8.276040647555229e-06
4.797858901 9.017609852610793e-06
4.7990598669999995 6.812597981265297e-06
4.800260833 5.986539303262014e-06
4.801461799 3.91484752348232e-06
4.802662765 2.5223105439063034e-06
4.803863731000001 7.366233182114975e-07
4.8050646960000005 1.030528538493837e-06
4.8062656619999995 1.0991494012245083e-06
4.807466628 1.3540789248832496e-06
4.808667593999999 5.945089807191563e-07
4.80986856 5.433629618717704e-07
4.811069526 1.1882129715228968e-06
4.812270492 1.8877786196477543e-06
4.813471458 2.2480501561860344e-06
4.814672424 2.2637740378962693e-06
4.81587339 2.0963810873404794e-06
4.817074356 2.4255418203701563e-06
4.818275322000001 2.9618584583516447e-06
4.819476288 2.6365665345196867e-06
4.8206772540000005 2.184083147521751e-06
4.821878219999999 9.60130642247269e-07
4.823079184999999 5.21603557873188e-07
4.824280151 6.246069714715855e-07
4.825481117000001 7.179008077895034e-07
4.826682083 7.620420582371376e-07
4.827883049 8.397856044123136e-07
4.829084015 9.653907596444508e-07
4.830284981 1.4617923365823346e-06
4.831485947 2.664773630297018e-06
4.832686913 3.3411979401960932e-06
4.833887879 3.77588779969169e-06
4.8350888450000005 3.859124025661049e-06
4.836289810999999 4.7659855552249025e-06
4.837490777 4.077369594790197e-06
4.838691743 3.3682927338671976e-06
4.839892709 1.923693780725209e-06
4.841093674 6.704621874679504e-07
4.84229464 1.4964927558204315e-07
4.843495606 1.5957435484501703e-06
4.844696572 2.3020145376809843e-06
4.845897538 1.6425362059145358e-06
4.847098504 6.437512011914894e-07
4.84829947 9.871514734456381e-07
4.8495004360000005 1.694326695251871e-06
4.850701401999999 2.666212355760567e-06
4.851902368 3.907644962288527e-06
4.853103334 4.675484064815305e-06
4.8543043 5.51327430191348e-06
4.855505266 6.116402500940881e-06
4.8567062320000005 8.191512554355627e-06
4.8579071979999995 7.477496269150303e-06
4.859108163 6.726400258860863e-06
4.860309129 4.644508218852443e-06
4.861510095 3.2081836677445887e-06
4.862711061 2.3480073433468404e-06
4.8639120270000005 1.951340748641455e-06
4.865112992999999 2.4751361888445158e-06
4.866313959 2.884008674301337e-06
4.867514925 2.520138495326891e-06
4.868715891 2.1083539787132116e-06
4.869916857 1.8298710202607559e-06
4.871117823 2.5548287597420973e-06
4.8723187889999995 4.226313238656854e-06
4.873519755 5.133237049471347e-06
4.874720721 5.201102027207793e-06
4.875921687 4.3290984394729516e-06
4.877122652 3.96737550907343e-06
4.8783236180000005 1.2747235977058533e-06
4.879524583999999 9.545020165436027e-07
4.88072555 6.905270190520163e-07
4.881926516 1.534930863117485e-06
4.883127482 2.7549011130262836e-06
4.884328448 4.629590746797598e-06
4.885529414 5.136206192450363e-06
4.88673038 5.223240786264879e-06
4.887931346 3.906170652769054e-06
4.889132312 2.844321769260026e-06
4.890333278 1.9471071676077557e-06
4.891534244000001 1.3748401129477346e-06
4.89273521 1.0203431549450838e-06
4.8939361749999994 1.9960161175536226e-07
4.895137141 3.152743958645595e-08
4.896338106999999 1.258439486332888e-07
4.897539073 6.376817801004321e-07
4.898740039000001 1.113074380012612e-06
4.899941005 1.3084875017486316e-06
4.901141971 2.401715363618624e-06
4.902342937 3.3353880081989473e-06
4.903543903 3.516232845073573e-06
4.904744869 3.382305153650665e-06
4.905945835000001 2.2063357015304232e-06
4.907146801 1.3261800787442672e-06
4.908347767 6.319252938829721e-07
4.909548732999999 1.0876692448778122e-06
4.910749699 1.3254935124642152e-06
4.911950664 1.56644381726023e-06
4.913151630000001 1.0399719972348284e-06
4.914352596 5.567371420671242e-07
4.915553562 1.606330223469236e-07
4.916754528 2.604296397636292e-06
4.917955494 3.001381917116831e-06
4.91915646 4.211922184113255e-06
4.920357426 5.251093257069365e-06
4.921558392 6.310610580699384e-06
4.922759358 6.040199094086547e-06
4.923960323999999 5.302600105596503e-06
4.92516129 3.836039732549704e-06
4.926362256 2.828204022282731e-06
4.927563222 2.1642386665725145e-06
4.928764188 1.9033996392128197e-06
4.929965153 2.0622800881788077e-06
4.931166119 1.8258213000751896e-06
4.932367085 1.4045094849166448e-06
4.933568051 5.421480107091014e-07
4.934769017 1.0492131606412881e-07
4.935969983 2.1707423688078367e-08
4.937170949 6.484076759489079e-09
4.938371914999999 4.836091956017549e-09
4.939572881 4.830422799129736e-09
4.940773847 1.33260085389903e-08
4.941974813 1.8456519337402262e-07
4.943175779 2.6719521470866965e-07
4.944376745 1.1858673015166187e-07
4.945577711 2.4173643575008082e-08
4.946778677 5.881742276800426e-09
4.947979642 2.0599405281388817e-08
4.949180608 4.236660172910293e-07
4.950381574 1.7395204624384759e-06
4.95158254 4.3945982076281395e-06
4.952783505999999 5.359710272441594e-06
4.953984472 5.538642214239446e-06
4.955185438 3.743247130079275e-06
4.956386404 2.3407831519241795e-06
4.957587370000001 8.262020091042252e-07
4.958788336 2.6982949812844085e-07
4.959989302 2.74160036497451e-08
4.961190268 5.070363494207902e-09
4.962391234 4.726407571943207e-09
4.9635922 4.720558619085965e-09
4.964793166000001 4.9480672112812466e-08
4.965994131 1.6562515562623241e-06
4.967195096999999 1.559886969244713e-06
4.968396063 1.2956414654895695e-06
4.969597029 4.8951060381388316e-08
4.970797995 4.685350130435182e-09
4.971998961000001 4.679524366043867e-09
4.973199927 4.673691155256267e-09
4.974400893 4.66785117483435e-09
4.975601859 4.818197311472092e-09
4.976802825 4.5784832577239456e-08
4.978003791 9.528298362851788e-07
4.979204757000001 1.4803015074597971e-06
4.980405723 2.273625232965125e-06
4.981606689 2.79900539879187e-06
4.982807654999999 3.4051879449372143e-06
4.98400862 3.410272010686464e-06
4.985209586 3.3225280706139662e-06
4.986410552000001 2.1416448002665285e-06
4.987611518 1.1353916149091995e-06
4.988812484 4.013834372605563e-08
4.99001345 4.591216299049209e-09
4.991214416 4.585276246443791e-09
4.992415382 4.5793315603817625e-09
4.993616348 4.5733823347004725e-09
4.994817314 4.567428653892561e-09
4.99601828 4.561470588089035e-09
4.997219245999999 4.829337849993109e-09
4.998420212 3.1073631705358404e-08
4.999621178 3.886672228517665e-07
5.000822144 5.702855099261828e-07
5.002023109 7.130124983020593e-07
5.003224075 3.3929653299010094e-08
5.004425041 4.521869414160736e-09
5.005626007 4.516476195589431e-09
5.006826973 4.511076734009018e-09
5.008027939 4.505808124273983e-09
5.009228905 4.551619293829441e-09
5.010429871 3.9181930873327746e-08
5.011630836999999 8.473207155035149e-07
5.012831803 4.0601659740263295e-08
5.014032769 4.601592161323745e-09
5.015233735 4.477976675124502e-09
5.0164347010000006 4.472520760769723e-09
5.0176356669999995 2.4187097343613458e-08
5.018836631999999 3.435177345902046e-07
5.020037598 6.289740599961489e-07
5.021238564 3.2985840407494685e-06
5.02243953 2.5097819576076675e-06
5.023640496 1.6813008462261385e-06
5.024841462 7.887779258012185e-08
5.026042427999999 5.368521071206123e-09
5.027243394 1.5879768542812534e-08
5.028444360000001 1.6549064819082067e-07
5.029645326 2.970645145535177e-07
5.0308462920000006 3.581179423991099e-07
5.0320472579999995 4.5321709491755e-08
5.033248224 5.726172747756404e-09
5.03444919 4.389876915953197e-09
5.035650156 4.38430944450557e-09
5.036851121 4.378734171522526e-09
5.038052087 4.373150798701071e-09
5.039253053 4.367558875586566e-09
5.040454019 4.361958685870758e-09
5.041654985 2.7025834787511542e-08
5.042855951 7.280654775312251e-07
5.044056917 2.3918577828019016e-06
5.0452578830000006 1.993104992036632e-06
5.0464588489999995 1.3726887412567799e-06
5.047659815 1.395669170558217e-06
5.048860781 1.546747960107153e-06
5.050061747 1.719178232391961e-06
5.051262713 2.0233881816935177e-06
5.052463679000001 2.5392175145887353e-06
5.053664645 3.26542821793062e-06
5.05486561 4.34238522672977e-06
5.056066576 5.281964674482091e-06
5.057267542 5.575630422711731e-06
5.058468508 6.1741167151932206e-06
5.0596694740000006 6.920969025577081e-06
5.0608704399999995 8.855845755506572e-06
5.062071406 1.0360557629221912e-05
5.063272372 1.1896178115519471e-05
5.064473338 1.1987396079336791e-05
5.065674304 1.2061454513636277e-05
5.06687527 1.180959769622622e-05
5.068076236 1.1852789547255786e-05
5.069277202 1.0827875077586626e-05
5.070478167999999 1.0559013911105219e-05
5.071679134 9.611304857992005e-06
5.072880099 8.812276098528502e-06
5.074081065000001 8.554685384554637e-06
5.0752820309999995 8.331957294901627e-06
5.076482997 8.476174991782442e-06
5.077683963 8.681087944299807e-06
5.078884929 7.793473191953489e-06
5.080085895 7.207612087531077e-06
5.081286861 6.174060678169736e-06
5.082487827 5.950462722938223e-06
5.083688793 5.27379867844347e-06
5.084889758999999 4.596797043951776e-06
5.086090725 4.695394410174697e-06
5.087291691000001 4.858052300674173e-06
5.088492657 5.896216171972643e-06
5.0896936230000005 8.274086838766847e-06
5.090894588 1.0501088965372819e-05
5.092095554 1.1608708125093955e-05
5.09329652 1.1471405464898182e-05
5.094497486 9.203555460174008e-06
5.095698452 7.247173125680207e-06
5.096899418 5.430712438425708e-06
5.098100384 4.227414376128354e-06
5.099301349999999 3.7899602282524864e-06
