Wavelength_microns Throughput
2.0004663860000003 2.2296751505266506e-10
2.002074478 1.8578320510044383e-10
2.00368257 1.5501997103859275e-10
2.005290662 1.2941613388135987e-10
2.006898754 1.079912664672521e-10
2.008506846 9.064988701562928e-11
2.010114938 7.601950067371754e-11
2.01172303 6.359040226042083e-11
2.013331122 5.382662626616235e-11
2.014939214 4.5740170450251923e-11
2.016547306 3.811820933725362e-11
2.018155398 3.2143095225619685e-11
2.01976349 2.70646224275463e-11
2.021371582 2.3189648061539733e-11
2.022979674 1.9887155066425994e-11
2.0245877660000002 1.69285777036058e-11
2.026195858 1.4762261316560236e-11
2.027803949 1.2999928776056588e-11
2.029412041 1.1569520358793976e-11
2.031020133 1.0372030852611542e-11
2.032628225 9.337609201041524e-12
2.034236317 8.394206991383394e-12
2.035844409 7.766816895728144e-12
2.037452501 7.131813491826232e-12
2.039060593 6.4259409204102536e-12
2.040668685 5.9023033914213595e-12
2.042276777 5.5113277872517085e-12
2.0438848689999998 5.082131114256493e-12
2.045492961 4.611707148048317e-12
2.047101053 4.193766057624451e-12
2.0487091449999997 3.9314048251060855e-12
2.0503172370000002 3.827956052366851e-12
2.0519253290000004 3.78806026268024e-12
2.053533421 3.875262516520807e-12
2.055141513 4.055062070020227e-12
2.056749605 4.5348769789168234e-12
2.058357697 5.1702743750779335e-12
2.059965788 5.729534678826911e-12
2.06157388 6.0038621963710596e-12
2.0631819719999998 6.112200089974716e-12
2.064790064 6.2920626885345215e-12
2.066398156 6.347002500332292e-12
2.068006248 6.072827773680286e-12
2.06961434 5.614545855081789e-12
2.071222432 5.282800524972006e-12
2.072830524 5.623180080326699e-12
2.074438616 6.0608260384976245e-12
2.076046708 6.695010899539413e-12
2.0776548 7.631580086656565e-12
2.079262892 9.133541945052845e-12
2.080870984 1.0839399651487202e-11
2.0824790760000003 1.2675809780383856e-11
2.084087168 1.4519147116511348e-11
2.08569526 1.5757484590209385e-11
2.0873033519999997 1.8231087339959912e-11
2.088911444 2.218787467775422e-11
2.090519536 2.631061764947751e-11
2.092127627 3.030505907884676e-11
2.0937357189999997 3.6378743261558e-11
2.0953438110000002 4.5427572637988146e-11
2.0969519030000003 5.251011518744995e-11
2.098559995 5.85029446024182e-11
2.100168087 6.411830384552562e-11
2.101776179 6.920006083981658e-11
2.103384271 7.796664995070565e-11
2.104992363 8.909306847263416e-11
2.1066004549999997 9.885310363678189e-11
2.1082085470000003 1.035943032691417e-10
2.109816639 1.1736898587415962e-10
2.111424731 1.3865324766732943e-10
2.113032823 1.6021905017121623e-10
2.114640915 1.7178981817828171e-10
2.116249007 1.7210033478149902e-10
2.1178570989999996 1.677779172169742e-10
2.1194651909999997 1.626628832954896e-10
2.1210732830000003 1.5221477501280727e-10
2.122681375 1.384370648232472e-10
2.124289466 1.2309656335406557e-10
2.125897558 1.0975561598651404e-10
2.1275056500000002 1.0045233391881637e-10
2.129113742 9.028332725185681e-11
2.130721834 8.108650016018348e-11
2.1323299259999997 7.285774387872635e-11
2.133938018 7.699172625383e-11
2.1355461100000004 8.455712423697967e-11
2.137154202 9.392096289975495e-11
2.138762294 1.0050556220120226e-10
2.140370386 1.040512569501783e-10
2.141978478 1.0986514384818553e-10
2.14358657 1.1770132177699032e-10
2.1451946619999998 1.2222249882574628e-10
2.146802754 1.1636507219301795e-10
2.1484108460000004 1.0858710345654013e-10
2.150018938 1.0295505281144768e-10
2.15162703 1.0614074309894307e-10
2.153235122 1.1242184608081312e-10
2.154843214 1.1724006152081334e-10
2.156451305 1.1946728912322112e-10
2.158059397 1.230353725901775e-10
2.159667489 1.2937678839533337e-10
2.161275581 1.3370859350883315e-10
2.1628836729999996 1.3056929079369597e-10
2.164491765 1.1674991950805903e-10
2.1660998570000003 1.0051589941604706e-10
2.167707949 8.560827375219999e-11
2.169316041 7.319202708121913e-11
2.170924133 5.874340631559595e-11
2.172532225 4.5762021689886295e-11
2.174140317 3.8114702910574013e-11
2.1757484089999997 3.851979109206622e-11
2.177356501 5.313829811459554e-11
2.1789645930000003 6.302475438350843e-11
2.180572685 6.946542530542575e-11
2.182180777 7.636930990614781e-11
2.183788869 9.358953054931847e-11
2.185396961 1.180040725901657e-10
2.187005053 1.4081771890041337e-10
2.1886131449999997 1.5957054834543492e-10
2.1902212359999997 1.6539961044308143e-10
2.191829328 1.8233193086284871e-10
2.1934374200000004 2.1034827885249974e-10
2.195045512 2.4269036154843735e-10
2.196653604 2.663743658942776e-10
2.198261696 2.7963127817479347e-10
2.199869788 2.983364531523345e-10
2.20147788 3.449646836018314e-10
2.203085972 4.3450157704658487e-10
2.204694064 5.393546127432305e-10
2.206302156 6.511208568192139e-10
2.207910248 7.792619772159322e-10
2.2095183400000002 9.564646567258368e-10
2.211126432 1.1974521722387819e-09
2.212734524 1.4627669315111069e-09
2.2143426159999997 1.7129144183920768e-09
2.215950708 1.9179298398233472e-09
2.2175588 2.179206458797095e-09
2.219166892 2.529165154138723e-09
2.220774984 2.9666915515355006e-09
2.222383075 3.457927832804595e-09
2.2239911670000003 3.912617696992573e-09
2.225599259 4.39842001415746e-09
2.227207351 4.966197201528748e-09
2.228815443 5.559223315014712e-09
2.230423535 6.044160493607126e-09
2.232031627 6.205604691591335e-09
2.2336397189999997 6.1458763862028825e-09
2.2352478110000003 6.130462519571747e-09
2.236855903 6.331831405129197e-09
2.238463995 6.6956096846989434e-09
2.240072087 7.012469864808387e-09
2.241680179 7.2332425483559485e-09
2.243288271 7.657450146585664e-09
2.2448963629999996 8.814630685925186e-09
2.2465044549999997 1.0645220464386016e-08
2.2481125470000003 1.2733669642524406e-08
2.249720639 1.504048361096601e-08
2.251328731 1.765388046503755e-08
2.252936823 2.071581123024473e-08
2.2545449140000002 2.468376934917941e-08
2.256153006 2.934763997781853e-08
2.257761098 3.432141950886539e-08
2.2593691899999997 3.895130628483438e-08
2.260977282 4.333197823896089e-08
2.262585374 4.8216692695721717e-08
2.264193466 5.417291297474828e-08
2.265801558 6.007645810775773e-08
2.2674096500000003 6.292469804043126e-08
2.269017742 6.252527377998802e-08
2.270625834 6.155720280279437e-08
2.2722339259999997 6.220158526290043e-08
2.273842018 6.377754604813822e-08
2.2754501100000004 6.337475235073543e-08
2.277058202 6.076950833993784e-08
2.278666294 5.893810231921794e-08
2.280274386 6.066782531859085e-08
2.281882478 6.575434059321993e-08
2.28349057 7.200034900534153e-08
2.285098662 8.069534350204996e-08
2.286706753 8.521935955491816e-08
2.288314845 8.879742113812445e-08
2.2899229369999996 9.341966525556436e-08
2.291531029 9.98434110804537e-08
2.2931391210000003 1.0873051652449752e-07
2.294747213 1.1539563303765547e-07
2.296355305 1.1794307999465584e-07
2.297963397 1.1447746511870672e-07
2.299571489 1.229270165341752e-07
2.301179581 1.4355153379757357e-07
2.3027876729999996 1.6713600184795896e-07
2.304395765 1.874353864904924e-07
2.3060038570000003 2.0363044560184468e-07
2.307611949 2.2840827716328203e-07
2.309220041 2.660449695163307e-07
2.310828133 3.203565305010925e-07
2.312436225 3.868597118527479e-07
2.314044317 4.589245839139491e-07
2.3156524089999997 5.33615508925433e-07
2.3172605010000003 6.265576379722274e-07
2.318868592 7.468200916539771e-07
2.3204766840000004 9.014290799098724e-07
2.322084776 1.1046584624749994e-06
2.323692868 1.2061430561908008e-06
2.32530096 1.2271904308973296e-06
2.326909052 1.1844730422594133e-06
2.328517144 1.2137902201761568e-06
2.3301252359999998 1.3807962290002015e-06
2.331733328 1.4962622016537192e-06
2.33334142 1.4990074172664495e-06
2.334949512 1.352563166645844e-06
2.3365576040000002 1.4038797102127928e-06
2.338165696 1.5110084009764975e-06
2.339773788 1.6509402082473577e-06
2.3413818799999997 1.7392030889527609e-06
2.342989972 1.6471300227079558e-06
2.344598064 1.6021495703830252e-06
2.346206156 1.6226953492123324e-06
2.347814248 1.7328544575913351e-06
2.3494223400000003 1.974767893052033e-06
2.3510304310000003 2.4191950351624134e-06
2.352638523 2.679567821784956e-06
2.354246615 2.6911878934700925e-06
2.3558547069999998 2.572460026138303e-06
2.357462799 2.536870374120196e-06
2.359070891 2.6339503446750395e-06
2.3606789829999997 2.780289150852659e-06
2.3622870750000002 2.6148969695144747e-06
2.363895167 2.1316495037806897e-06
2.365503259 1.803662051998635e-06
2.367111351 1.7978404586658032e-06
2.368719443 1.9737978228848483e-06
2.370327535 2.101536513475175e-06
2.371935627 2.084630925126946e-06
2.3735437189999997 1.970187151843111e-06
2.3751518110000003 2.102062230322594e-06
2.376759903 2.3375227882893885e-06
2.378367995 2.6350425772843637e-06
2.379976087 2.9830568946168416e-06
2.381584179 3.4214116586032405e-06
2.383192271 3.5885102752352703e-06
2.384800362 3.544178470216301e-06
2.3864084539999997 3.3785843749449953e-06
2.388016546 3.223056528674002e-06
2.389624638 3.148269783078706e-06
2.39123273 3.6070058563215286e-06
2.392840822 3.813385326575238e-06
2.3944489140000003 3.7518481405401584e-06
2.396057006 3.931378387922956e-06
2.397665098 4.435106625525154e-06
2.3992731899999997 5.188601003563619e-06
2.400881282 5.7719245170070275e-06
2.4024893740000004 6.072411827087183e-06
2.404097466 5.6760353709048156e-06
2.405705558 5.39480378074431e-06
2.40731365 5.216302144306898e-06
2.408921742 5.080935319433543e-06
2.410529834 4.886095973114441e-06
2.4121379259999998 4.637772834568187e-06
2.413746018 4.529011775634887e-06
2.41535411 4.307654280493873e-06
2.416962201 4.044974105139789e-06
2.418570293 3.8024471809135367e-06
2.4201783850000003 3.697499170524609e-06
2.421786477 3.8259865881212014e-06
2.423394569 3.7726783841286125e-06
2.425002661 3.3898847088917783e-06
2.426610753 2.8794099090534314e-06
2.428218845 2.697329014575472e-06
2.4298269369999996 2.835411099209094e-06
2.431435029 3.5975492174730285e-06
2.4330431210000003 3.958812463665096e-06
2.434651213 3.8529745321233e-06
2.436259305 3.7551372207418422e-06
2.4378673969999998 3.914872216090042e-06
2.439475489 4.2288490548079554e-06
2.441083581 4.53415637863574e-06
2.4426916729999997 4.713250333933452e-06
2.4442997650000002 4.381504119280392e-06
2.4459078570000004 4.398116300372317e-06
2.447515949 4.5411889539680815e-06
2.44912404 4.737070190483766e-06
2.450732132 4.975541442931169e-06
2.452340224 5.442115604548842e-06
2.453948316 6.261757445099503e-06
2.455556408 6.965746196679598e-06
2.4571644999999998 7.199214258819509e-06
2.458772592 7.103067934607966e-06
2.460380684 7.093504231416924e-06
2.461988776 7.29009415142052e-06
2.463596868 7.628713957328504e-06
2.46520496 7.285058999493568e-06
2.466813052 6.348302137558176e-06
2.468421144 5.3995239609767885e-06
2.470029236 4.838941233675982e-06
2.471637328 4.580537126426401e-06
2.47324542 4.495295665426404e-06
2.474853512 4.317753829729773e-06
2.4764616040000003 3.934453835363727e-06
2.478069696 3.9907189527320625e-06
2.479677788 4.0794973895368396e-06
2.481285879 4.12136090223214e-06
2.4828939709999998 4.056816686397731e-06
2.484502063 4.0199024951220664e-06
2.486110155 3.932271028012378e-06
2.4877182469999997 4.007706255913111e-06
2.489326339 3.566398513844465e-06
2.4909344310000003 2.9894245982967133e-06
2.492542523 2.534407581263349e-06
2.494150615 2.2693169061430488e-06
2.495758707 2.2603948709168046e-06
2.497366799 2.376899961757883e-06
2.498974891 2.3733726615739015e-06
2.499778162 2.220294321876026e-06
2.5011293930000003 2.8260444908373623e-06
2.502480624 3.4946468317755066e-06
2.5038318559999997 4.316066067671465e-06
2.505183087 5.04433226114575e-06
2.506534319 5.417622116375169e-06
2.50788555 5.6896901421291725e-06
2.509236782 5.674087985871628e-06
2.510588013 5.510736745778399e-06
2.511939244 5.296736879652398e-06
2.5132904760000003 5.060579695595254e-06
2.514641707 4.395319881008369e-06
2.515992939 4.013663140440063e-06
2.51734417 4.150783561010958e-06
2.5186954019999996 4.209240715435694e-06
2.5200466329999998 4.38432706013416e-06
2.521397865 4.322143982325121e-06
2.522749096 4.1436399868412405e-06
2.524100327 4.167641073579693e-06
2.525451559 4.330812101693789e-06
2.52680279 4.084250628432704e-06
2.5281540220000003 3.798944513235854e-06
2.529505253 3.507432559803046e-06
2.5308564849999997 3.3185437428395754e-06
2.532207716 3.5428952003710618e-06
2.533558948 4.064696560642774e-06
2.534910179 4.22873652949499e-06
2.5362614100000003 4.4431732993065996e-06
2.537612642 4.663789474225393e-06
2.538963873 4.67307125526167e-06
2.5403151050000004 4.637672010512965e-06
2.5416663359999996 4.803383720660362e-06
2.5430175680000002 5.238259960629272e-06
2.544368799 5.368055327880413e-06
2.54572003 5.463830373636065e-06
2.547071262 5.312155677956362e-06
2.548422493 5.403130472854868e-06
2.549773725 5.86553446542511e-06
2.551124956 6.475477136019715e-06
2.552476188 7.227599200693062e-06
2.553827419 7.495188726879362e-06
2.5551786510000003 7.532057333111306e-06
2.556529882 7.608009954109932e-06
2.557881113 7.672491013876607e-06
2.559232345 8.025588403006976e-06
2.560583576 7.571449166144046e-06
2.561934808 6.898096632280787e-06
2.5632860390000003 6.016744995861161e-06
2.564637271 5.169335572123397e-06
2.565988502 4.359281498383018e-06
2.567339733 3.703725713769252e-06
2.5686909649999996 3.7398090718017033e-06
2.5700421959999997 2.927442985731253e-06
2.571393428 2.6010432944151367e-06
2.572744659 2.5380933685237357e-06
2.574095891 2.044764878220428e-06
2.575447122 2.0577476660316796e-06
2.576798354 1.909693290888501e-06
2.5781495850000002 1.8225751457337839e-06
2.5795008160000004 1.5438106345617435e-06
2.580852048 1.7671718423548307e-06
2.582203279 1.765826906583775e-06
2.583554511 1.7886199468738456e-06
2.584905742 1.818666305600147e-06
2.586256974 1.499701294148712e-06
2.587608205 1.539481053951049e-06
2.588959437 1.6231794049446664e-06
2.590310668 1.4288876864704495e-06
2.591661899 1.3474110239197589e-06
2.593013131 1.4540022461012387e-06
2.594364362 1.0891437126866011e-06
2.5957155939999996 1.0593344117536412e-06
2.5970668249999997 1.1294049794976258e-06
2.598418057 1.3073906440247021e-06
2.599769288 1.0906925214178154e-06
2.601120519 1.2079533799870694e-06
2.602471751 1.239197656398303e-06
2.603822982 1.5140653765201663e-06
2.6051742140000003 1.7816921441694848e-06
2.6065254450000004 1.7840682377310738e-06
2.607876677 1.760943341349432e-06
2.609227908 1.526192632357941e-06
2.61057914 1.732473011371952e-06
2.611930371 1.8207012807489306e-06
2.613281602 1.5857495561675525e-06
2.614632834 1.0183988127216829e-06
2.615984065 7.42419316582485e-07
2.617335297 7.413501166432792e-07
2.618686528 6.965812140279415e-07
2.62003776 7.66921088730597e-07
2.621388991 5.647761491149506e-07
2.622740222 3.403994603003298e-07
2.6240914539999998 3.405722820618087e-07
2.625442685 3.468639528849211e-07
2.626793917 4.429385187983107e-07
2.628145148 5.067012656133089e-07
2.62949638 5.152045683148027e-07
2.630847611 3.237548577569801e-07
2.6321988430000003 4.324689517809163e-07
2.6335500740000004 3.956969068228811e-07
2.634901305 3.962190717759357e-07
2.636252537 3.902122617856018e-07
2.637603768 2.9401369621421605e-07
2.6389549999999997 2.3027660476257358e-07
2.640306231 1.1893134261679751e-07
2.641657463 2.533950372084813e-07
2.643008694 1.4760496963960037e-07
2.6443599250000003 1.4665604510376563e-07
2.645711157 1.4664531312816132e-07
2.6470623879999997 1.470270848843852e-07
2.64841362 1.473808271390093e-07
2.649764851 1.473488091802835e-07
2.651116083 2.2740887935710957e-07
2.652467314 9.308925730832322e-08
2.653818546 8.536593448156055e-08
2.6551697770000002 8.533119981623296e-08
2.6565210080000004 9.48623914313953e-08
2.65787224 9.44192448059898e-08
2.659223471 9.399423633662375e-08
2.6605747030000004 9.388740974219892e-08
2.6619259339999997 1.3956380785762862e-08
2.663277166 1.3946772017181144e-08
2.664628397 1.3938310457894029e-08
2.6659796289999997 1.3929862949922577e-08
2.66733086 4.416687136327784e-09
2.668682091 4.417526470562088e-09
2.670033323 4.416600980689896e-09
2.6713845540000003 4.412547701418275e-09
2.672735786 4.407418351483314e-09
2.6740870169999997 4.405561035004128e-09
2.675438249 4.403857160496601e-09
2.67678948 4.402299942393971e-09
2.678140711 4.400913406358474e-09
2.679491943 4.399715144111918e-09
2.680843174 4.398731589038973e-09
2.6821944060000003 4.396981863553865e-09
2.6835456370000004 4.392317424653844e-09
2.684896869 4.391951279448035e-09
2.6862481 4.3930445839027255e-09
2.6875993319999996 5.527890004070433e-09
2.6889505629999997 5.528181650468262e-09
2.690301794 5.528577873375953e-09
2.691653026 5.528640497173437e-09
2.693004257 5.522489127086449e-09
2.694355489 5.5229919205812594e-09
2.69570672 5.523674381506211e-09
2.697057952 5.5245277998827784e-09
2.6984091830000003 4.3950042341348995e-09
2.699760414 4.39592409798596e-09
2.7011116459999998 4.398370607298405e-09
2.702462877 4.3988405814480725e-09
2.703814109 4.403068378307293e-09
2.70516534 4.406942398829527e-09
2.706516572 4.409910831130987e-09
2.707867803 4.41288718811964e-09
2.7092190350000003 4.415853154497126e-09
2.7105702660000004 4.418788951587053e-09
2.7119214969999996 4.421680283844444e-09
2.713272729 4.423099843008888e-09
2.71462396 4.422099163857766e-09
2.7159751919999997 4.424758757102249e-09
2.717326423 4.427299564788935e-09
2.718677655 4.4297271119801185e-09
2.720028886 4.432020450807692e-09
2.7213801170000003 4.435592198776688e-09
2.722731349 4.440236686649658e-09
2.7240825799999997 4.436421211913122e-09
2.7254338120000003 4.437606179507673e-09
2.726785043 4.438637488645589e-09
2.7281362749999998 4.439501246875319e-09
2.729487506 4.4401905470522525e-09
2.730838738 4.4408788379975896e-09
2.732189969 4.441494023590605e-09
2.7335412000000003 4.439146831610529e-09
2.734892432 4.437089589609313e-09
2.736243663 4.4372635357883356e-09
2.737594895 4.437311646030272e-09
2.7389461259999996 4.437251972100615e-09
2.740297358 4.438545861062382e-09
2.741648589 4.441676204979179e-09
2.7429998209999997 4.4411907812516655e-09
2.744351052 4.438819090133986e-09
2.745702283 4.434864966859826e-09
2.747053515 4.434253225162256e-09
2.7484047460000003 4.433632693020614e-09
2.749755978 4.4330211865207784e-09
2.7511072089999997 4.4322948464275e-09
2.7524584410000004 4.429206280919274e-09
2.753809672 4.425742140102838e-09
2.755160903 4.425159490249534e-09
2.756512135 4.422014320871972e-09
2.757863366 4.419089900294804e-09
2.7592145980000002 4.419889916379536e-09
2.760565829 4.423849557250867e-09
2.761917061 4.419467673844282e-09
2.7632682920000002 4.4195672640946616e-09
2.764619524 4.420245863552086e-09
2.7659707549999997 4.421071993668522e-09
2.767321986 4.4168883896624236e-09
2.768673218 4.418051702961939e-09
2.770024449 4.419237069166289e-09
2.771375681 4.415121900311185e-09
2.772726912 4.41622861364606e-09
2.774078144 4.417495746786727e-09
2.7754293750000003 4.416704061252602e-09
2.776780606 4.415320893740148e-09
2.7781318379999997 4.41771440290895e-09
2.779483069 4.423949464036721e-09
2.780834301 4.421680873500882e-09
2.782185532 4.423067457701714e-09
2.783536764 4.425430450872498e-09
2.784887995 4.4278850528122674e-09
2.786239227 4.425205210573325e-09
2.787590458 4.427817140755882e-09
2.788941689 4.430482183119112e-09
2.7902929210000003 4.431748538453378e-09
2.791644152 4.431191955073362e-09
2.7929953839999997 4.4343469502418105e-09
2.794346615 4.4356772701415366e-09
2.795697847 4.435374067620696e-09
2.797049078 4.438462474828975e-09
2.7984003090000003 4.4435076485172094e-09
2.799751541 4.445538176358543e-09
2.801102772 4.446497120777089e-09
2.8024540040000003 4.448519654579137e-09
2.803805235 4.450436738429782e-09
2.8051564669999998 4.446950757547107e-09
2.806507698 4.448594998559616e-09
2.80785893 4.450101479503296e-09
2.8092101609999998 4.4503335624441645e-09
2.810561392 4.447387412173726e-09
2.811912624 4.4485244180178884e-09
2.813263855 4.449470989257673e-09
2.814615087 4.446989987546643e-09
2.8159663179999996 4.4455547222943705e-09
2.8173175500000003 4.445951889631865e-09
2.818668781 4.449544220990805e-09
2.8200200129999997 4.4459664270069836e-09
2.821371244 4.445192612002093e-09
2.822722475 4.444262184744143e-09
2.824073707 4.44317504229902e-09
2.8254249380000003 4.44192272850943e-09
2.82677617 4.440538177439748e-09
2.828127401 4.439022149385294e-09
2.8294786330000004 4.4373807056003825e-09
2.830829864 4.435304616476521e-09
2.8321810949999997 4.432922371432999e-09
2.833532327 4.4304608895077726e-09
2.834883558 4.4279411911665336e-09
2.83623479 4.424134519086269e-09
2.837586021 4.4175044171808005e-09
2.838937253 4.41489022913941e-09
2.8402884840000002 4.413716403107184e-09
2.841639716 4.414674722735713e-09
2.8429909469999997 4.4121067066130635e-09
2.8443421779999998 4.40958474738422e-09
2.84569341 4.407114454041681e-09
2.847044641 4.404707677728363e-09
2.848395873 4.4023865042505745e-09
2.849747104 4.400148129581512e-09
2.851098336 4.395419591611377e-09
2.8524495670000003 4.390209266649143e-09
2.8538007980000004 4.385104647080859e-09
2.85515203 4.380120298307637e-09
2.856503261 4.375263651372604e-09
2.8578544929999996 4.370524188513569e-09
2.8592057239999997 4.365917517218909e-09
2.860556956 4.359092247689121e-09
2.861908187 4.353759823747716e-09
2.863259419 4.350865131711765e-09
2.86461065 4.351088824006041e-09
2.865961881 4.350332645209976e-09
2.8673131130000002 4.347785619202051e-09
2.868664344 4.345338157921463e-09
2.8700155759999997 4.3429892492814814e-09
2.871366807 4.341329502352547e-09
2.872718039 4.3397436635551366e-09
2.87406927 4.338225569349907e-09
2.8754205010000002 4.336771304975422e-09
2.876771733 4.335360900557081e-09
2.878122964 4.33398606644763e-09
2.8794741960000003 4.332635539233225e-09
2.8808254270000004 4.3312571497514985e-09
2.882176659 4.329852369450883e-09
2.88352789 4.328431323757608e-09
2.8848791219999996 4.326983452142114e-09
2.8862303529999997 4.320329539644296e-09
2.887581584 4.318784127122363e-09
2.888932816 4.317176062070587e-09
2.890284047 4.315759082034656e-09
2.891635279 4.31529750148873e-09
2.89298651 4.319545139729125e-09
2.8943377420000003 6.420777210016517e-09
2.895688973 6.419587731277518e-09
2.8970402049999997 6.41821058520533e-09
2.898391436 9.108662742268976e-09
2.899742667 1.863200522408874e-07
2.901093899 1.8662166697530293e-07
2.9024451300000003 1.8964242009498192e-07
2.903796362 4.91423725993995e-07
2.905147593 6.660047452169816e-07
2.9064988250000003 8.183011286529533e-07
2.907850056 8.176621583789976e-07
2.9092012869999997 8.278212330397029e-07
2.910552519 9.425512964054842e-07
2.91190375 1.3483282354692231e-06
2.9132549819999998 1.965124881336002e-06
2.914606213 2.1311643879582354e-06
2.915957445 2.3857535010931566e-06
2.917308676 2.651259971052202e-06
2.918659908 3.1235120753099134e-06
2.920011139 3.6758006866051455e-06
2.9213623699999998 3.9361256394581955e-06
2.922713602 4.274621201880759e-06
2.924064833 4.252445107062101e-06
2.925416065 4.498411919745171e-06
2.926767296 4.732847778239643e-06
2.928118528 4.9847460479499345e-06
2.9294697590000003 5.2459876072188715e-06
2.93082099 5.592804633029022e-06
2.932172222 5.9030850665183716e-06
2.933523453 6.176526109670141e-06
2.934874685 6.387175022440555e-06
2.9362259159999997 6.408952262292128e-06
2.937577148 6.844174297080268e-06
2.938928379 7.127407683557504e-06
2.940279611 7.320230209398822e-06
2.941630842 7.534509569953105e-06
2.942982073 7.688932587537907e-06
2.9443333050000002 7.896543559743541e-06
2.9456845360000004 8.438027221894214e-06
2.947035768 9.13562244527232e-06
2.948386999 9.729661977695312e-06
2.949738231 1.1121817528404639e-05
2.951089462 1.2741154276315095e-05
2.952440694 1.4212743301514156e-05
2.953791925 1.5692454996870965e-05
2.955143156 1.725733668672701e-05
2.956494388 1.917751515184077e-05
2.957845619 2.0932990525186066e-05
2.959196851 2.2815808527346173e-05
2.960548082 2.4480182998058014e-05
2.9618993139999996 2.6733590595667287e-05
2.9632505449999997 2.9239756418552122e-05
2.964601776 3.211607209842417e-05
2.965953008 3.503747407365376e-05
2.967304239 3.817900619399654e-05
2.968655471 4.193223515458321e-05
2.970006702 4.559912015296647e-05
2.9713579340000003 4.9927856117792094e-05
2.9727091650000004 5.368525059740898e-05
2.974060397 5.7466339023231196e-05
2.975411628 6.135417999812634e-05
2.976762859 6.556944841731568e-05
2.978114091 6.978509865997088e-05
2.979465322 7.446131158712389e-05
2.980816554 7.976617210321942e-05
2.982167785 8.463781572834518e-05
2.983519017 9.01723992024482e-05
2.984870248 9.644642955249037e-05
2.9862214789999997 0.00010363311901570234
2.987572711 0.00011111753247668082
2.988923942 0.00011927838886754406
2.9902751739999998 0.00012771556151372327
2.991626405 0.0001364631463524784
2.992977637 0.000146347279252645
2.994328868 0.00015717823864284017
2.9956801 0.00016866941976935557
2.997031331 0.00018019870390918952
2.9983825619999998 0.00019284312290608185
2.9997337940000004 0.00020637012069541896
3.001085025 0.0002203348043430237
3.002436257 0.00023527415938083028
3.003787488 0.000250579927195313
3.0051387199999997 0.00026613384264624417
3.006489951 0.00028321425205081864
3.007841182 0.00030225067223227907
3.009192414 0.0003220127871283981
3.0105436450000003 0.00034260132509935536
3.011894877 0.0003649004560902042
3.0132461079999997 0.00038908208988237743
3.01459734 0.00041488677733427637
3.015948571 0.00044345423730178974
3.017299803 0.0004728948766629751
3.018651034 0.0005039469335196713
3.020002265 0.0005373825356726542
3.021353497 0.0005731119600475661
3.0227047280000003 0.0006108387998157818
3.02405596 0.0006507288306779039
3.0254071909999998 0.0006929016743438415
3.0267584230000004 0.0007373704490903881
3.0281096539999997 0.0007858364339443469
3.029460886 0.0008382246004705385
3.030812117 0.0008947817486804008
3.032163348 0.0009553794636410095
3.03351458 0.0010206041465479275
3.034865811 0.001090615698853033
3.036217043 0.0011664635990490113
3.0375682740000003 0.00124937200968546
3.038919506 0.0013376385668363406
3.0402707369999997 0.001432670055657394
3.041621968 0.0015366044968908664
3.0429732 0.001649322953988447
3.044324431 0.0017716468658792047
3.045675663 0.0019043701710181758
3.047026894 0.002048590018010267
3.0483781260000002 0.0022052839744449194
3.0497293570000004 0.0023760542539423063
3.051080589 0.002558900915050673
3.05243182 0.0027575851288985363
3.053783051 0.0029736624813765677
3.0551342829999997 0.00320911278670332
3.056485514 0.0034656218406144746
3.057836746 0.0037452099482032214
3.059187977 0.00405043931701627
3.060539209 0.0043854382611604155
3.06189044 0.004754715586812602
3.063241671 0.005157814155784752
3.0645929030000003 0.0055988871062348025
3.065944134 0.006088188999387153
3.0672953659999997 0.006617689260058613
3.068646597 0.00720248903075201
3.069997829 0.007841030014651793
3.07134906 0.00853196529205309
3.072700292 0.009289793017037376
3.074051523 0.010120032319285908
3.075402754 0.0110299484161834
3.0767539860000004 0.01202620912597392
3.0781052169999996 0.013117848830723722
3.079456449 0.0143136442376971
3.08080768 0.015632973401607592
3.0821589119999997 0.01708482641365562
3.083510143 0.01867513904077451
3.084861374 0.02041658188180119
3.086212606 0.022322333930991083
3.0875638370000003 0.024406471844625
3.088915069 0.026683394104415677
3.0902662999999997 0.02917125811712665
3.0916175320000003 0.03189433216992531
3.092968763 0.03486306739146607
3.0943199949999998 0.03813993747419079
3.095671226 0.041657794523600154
3.097022457 0.04547790352946113
3.098373689 0.04962053797961629
3.0997249200000003 0.05410454750196395
3.101076152 0.058923365357724036
3.102427383 0.0641093575259096
3.103778615 0.06968448671655103
3.1051298459999996 0.07566687684891028
3.106481078 0.08206729114326526
3.107832309 0.08889781193130361
3.10918354 0.09616428065204993
3.110534772 0.10388624575516608
3.111886003 0.1120731519874803
3.113237235 0.12069689048669872
3.1145884660000003 0.12974606017028334
3.115939698 0.1391935544175254
3.1172909289999997 0.14901684624908826
3.11864216 0.15916853759655686
3.119993392 0.16961008921393533
3.121344623 0.1806442628550727
3.122695855 0.19166426515250776
3.124047086 0.20280270255876007
3.1253983180000002 0.2139813502078541
3.126749549 0.22513290961764282
3.128100781 0.23616396058255107
3.1294520120000002 0.24701396905532158
3.130803243 0.2575371471928543
3.1321544749999997 0.2676850184774591
3.133505706 0.277429872132173
3.134856938 0.2867135135102094
3.136208169 0.2954998827728649
3.137559401 0.30373899875810895
3.138910632 0.3114238625269123
3.140261863 0.31854891289033066
3.1416130950000003 0.3251929931323686
3.142964326 0.33126845691998563
3.1443155579999997 0.336782381871478
3.145666789 0.34176485425625397
3.147018021 0.3462365955825357
3.148369252 0.35063385209400727
3.149720484 0.35417773794879304
3.151071715 0.35730302591156693
3.152422946 0.3600525524572476
3.153774178 0.3624620808718826
3.155125409 0.3645725005177163
3.1564766410000002 0.3664160463310975
3.157827872 0.3680306174499004
3.1591791039999997 0.36944740095317424
3.160530335 0.37067325809010565
3.161881566 0.3717252324353591
3.163232798 0.37265797155392044
3.1645840290000002 0.3734978275686998
3.165935261 0.37426221704001883
3.167286492 0.37496923723594794
3.1686377240000003 0.37563496786671147
3.169988955 0.3762699272788068
3.1713401869999998 0.37712254409325446
3.172691418 0.3782779283209739
3.174042649 0.3792626973602627
3.1753938809999998 0.3801130351643893
3.176745112 0.3809746226474717
3.178096344 0.3818487182032483
3.179447575 0.3827393325958529
3.180798807 0.38357228614222816
3.182150038 0.38437110429698274
3.1835012700000003 0.3851859708844345
3.184852501 0.3860191469329842
3.186203732 0.3868678492039662
3.187554964 0.3877316513607297
3.188906195 0.3886059502263876
3.190257427 0.38949237787773344
3.1916086580000003 0.3903934016498256
3.19295989 0.39130448539277934
3.194311121 0.3922210817722181
3.195662352 0.3931409554683087
3.197013584 0.3940679211128775
3.1983648149999997 0.3954514513413446
3.199716047 0.3963738612736074
3.201067278 0.39725363619721077
3.2024185099999998 0.3981167726942344
3.203769741 0.39897284689861556
3.205120973 0.3998230687419742
3.206472204 0.4006654858963279
3.207823435 0.4015016097979151
3.209174667 0.40232794549949075
3.2105258979999998 0.4031425490120373
3.21187713 0.403942066298753
3.213228361 0.4042813884743515
3.214579593 0.40506448521489974
3.215930824 0.405840931008828
3.217282055 0.406608523923666
3.2186332870000003 0.4073693762287384
3.2199845180000004 0.4081212802229859
3.22133575 0.40914368006997126
3.222686981 0.41031867268783684
3.2240382129999996 0.41116628894814783
3.2253894439999997 0.41200846671589947
3.226740676 0.4128452282639356
3.228091907 0.41367767262891725
3.229443138 0.4145043122924936
3.23079437 0.41519335382834455
3.232145601 0.4157815764779122
3.2334968330000002 0.4163678682233481
3.234848064 0.41694851544968187
3.2361992959999997 0.41752668949033617
3.237550527 0.4180996532958255
3.238901759 0.4186700511660793
3.24025299 0.41922318877914005
3.2416042210000002 0.4197231855498454
3.242955453 0.42022085222614164
3.244306684 0.4208671797614934
3.2456579160000003 0.421701816624503
3.2470091470000004 0.4221863814545347
3.248360379 0.4226669689450322
3.24971161 0.423142938024897
3.251062841 0.4237112234913035
3.2524140729999997 0.4242980663722581
3.253765304 0.42488221539436205
3.255116536 0.42546142046498225
3.256467767 0.42604092562425067
3.257818999 0.42661880859511847
3.25917023 0.42719672412370124
3.2605214620000003 0.42774428231974276
3.261872693 0.42824660171998635
3.263223924 0.4287502081356227
3.264575156 0.42925391221035164
3.265926387 0.4297607221963445
3.267277619 0.430408782281092
3.2686288500000003 0.43128717838733127
3.269980082 0.43179907452938854
3.271331313 0.4322026696646476
3.272682544 0.4326097778107386
3.274033776 0.43302411641881217
3.2753850069999997 0.4334437987892988
3.276736239 0.43386918920064677
3.27808747 0.4343029847835728
3.2794387019999998 0.4347459364796346
3.280789933 0.43520175562363844
3.282141165 0.4356661237702309
3.283492396 0.436142213277972
3.2848436270000003 0.43662472621721615
3.286194859 0.43712001355694186
3.2875460899999998 0.4376263372194458
3.288897322 0.43814622709329804
3.290248553 0.4391956311289608
3.291599785 0.43974041477023196
3.292951016 0.4402980241203348
3.294302247 0.44086572193186546
3.2956534790000003 0.4414484481300868
3.29700471 0.4420423828645877
3.298355942 0.4426523208472513
3.299707173 0.443271333987071
3.301058405 0.44379839934717563
3.3024096359999997 0.44430678356270525
3.303760868 0.4448244228006381
3.305112099 0.44535364458151633
3.30646333 0.4458919568774695
3.307814562 0.4464413920750905
3.309165793 0.44699665200894
3.3105170250000002 0.4475374049419203
3.3118682560000003 0.4485023674564951
3.313219488 0.44908867560649685
3.3145707189999998 0.44961039547659354
3.315921951 0.45013526827033873
3.317273182 0.45066378751249814
3.318624413 0.4511909662972234
3.319975645 0.45172071097775096
3.321326876 0.4522036835872352
3.322678108 0.45268794303692184
3.324029339 0.45316774430667295
3.325380571 0.4536468446230311
3.326731802 0.4541228500039581
3.328083033 0.4545944532415717
3.3294342649999997 0.45506361853412486
3.330785496 0.45518967142506916
3.332136728 0.4550707376219772
3.333487959 0.45494208357290933
3.334839191 0.4552574009033234
3.336190422 0.45520262065897693
3.3375416540000002 0.45505676033309694
3.3388928850000004 0.45490573665125145
3.340244116 0.45452974356389403
3.341595348 0.4531587881503637
3.342946579 0.45177614709932673
3.344297811 0.45038937962024117
3.345649042 0.44899387237972005
3.347000274 0.44759156224558216
3.348351505 0.44617949086097136
3.3497027360000002 0.44475817105406934
3.351053968 0.44174144815811534
3.3524051989999997 0.4382643432248497
3.353756431 0.4347805420234969
3.355107662 0.4312839452770972
3.3564588939999997 0.42777939841284235
3.357810125 0.42426649730939253
3.359161357 0.42074576304922945
3.360512588 0.41875176526442054
3.3618638190000003 0.4192598996376652
3.363215051 0.41976865305773386
3.3645662819999997 0.42027343415786417
3.3659175140000004 0.42077952713847716
3.367268745 0.4212842272244349
3.368619977 0.421789473405614
3.369971208 0.4222975803469282
3.371322439 0.4262760688341696
3.372673671 0.43066409400105515
3.374024902 0.4354008828296789
3.375376134 0.43947987865998284
3.3767273650000003 0.4435630277443105
3.378078597 0.44765141607447106
3.3794298279999997 0.45174649273744166
3.38078106 0.45423202639703736
3.382132291 0.4555463358387041
3.383483522 0.456860282820606
3.384834754 0.45817893639486473
3.386185985 0.45949923632985856
3.387537217 0.46082001947762
3.3888884480000003 0.4621414790374779
3.39023968 0.46319011790991516
3.3915909109999998 0.4630004820730042
3.3929421430000004 0.46280096597363074
3.3942933739999996 0.4625953945943799
3.3956446049999998 0.46238180365610576
3.396995837 0.4621585887925945
3.398347068 0.46192794555736527
3.3996983 0.46168582785642576
3.401049531 0.4613910740362331
3.402400763 0.4610730859997093
3.4037519940000003 0.46074679379700567
3.405103225 0.46041328387780417
3.4064544569999997 0.4600708915898873
3.407805688 0.4597240641979102
3.40915692 0.45945180496388277
3.410508151 0.45961760682175085
3.411859383 0.4594421324693421
3.413210614 0.4592589895318396
3.4145618460000002 0.4590719515825463
3.4159130770000004 0.45934761393762147
3.4172643079999996 0.4591942890337484
3.41861554 0.4589898075216468
3.419966771 0.4587823011118721
3.4213180029999997 0.45894544805291987
3.422669234 0.45911096044535543
3.424020466 0.45927584047373143
3.425371697 0.4594369021631557
3.4267229280000002 0.45959890903460326
3.42807416 0.459759710120043
3.429425391 0.45991919973471407
3.4307766230000003 0.45997653956044193
3.432127854 0.45995101177507924
3.4334790859999997 0.45992189185712706
3.434830317 0.4598859133819057
3.436181549 0.4598459583526711
3.43753278 0.45980294894977436
3.4388840110000003 0.4597541797602881
3.440235243 0.4596697918635724
3.441586474 0.4594155499398522
3.4429377060000004 0.45916521373294455
3.4442889369999996 0.4594580915721763
3.445640169 0.4592149432453978
3.4469914 0.4589763681706014
3.448342631 0.4589135297925538
3.449693863 0.459015483349973
3.451045094 0.4589884192165277
3.452396326 0.45902373663189305
3.4537475570000002 0.45906300154094803
3.455098789 0.4591033720665803
3.45645002 0.459149441245092
3.4578012520000003 0.4591980390992855
3.459152483 0.45925061158829383
3.460503714 0.45945343416384
3.461854946 0.45990136353100275
3.463206177 0.4603549737547235
3.464557409 0.46081070155871773
3.4659086400000003 0.46126929811168693
3.467259872 0.46173121278486157
3.468611103 0.4621923076551946
3.469962335 0.4626564412212561
3.4713135659999996 0.46280781660584236
3.4726647969999997 0.46295244802081204
3.474016029 0.4631000491064446
3.47536726 0.46324954112322714
3.476718492 0.4637944175106635
3.478069723 0.4641042140104402
3.479420955 0.4644851875802607
3.4807721860000003 0.46513866858247116
3.482123417 0.4656321469255582
3.483474649 0.46612983323473806
3.48482588 0.46662773562051746
3.486177112 0.46712753397696843
3.487528343 0.4676287972949921
3.488879575 0.46812961470816666
3.490230806 0.46865617303614227
3.491582038 0.4692973217907745
3.492933269 0.4699382175770169
3.4942845 0.4705786546619243
3.495635732 0.47121637950391904
3.496986963 0.4718552840844508
3.4983381949999997 0.4724926545960632
3.4996894259999998 0.47313137650807285
3.501040658 0.47371398466131215
3.502391889 0.4742774063787853
3.50374312 0.4748403463276334
3.505094352 0.47539962104449823
3.506445583 0.47595804329446556
3.5077968150000003 0.4769601374947278
3.509148046 0.47763071362389836
3.5104992779999997 0.4784842259260143
3.511850509 0.47938203076138197
3.513201741 0.48000853501648594
3.514552972 0.4806311193934371
3.515904203 0.4812486948418698
3.517255435 0.481865475655417
3.518606666 0.48248055152728864
3.519957898 0.4830921194704682
3.521309129 0.4836262607934951
3.5226603610000002 0.48414915747019965
3.524011592 0.4846713542841083
3.5253628239999997 0.4851941645492511
3.526714055 0.48571750833678395
3.528065286 0.4862408100109606
3.529416518 0.4867593635481878
3.5307677490000002 0.48723857335837534
3.532118981 0.4876875643490958
3.533470212 0.48813517148572366
3.5348214440000003 0.48905356226857394
3.536172675 0.48960424801246727
3.537523906 0.4900522726187165
3.538875138 0.4904996821444244
3.540226369 0.49092034443693805
3.5415776009999997 0.4912152526135848
3.542928832 0.4920195859820335
3.544280064 0.49235177694151583
3.545631295 0.4926439929944412
3.546982527 0.4929341024016774
3.548333758 0.4932254150638141
3.5496849889999997 0.49351802992802646
3.551036221 0.4937934894634136
3.552387452 0.49459505309174095
3.553738684 0.49484409477803937
3.555089915 0.4950963649200173
3.556441147 0.49535068010138195
3.5577923780000003 0.49560704485423346
3.5591436090000004 0.49586749437032335
3.560494841 0.49615467779521105
3.561846072 0.4964867061405808
3.563197304 0.49682218830484953
3.5645485349999997 0.49716056123514696
3.565899767 0.49750252404666573
3.567250998 0.49784733160996153
3.5686022299999998 0.4985449134792969
3.569953461 0.4991270299887389
3.571304692 0.49941155754445243
3.572655924 0.4996947736706843
3.574007155 0.4999810234372947
3.575358387 0.500269562294953
3.5767096179999998 0.5005606305978239
3.57806085 0.5014140443849027
3.579412081 0.5017108348629884
3.580763312 0.5019732994546305
3.582114544 0.5022099586634586
3.583465775 0.5024497683874861
3.5848170070000003 0.5031676452443027
3.5861682380000004 0.5035148273976497
3.58751947 0.5037561787695343
3.588870701 0.5039975716460672
3.5902219329999996 0.5042280924388697
3.5915731639999997 0.5044033151939142
3.592924395 0.5045804557779573
3.594275627 0.5047585893879735
3.595626858 0.5049370046284152
3.59697809 0.5051165093784042
3.598329321 0.5052979325571113
3.5996805530000002 0.5054806056359589
3.601031784 0.505665988619714
3.602383016 0.5058534509580962
3.603734247 0.506474498495452
3.605085478 0.5068217294736598
3.60643671 0.5070155828357026
3.607787941 0.5072102779460371
3.609139173 0.5074051417031585
3.610490404 0.5075783393355956
3.6118416360000003 0.5077118119727474
3.6131928670000004 0.507843653858851
3.6145440979999997 0.5079756034863361
3.61589533 0.5081088286551241
3.617246561 0.5082427805367766
3.6185977929999997 0.5083787318551295
3.619949024 0.5090549870403634
3.621300256 0.5092133285822653
3.622651487 0.5093429399165245
3.624002719 0.5094732986651337
3.62535395 0.5096030872930675
3.6267051809999997 0.5097306554270153
3.628056413 0.5098574359472383
3.629407644 0.5099830564921095
3.630758876 0.5101472022713345
3.632110107 0.5103423475117838
3.633461339 0.5105371567001236
3.6348125700000002 0.5107308453455996
3.6361638010000004 0.5109250916143179
3.637515033 0.5111192226732607
3.638866264 0.5113111992962899
3.640217496 0.5115124288425085
3.6415687269999997 0.5117689300776581
3.642919959 0.5120251714344913
3.64427119 0.5122808944141495
3.6456224219999998 0.5125356261854425
3.646973653 0.5127903640486066
3.648324884 0.5130425947909187
3.649676116 0.5136971897747218
3.6510273470000003 0.5141978462325655
3.652378579 0.5145180405701865
3.6537298099999997 0.5148338591440037
3.655081042 0.515147449667456
3.656432273 0.5154568882015784
3.657783504 0.5157638919658915
3.659134736 0.5160700457347914
3.660485967 0.5163456234142975
3.6618371990000003 0.5165724597067292
3.66318843 0.5167981465108451
3.664539662 0.5170201968643277
3.665890893 0.517238293385109
3.667242125 0.517451262835131
3.6685933559999997 0.5176597693357812
3.669944587 0.5184106915049027
3.671295819 0.5187143991683697
3.67264705 0.5189871395587567
3.673998282 0.5192568559010036
3.675349513 0.5195233746943412
3.676700745 0.5197898609891605
3.6780519760000003 0.5200523504060257
3.679403208 0.5203105521079908
3.6807544389999998 0.5205653216219258
3.68210567 0.520813013991604
3.683456902 0.521057982353901
3.684808133 0.5213041084227471
3.686159365 0.521546270808171
3.687510596 0.5217865350490904
3.688861828 0.5220292544746572
3.690213059 0.5222475494207665
3.6915642899999996 0.5223458152259994
3.692915522 0.5224444275368512
3.694266753 0.5231449471854921
3.6956179849999997 0.5232386179614266
3.696969216 0.5233331836147384
3.698320448 0.5234256431246008
3.699671679 0.5235184295459094
3.701022911 0.5236135158777708
3.702374142 0.5237090614944179
3.703725373 0.5238073652400966
3.7050766050000004 0.5239065409942079
3.706427836 0.5240057372425311
3.707779068 0.5241057057319254
3.709130299 0.5242037935092737
3.710481531 0.5243254983533412
3.711832762 0.5244918032421478
3.713183993 0.5246580231776428
3.714535225 0.5248263511870506
3.7158864560000002 0.5249961309803559
3.717237688 0.525165850869436
3.7185889189999997 0.525337534604358
3.719940151 0.5255101807825168
3.721291382 0.5256851835429125
3.7226426139999997 0.5258627817702931
3.723993845 0.526039403802493
3.725345076 0.5262147387234881
3.726696308 0.5263905585114028
3.7280475390000003 0.5265650607227875
3.729398771 0.526740445359444
3.730750002 0.526920382232061
3.7321012340000004 0.5271007956897968
3.733452465 0.5272810851542181
3.7348036959999997 0.5274605868967361
3.736154928 0.5282476033328218
3.737506159 0.5284216415326098
3.738857391 0.5285921427752605
3.740208622 0.5288679827621229
3.741559854 0.5294216355533449
3.7429110850000002 0.5295052485555034
3.744262317 0.5295828848897416
3.7456135479999997 0.5296584884335782
3.746964779 0.5297299439209701
3.748316011 0.5297961354461674
3.749667242 0.5298597249483108
3.751018474 0.5299151943190973
3.752369705 0.5299622578651084
3.753720937 0.5300041044474847
3.7550721680000003 0.5300376132235022
3.7564234 0.5300643204613255
3.757774631 0.5300873076851559
3.759125862 0.5301027173710835
3.7604770939999996 0.5301128756962732
3.7618283249999998 0.5301212964863894
3.763179557 0.5301227272171327
3.764530788 0.5301184465035702
3.76588202 0.5301100040051057
3.767233251 0.530093249305182
3.768584482 0.5300703765096135
3.7699357140000003 0.5300427394353472
3.771286945 0.5299997333719473
3.7726381769999997 0.5299513926328734
3.773989408 0.5298998762594662
3.77534064 0.5298425024532623
3.776691871 0.530207086635023
3.778043103 0.5303343810787345
3.779394334 0.5302671579924605
3.780745565 0.5302437240164458
3.7820967970000003 0.5302554061758225
3.7834480279999996 0.5302627151441784
3.7847992599999998 0.5302711677045578
3.786150491 0.5302803977504722
3.7875017229999997 0.5302870300854242
3.7888529539999998 0.5302962586858488
3.790204185 0.5302854557864563
3.791555417 0.530150610599853
3.792906648 0.5300219056580829
3.79425788 0.5298971023406269
3.795609111 0.5297729486592893
3.7969603430000003 0.5296558791326216
3.798311574 0.5295423641894189
3.7996628059999997 0.5294305805331972
3.801014037 0.5294389520019093
3.802365268 0.5294892481963156
3.8037165 0.5295436470366757
3.8050677310000003 0.5296091651256692
3.806418963 0.5296819591992311
3.807770194 0.5297602197522719
3.8091214260000004 0.5298511158554439
3.8104726569999996 0.5299227924551383
3.811823889 0.5299492839070993
3.81317512 0.5299881369362998
3.814526351 0.5300351050979621
3.815877583 0.5300882077548051
3.817228814 0.5302928257013543
3.818580046 0.5308372256160013
3.8199312770000002 0.5309146717860292
3.821282509 0.531010823639448
3.82263374 0.531114810137441
3.823984971 0.5312239936319505
3.825336203 0.5313420017031072
3.826687434 0.5314640480173575
3.828038666 0.5315874178850398
3.829389897 0.5317178382299399
3.830741129 0.5318502462986378
3.8320923600000003 0.5319825122536186
3.833443592 0.5321208823402436
3.834794823 0.5322591625925789
3.836146054 0.5323934490665261
3.8374972859999996 0.5325286988693125
3.8388485169999997 0.5331642087300626
3.840199749 0.5333796479894805
3.84155098 0.5334990391030998
3.842902212 0.5336114463115089
3.844253443 0.5337120534155809
3.845604674 0.5338079347943194
3.8469559060000003 0.5338971826213719
3.848307137 0.5339741993696855
3.849658369 0.5340434246991088
3.8510096 0.5340975429298279
3.852360832 0.5341349141012403
3.853712063 0.5341619262138054
3.855063295 0.5341751893884955
3.856414526 0.534169251706666
3.857765757 0.5346222385173715
3.859116989 0.5347308459827419
3.86046822 0.5346760786255867
3.861819452 0.5346092774746641
3.863170683 0.5345253283074848
3.8645219149999996 0.5344198342039074
3.8658731459999998 0.5342972197007593
3.867224377 0.534158842528074
3.868575609 0.5339986549157378
3.86992684 0.5338222093276798
3.871278072 0.5336189777730622
3.872629303 0.5333939589480139
3.8739805350000003 0.5331513471295372
3.875331766 0.5328938196009478
3.876682998 0.5326149222781886
3.878034229 0.5323201197455865
3.87938546 0.5320139107457416
3.880736692 0.5316987878642869
3.882087923 0.5313768927808581
3.883439155 0.5310458148824869
3.884790386 0.5307024432102635
3.886141618 0.5303489279908613
3.887492849 0.5299914213864468
3.8888440810000002 0.5296248489695378
3.890195312 0.5292476461621811
3.891546543 0.5288627741873062
3.892897775 0.5284721168298672
3.894249006 0.5280762077232846
3.895600238 0.527683244054031
3.8969514690000002 0.5272879565306615
3.898302701 0.5274965248963549
3.899653932 0.527099479169607
3.9010051629999998 0.5266975305436221
3.902356395 0.5262921148516829
3.903707626 0.5258894487585087
3.905058858 0.5254889377635313
3.906410089 0.5250839294562039
3.9077613209999997 0.5246793101062633
3.909112552 0.5242762564612945
3.910463784 0.5238707970601457
3.911815015 0.5234702180204974
3.913166246 0.5230649476942903
3.914517478 0.5229451721017034
3.9158687089999997 0.522789691591551
3.917219941 0.5223387996706307
3.918571172 0.5218650551613806
3.919922404 0.5213642441915044
3.921273635 0.5208383850957633
3.922624866 0.5202745626463471
3.9239760980000002 0.5196646397935404
3.9253273290000004 0.5190118343663349
3.926678561 0.5183034798481052
3.928029792 0.5175259494854701
3.929381024 0.5166757286353519
3.9307322549999997 0.5157354199331687
3.932083487 0.5146948580370633
3.933434718 0.5135524644912406
3.934785949 0.5122964209718726
3.936137181 0.510909358728425
3.937488412 0.5096698828286603
3.938839644 0.5082964912007649
3.940190875 0.5064682255464587
3.941542107 0.5045267768661332
3.9428933379999997 0.5023966085883834
3.944244569 0.5000564865072041
3.945595801 0.49749438340114505
3.946947032 0.4946999963360912
3.948298264 0.4916563922425267
3.949649495 0.4883475937590555
3.9510007270000003 0.48470817681813205
3.9523519580000004 0.48076339437640464
3.95370319 0.4765205660715707
3.955054421 0.4719767870240431
3.956405652 0.4671180612986942
3.9577568839999997 0.4619317722159811
3.959108115 0.4564157410315677
3.960459347 0.4505689317442508
3.961810578 0.44438691828030974
3.96316181 0.4378654673961248
3.964513041 0.4310115178669129
3.965864273 0.4238259058383746
3.967215504 0.4163167898014902
3.968566735 0.4084939756776054
3.9699179669999998 0.40077280894097456
3.971269198 0.39238793469559174
3.97262043 0.38369371074562864
3.973971661 0.3747445071166811
3.975322893 0.3655570605892702
3.976674124 0.35615593339456253
3.978025355 0.3469683337420665
3.9793765870000004 0.33720737240585036
3.9807278179999996 0.3273046032727359
3.98207905 0.31729137281924036
3.983430281 0.30719719054585864
3.9847815129999997 0.297051221229015
3.986132744 0.28688483619573674
3.987483976 0.27672575166147645
3.988835207 0.2665987159070046
3.9901864380000003 0.25653787595803557
3.99153767 0.24656746449942935
3.9928889009999997 0.2367090017234005
3.994240133 0.22698798179493657
3.995591364 0.21742660442134515
3.996942596 0.20804319789859577
3.998293827 0.1988555930395729
3.999645058 0.18988250985105248
4.00099629 0.1811343605512298
4.002347521 0.17262647353914412
4.003698753 0.16437273929946156
4.005049984 0.15637946092118607
4.006401216 0.14865131916132507
4.007752447 0.1411935456832846
4.009103679 0.13401003933995875
4.01045491 0.12710652608634554
4.011806141 0.12048690994859484
4.013157373 0.11414114347510095
4.014508604 0.10806507497839163
4.015859836 0.10225532405571813
4.017211067 0.09670826084255106
4.018562299 0.09147727947543063
4.01991353 0.08647714195674024
4.021264761 0.08175562189663695
4.022615993 0.077177128878948
4.023967224 0.07282988008020558
4.025318456 0.06870595604167357
4.026669687 0.06479737049606818
4.028020919 0.06109530657138244
4.02937215 0.057591082415517386
4.030723382 0.054276864995902695
4.032074613 0.051144905559034774
4.033425844 0.04818576138004654
4.034777076 0.04539201345064286
4.036128307 0.04275653599636233
4.037479539 0.04027150595547245
4.03883077 0.03792917309645114
4.040182002 0.0357231082637648
4.041533233 0.03364949299457775
4.042884465 0.03169605793676637
4.044235696 0.029857123238448333
4.0455869269999996 0.028126520216170174
4.046938159 0.026497633906870106
4.04828939 0.024964626243540795
4.049640622 0.023522747033991733
4.050991853 0.022164612367087545
4.052343085 0.02088606750122891
4.053694316 0.019684071624012252
4.055045547 0.018554501442350334
4.056396779 0.017492867880725398
4.05774801 0.016494766516666495
4.059099241999999 0.015556472999825472
4.0604504729999995 0.014681878802498313
4.061801705 0.013860787193119688
4.063152936 0.013080981935510234
4.064504168 0.012348085550703734
4.065855399 0.011658455188685975
4.06720663 0.011009408708266673
4.0685578620000005 0.010399485795398233
4.069909093000001 0.009826066033254997
4.071260325 0.009287437981832227
4.072611556 0.008786308210704776
4.073962788 0.008312017838726019
4.075314019 0.007862121415809558
4.07666525 0.007439478994028479
4.078016482 0.007042705425796664
4.079367713 0.006668620542414431
4.080718945 0.006315236676102487
4.082070176 0.005982009224183876
4.083421408 0.005668372175897994
4.084772639 0.005372935564409873
4.086123871 0.0050947060169345545
4.087475102 0.004832113258166519
4.088826333 0.004583642467878796
4.090177565 0.004349600102516826
4.091528796 0.004129828525425867
4.092880028 0.003923219325839308
4.094231259 0.003727636538577017
4.095582491 0.003542709290460273
4.096933722 0.0033678688498828525
4.098284953 0.00320269039200593
4.0996361850000005 0.0030469728376527447
4.100987416 0.002899752173344291
4.102338648 0.0027598089856986784
4.103689878999999 0.0026285838325768775
4.105041110999999 0.002503757682562703
4.106392342 0.0023851209594617966
4.107743574 0.0022726751801338528
4.109094805 0.0021659263403551138
4.110446036 0.00206528928134035
4.111797268 0.0019699097136657013
4.113148499 0.0018793196557708388
4.1144997309999995 0.0017935086046030578
4.115850962000001 0.0017119758025270168
4.117202194000001 0.0016343084384794382
4.118553425 0.0015618559408609452
4.119904657 0.0014935208509284927
4.121255887999999 0.0014275123665445574
4.122607119 0.0013645742689576258
4.123958351000001 0.0013050975332572488
4.125309582 0.0012493586585393959
4.126660814 0.0011964677992045262
4.128012045 0.001146298166567395
4.129363277 0.0010983680855676168
4.130714508 0.0010522979665270862
4.132065739 0.001008399463452332
4.133416971 0.0009672510130169703
4.134768202 0.0009280616876900119
4.136119434 0.0008897758516407908
4.1374706649999995 0.0008528673816298932
4.138821897 0.0008176950027258782
4.140173128000001 0.0007839511641231111
4.14152436 0.0007512195091793094
4.142875591 0.0007198474700315705
4.144226821999999 0.0006897351821902566
4.145578054 0.0006613824851083503
4.146929285000001 0.0006352042681471084
4.148280517 0.0006120504884323995
4.149631748 0.0005892681309382499
4.15098298 0.0005673546424417367
4.152334211 0.0005468408389082461
4.153685442 0.0005274591455744545
4.155036674 0.0005081984919869953
4.156387905 0.0004892244261777753
4.157739136999999 0.0004711576096741283
4.159090368 0.0004536259567210975
4.1604416 0.0004368725457042111
4.161792831 0.00042054676983081167
4.163144063 0.00040461591496007124
4.164495294 0.0003889028050629659
4.165846525 0.0003742668303629195
4.167197757 0.000360801596064462
4.1685489879999995 0.00034805225739128787
4.169900220000001 0.00033516847865538546
4.171251451 0.0003229373565184904
4.172602683 0.0003119368903265354
4.173953914 0.0003017266892107154
4.1753051459999995 0.00029201989159194857
4.1766563770000005 0.0002830824046637029
4.178007608 0.00027459056049987493
4.17935884 0.0002660017340963014
4.180710071 0.00025786904126384806
4.182061303 0.0002501295713253638
4.183412534 0.00024243772141212085
4.184763766 0.00023482146406194845
4.186114997 0.00022794916048992853
4.187466228 0.00022148447127906719
4.18881746 0.00021478856679104746
4.190168691 0.00020787066885370056
4.1915199229999995 0.00020157138243769745
4.1928711540000005 0.00019573794053492593
4.194222386000001 0.00019031865538128562
4.195573617 0.00018453670553666008
4.196924849 0.00017892392246999866
4.198276079999999 0.00017309739191178312
4.199627311 0.00016746690063776647
4.200978543 0.00016232805703622887
4.202329774 0.000157429483404093
4.203681006 0.00015250218131741692
4.205032237 0.00014781451525986596
4.206383469 0.00014377030296091491
4.2077347 0.00013989385629973835
4.209085931 0.000135945252386461
4.210437163 0.00013248026984266544
4.211788394 0.00012967307453810604
4.213139626 0.00012704005467814258
4.2144908569999995 0.00012439766300953797
4.215842089 0.00012171601284812523
4.217193320000001 0.00011899622749407592
4.218544552 0.00011610470139023624
4.219895783 0.0001135222476339629
4.221247013999999 0.0001111676543717117
4.2225982459999996 0.0001085504778323882
4.223949477 0.00010549954238716993
4.225300709 0.00010268782875219339
4.22665194 0.00010036201591215312
4.228003171999999 9.841017901148284e-05
4.229354403 9.669528999623114e-05
4.2307056339999995 9.50365628592753e-05
4.232056866 9.284453348741467e-05
4.233408097000001 8.996827788192591e-05
4.234759329 8.732833859560872e-05
4.23611056 8.533250270555442e-05
4.237461792 8.347450745836001e-05
4.238813023 8.121277466258131e-05
4.240164255 7.877055527144997e-05
4.241515486 7.675900393425918e-05
4.242866717 7.526757103301999e-05
4.244217949 7.447126479583828e-05
4.24556918 7.412422649047217e-05
4.246920412000001 7.394256655194805e-05
4.248271643 7.335143514552008e-05
4.249622875 7.239233440633424e-05
4.250974105999999 7.120990216564144e-05
4.2523253379999995 6.977882383787869e-05
4.2536765690000005 6.808709012557168e-05
4.2550278 6.64373619738451e-05
4.256379032 6.469612930180573e-05
4.257730263 6.259017868462306e-05
4.259081495 6.047763740241324e-05
4.260432726 5.8913795027178175e-05
4.261783958 5.788076128782518e-05
4.263135189 5.699836395255645e-05
4.26448642 5.636357928486426e-05
4.265837652 5.6301236727880606e-05
4.267188883 5.667192596264851e-05
4.2685401149999995 5.7270061573711996e-05
4.2698913460000005 5.806197555885986e-05
4.271242578000001 5.874620528522583e-05
4.272593809 5.8899806754471516e-05
4.273945041 5.833178593984233e-05
4.275296271999999 5.728582052619814e-05
4.276647503 5.589812881528918e-05
4.277998735 5.390348915162253e-05
4.279349966 5.1458067241016995e-05
4.280701198 4.935516520217452e-05
4.282052429 4.802140504028628e-05
4.283403661 4.7217549289217354e-05
4.284754892 4.7140696279212834e-05
4.286106123 4.780324149506691e-05
4.287457355 4.8732533775958994e-05
4.288808586 4.953327387126168e-05
4.290159818 5.008913926687227e-05
4.2915110489999995 5.015117539338252e-05
4.292862281 4.938280502064857e-05
4.294213512000001 4.812726805909864e-05
4.295564744 4.658974873907918e-05
4.296915975 4.496001858041112e-05
4.298267206 4.313037757610128e-05
4.299618438 4.1387978354025935e-05
4.300969669 4.002636113090486e-05
4.302320901 3.9129035568332836e-05
4.303672132 3.875863838517908e-05
4.305023363999999 3.8677733982507716e-05
4.306374595 3.8876201874000235e-05
4.3077258259999995 3.9072503182982824e-05
4.309077058 3.895074003643385e-05
4.310428289000001 3.8795422962049625e-05
4.311779521 3.884044201068426e-05
4.313130752 3.9051010708441494e-05
4.314481984 3.9025786920034214e-05
4.315833215 3.909879383025242e-05
4.317184447 3.932060225475923e-05
4.318535678 3.9731288776851135e-05
4.319886909 4.01194064759441e-05
4.321238141 4.050200139101606e-05
4.322589372 4.07388231369902e-05
4.323940604000001 4.044521472592892e-05
4.325291835 3.9827603996446076e-05
4.326643067 3.906695515481271e-05
4.327994297999999 3.8031367944583034e-05
4.329345529999999 3.669217825742845e-05
4.3306967610000004 3.528196196820264e-05
4.332047992 3.405699993143206e-05
4.333399224 3.296328089246539e-05
4.334750455 3.236731672043131e-05
4.336101687 3.210451748794277e-05
4.337452918 3.2365772248639865e-05
4.33880415 3.303800529051243e-05
4.340155381 3.366709221328194e-05
4.341506612 3.4000749370902794e-05
4.342857844 3.429030366876029e-05
4.344209075 3.4537655595157194e-05
4.3455603069999995 3.46865111264044e-05
4.3469115380000005 3.447353954743735e-05
4.34826277 3.3632150020011556e-05
4.349614001 3.220532122070207e-05
4.350965233 3.1004898595241046e-05
4.352316464 3.0313345784392092e-05
4.353667695 2.9900048522428566e-05
4.355018927 2.9673868378333395e-05
4.356370158 2.938774204785888e-05
4.35772139 2.9346735686509027e-05
4.359072621 2.9652249712039322e-05
4.360423853 3.0464263192304724e-05
4.361775084 3.0887481928707564e-05
4.363126315000001 3.097156983339465e-05
4.364477547000001 3.066786635573228e-05
4.365828778 3.0341329110969488e-05
4.36718001 2.9961132590142238e-05
4.3685312409999995 3.003376123763489e-05
4.369882473 3.055459452122155e-05
4.371233704 3.1338402723641785e-05
4.372584936 3.1712329942661805e-05
4.373936167 3.192769863934787e-05
4.375287398 3.2209440623792874e-05
4.37663863 3.270459873191224e-05
4.377989861 3.3088636565207744e-05
4.379341093 3.314482211054681e-05
4.380692324 3.26292935306073e-05
4.382043555999999 3.157651274648159e-05
4.383394787 3.100601269743228e-05
4.3847460179999995 3.1005570035651276e-05
4.38609725 3.121842112136951e-05
4.387448481000001 3.104154401447715e-05
4.388799713 3.082673302419333e-05
4.390150944 3.0538684877951705e-05
4.391502176 3.0381644096087947e-05
4.392853407 3.0082429110223474e-05
4.394204639 2.959559790224952e-05
4.39555587 2.8915726623791325e-05
4.396907101 2.8403053882044167e-05
4.398258332999999 2.813611422369804e-05
4.399609564 2.8157197540728087e-05
4.400960796000001 2.815437041999381e-05
4.402312027 2.8057288865631372e-05
4.403663259 2.8182909900846907e-05
4.405014489999999 2.8135733368320628e-05
4.406365721999999 2.7807156783551643e-05
4.407716953 2.7263663737313846e-05
4.409068184 2.6501352842935282e-05
4.410419416 2.574261308095498e-05
4.411770647 2.5351879329520458e-05
4.413121879 2.5401716830888796e-05
4.41447311 2.5525532566983366e-05
4.415824342 2.5797889577855793e-05
4.417175573000001 2.6331756699894482e-05
4.418526804 2.6786190791202648e-05
4.419878036 2.7337397605808774e-05
4.421229266999999 2.7451825536219786e-05
4.4225804989999995 2.7074462173191925e-05
4.4239317300000005 2.6222139300398054e-05
4.425282962 2.5403232138789417e-05
4.426634193 2.4818018190813546e-05
4.427985425 2.4635572211766966e-05
4.429336656 2.4768087469500024e-05
4.430687887 2.5132685665603863e-05
4.432039119 2.594816828094526e-05
4.43339035 2.71572662438659e-05
4.434741582 2.865196247951642e-05
4.436092813 2.992052000242674e-05
4.437444045 3.118715090580176e-05
4.438795276 3.22440651705212e-05
4.440146507000001 3.319020121722628e-05
4.441497739000001 3.3402560968976244e-05
4.44284897 3.293836466333381e-05
4.444200202 3.168541375540604e-05
4.445551432999999 3.0416747644135842e-05
4.446902665 2.934569564747756e-05
4.448253896 2.8410857159930156e-05
4.449605128 2.747079729754533e-05
4.450956359 2.6666305797424694e-05
4.45230759 2.669176372752636e-05
4.453658822 2.752771908583313e-05
4.455010053 2.918085507273817e-05
4.456361285 3.086933500935147e-05
4.457712516 3.2703623129969446e-05
4.459063747999999 3.407543822012035e-05
4.460414979 3.5187974552471986e-05
4.4617662110000005 3.5796282627231135e-05
4.463117442 3.6228708722764726e-05
4.464468673000001 3.6404029307886304e-05
4.465819905 3.633745258719722e-05
4.467171136 3.600245936396262e-05
4.468522368 3.560301455418985e-05
4.469873599 3.576974885414081e-05
4.471224831000001 3.633934476197597e-05
4.472576062 3.727118206320241e-05
4.473927293 3.784663728796106e-05
4.475278524999999 3.821499755116442e-05
4.476629756 3.8206121825711e-05
4.4779809880000006 3.84505978882287e-05
4.479332219 3.8846885672612656e-05
4.480683451 3.938002502868925e-05
4.482034682 3.9254859262168166e-05
4.483385914 3.849132730292413e-05
4.484737145 3.7650228756931875e-05
4.486088376 3.7176505946743436e-05
4.487439608 3.72113991402673e-05
4.488790839 3.6946175636697306e-05
4.490142071 3.629250953515928e-05
4.491493302 3.514968445711131e-05
4.492844534 3.429448663214431e-05
4.494195765000001 3.360601480655756e-05
4.495546996 3.3263330075248644e-05
4.496898228 3.299272856265622e-05
4.498249458999999 3.277349809604275e-05
4.4996006909999995 3.250632949687984e-05
4.5009519220000005 3.2084503267340914e-05
4.502303154 3.172922182575403e-05
4.503654385 3.131907794476704e-05
4.505005617 3.113945656302888e-05
4.506356848 3.099164656138387e-05
4.507708079 3.095509357420011e-05
4.509059311 3.088713739762729e-05
4.510410542 3.091502457165674e-05
4.511761774 3.151116348802999e-05
4.513113005 3.261363516850936e-05
4.514464237 3.41588113999362e-05
4.5158154679999996 3.523436585809241e-05
4.517166699000001 3.609781177117482e-05
4.518517931 3.680532324006892e-05
4.519869162 3.777053260185601e-05
4.521220394 3.8215154617707126e-05
4.522571624999999 3.779265658237524e-05
4.523922857 3.671306619470855e-05
4.525274088 3.549682376009414e-05
4.52662532 3.465741800248366e-05
4.527976551 3.363519148888974e-05
4.529327782 3.269968188408212e-05
4.530679014 3.1612855973772184e-05
4.532030245 3.106478202819201e-05
4.533381477 3.061645768117189e-05
4.534732708 3.0407363607291336e-05
4.53608394 3.0327733577782117e-05
4.537435171 3.0221596440867643e-05
4.5387864030000005 3.0071145625574073e-05
4.540137634 2.95319612821815e-05
4.541488865 2.9099727308196965e-05
4.542840097 2.856864838767208e-05
4.544191328 2.8207599798501552e-05
4.5455425599999995 2.7762733160138922e-05
4.5468937910000005 2.7459698300110738e-05
4.548245023000001 2.7452629102971012e-05
4.549596254 2.7371208625164957e-05
4.550947485 2.7213705102679116e-05
4.552298716999999 2.680513881885147e-05
4.553649948 2.6752200570884053e-05
4.5550011800000005 2.656198775913365e-05
4.556352411 2.6260702443252778e-05
4.557703643 2.5718294168058626e-05
4.559054874 2.532899956862187e-05
4.560406106 2.5227214202032235e-05
4.561757337 2.5025390744943006e-05
4.563108568 2.471748574543947e-05
4.5644598 2.416906846207115e-05
4.565811031 2.402577963502543e-05
4.567162263 2.3874212124071887e-05
4.568513493999999 2.373442160555591e-05
4.569864726 2.3410149704835796e-05
4.571215957000001 2.300978208800934e-05
4.572567188 2.2629616400768535e-05
4.57391842 2.186898073654558e-05
4.575269650999999 2.090666582456275e-05
4.5766208829999995 1.9927131107415415e-05
4.5779721140000005 1.9178213019450564e-05
4.579323346 1.833933660574024e-05
4.580674577 1.7633684810062093e-05
4.582025809 1.7591533908273957e-05
4.58337704 1.757806637340745e-05
4.584728271 1.7418515959946183e-05
4.586079503 1.6789442515760395e-05
4.587430734 1.6307125609408384e-05
4.588781966 1.6198697142382755e-05
4.590133197 1.656979582381963e-05
4.591484429 1.6805403006418977e-05
4.5928356599999995 1.668457375281736e-05
4.5941868910000005 1.725077478434906e-05
4.595538123 1.8280620009727456e-05
4.596889354 1.984627623741236e-05
4.598240586 2.1051644633918726e-05
4.599591817 2.2054015138798058e-05
4.6009430490000005 2.2646834962023326e-05
4.60229428 2.287494382682211e-05
4.603645512 2.3061937653421224e-05
4.604996743 2.319077806070713e-05
4.606347974 2.398177578335928e-05
4.607699206 2.452871224640871e-05
4.609050437 2.4808017631598147e-05
4.610401669 2.4616779386624743e-05
4.611752900000001 2.4317217828878712e-05
4.613104132 2.3959464058380833e-05
4.614455363 2.2875337458012896e-05
4.6158065950000005 2.142692214121667e-05
4.617157826 1.957372634458552e-05
4.618509057 1.836256996524266e-05
4.619860289 1.7423558379863095e-05
4.62121152 1.6631212948349737e-05
4.622562751999999 1.6110243932237592e-05
4.6239139830000004 1.576070302247449e-05
4.625265215000001 1.56138270164792e-05
4.626616446 1.4985738824695249e-05
4.627967677 1.4337249323013917e-05
4.629318908999999 1.392680661825475e-05
4.63067014 1.4058275321815417e-05
4.6320213720000005 1.4420453198280288e-05
4.633372603 1.4489115527271287e-05
4.634723835 1.492166558613839e-05
4.636075066 1.581239456468503e-05
4.637426298 1.714767136327071e-05
4.638777529 1.8015785983069695e-05
4.64012876 1.8300842283586486e-05
4.641479992 1.831078037372353e-05
4.642831223 1.7942742458833687e-05
4.644182455 1.7473445423792096e-05
4.645533685999999 1.6561423704432257e-05
4.646884918 1.5773572433132037e-05
4.648236149000001 1.5373213362144443e-05
4.64958738 1.5223813495772127e-05
4.650938612 1.5124789013132974e-05
4.652289842999999 1.50084225351857e-05
4.6536410749999995 1.5709666074527925e-05
4.6549923060000005 1.676098113127317e-05
4.656343538 1.7886361837228103e-05
4.657694769 1.8638879110004428e-05
4.659046001 1.908400260195167e-05
4.660397232 1.9801942012708973e-05
4.661748463 1.9963503618817048e-05
4.663099695 1.9795802331080615e-05
4.664450926000001 1.8958604393590982e-05
4.665802158 1.809265975466088e-05
4.667153389 1.7428722984432372e-05
4.668504621 1.6600888491959388e-05
4.6698558519999995 1.5870855904777868e-05
4.6712070830000005 1.5258739761736508e-05
4.672558315 1.5576130074235913e-05
4.673909546 1.596396218227254e-05
4.675260778 1.6119724927567095e-05
4.676612009 1.6009230342039735e-05
4.6779632410000005 1.5809792609179364e-05
4.679314472 1.6010287737189473e-05
4.680665704 1.6297313214403436e-05
4.682016935 1.6719520992908232e-05
4.683368166 1.7434760192202552e-05
4.684719398 1.8264234499014543e-05
4.686070629 1.9171742810833903e-05
4.687421861 1.9766736784568116e-05
4.688773092 2.0478155504198073e-05
4.690124324 2.145710669881332e-05
4.691475555 2.2430065392396146e-05
4.6928267869999996 2.3127234793756798e-05
4.694178018 2.3175639037055512e-05
4.695529249 2.3323840723067834e-05
4.696880481 2.350007890326817e-05
4.698231712 2.356587068516038e-05
4.699582943999999 2.2817548016113563e-05
4.700934175 2.1372989848251794e-05
4.702285407000001 1.993799654449381e-05
4.703636638 1.8605968423326545e-05
4.704987869 1.7600756932124358e-05
4.706339100999999 1.692738068551474e-05
4.707690332 1.6856510628009158e-05
4.7090415640000005 1.7587413610891935e-05
4.710392795 1.840438613187174e-05
4.711744027 1.9175719559893297e-05
4.713095258 1.9776747708997323e-05
4.71444649 2.0553253290427408e-05
4.7157977209999995 2.1516523371496344e-05
4.717148952 2.1986201775287145e-05
4.718500184000001 2.2068169609232132e-05
4.719851415 2.1993247075734856e-05
4.721202647 2.2619742782581954e-05
4.722553877999999 2.3657663789333636e-05
4.72390511 2.4592991721039075e-05
4.725256341000001 2.5402655593135286e-05
4.726607572 2.6070504263772167e-05
4.727958804 2.6860523326325563e-05
4.729310035 2.7445837068442212e-05
4.730661267 2.7622990329801767e-05
4.7320124980000005 2.7866004267295156e-05
4.73336373 2.81603095198066e-05
4.734714961 2.8481215802256365e-05
4.736066193 2.8136389186674322e-05
4.737417424 2.7109747264753108e-05
4.738768654999999 2.612277208786986e-05
4.740119887 2.5292624253443565e-05
4.741471118000001 2.4697085425473598e-05
4.74282235 2.3640511191619824e-05
4.744173581 2.2371243175298162e-05
4.745524813 2.133408636770736e-05
4.7468760439999995 2.065924957607751e-05
4.748227276 2.0265076904316306e-05
4.749578507 1.9973970860388045e-05
4.750929738 2.0101079935664966e-05
4.75228097 2.0893204037934943e-05
4.753632201 2.182883653924576e-05
4.7549834330000005 2.2760149087126575e-05
4.756334664 2.3507269684985034e-05
4.757685896 2.4321397277292504e-05
4.759037127 2.5226865186102393e-05
4.760388358 2.5156532589718053e-05
4.76173959 2.4343554202523686e-05
4.763090821 2.2874944675305197e-05
4.764442053 2.189908077981464e-05
4.765793284 2.1497070815041413e-05
4.767144516 2.0944575999819992e-05
4.768495747 2.0144644746876143e-05
4.7698469789999995 1.9106120963731727e-05
4.77119821 1.8619499172630008e-05
4.772549441 1.8186016776156404e-05
4.773900673 1.7405724828257653e-05
4.775251904 1.6374942958566176e-05
4.776603135999999 1.5300904817582495e-05
4.777954367 1.4863443366869683e-05
4.779305599000001 1.4913728600367315e-05
4.78065683 1.5038097824280368e-05
4.782008061000001 1.5347444320839335e-05
4.783359293 1.5867853456092767e-05
4.784710524 1.6331712438038624e-05
4.7860617560000005 1.61175991874835e-05
4.787412987 1.505995017702405e-05
4.788764219 1.3793881557771733e-05
4.79011545 1.2724811278697954e-05
4.791466682 1.174659636838634e-05
4.7928179129999995 1.0266310900046813e-05
4.7941691440000005 8.664005488753316e-06
4.795520376000001 7.692158477584976e-06
4.796871607 7.415680962384761e-06
4.798222839 7.652270183800941e-06
4.799574069999999 7.5199140889611216e-06
4.800925302 6.762595148533725e-06
4.802276533000001 6.1003671174349185e-06
4.803627764 6.337061693358924e-06
4.804978996 6.681773815738419e-06
4.806330227 6.716607080457335e-06
4.807681459 6.591998157256844e-06
4.80903269 6.464543737530968e-06
4.810383922 6.597959800974415e-06
4.811735153 6.716958126149665e-06
4.813086384999999 6.7224314937648445e-06
4.814437616 6.435052766789852e-06
4.815788846999999 6.522566698738492e-06
4.817140079 7.091643611933776e-06
4.818491310000001 7.615695585441854e-06
4.819842542 7.988875161354874e-06
4.821193773 8.103432926439637e-06
4.822545005 8.270705725009243e-06
4.8238962359999995 8.160488626861022e-06
4.825247468 7.80870965911808e-06
4.826598699 7.243510279399224e-06
4.82794993 6.470738106145552e-06
4.829301162 5.743126340402332e-06
4.830652393 5.004651284455854e-06
4.8320036250000005 4.389240491604884e-06
4.833354856 4.253136474242956e-06
4.834706088 5.050858320547989e-06
4.836057318999999 6.373638920935062e-06
4.83740855 7.919786546560969e-06
4.838759782 9.34139556094433e-06
4.840111013 1.0977706278727978e-05
4.841462245 1.29425189136962e-05
4.842813476 1.4900509137322207e-05
4.844164708 1.6422459765758373e-05
4.845515939 1.7164544590730476e-05
4.8468671709999995 1.7560972028702396e-05
4.8482184020000005 1.779089600955873e-05
4.849569633 1.7737411101608193e-05
4.850920865 1.733034415306306e-05
4.852272096 1.672034693966915e-05
4.853623327999999 1.6535696750300156e-05
4.854974559 1.7160518213032207e-05
4.856325791000001 1.7918094453370916e-05
4.857677022 1.8569245746191423e-05
4.859028253 1.887983861000768e-05
4.860379485 1.9442617651920608e-05
4.861730716 2.0200267167943435e-05
4.863081948 2.053405353927695e-05
4.864433179 2.018355144650529e-05
4.865784411 1.9107299571416283e-05
4.867135642 1.820929532834017e-05
4.868486874 1.770671623386777e-05
4.8698381049999995 1.7092457978148618e-05
4.8711893360000005 1.623291554440971e-05
4.872540568000001 1.5291764508936273e-05
4.873891799 1.4885204952228334e-05
4.875243031 1.5004118040992871e-05
4.876594261999999 1.4785870532192617e-05
4.8779454939999995 1.4085717436601093e-05
4.879296725000001 1.2790623573034078e-05
4.880647956 1.1697145024426819e-05
4.881999188 1.090147603525204e-05
4.883350419 1.0145514910232682e-05
4.884701651 9.19303053285603e-06
4.8860528819999995 8.218343057099551e-06
4.887404114 7.797061531259595e-06
4.888755345 7.628405543522671e-06
4.890106576999999 7.334524131063638e-06
4.891457808 7.108538032574464e-06
4.892809038999999 7.051270460462483e-06
4.894160271 7.198901326942463e-06
4.895511502000001 7.165940321328668e-06
4.896862734 6.417974041232672e-06
4.898213965 5.327838761776379e-06
4.899565197 4.3627104278369604e-06
4.900916428 4.330465963674567e-06
4.902267660000001 4.263714902100203e-06
4.903618891 3.91366251899415e-06
4.904970122 3.360720317883134e-06
4.906321354 3.1744873050222895e-06
4.907672585 3.938803051367003e-06
4.9090238170000005 4.514822833629164e-06
4.910375048 4.599045001553666e-06
4.91172628 3.904764490416352e-06
4.913077511 3.3352176026220055e-06
4.914428742 2.9113652750505633e-06
4.915779974 2.514856783710009e-06
4.917131205 1.9906678978519074e-06
4.918482437 9.822398509847862e-07
4.919833668 2.810469446903102e-07
4.9211849 3.6652068644990865e-08
4.922536131 2.3405837769283286e-07
4.9238873629999995 4.321324054322875e-07
4.9252385940000005 6.801167468454932e-07
4.926589825 1.01531407555737e-06
4.927941057 1.41710493051413e-06
4.929292288 1.6014267764046706e-06
4.930643519999999 1.6607417865831796e-06
4.931994751 1.7214301851951139e-06
4.933345983000001 1.7501611037307112e-06
4.934697214 2.0258124848764768e-06
4.936048445 2.8360112102565293e-06
4.937399677 3.3641947518728103e-06
4.938750908 3.7060098527586056e-06
4.94010214 4.366019435406765e-06
4.941453371 5.09277297778981e-06
4.942804603 5.616099808889574e-06
4.944155834 5.397239618918263e-06
4.945507066 4.920403970750232e-06
4.9468582969999995 3.8904315774885615e-06
4.9482095280000005 3.4009550952806974e-06
4.949560760000001 3.1605384317799245e-06
4.950911991 2.5611091232297175e-06
4.952263223 1.8762372456128409e-06
4.953614453999999 1.3101155417135544e-06
4.9549656859999995 1.3083962482377787e-06
4.9563169170000005 1.3109059281806022e-06
4.957668148 1.293102892144395e-06
4.95901938 9.237445602558936e-07
4.960370611 4.27527164331743e-07
4.961721843 3.0560288432073344e-07
4.9630730739999995 4.601108490746287e-07
4.964424306 6.786550553110771e-07
4.965775537000001 8.165260635973741e-07
4.967126769 8.806961247490561e-07
4.968478 8.84513285273835e-07
4.969829230999999 8.852800149720995e-07
4.971180463 8.823650170829802e-07
4.972531694000001 7.606693555632472e-07
4.973882926 5.066194763713065e-07
4.975234157 2.447799707024501e-07
4.976585389 9.023383684069107e-08
4.97793662 2.116392742533437e-08
4.979287852000001 7.757508616418742e-09
4.980639083 2.1209602636166476e-08
4.981990314 1.1186193088160465e-07
4.983341545999999 3.826352461700889e-07
4.984692777 5.481628405945527e-07
4.986044009 6.076988468555063e-07
4.98739524 6.084998204641514e-07
4.988746472 6.076181854526863e-07
4.990097703 6.061788507223318e-07
4.991448934 5.895987014034385e-07
4.992800166 4.989721882928679e-07
4.9941513969999995 2.343185979274576e-07
4.995502629 2.722928427423841e-07
4.99685386 3.752129313903204e-07
4.998205092 4.3521204791092057e-07
4.999556323 4.454690680738779e-07
5.0009075549999995 5.284444291325348e-07
5.0022587860000005 6.974881691927546e-07
5.003610017 7.157720362414151e-07
5.004961249 7.973885459917527e-07
5.006312479999999 6.707779005061394e-07
5.007663711999999 5.375922939662204e-07
5.009014943 4.897372633570788e-07
5.010366175 7.246562988438514e-07
5.011717406 9.329159793109463e-07
5.013068637 8.089682655427881e-07
5.014419869 7.893713188280246e-07
5.0157711 7.027169462697211e-07
5.017122332 6.277928332442052e-07
5.018473563 5.983346969911408e-07
5.019824795000001 5.838275986900757e-07
5.021176026 3.482944195969807e-07
5.022527258 2.2238563385012738e-07
5.0238784889999994 5.739241426610496e-07
5.0252297200000005 1.0443005733753745e-06
5.026580952000001 1.2916838832240935e-06
5.027932183 1.3051652377924315e-06
5.029283415 1.3034679014865387e-06
5.030634646 1.3015723127433416e-06
5.031985878 1.2908678931434316e-06
5.033337109 1.127456538045804e-06
5.034688341 7.335228358105648e-07
5.036039572 2.66074012808401e-07
5.037390803 1.9871577169472418e-08
5.038742035 7.062765102845108e-09
5.0400932659999995 1.7416589060636026e-08
5.041444498 5.204523685875482e-08
5.042795729000001 5.5851455339045224e-08
5.044146961 5.5785766965266014e-08
5.045498192 5.7613914121743504e-08
5.046849422999999 6.931220718249427e-08
5.048200655 6.978443782634445e-08
5.049551886000001 6.736850864761508e-08
5.050903118 5.688954881374591e-08
5.052254349 2.2555918324913263e-08
5.053605581 1.868609021283887e-08
5.054956812 1.8642753795529695e-08
5.056308044000001 1.672771710344441e-08
5.057659275 5.059373575302955e-09
5.059010506 4.274216336523774e-09
5.060361737999999 4.2677265750082386e-09
5.061712969 4.261222520638454e-09
5.063064201 4.254767538682422e-09
5.064415432 4.249577905652785e-09
5.065766664 4.244369259450685e-09
5.067117895 4.239140463279553e-09
5.068469126 4.233890320905359e-09
5.069820358 4.228620193627965e-09
5.0711715889999995 4.223328443855455e-09
5.072522821 4.21801463243751e-09
5.073874052 4.212679856205312e-09
5.075225284 4.2073218953988435e-09
5.076576515 4.2019412180320605e-09
5.0779277469999995 4.2007750531499006e-09
5.0792789780000005 4.607225369934965e-09
5.080630209 2.649667805769926e-08
5.081981441 1.7766356653500235e-07
5.083332671999999 3.521134343307244e-07
5.084683904 4.7517593507343693e-07
5.086035135 5.409521552438181e-07
5.087386367 6.27651136279494e-07
5.088737598 7.720475355597262e-07
5.090088829 7.751967869327751e-07
5.091440061 7.524771072228396e-07
5.092791292 6.018606681433369e-07
5.094142524 4.2822587869747583e-07
5.095493755000001 3.054398004999418e-07
5.096844987000001 2.3932763456282217e-07
5.098196218 1.5252552905138116e-07
5.09954745 9.539041400378591e-09
