Wavelength_microns Throughput
2.0004663860000003 1.4588552406002184e-12
2.002610509 1.045706069789802e-12
2.004754632 6.865381052953975e-13
2.006898754 2.0608973887649292e-13
2.009042877 1.4325880185294965e-14
2.011186999 3.747590914448286e-15
2.013331122 2.2850286936509916e-14
2.015475245 2.7826303822696065e-13
2.017619367 4.722632993850237e-13
2.01976349 7.839291968990066e-13
2.021907612 1.0732390226160057e-12
2.024051735 1.3524097445694772e-12
2.026195858 1.028466664277642e-12
2.02833998 9.117620614248075e-13
2.030484103 3.2668946465948104e-13
2.032628225 1.6062114146221365e-14
2.034772348 1.902044604503131e-15
2.036916471 1.883652517937592e-15
2.039060593 1.8834487337519093e-15
2.0412047159999998 1.9147074669397687e-15
2.043348838 1.9392930623360367e-15
2.045492961 1.978516519037629e-15
2.0476370839999998 2.0329866705982628e-15
2.049781206 3.2836284363192562e-15
2.0519253290000004 2.1900476142012015e-14
2.0540694509999997 1.6989198774674681e-13
2.056213574 2.9426401102976027e-13
2.058357697 5.16239138832301e-13
2.060501819 6.657300262404758e-13
2.062645942 8.348499070447893e-13
2.064790064 8.701073989312192e-13
2.0669341869999998 8.192181827630532e-13
2.06907831 8.727085282663213e-13
2.071222432 1.1886295709463226e-12
2.073366555 2.013472171443359e-12
2.075510677 1.6296205760304455e-12
2.0776548 1.7166312576335917e-12
2.079798923 1.8354029725214488e-12
2.081943045 1.9536252910355102e-12
2.084087168 5.538500627908306e-13
2.08623129 4.8889380319088056e-14
2.088375413 1.5506059499668017e-14
2.090519536 1.868650682230737e-14
2.0926636579999998 2.268984202251419e-14
2.094807781 1.2025635867636908e-13
2.0969519030000003 1.8835749628247995e-12
2.0990960260000002 7.996276175322954e-12
2.101240149 1.1257170385689783e-11
2.103384271 1.616030857043266e-11
2.105528394 2.4697290438789913e-11
2.107672516 3.708764329124775e-11
2.109816639 1.8059841152541972e-11
2.1119607620000003 7.621298216871176e-12
2.114104884 6.570419156745032e-12
2.116249007 9.84109625618372e-12
2.118393129 8.176739653626083e-12
2.120537252 9.092867706934602e-13
2.122681375 1.8680827140390656e-13
2.124825497 1.581100284610953e-13
2.1269696199999997 1.520048258621371e-13
2.129113742 1.4555810292449913e-13
2.1312578650000003 1.3997899516966296e-13
2.133401988 1.3446062616195849e-13
2.1355461100000004 1.2967779185297198e-13
2.137690233 1.2619428158349716e-13
2.139834355 1.2327302889320847e-13
2.141978478 1.2068754391602214e-13
2.144122601 1.191263637039006e-13
2.146266723 1.1813534783225888e-13
2.1484108460000004 1.1772167818032658e-13
2.150554968 4.2173544784251437e-13
2.152699091 3.603751493261402e-12
2.154843214 3.2832102424808396e-12
2.1569873360000003 4.0012270645062034e-13
2.159131459 1.2996194103230206e-13
2.161275581 3.1588058708418427e-13
2.163419704 1.2020882317821501e-12
2.165563827 8.932473645980998e-13
2.167707949 1.919478512180265e-12
2.1698520720000003 5.44543872228307e-12
2.1719961939999997 7.374953407845006e-13
2.174140317 1.786157382647295e-13
2.17628444 4.323245244558187e-13
2.178428562 3.3745669410197295e-12
2.180572685 6.75262710080081e-12
2.182716807 8.668079921172546e-13
2.1848609299999997 2.1666431802595653e-13
2.187005053 7.285214938551956e-13
2.189149175 6.8083605616686885e-12
2.191293298 3.083408618860721e-11
2.1934374200000004 4.250049557553738e-11
2.195581543 5.893382963072587e-11
2.1977256659999997 5.3484406394200614e-11
2.199869788 5.441804390472415e-11
2.202013911 2.5964071902119552e-11
2.204158033 3.182248403320241e-12
2.206302156 5.34763470077919e-13
2.208446279 5.90604652988248e-13
2.210590401 6.90866375932989e-13
2.212734524 9.533435377648326e-13
2.2148786460000003 1.8174226533444072e-12
2.217022769 4.162676156025322e-12
2.219166892 1.3559561904185082e-11
2.221311014 4.71744602992411e-11
2.2234551369999997 1.346090526061591e-10
2.225599259 3.4727235193283324e-10
2.2277433820000003 1.1610952123281788e-09
2.229887505 8.032932613949508e-10
2.232031627 5.437922868866903e-10
2.23417575 4.6494668322419543e-10
2.236319872 5.966321312856342e-10
2.238463995 1.3749547603077184e-09
2.240608118 1.550492205645716e-09
2.2427522399999997 1.9639592369209523e-09
2.2448963629999996 2.4294681113086133e-09
2.247040485 2.336325223421705e-09
2.249184608 2.5973172965586166e-09
2.251328731 2.1385891183983516e-09
2.2534728530000003 2.4022267984319787e-09
2.2556169759999998 3.4027145250040614e-09
2.257761098 2.3225150447302305e-09
2.259905221 1.5754198313293981e-09
2.2620493440000002 1.0281290452763882e-09
2.264193466 6.463907062427203e-10
2.2663375890000004 4.044391511454769e-10
2.2684817109999997 1.3766842696113627e-10
2.270625834 5.827096657005042e-11
2.272769957 8.445449167219517e-11
2.274914079 1.0651839612575605e-09
2.277058202 1.561654589914738e-08
2.279202324 2.4553166569784424e-08
2.2813464469999998 1.7367975861327918e-08
2.28349057 1.2249538203430681e-08
2.285634692 1.2432867315778945e-08
2.2877788150000002 1.7579978350729595e-08
2.2899229369999996 2.3688254361111462e-08
2.29206706 2.935527192164584e-08
2.294211183 3.775345304156413e-08
2.296355305 4.412808374260625e-08
2.298499428 5.7931986754802985e-08
2.3006435499999998 9.011578868321338e-08
2.3027876729999996 1.08320359835461e-07
2.304931796 1.3180793632083704e-07
2.307075918 8.945117642635079e-08
2.309220041 6.804183675146854e-08
2.3113641630000004 6.38862353972512e-08
2.3135082860000002 9.058354707347563e-08
2.3156524089999997 1.4001690964436344e-07
2.317796531 2.1085796030907937e-07
2.319940654 2.3801517536548747e-07
2.322084776 3.08804788944625e-07
2.3242288990000004 5.276179686371531e-07
2.3263730220000003 8.099744398386752e-07
2.328517144 1.2572308190060746e-06
2.330661267 1.3592426352140615e-06
2.3328053890000002 1.4465572284811646e-06
2.334949512 1.6065093800204359e-06
2.337093635 1.7070994298772605e-06
2.339237757 1.8900424047084907e-06
2.3413818799999997 2.0475563852525583e-06
2.343526002 2.1751994368432327e-06
2.3456701250000003 2.5626775340378692e-06
2.347814248 2.8024476937683437e-06
2.34995837 2.4299372497352785e-06
2.352102493 2.1238372998760343e-06
2.354246615 2.207895644327857e-06
2.356390738 2.3679491746802895e-06
2.358534861 2.3450495127502493e-06
2.3606789829999997 1.8803388736829024e-06
2.362823106 1.78060434187719e-06
2.364967228 1.7866706023040836e-06
2.367111351 1.8920107078453656e-06
2.369255474 1.9939804046991486e-06
2.3713995960000003 1.9521084257030266e-06
2.3735437189999997 1.8233898640098553e-06
2.375687841 1.6893031117242056e-06
2.377831964 1.9742602915482755e-06
2.379976087 2.399212240518983e-06
2.382120209 2.891544859723763e-06
2.3842643320000003 3.134175861526352e-06
2.3864084539999997 3.404286416886756e-06
2.388552577 3.628215047573232e-06
2.3906967 3.5940766337280946e-06
2.392840822 3.583330308328777e-06
2.394984945 3.7276226113251692e-06
2.397129067 4.099477801593008e-06
2.3992731899999997 4.796622181784977e-06
2.401417313 5.037254009997401e-06
2.403561435 4.536780944872817e-06
2.405705558 4.195714664653776e-06
2.40784968 4.2173630651692234e-06
2.409993803 4.314064639900024e-06
2.4121379259999998 4.413113517089666e-06
2.414282048 4.061661063013111e-06
2.416426171 3.73733854327371e-06
2.418570293 3.5046742357741245e-06
2.4207144159999996 3.8310616795403884e-06
2.422858539 4.409457427203018e-06
2.425002661 4.971025064356178e-06
2.427146784 4.09564664185019e-06
2.4292909060000003 3.50742284943943e-06
2.431435029 2.978214952145026e-06
2.4335791519999996 2.488273484771551e-06
2.435723274 2.113285020722612e-06
2.4378673969999998 2.204791962955381e-06
2.440011519 2.8757326382296326e-06
2.4421556420000003 3.855097581105693e-06
2.4442997650000002 3.1478139586069616e-06
2.446443887 2.7867073934396384e-06
2.44858801 2.837888313767716e-06
2.450732132 3.0457087483730273e-06
2.452876255 3.344328615084441e-06
2.455020378 3.750741949610227e-06
2.4571644999999998 3.160008238173072e-06
2.459308623 2.4596285681811617e-06
2.461452745 1.9341939411301386e-06
2.463596868 2.204614970638295e-06
2.465740991 2.7291207958016764e-06
2.467885113 3.377439571214318e-06
2.470029236 3.5697348132970514e-06
2.472173358 3.6897739946729843e-06
2.474317481 3.8176214533324565e-06
2.4764616040000003 3.336478155996868e-06
2.4786057259999996 2.8759132132637197e-06
2.480749849 2.479040457626872e-06
2.4828939709999998 2.548998842278317e-06
2.485038094 2.6431229361219066e-06
2.487182217 2.7402527915401836e-06
2.489326339 2.3841018617484388e-06
2.491470462 2.068498691188561e-06
2.493614584 1.794771908934279e-06
2.495758707 2.1253352278462937e-06
2.49790283 4.216971545016477e-06
2.500046952 3.4365567645975954e-06
2.5021910750000003 7.763579969812511e-06
2.5038318559999997 7.783942850619346e-06
2.505183087 1.7534601340035127e-06
2.506534319 6.859644080659354e-06
2.50788555 5.965846862247477e-06
2.509236782 7.463681769631728e-06
2.510588013 6.244939439549421e-06
2.511939244 6.153391274960828e-06
2.5132904760000003 7.128647627678694e-06
2.514641707 7.263554127958289e-06
2.515992939 7.899330889935836e-06
2.51734417 5.9463145223330916e-06
2.5186954019999996 1.2512143512482097e-05
2.5200466329999998 7.58528940748271e-06
2.521397865 9.259929071870907e-06
2.522749096 6.142973212838386e-06
2.524100327 9.418564763219494e-06
2.525451559 8.664291868497705e-06
2.52680279 8.16344415648925e-06
2.5281540220000003 4.942262825789072e-06
2.529505253 8.265109569207553e-06
2.5308564849999997 4.056723124006871e-06
2.532207716 7.520859564173185e-06
2.533558948 6.576994309787682e-06
2.534910179 8.375865608605642e-06
2.5362614100000003 7.194517330099079e-06
2.537612642 9.8205589929864e-06
2.538963873 1.035555335350673e-05
2.5403151050000004 2.571839604557246e-06
2.5416663359999996 3.3900885284886684e-06
2.5430175680000002 6.122370473888313e-06
2.544368799 7.464240889396826e-06
2.54572003 2.978894933103677e-06
2.547071262 3.859707132804033e-06
2.548422493 2.584543792977608e-06
2.549773725 7.5127914620472755e-06
2.551124956 9.532693780080907e-06
2.552476188 7.633798471031453e-06
2.553827419 8.769888456322935e-06
2.5551786510000003 6.814918658268633e-06
2.556529882 3.504080164603012e-06
2.557881113 4.502029494396852e-06
2.559232345 6.8713322165732555e-06
2.560583576 7.589829513240891e-06
2.561934808 1.2133201706979338e-05
2.5632860390000003 8.849660501447752e-06
2.564637271 5.699398511474722e-06
2.565988502 5.405685841045626e-06
2.567339733 4.244576957882489e-06
2.5686909649999996 5.764704535670634e-06
2.5700421959999997 5.149382729028846e-06
2.571393428 5.346830002417011e-06
2.572744659 6.310733289474341e-06
2.574095891 7.43914443807007e-06
2.575447122 6.740445109753893e-06
2.576798354 6.274632902624028e-06
2.5781495850000002 9.572999605417878e-06
2.5795008160000004 8.576078295534234e-06
2.580852048 7.289515977690294e-06
2.582203279 9.27111206379837e-06
2.583554511 8.157585282891862e-06
2.584905742 6.092322995102471e-06
2.586256974 8.758319037109297e-06
2.587608205 6.898430200972575e-06
2.588959437 9.46925366300647e-06
2.590310668 1.1046611986953504e-05
2.591661899 8.597848272727074e-06
2.593013131 5.08834069775127e-06
2.594364362 3.236230091569641e-06
2.5957155939999996 6.810596842041127e-06
2.5970668249999997 8.203297576799837e-06
2.598418057 9.196678565421141e-06
2.599769288 5.908440338741137e-06
2.601120519 6.430885047799208e-06
2.602471751 4.616328299505821e-06
2.603822982 7.94716457238098e-06
2.6051742140000003 7.1216159306396705e-06
2.6065254450000004 4.010764456834412e-06
2.607876677 5.465139801060086e-06
2.609227908 4.141885631959237e-06
2.61057914 7.990577773302947e-06
2.611930371 9.167667613038539e-06
2.613281602 6.936891465720216e-06
2.614632834 5.57795592854922e-06
2.615984065 7.12401131473374e-06
2.617335297 6.926760374009816e-06
2.618686528 7.802956210531048e-06
2.62003776 6.42899248294855e-06
2.621388991 7.683556835036835e-06
2.622740222 6.81023460953238e-06
2.6240914539999998 7.103340778362351e-06
2.625442685 4.396726796373221e-06
2.626793917 3.220520767178198e-06
2.628145148 7.525887564364112e-06
2.62949638 1.23190081525637e-05
2.630847611 9.831426198776239e-06
2.6321988430000003 1.0462869129862675e-05
2.6335500740000004 7.832817152800097e-06
2.634901305 1.0012141025667384e-05
2.636252537 1.0406991662834055e-05
2.637603768 1.2391534023961459e-05
2.6389549999999997 7.359054008465195e-06
2.640306231 4.432681461027988e-06
2.641657463 3.036853917444016e-06
2.643008694 8.07508337248616e-06
2.6443599250000003 7.593910868338485e-06
2.645711157 8.660556251292647e-06
2.6470623879999997 9.09726951795345e-06
2.64841362 9.187611467679796e-06
2.649764851 7.712473224115445e-06
2.651116083 2.9187618901769832e-06
2.652467314 4.317031279671489e-06
2.653818546 5.900008004776351e-06
2.6551697770000002 3.77189685246515e-06
2.6565210080000004 3.6365688953382435e-06
2.65787224 5.791427534906868e-06
2.659223471 1.1335288273704382e-05
2.6605747030000004 7.289307726078677e-06
2.6619259339999997 5.484304944752675e-06
2.663277166 9.419130649276602e-06
2.664628397 9.65348481465482e-06
2.6659796289999997 8.800421624658478e-06
2.66733086 6.8069035804450665e-06
2.668682091 6.6127619022468556e-06
2.670033323 5.981730016517535e-06
2.6713845540000003 5.862758904131911e-06
2.672735786 5.291372100376649e-06
2.6740870169999997 7.418639428867086e-06
2.675438249 9.904968270127706e-06
2.67678948 8.040605501140027e-06
2.678140711 8.62294023738979e-06
2.679491943 9.49876272322692e-06
2.680843174 7.978386731360908e-06
2.6821944060000003 1.0943166999355429e-05
2.6835456370000004 8.390347646316619e-06
2.684896869 7.679447390003617e-06
2.6862481 8.023179061542802e-06
2.6875993319999996 5.976752011067178e-06
2.6889505629999997 7.484232620515673e-06
2.690301794 4.6057271343457175e-06
2.691653026 6.937386534935618e-06
2.693004257 7.184070552059382e-06
2.694355489 8.662984732756423e-06
2.69570672 6.672204544346501e-06
2.697057952 5.24344968654007e-06
2.6984091830000003 6.195973239439168e-06
2.699760414 4.511718006240379e-06
2.7011116459999998 7.370797969246401e-06
2.702462877 8.37928414984475e-06
2.703814109 9.27075103907147e-06
2.70516534 5.729480722738945e-06
2.706516572 3.94733252053244e-06
2.707867803 3.6110140201154555e-06
2.7092190350000003 6.762598325511512e-06
2.7105702660000004 5.87648372351449e-06
2.7119214969999996 5.939087652521681e-06
2.713272729 6.8182745368675764e-06
2.71462396 5.007645005712394e-06
2.7159751919999997 2.8101915640666565e-06
2.717326423 3.66034474034791e-06
2.718677655 7.270954233055707e-06
2.720028886 5.918278186687066e-06
2.7213801170000003 4.214377658520552e-06
2.722731349 5.730788044953074e-06
2.7240825799999997 4.845343863460355e-06
2.7254338120000003 6.183639786964385e-06
2.726785043 6.356285616783222e-06
2.7281362749999998 2.165821543177205e-06
2.729487506 4.6219016437555465e-06
2.730838738 4.4346095004121036e-06
2.732189969 3.4494266489240844e-07
2.7335412000000003 7.874711442958325e-07
2.734892432 1.2701788050545043e-06
2.736243663 2.7441716919059405e-06
2.737594895 5.234282034261573e-06
2.7389461259999996 2.94874421318787e-06
2.740297358 1.5526869486476967e-06
2.741648589 1.9772889751485798e-06
2.7429998209999997 5.798278824447515e-06
2.744351052 2.4643421769751835e-06
2.745702283 2.5199087778580086e-06
2.747053515 3.6308663046270026e-06
2.7484047460000003 2.194098321768771e-06
2.749755978 3.079827368517496e-06
2.7511072089999997 3.1212799208784973e-06
2.7524584410000004 1.5580901252242643e-06
2.753809672 4.117392761899552e-07
2.755160903 3.848742160203269e-06
2.756512135 4.23644326047928e-06
2.757863366 3.357931054207095e-06
2.7592145980000002 2.5382137295630205e-06
2.760565829 2.6276310945850062e-06
2.761917061 4.239732245012415e-06
2.7632682920000002 2.253108981789523e-07
2.764619524 2.4383816695898324e-08
2.7659707549999997 2.592216263375681e-06
2.767321986 2.1493153886265776e-06
2.768673218 8.180608779561694e-07
2.770024449 1.914977452005139e-06
2.771375681 2.6817010158918245e-06
2.772726912 2.1289008211807056e-06
2.774078144 3.785334711136173e-07
2.7754293750000003 1.981243702828265e-06
2.776780606 1.951643693315234e-06
2.7781318379999997 5.427208611527862e-08
2.779483069 2.3175714121652166e-08
2.780834301 1.9091159409014293e-08
2.782185532 5.018794278963742e-06
2.783536764 7.110809402361235e-07
2.784887995 5.574002580947286e-07
2.786239227 1.4125436978000796e-06
2.787590458 9.83169311858031e-07
2.788941689 2.5621861396001906e-06
2.7902929210000003 4.181591816278551e-07
2.791644152 4.6616346921842663e-07
2.7929953839999997 1.5107828823750064e-06
2.794346615 1.191720476157855e-07
2.795697847 2.295823879227736e-06
2.797049078 3.7490645266843756e-06
2.7984003090000003 6.914093534948401e-07
2.799751541 5.113128277109697e-07
2.801102772 4.446497120777089e-09
2.8024540040000003 4.448519654579137e-09
2.803805235 3.9805695953439095e-07
2.8051564669999998 2.8313975853054127e-06
2.806507698 2.9403538207461276e-06
2.80785893 2.6605682549996266e-06
2.8092101609999998 1.1487418014636008e-06
2.810561392 1.5562161606526181e-06
2.811912624 9.093722286802175e-07
2.813263855 2.6267687127737366e-06
2.814615087 2.610738335119111e-06
2.8159663179999996 1.8233623657446994e-06
2.8173175500000003 1.0421908590899514e-06
2.818668781 3.4426609400336474e-06
2.8200200129999997 1.2420028284185044e-06
2.821371244 6.874313273740963e-09
2.822722475 4.444262184744143e-09
2.824073707 1.2993190557811048e-06
2.8254249380000003 1.8697490447421e-06
2.82677617 3.1409181026259685e-06
2.828127401 1.6990351955569145e-06
2.8294786330000004 1.6665563782316138e-06
2.830829864 4.166681634097571e-06
2.8321810949999997 3.553980542776363e-06
2.833532327 6.291774481611469e-07
2.834883558 1.4793068158347065e-06
2.83623479 3.4165099549685e-06
2.837586021 3.114160035314305e-06
2.838937253 4.507746677246831e-08
2.8402884840000002 1.2002292102814731e-06
2.841639716 1.0041067340357962e-06
2.8429909469999997 1.5375179623943515e-06
2.8443421779999998 1.4708666566056753e-06
2.84569341 1.556777280346896e-06
2.847044641 5.024117683968385e-09
2.848395873 1.309829580019947e-07
2.849747104 5.684649955496168e-08
2.851098336 4.030746199532141e-07
2.8524495670000003 1.3429367000370435e-06
2.8538007980000004 1.8017309757611094e-06
2.85515203 1.8272012005957868e-07
2.856503261 4.375263651372604e-09
2.8578544929999996 4.370524188513569e-09
2.8592057239999997 4.3553465660831374e-08
2.860556956 3.134526802552794e-07
2.861908187 4.353759823747716e-09
2.863259419 4.350865131711765e-09
2.86461065 7.886948845753441e-09
2.865961881 4.4174684982652695e-09
2.8673131130000002 4.347785619202051e-09
2.868664344 4.345338157921463e-09
2.8700155759999997 5.405897118028093e-09
2.871366807 7.255494898295949e-09
2.872718039 4.3397436635551366e-09
2.87406927 2.1517253948894737e-07
2.8754205010000002 3.889645695866822e-08
2.876771733 4.335360900557081e-09
2.878122964 4.33398606644763e-09
2.8794741960000003 5.842199863371618e-07
2.8808254270000004 4.3312571497514985e-09
2.882176659 4.329852369450883e-09
2.88352789 4.328431323757608e-09
2.8848791219999996 4.326983452142114e-09
2.8862303529999997 4.320329539644296e-09
2.887581584 4.318784127122363e-09
2.888932816 4.317176062070587e-09
2.890284047 4.315759082034656e-09
2.891635279 1.3401880812357798e-06
2.89298651 1.851572548984046e-06
2.8943377420000003 6.737125791917613e-07
2.895688973 8.38612451128871e-08
2.8970402049999997 4.317200567312101e-09
2.898391436 4.316118683522577e-09
2.899742667 7.457576956475449e-07
2.901093899 7.3982975883624365e-09
2.9024451300000003 4.30988290604657e-09
2.903796362 4.307026174405121e-09
2.905147593 4.304000617147814e-09
2.9064988250000003 1.7221331453272174e-08
2.907850056 4.297441117511197e-09
2.9092012869999997 4.29390802995698e-09
2.910552519 4.287647226207508e-09
2.91190375 5.062619459727473e-09
2.9132549819999998 2.5303476599069266e-07
2.914606213 8.543604839004765e-07
2.915957445 3.2705541904647476e-06
2.917308676 2.183137390907902e-08
2.918659908 4.263983839174778e-09
2.920011139 4.259950649293526e-09
2.9213623699999998 4.253991206311031e-09
2.922713602 6.15045653334658e-07
2.924064833 1.653664720762473e-06
2.925416065 2.4347163712688063e-06
2.926767296 2.1639729411259847e-06
2.928118528 2.0987274333666562e-06
2.9294697590000003 6.866976854852485e-07
2.93082099 4.743751387449875e-09
2.932172222 1.558510507457285e-06
2.933523453 4.414883391956619e-06
2.934874685 3.002589310470306e-06
2.9362259159999997 5.164790446547853e-06
2.937577148 2.0871029010333296e-06
2.938928379 1.4515157216461942e-06
2.940279611 3.6170167657063535e-06
2.941630842 6.6604395922953945e-06
2.942982073 1.8311419572474556e-06
2.9443333050000002 1.488820039159958e-06
2.9456845360000004 1.912481084152343e-06
2.947035768 2.754941940850817e-06
2.948386999 2.276011976523544e-06
2.949738231 3.085113369100651e-06
2.951089462 5.4613393873896e-06
2.952440694 4.9764892955042814e-06
2.953791925 1.7485170121859997e-06
2.955143156 2.945154088428112e-06
2.956494388 3.9310421803015465e-06
2.957845619 2.1334515131608827e-06
2.959196851 1.7648880350932428e-06
2.960548082 3.0775381824081466e-06
2.9618993139999996 3.981606973280794e-06
2.9632505449999997 3.046357693651813e-06
2.964601776 1.510609002645578e-06
2.965953008 3.487293033222472e-06
2.967304239 3.8100446770404595e-06
2.968655471 3.4796897729553867e-06
2.970006702 2.781141356255776e-06
2.9713579340000003 5.288495185817089e-06
2.9727091650000004 3.0193398484131134e-06
2.974060397 1.6868436691735016e-06
2.975411628 1.215873366208983e-06
2.976762859 2.880624402198993e-06
2.978114091 2.9808036368972065e-06
2.979465322 5.500363814944686e-07
2.980816554 8.424060546767868e-07
2.982167785 3.2166606587765317e-06
2.983519017 1.0712781351603493e-06
2.984870248 1.5312348057643602e-07
2.9862214789999997 3.1955301344820254e-08
2.987572711 2.6292716126930664e-06
2.988923942 5.634690027001962e-06
2.9902751739999998 5.883364575549404e-06
2.991626405 6.675323647053157e-06
2.992977637 7.660995224002703e-06
2.994328868 5.280292062911606e-06
2.9956801 2.3940642648420287e-06
2.997031331 1.480239118180289e-06
2.9983825619999998 2.8133430845741916e-06
2.9997337940000004 4.210644787753903e-06
3.001085025 5.4305848099532725e-06
3.002436257 5.896155231006495e-06
3.003787488 7.0712658597832966e-06
3.0051387199999997 5.307082916729885e-06
3.006489951 2.70251658512023e-06
3.007841182 8.026238902325401e-07
3.009192414 3.4847702131686006e-06
3.0105436450000003 5.967625839058087e-06
3.011894877 6.55163556619705e-06
3.0132461079999997 6.294448392874417e-06
3.01459734 6.475444491608802e-06
3.015948571 7.185745812682971e-06
3.017299803 6.937494170852357e-06
3.018651034 6.125189622489563e-06
3.020002265 5.9342030938012135e-06
3.021353497 5.628194338785141e-06
3.0227047280000003 4.418803542480432e-06
3.02405596 2.6681571815711434e-06
3.0254071909999998 3.7630246364194594e-06
3.0267584230000004 5.865209472156378e-06
3.0281096539999997 6.841890669907375e-06
3.029460886 5.957084723009006e-06
3.030812117 3.756002692760988e-06
3.032163348 2.9733253404485217e-06
3.03351458 4.709642739958961e-06
3.034865811 4.164468453281057e-06
3.036217043 2.687990800936363e-06
3.0375682740000003 3.821273029443311e-06
3.038919506 4.823225686683792e-06
3.0402707369999997 4.48439860629117e-06
3.041621968 5.6283114276567e-06
3.0429732 6.376853792942526e-06
3.044324431 6.0119155583810605e-06
3.045675663 5.189537454768509e-06
3.047026894 5.100729682792119e-06
3.0483781260000002 8.313480171955296e-06
3.0497293570000004 6.5667802609183094e-06
3.051080589 6.509035791923573e-06
3.05243182 4.8603576831277326e-06
3.053783051 4.948509950677015e-06
3.0551342829999997 5.69203830124262e-06
3.056485514 5.656224456919517e-06
3.057836746 6.943718553393159e-06
3.059187977 6.324713739314364e-06
3.060539209 6.919516501881585e-06
3.06189044 8.51949553323339e-06
3.063241671 9.021199044798495e-06
3.0645929030000003 8.136185729652825e-06
3.065944134 5.664603188195183e-06
3.0672953659999997 4.333464863936379e-06
3.068646597 5.223043191707106e-06
3.069997829 6.087271813237695e-06
3.07134906 6.330802585686632e-06
3.072700292 6.157147714195315e-06
3.074051523 6.681721251183436e-06
3.075402754 6.033875954898344e-06
3.0767539860000004 7.98122689344413e-06
3.0781052169999996 8.550151182581424e-06
3.079456449 7.893974919281632e-06
3.08080768 8.367187281644685e-06
3.0821589119999997 7.901022894696138e-06
3.083510143 6.630724986761155e-06
3.084861374 7.78936639107498e-06
3.086212606 8.890702067544301e-06
3.0875638370000003 1.0232057857350624e-05
3.088915069 9.989821383587672e-06
3.0902662999999997 8.64308841452772e-06
3.0916175320000003 8.402400113007447e-06
3.092968763 9.901531973310105e-06
3.0943199949999998 1.0493264004594076e-05
3.095671226 1.0775349793544306e-05
3.097022457 1.173751740775666e-05
3.098373689 1.1148925929865911e-05
3.0997249200000003 1.0445868020884135e-05
3.101076152 1.2734500546994563e-05
3.102427383 1.2433115860536574e-05
3.103778615 1.1024971417380319e-05
3.1051298459999996 1.1308140000978649e-05
3.106481078 1.28796137579098e-05
3.107832309 1.3315637785953294e-05
3.10918354 1.1267544232945144e-05
3.110534772 1.1684412461108411e-05
3.111886003 1.4647966684993936e-05
3.113237235 1.3882350061216214e-05
3.1145884660000003 1.300810234638316e-05
3.115939698 1.4869843369106242e-05
3.1172909289999997 1.5710841138366116e-05
3.11864216 1.6096627206459746e-05
3.119993392 1.4292435220941735e-05
3.121344623 1.2529448487613627e-05
3.122695855 1.596809040936263e-05
3.124047086 1.5607415656826485e-05
3.1253983180000002 1.5357776362158506e-05
3.126749549 1.4195284484612054e-05
3.128100781 1.4675608560805331e-05
3.1294520120000002 1.7283647892506497e-05
3.130803243 1.6653083726018267e-05
3.1321544749999997 1.6909002610600474e-05
3.133505706 1.8061649977749007e-05
3.134856938 2.116687896389852e-05
3.136208169 2.5534473738471035e-05
3.137559401 2.4724810268978214e-05
3.138910632 2.708829664058053e-05
3.140261863 2.8036343552733466e-05
3.1416130950000003 2.8233922364137463e-05
3.142964326 3.089635693218337e-05
3.1443155579999997 3.365209770958347e-05
3.145666789 3.6229492947296204e-05
3.147018021 3.4835993466926374e-05
3.148369252 3.3572150117278515e-05
3.149720484 3.5461891605707564e-05
3.151071715 3.7186363831215846e-05
3.152422946 3.722621143067417e-05
3.153774178 3.9328813022820434e-05
3.155125409 4.3386297360363466e-05
3.1564766410000002 4.470948689566008e-05
3.157827872 4.350981296591029e-05
3.1591791039999997 4.390700520465453e-05
3.160530335 4.666724564145378e-05
3.161881566 5.110192538673375e-05
3.163232798 5.1934160154996505e-05
3.1645840290000002 4.9481438458454835e-05
3.165935261 4.9615466725478454e-05
3.167286492 5.436482748833463e-05
3.1686377240000003 5.842250049256617e-05
3.169988955 6.040277360865857e-05
3.1713401869999998 6.0634818928602105e-05
3.172691418 6.113747770178305e-05
3.174042649 6.048804280078844e-05
3.1753938809999998 6.106119171824968e-05
3.176745112 6.2954475384045e-05
3.178096344 6.578919687165394e-05
3.179447575 6.651252719133745e-05
3.180798807 6.505046180558165e-05
3.182150038 6.638053023912101e-05
3.1835012700000003 6.608430543189215e-05
3.184852501 6.44126176712478e-05
3.186203732 6.297725761705904e-05
3.187554964 6.516014631276489e-05
3.188906195 6.503585837851828e-05
3.190257427 6.424803980058198e-05
3.1916086580000003 6.318359119335731e-05
3.19295989 6.335909256599641e-05
3.194311121 6.636769632165657e-05
3.195662352 6.698751761367324e-05
3.197013584 6.734715448529269e-05
3.1983648149999997 6.456045372745683e-05
3.199716047 6.0056233869687805e-05
3.201067278 5.977540089760259e-05
3.2024185099999998 6.601990794444653e-05
3.203769741 6.593748195423524e-05
3.205120973 6.198308135669022e-05
3.206472204 6.250449007896051e-05
3.207823435 6.368763633800248e-05
3.209174667 6.406543617993873e-05
3.2105258979999998 6.726193628726028e-05
3.21187713 7.085433810147124e-05
3.213228361 6.876921010678015e-05
3.214579593 6.794281839756783e-05
3.215930824 6.763164184074664e-05
3.217282055 6.859214385962789e-05
3.2186332870000003 7.078735290213042e-05
3.2199845180000004 7.072664311150846e-05
3.22133575 6.926405636912049e-05
3.222686981 6.943264760804371e-05
3.2240382129999996 6.974750903713824e-05
3.2253894439999997 7.045592397013921e-05
3.226740676 7.167918850365935e-05
3.228091907 7.450303802193658e-05
3.229443138 7.880116789053392e-05
3.23079437 7.863004691149534e-05
3.232145601 7.734670973853137e-05
3.2334968330000002 7.636428490912631e-05
3.234848064 7.65545011585448e-05
3.2361992959999997 7.738414323707554e-05
3.237550527 8.170180643987119e-05
3.238901759 8.514910756155114e-05
3.24025299 8.432664951739858e-05
3.2416042210000002 8.599463913843231e-05
3.242955453 8.815704212248043e-05
3.244306684 9.26923623010572e-05
3.2456579160000003 9.80859249668879e-05
3.2470091470000004 0.00010237118943586706
3.248360379 0.00010418118468382562
3.24971161 0.00010459032371923832
3.251062841 0.00011120623206874952
3.2524140729999997 0.0001172959342801197
3.253765304 0.00011951850667684312
3.255116536 0.00012245660007720508
3.256467767 0.00012953606288735505
3.257818999 0.000137556036773653
3.25917023 0.00014114214385223633
3.2605214620000003 0.00014715882049726287
3.261872693 0.00015819319643967068
3.263223924 0.000171094029399733
3.264575156 0.00018273442776907173
3.265926387 0.00019241176207896924
3.267277619 0.00020103874647564102
3.2686288500000003 0.00021193872280161896
3.269980082 0.00022641465619878753
3.271331313 0.00024389112495639816
3.272682544 0.00025975324141822145
3.274033776 0.00027336330698550634
3.2753850069999997 0.0002930756497073538
3.276736239 0.00031765131201991903
3.27808747 0.000344878844748267
3.2794387019999998 0.00037469708718646866
3.280789933 0.0004060245983633653
3.282141165 0.0004394727753342285
3.283492396 0.00047748476738931786
3.2848436270000003 0.0005192488687162674
3.286194859 0.0005639872498491181
3.2875460899999998 0.0006143115936141617
3.288897322 0.0006732941357422756
3.290248553 0.0007433056846854513
3.291599785 0.0008163548299367053
3.292951016 0.0008952988793662896
3.294302247 0.0009864876528584035
3.2956534790000003 0.001087471119263955
3.29700471 0.0011995307777672888
3.298355942 0.0013240860952691749
3.299707173 0.00145830685428769
3.301058405 0.0016041872176648937
3.3024096359999997 0.0017684403295666702
3.303760868 0.001945495006704325
3.305112099 0.002133372441403181
3.30646333 0.002333125385069682
3.307814562 0.0025428009340640323
3.309165793 0.002768454413792904
3.3105170250000002 0.0030056600994538486
3.3118682560000003 0.003248066326351996
3.313219488 0.003491201218053008
3.3145707189999998 0.003737950298902775
3.315921951 0.003979888851099284
3.317273182 0.004214687124584215
3.318624413 0.004444566234026136
3.319975645 0.004668438930499298
3.321326876 0.004884546737834698
3.322678108 0.005083123385080831
3.324029339 0.005265900089423943
3.325380571 0.005433319165663367
3.326731802 0.005588459373843209
3.328083033 0.005733389025687699
3.3294342649999997 0.00586878772483485
3.330785496 0.005993100578710227
3.332136728 0.006107397369415983
3.333487959 0.006214855508184269
3.334839191 0.006323721270215219
3.336190422 0.006424587352737894
3.3375416540000002 0.006523238718790295
3.3388928850000004 0.006625332738242327
3.340244116 0.006728536868326883
3.341595348 0.006822257488491621
3.342946579 0.006924091478216302
3.344297811 0.007033986382521533
3.345649042 0.007151420514529664
3.347000274 0.007276602982933671
3.348351505 0.007416480303700084
3.3497027360000002 0.007570353315278415
3.351053968 0.007708632283450954
3.3524051989999997 0.007852224864632905
3.353756431 0.008016107932577496
3.355107662 0.008193588039191648
3.3564588939999997 0.008380369460995175
3.357810125 0.008584707508615482
3.359161357 0.008813331534615127
3.360512588 0.009096076188503392
3.3618638190000003 0.009458011833803476
3.363215051 0.009850182309157723
3.3645662819999997 0.010277016432810447
3.3659175140000004 0.010739993358222868
3.367268745 0.011242809112206605
3.368619977 0.011785140003721823
3.369971208 0.012374767553773496
3.371322439 0.013125341121214149
3.372673671 0.013953653873490452
3.374024902 0.014870065120129849
3.375376134 0.015847087812264654
3.3767273650000003 0.01691365476643775
3.378078597 0.01807966235131496
3.3794298279999997 0.019357741550272617
3.38078106 0.02068434963808104
3.382132291 0.022081773420051243
3.383483522 0.023609000582141434
3.384834754 0.02527772487151325
3.386185985 0.027105621070275157
3.387537217 0.02910811816577678
3.3888884480000003 0.03130990443695296
3.39023968 0.03370624044169793
3.3915909109999998 0.036235729146381575
3.3929421430000004 0.03900816020463716
3.3942933739999996 0.04205329266121508
3.3956446049999998 0.04538715801000562
3.396995837 0.049027597873336055
3.398347068 0.053008974750712645
3.3996983 0.057367946625849306
3.401049531 0.062134959213095635
3.402400763 0.06733175010713606
3.4037519940000003 0.07299567342941245
3.405103225 0.079175739261406
3.4064544569999997 0.08589896555337292
3.407805688 0.09319146490404713
3.40915692 0.10110345624337806
3.410508151 0.10974746788469587
3.411859383 0.1189707935150084
3.413210614 0.12884304949776543
3.4145618460000002 0.13935040026767279
3.4159130770000004 0.15064505862837804
3.4172643079999996 0.16241507255080295
3.41861554 0.17472261427366553
3.419966771 0.18747650673526955
3.4213180029999997 0.20072887691947366
3.422669234 0.21426364945193468
3.424020466 0.2279505410224303
3.425371697 0.24164718104628422
3.4267229280000002 0.2551606280154067
3.42807416 0.26828027916704295
3.429425391 0.2809437894796393
3.4307766230000003 0.29296155928904216
3.432127854 0.30423872302462523
3.4334790859999997 0.31474099081594703
3.434830317 0.32428457340713296
3.436181549 0.332951767505896
3.43753278 0.3407156693796727
3.4388840110000003 0.3475613933167271
3.440235243 0.353489361331886
3.441586474 0.3583876043090803
3.4429377060000004 0.3624990658349004
3.4442889369999996 0.3663745285076692
3.445640169 0.36921915272648764
3.4469914 0.3715405274711558
3.448342631 0.3735673018660161
3.449693863 0.3753155308768018
3.451045094 0.37667415562854906
3.452396326 0.37784600566307935
3.4537475570000002 0.37883690328776515
3.455098789 0.37969646111885935
3.45645002 0.380472079812711
3.4578012520000003 0.3812135511152934
3.459152483 0.38193157778548903
3.460503714 0.38278537569071075
3.461854946 0.38387563912473704
3.463206177 0.3850091147015846
3.464557409 0.38622308578639714
3.4659086400000003 0.38751750348976993
3.467259872 0.38890271271349397
3.468611103 0.3903797424966327
3.469962335 0.3919515782653889
3.4713135659999996 0.393357889932176
3.4726647969999997 0.3948456324259035
3.474016029 0.39643146288035447
3.47536726 0.39809594928407177
3.476718492 0.4001734653107005
3.478069723 0.4021281494096796
3.479420955 0.40420985836285095
3.4807721860000003 0.40660762788524374
3.482123417 0.40892381702551645
3.483474649 0.4112831013961852
3.48482588 0.41368855863844944
3.486177112 0.4161252880698172
3.487528343 0.4185935423984985
3.488879575 0.42107072741322443
3.490230806 0.42356090861231727
3.491582038 0.4261466383450599
3.492933269 0.4286940419975569
3.4942845 0.43120549471381225
3.495635732 0.43366959530781146
3.496986963 0.4360799920931097
3.4983381949999997 0.43843045862523167
3.4996894259999998 0.4406863369419943
3.501040658 0.44281437741737223
3.502391889 0.44483434786161213
3.50374312 0.4467567389439229
3.505094352 0.44858624332136326
3.506445583 0.4503043953870889
3.5077968150000003 0.452351825888353
3.509148046 0.45397715254686577
3.5104992779999997 0.4556646329909783
3.511850509 0.457288326054384
3.513201741 0.4585262145399666
3.514552972 0.45964593972973034
3.515904203 0.4606504464431848
3.517255435 0.4615524114168639
3.518606666 0.46237211234202275
3.519957898 0.4630850856723383
3.521309129 0.4636405436123602
3.5226603610000002 0.4641189973649464
3.524011592 0.464528882641768
3.5253628239999997 0.46487099463157017
3.526714055 0.4651304422949339
3.528065286 0.4653260159144995
3.529416518 0.4654720685088837
3.5307677490000002 0.46552549962464923
3.532118981 0.46552915194708827
3.533470212 0.46550652914651347
3.5348214440000003 0.465906894535511
3.536172675 0.46594803564992443
3.537523906 0.46587844717310856
3.538875138 0.46581263702674186
3.540226369 0.4657250334327401
3.5415776009999997 0.4655325215686836
3.542928832 0.4658618294300543
3.544280064 0.46576914827469384
3.545631295 0.46567900856450795
3.546982527 0.46563145239299547
3.548333758 0.4656207463615112
3.5496849889999997 0.46566466190163264
3.551036221 0.4657409108131464
3.552387452 0.4663739057354616
3.553738684 0.46654013355536594
3.555089915 0.4667520632844157
3.556441147 0.46703932784578356
3.5577923780000003 0.4673953384920433
3.5591436090000004 0.4678129335572745
3.560494841 0.46832245009708834
3.561846072 0.46895095709921075
3.563197304 0.4696558102790979
3.5645485349999997 0.4704392529281195
3.565899767 0.4712752804246449
3.567250998 0.47215967971748973
3.5686022299999998 0.47341467285627165
3.569953461 0.4746061931459812
3.571304692 0.47556672828032304
3.572655924 0.47656098855244466
3.574007155 0.47759149866943446
3.575358387 0.4786400931163315
3.5767096179999998 0.47970223187912236
3.57806085 0.4813274422563477
3.579412081 0.4824100389680806
3.580763312 0.4834614797710977
3.582114544 0.4844896953194863
3.583465775 0.4854961184410696
3.5848170070000003 0.48695467215904514
3.5861682380000004 0.4880346836596456
3.58751947 0.48897532704463736
3.588870701 0.48987870436830366
3.5902219329999996 0.49071896642746327
3.5915731639999997 0.49145529034683183
3.592924395 0.492130370601723
3.594275627 0.49273283326386547
3.595626858 0.49328640850939137
3.59697809 0.4937673303630993
3.598329321 0.4941725921337477
3.5996805530000002 0.4945107912406426
3.601031784 0.4947922329410862
3.602383016 0.4950246550517117
3.603734247 0.49559859056062366
3.605085478 0.49580972315562355
3.60643671 0.49579516606263263
3.607787941 0.4957023611302384
3.609139173 0.49553098873069784
3.610490404 0.4952611651756176
3.6118416360000003 0.49487103939008276
3.6131928670000004 0.49442114274670296
3.6145440979999997 0.49390737505334
3.61589533 0.4933241241978459
3.617246561 0.49269543279727085
3.6185977929999997 0.4920175620952026
3.619949024 0.491813239828798
3.621300256 0.4910675033997803
3.622651487 0.4902457216387491
3.624002719 0.4894026823613679
3.62535395 0.4885477627113995
3.6267051809999997 0.48767382520803354
3.628056413 0.4867992232664104
3.629407644 0.485911167250716
3.630758876 0.48505383994724505
3.632110107 0.484248950818641
3.633461339 0.4834532186727238
3.6348125700000002 0.48267325759432356
3.6361638010000004 0.481919602594272
3.637515033 0.4811913227668692
3.638866264 0.4805030726578631
3.640217496 0.4798669530104986
3.6415687269999997 0.4793503658122062
3.642919959 0.4789049604086964
3.64427119 0.47849838626850527
3.6456224219999998 0.4781460095728407
3.646973653 0.47785909098885276
3.648324884 0.4776200560728546
3.649676116 0.477822251072136
3.6510273470000003 0.47794813538815106
3.652378579 0.4779584409799831
3.6537298099999997 0.47804521434136743
3.655081042 0.4781988756829923
3.656432273 0.478413121144439
3.657783504 0.47870586236299734
3.659134736 0.4790580296481576
3.660485967 0.4794441618905527
3.6618371990000003 0.4798549312855338
3.66318843 0.4803133327517816
3.664539662 0.48083281883822165
3.665890893 0.4814188748430464
3.667242125 0.48205424332567504
3.6685933559999997 0.48274664299171194
3.669944587 0.48399217863478744
3.671295819 0.48485827428239947
3.67264705 0.4857416015104116
3.673998282 0.48666024116122303
3.675349513 0.4876131456776397
3.676700745 0.48860445310174344
3.6780519760000003 0.48961224316170127
3.679403208 0.4906433644410106
3.6807544389999998 0.49169655373783533
3.68210567 0.49275157047671186
3.683456902 0.49386722397039495
3.684808133 0.49498971213001636
3.686159365 0.4960939812652518
3.687510596 0.4971990456159795
3.688861828 0.4982885443188282
3.690213059 0.4993414967597438
3.6915642899999996 0.5002854606565348
3.692915522 0.5012048368624756
3.694266753 0.5026754926934794
3.6956179849999997 0.5035507515785561
3.696969216 0.5043884124736644
3.698320448 0.5051934254194979
3.699671679 0.5059695349297498
3.701022911 0.5067003849517534
3.702374142 0.5073948033841457
3.703725373 0.5080545761669969
3.7050766050000004 0.5086698791209082
3.706427836 0.5092535412210596
3.707779068 0.5097959023500088
3.709130299 0.5102930780182922
3.710481531 0.5107807620214448
3.711832762 0.5112688103324795
3.713183993 0.5117167316086924
3.714535225 0.5121334818437104
3.7158864560000002 0.5125055615893689
3.717237688 0.5128440538144429
3.7185889189999997 0.5131551523425979
3.719940151 0.5134308712880155
3.721291382 0.5136895547204468
3.7226426139999997 0.5139254951518465
3.723993845 0.5141216180072332
3.725345076 0.514321887232917
3.726696308 0.5145154360475686
3.7280475390000003 0.5146757906716418
3.729398771 0.5148271622366238
3.730750002 0.5149703739665055
3.7321012340000004 0.5150926720001398
3.733452465 0.5152026947865396
3.7348036959999997 0.515295546329502
3.736154928 0.515970028283237
3.737506159 0.5160397227339227
3.738857391 0.5160813902587814
3.740208622 0.516208040364156
3.741559854 0.5165927324024616
3.7429110850000002 0.516487712902211
3.744262317 0.5163490233693694
3.7456135479999997 0.516178156656543
3.746964779 0.5159608246582611
3.748316011 0.5157097680385966
3.749667242 0.5154181755615721
3.751018474 0.5150522880477149
3.752369705 0.5146135345013585
3.753720937 0.5140949384368599
3.7550721680000003 0.5134801227065555
3.7564234 0.5127701443826278
3.757774631 0.5119409643763384
3.759125862 0.510964843013517
3.7604770939999996 0.5098505541187344
3.7618283249999998 0.5085842321872892
3.763179557 0.5071382115178528
3.764530788 0.5055077493886697
3.76588202 0.5036648568150051
3.767233251 0.5015809216082345
3.768584482 0.4992581910034344
3.7699357140000003 0.4966710786078933
3.771286945 0.49378086728613685
3.7726381769999997 0.49058846587326
3.773989408 0.4870688637564355
3.77534064 0.4831980837560384
3.776691871 0.4793537872323926
3.778043103 0.4749132611683587
3.779394334 0.46990657261282165
3.780745565 0.4645462352275016
3.7820967970000003 0.45881137490237506
3.7834480279999996 0.4526581952285582
3.7847992599999998 0.4460861414322793
3.786150491 0.43907969560394033
3.7875017229999997 0.431646132145282
3.7888529539999998 0.4238088377556792
3.790204185 0.4155508929234004
3.791555417 0.4068032052357449
3.792906648 0.39769342696915094
3.79425788 0.3882329183167334
3.795609111 0.37845043955405333
3.7969603430000003 0.368384628118169
3.798311574 0.3580506229015939
3.7996628059999997 0.3474828605531212
3.801014037 0.3367990657459141
3.802365268 0.32596393715554967
3.8037165 0.3149836217753359
3.8050677310000003 0.3039214798598725
3.806418963 0.2928137918507749
3.807770194 0.281703613595129
3.8091214260000004 0.2706260516691995
3.8104726569999996 0.2595960745892399
3.811823889 0.24864532476464365
3.81317512 0.2378332647583234
3.814526351 0.22719008115956923
3.815877583 0.21675160880292121
3.817228814 0.20659801826565027
3.818580046 0.1968073353718381
3.8199312770000002 0.1871007571787006
3.821282509 0.17768601813928273
3.82263374 0.16857280703629865
3.823984971 0.15977363859953406
3.825336203 0.15129891278358784
3.826687434 0.14314879566039757
3.828038666 0.13532398476411228
3.829389897 0.12783026618240392
3.830741129 0.12066664712004292
3.8320923600000003 0.1138282071661855
3.833443592 0.10731408312087583
3.834794823 0.10111892892436924
3.836146054 0.09523077410418405
3.8374972859999996 0.08963969897508622
3.8388485169999997 0.08442307504439436
3.840199749 0.07942058840670786
3.84155098 0.07467545118723865
3.842902212 0.07019116525021829
3.844253443 0.06595909663573755
3.845604674 0.06197053311857118
3.8469559060000003 0.0582126110901339
3.848307137 0.05467056077678371
3.849658369 0.05133436977761226
3.8510096 0.04819558047521167
3.852360832 0.045245502183715924
3.853712063 0.04247503068944506
3.855063295 0.039874829176125
3.856414526 0.037431926470401555
3.857765757 0.03516362444677573
3.859116989 0.03300710354134565
3.86046822 0.030977440208080898
3.861819452 0.029076608883929263
3.863170683 0.027294182232794475
3.8645219149999996 0.02562059541772689
3.8658731459999998 0.024050153319135403
3.867224377 0.02257975071502528
3.868575609 0.02120225613041922
3.86992684 0.01990971270140573
3.871278072 0.018696814771238936
3.872629303 0.017559332996313803
3.8739805350000003 0.01649204843596955
3.875331766 0.01549140032190783
3.876682998 0.014554310841977641
3.878034229 0.01367538335892461
3.87938546 0.012849284978527413
3.880736692 0.01207349591967383
3.882087923 0.0113457966967568
3.883439155 0.010663341578527072
3.884790386 0.01002257186122023
3.886141618 0.009423050819277148
3.887492849 0.008865781184410133
3.8888440810000002 0.008345555264468419
3.890195312 0.007854513661574285
3.891546543 0.007389767580651724
3.892897775 0.006951954769902197
3.894249006 0.006540622495276824
3.895600238 0.006154572331050509
3.8969514690000002 0.005793607347805173
3.898302701 0.0054625368525378975
3.899653932 0.00514554894998635
3.9010051629999998 0.004848358078531426
3.902356395 0.004569745087090441
3.903707626 0.004307841456009189
3.905058858 0.004060504487682223
3.906410089 0.003825401365580412
3.9077613209999997 0.003603070291876139
3.909112552 0.0033947301726501874
3.910463784 0.003199979195730339
3.911815015 0.003018040791866583
3.913166246 0.0028490635010724494
3.914517478 0.002693501993098364
3.9158687089999997 0.0025459912289761237
3.917219941 0.0024037694706035124
3.918571172 0.002268928399332381
3.919922404 0.0021430641046865984
3.921273635 0.0020267007569739785
3.922624866 0.0019157300671429067
3.9239760980000002 0.001806827136947692
3.9253273290000004 0.001701792725247409
3.926678561 0.001604452767021507
3.928029792 0.0015160878249593072
3.929381024 0.0014349783989403575
3.9307322549999997 0.0013583119358890003
3.932083487 0.0012826313193865498
3.933434718 0.0012105119516588377
3.934785949 0.0011449848045055
3.936137181 0.0010832625852441762
3.937488412 0.0010246902883023718
3.938839644 0.0009691812903843032
3.940190875 0.0009160486571660875
3.941542107 0.0008662570820725913
3.9428933379999997 0.0008212499457350064
3.944244569 0.0007802173319031619
3.945595801 0.000737927120389423
3.946947032 0.000696930242385641
3.948298264 0.0006616490017649916
3.949649495 0.0006277870841676513
3.9510007270000003 0.000593345159039394
3.9523519580000004 0.0005604395555724562
3.95370319 0.0005307368104879234
3.955054421 0.0005038164883252824
3.956405652 0.00047839035186296143
3.9577568839999997 0.00045359395631932664
3.959108115 0.0004305046231930287
3.960459347 0.00041074819931617354
3.961810578 0.00039029889918951643
3.96316181 0.00036756824378793735
3.964513041 0.0003453643955349681
3.965864273 0.00032533248911118846
3.967215504 0.00030712966231037094
3.968566735 0.00028998519161010136
3.9699179669999998 0.0002739897652227242
3.971269198 0.00025676630910728877
3.97262043 0.0002395208294675643
3.973971661 0.0002247242850874076
3.975322893 0.00021083749569968026
3.976674124 0.00019860468251687612
3.978025355 0.0001894534389115369
3.9793765870000004 0.00018143141024693898
3.9807278179999996 0.00017153661755977002
3.98207905 0.00016005306251126077
3.983430281 0.00015116896209202063
3.9847815129999997 0.00014326537441836668
3.986132744 0.00013367391742142074
3.987483976 0.00012289646559143452
3.988835207 0.00011289176553915262
3.9901864380000003 0.00010525635884525651
3.99153767 9.980265478924079e-05
3.9928889009999997 9.4126661474577e-05
3.994240133 8.989420406035464e-05
3.995591364 8.503232718581164e-05
3.996942596 7.725776593830883e-05
3.998293827 6.844611916983255e-05
3.999645058 6.191338694124386e-05
4.00099629 5.780736032723193e-05
4.002347521 5.477956651365624e-05
4.003698753 5.2251296296997454e-05
4.005049984 5.177105847118866e-05
4.006401216 5.023500960225643e-05
4.007752447 4.5270192359232437e-05
4.009103679 3.943841148684154e-05
4.01045491 3.469687913786353e-05
4.011806141 3.197913052744932e-05
4.013157373 3.112997544491158e-05
4.014508604 3.055536628045642e-05
4.015859836 2.71086264319638e-05
4.017211067 2.3311624056972833e-05
4.018562299 2.2053256267802864e-05
4.01991353 2.0565037723807748e-05
4.021264761 1.7637002456051544e-05
4.022615993 1.4394801178061114e-05
4.023967224 1.2496465204012531e-05
4.025318456 1.2238710976022102e-05
4.026669687 1.4461760609175745e-05
4.028020919 1.635505452315198e-05
4.02937215 1.4883500916389713e-05
4.030723382 1.2244225608331697e-05
4.032074613 1.1316268780653656e-05
4.033425844 1.1698402508901139e-05
4.034777076 9.39538342225969e-06
4.036128307 5.394562405941741e-06
4.037479539 3.4247806669521258e-06
4.03883077 3.1919230315102697e-06
4.040182002 4.157435400609068e-06
4.041533233 5.543297488326381e-06
4.042884465 5.380974182617275e-06
4.044235696 3.3674756429670663e-06
4.0455869269999996 2.036431879971362e-06
4.046938159 2.9647621133247267e-06
4.04828939 3.052204956862666e-06
4.049640622 1.2034695011393198e-06
4.050991853 7.174290671252667e-08
4.052343085 1.2048198424464226e-08
4.053694316 1.7060842944680493e-06
4.055045547 3.147992687674958e-06
4.056396779 3.56907701436309e-06
4.05774801 2.8769215638098553e-06
4.059099241999999 1.1778536045770632e-06
4.0604504729999995 8.808621321800798e-08
4.061801705 9.305568926716247e-09
4.063152936 7.73621299286268e-07
4.064504168 2.237565827140467e-06
4.065855399 2.389929003253734e-06
4.06720663 2.109117355783359e-06
4.0685578620000005 2.1471986876272033e-06
4.069909093000001 1.8648729641544733e-06
4.071260325 4.6895178595972104e-07
4.072611556 6.562069792656364e-09
4.073962788 5.842542499094846e-09
4.075314019 5.844106728362695e-09
4.07666525 2.3366818327161802e-08
4.078016482 5.4070759377433025e-08
4.079367713 5.848884924534445e-09
4.080718945 5.8500827981556695e-09
4.082070176 5.8509204767378614e-09
4.083421408 5.851753411359796e-09
4.084772639 5.852598016237212e-09
4.086123871 1.991365633071015e-08
4.087475102 6.679342095199141e-07
4.088826333 7.569518339612658e-07
4.090177565 7.959979994207555e-09
4.091528796 5.8569918635815106e-09
4.092880028 5.857896578940815e-09
4.094231259 5.858811439635291e-09
4.095582491 5.85973501507057e-09
4.096933722 5.860665901623273e-09
4.098284953 5.861605288723276e-09
4.0996361850000005 5.862551129254172e-09
4.100987416 5.862944494719383e-09
4.102338648 5.863138578782666e-09
4.103689878999999 5.867975125317182e-09
4.105041110999999 5.870262027752538e-09
4.106392342 5.870467185854988e-09
4.107743574 5.870674010007082e-09
4.109094805 5.8708821088884475e-09
4.110446036 5.871326300314217e-09
4.111797268 5.872247380184541e-09
4.113148499 5.873167659280956e-09
4.1144997309999995 5.874086360173269e-09
4.115850962000001 5.875002410251384e-09
4.117202194000001 5.875915123828522e-09
4.118553425 5.880421359201074e-09
4.119904657 5.884228951934363e-09
4.121255887999999 5.885190036997882e-09
4.122607119 5.886149099230393e-09
4.123958351000001 5.887100750390558e-09
4.125309582 5.888043433469456e-09
4.126660814 5.888976932576971e-09
4.128012045 5.889900580845761e-09
4.129363277 5.8908123328731826e-09
4.130714508 5.89129243234759e-09
4.132065739 5.89138542014548e-09
4.133416971 5.891463745837106e-09
4.134768202 5.891528088323842e-09
4.136119434 5.891577031605429e-09
4.1374706649999995 5.891609047596048e-09
4.138821897 5.891624901992567e-09
4.140173128000001 5.891815428201431e-09
4.14152436 5.893299137911732e-09
4.142875591 5.894765007806451e-09
4.144226821999999 5.896210458991768e-09
4.145578054 5.897635653672061e-09
4.146929285000001 5.899041080198271e-09
4.148280517 5.90718224229288e-09
4.149631748 5.908544486951193e-09
4.15098298 5.909327371065039e-09
4.152334211 5.909875571673327e-09
4.153685442 5.910400823756325e-09
4.155036674 5.910902460664683e-09
4.156387905 5.911376871071197e-09
4.157739136999999 5.911827159164837e-09
4.159090368 5.912251892299164e-09
4.1604416 5.915559646493557e-09
4.161792831 5.919659103781413e-09
4.163144063 5.920083013500921e-09
4.164495294 5.920478485013259e-09
4.165846525 5.92084786385216e-09
4.167197757 5.921178746043602e-09
4.1685489879999995 5.92142483681784e-09
4.169900220000001 5.92164428758671e-09
4.171251451 5.9218795389616615e-09
4.172602683 5.922090272419473e-09
4.173953914 5.922274080641667e-09
4.1753051459999995 5.922426909123643e-09
4.1766563770000005 5.922552170469991e-09
4.178007608 5.922650389235836e-09
4.17935884 5.9227172409755095e-09
4.180710071 5.9227547524942175e-09
4.182061303 5.92276249074781e-09
4.183412534 5.922739995289152e-09
4.184763766 5.922691189897099e-09
4.186114997 5.922614820455964e-09
4.187466228 5.922509650618746e-09
4.18881746 5.922378899267454e-09
4.190168691 5.922212696388936e-09
4.1915199229999995 5.921962469607453e-09
4.1928711540000005 5.921687647690209e-09
4.194222386000001 5.928161111019234e-09
4.195573617 5.927833920685077e-09
4.196924849 5.927483334528321e-09
4.198276079999999 5.927106860298679e-09
4.199627311 5.926707171487217e-09
4.200978543 5.926246490630744e-09
4.202329774 5.925746320742711e-09
4.203681006 5.929678887448737e-09
4.205032237 5.93122269422531e-09
4.206383469 5.930657746963646e-09
4.2077347 5.9300736967515926e-09
4.209085931 5.929470417021999e-09
4.210437163 5.928912636636341e-09
4.211788394 5.92847441159569e-09
4.213139626 5.92801857156417e-09
4.2144908569999995 5.927545379536213e-09
4.215842089 5.927056895971275e-09
4.217193320000001 5.92655268507539e-09
4.218544552 5.926033716107424e-09
4.219895783 5.925501516641839e-09
4.221247013999999 5.924819539654149e-09
4.2225982459999996 5.924114017655765e-09
4.223949477 5.923397410997074e-09
4.225300709 5.922669461976132e-09
4.22665194 5.921931747125724e-09
4.228003171999999 5.92118505468259e-09
4.229354403 5.920429418867724e-09
4.2307056339999995 5.919690405363302e-09
4.232056866 5.918966520016803e-09
4.233408097000001 5.91823624722675e-09
4.234759329 5.917500503253727e-09
4.23611056 5.916759937879215e-09
4.237461792 5.916015332943795e-09
4.238813023 5.915267239339822e-09
4.240164255 5.9145029784459e-09
4.241515486 5.913639404212831e-09
4.242866717 5.918631052934176e-09
4.244217949 5.918665087694678e-09
4.24556918 5.917798434697997e-09
4.246920412000001 5.916931943605662e-09
4.248271643 1.1894371871585188e-08
4.249622875 9.950513347743112e-07
4.250974105999999 1.258454085799159e-07
4.2523253379999995 1.3529090737333094e-08
4.2536765690000005 5.9188201080691614e-09
4.2550278 7.636030977531137e-09
4.256379032 4.877552540533464e-07
4.257730263 2.7250388895457117e-06
4.259081495 4.824301374989276e-06
4.260432726 4.835823376598532e-06
4.261783958 3.407615364331358e-06
4.263135189 1.2672859853428086e-06
4.26448642 1.0889749944840973e-06
4.265837652 1.5683075832091243e-06
4.267188883 2.3459491114329992e-06
4.2685401149999995 1.1643471899331114e-06
4.2698913460000005 3.6275135775487893e-07
4.271242578000001 4.078923519380973e-07
4.272593809 2.0932795772114066e-06
4.273945041 3.725894017648113e-06
4.275296271999999 5.033035839983832e-06
4.276647503 5.53836931692945e-06
4.277998735 5.010319378116482e-06
4.279349966 3.683393496823167e-06
4.280701198 3.4670411924489977e-06
4.282052429 3.90951400632725e-06
4.283403661 4.566516766584626e-06
4.284754892 4.6905382175796884e-06
4.286106123 4.7826440992070264e-06
4.287457355 5.798777923908977e-06
4.288808586 7.772849862093657e-06
4.290159818 1.0683442028994807e-05
4.2915110489999995 1.2136981278914884e-05
4.292862281 1.172944960714213e-05
4.294213512000001 1.120686423792659e-05
4.295564744 1.1386298510497829e-05
4.296915975 1.2659715112815652e-05
4.298267206 1.1778061853745851e-05
4.299618438 1.054824306306848e-05
4.300969669 1.1166864309846973e-05
4.302320901 1.3101689407021546e-05
4.303672132 1.4151559888841794e-05
4.305023363999999 1.3351747394415306e-05
4.306374595 1.104637252377314e-05
4.3077258259999995 8.574685339191288e-06
4.309077058 7.606828879859162e-06
4.310428289000001 7.961834932063007e-06
4.311779521 9.361457534783837e-06
4.313130752 1.169236858723778e-05
4.314481984 1.4379940523144582e-05
4.315833215 1.706674010293508e-05
4.317184447 1.9532708053437186e-05
4.318535678 2.0093264119610096e-05
4.319886909 1.9922675812931136e-05
4.321238141 1.9774599359253445e-05
4.322589372 1.9752775228979975e-05
4.323940604000001 1.9645513406574618e-05
4.325291835 2.016904250051836e-05
4.326643067 2.065457199329506e-05
4.327994297999999 2.0961483323352066e-05
4.329345529999999 2.020402922318129e-05
4.3306967610000004 2.0216259833908086e-05
4.332047992 2.0139723464989774e-05
4.333399224 1.872623754428228e-05
4.334750455 1.4671296761396267e-05
4.336101687 1.0027084444662482e-05
4.337452918 8.428548777041773e-06
4.33880415 9.637675527974443e-06
4.340155381 1.252357398777114e-05
4.341506612 1.6237971638467398e-05
4.342857844 1.8795082613625066e-05
4.344209075 1.9410932295279102e-05
4.3455603069999995 1.782295601070192e-05
4.3469115380000005 1.8680001761352126e-05
4.34826277 2.1410506609263583e-05
4.349614001 2.3100989838138655e-05
4.350965233 2.1362985608863757e-05
4.352316464 1.8829743204853165e-05
4.353667695 1.648822089552792e-05
4.355018927 1.4849338118257369e-05
4.356370158 1.4774779480586615e-05
4.35772139 1.697275439219559e-05
4.359072621 1.9835310048883905e-05
4.360423853 2.2204023753732454e-05
4.361775084 2.0585540118963332e-05
4.363126315000001 1.8614536637648992e-05
4.364477547000001 1.7251313207078218e-05
4.365828778 1.6394595730735303e-05
4.36718001 1.6863722573068783e-05
4.3685312409999995 2.0137617636478027e-05
4.369882473 2.3519942112204286e-05
4.371233704 2.338359152090459e-05
4.372584936 2.021192381985061e-05
4.373936167 1.8344623575318412e-05
4.375287398 1.8144838807192478e-05
4.37663863 1.9984601824751774e-05
4.377989861 2.219397979508033e-05
4.379341093 2.3832497359097837e-05
4.380692324 2.4076194327667837e-05
4.382043555999999 1.8616712734422892e-05
4.383394787 1.6368077928529555e-05
4.3847460179999995 1.491100989674015e-05
4.38609725 1.6625368467891348e-05
4.387448481000001 1.777984442730969e-05
4.388799713 1.7956713363734053e-05
4.390150944 1.7666148321908947e-05
4.391502176 1.8599133808131167e-05
4.392853407 1.9596632007073984e-05
4.394204639 2.0605492935304706e-05
4.39555587 2.154853098519249e-05
4.396907101 2.2063926740144337e-05
4.398258332999999 2.1826933685047576e-05
4.399609564 2.3780703829330368e-05
4.400960796000001 2.6158447167298933e-05
4.402312027 2.7397036245677306e-05
4.403663259 2.822822252543571e-05
4.405014489999999 2.7814863542751874e-05
4.406365721999999 2.569380994653705e-05
4.407716953 2.3534539868102546e-05
4.409068184 2.008588210018037e-05
4.410419416 2.036761676134091e-05
4.411770647 2.0234719184376914e-05
4.413121879 1.924480929405202e-05
4.41447311 1.7748209611869183e-05
4.415824342 1.619509510968067e-05
4.417175573000001 1.680373197977121e-05
4.418526804 1.9264113688429754e-05
4.419878036 2.2713345681314212e-05
4.421229266999999 2.2170840908746122e-05
4.4225804989999995 2.04230923217991e-05
4.4239317300000005 1.8453665510091657e-05
4.425282962 1.786607665115991e-05
4.426634193 1.8318016128325742e-05
4.427985425 1.928117260993173e-05
4.429336656 2.0622361721263324e-05
4.430687887 2.1427658101530634e-05
4.432039119 2.1863490709494066e-05
4.43339035 2.2659343324808796e-05
4.434741582 2.4663256553741106e-05
4.436092813 2.5841829307401873e-05
4.437444045 2.4386008035976673e-05
4.438795276 2.110345696291129e-05
4.440146507000001 1.8384150592714936e-05
4.441497739000001 1.817399192071713e-05
4.44284897 1.917999238944198e-05
4.444200202 2.2744603984996526e-05
4.445551432999999 2.6798034733500388e-05
4.446902665 2.7804187511113146e-05
4.448253896 2.7262401280151286e-05
4.449605128 2.6834883223932553e-05
4.450956359 2.6577579459409414e-05
4.45230759 2.568428867301571e-05
4.453658822 2.3140503542997486e-05
4.455010053 2.1902154205295124e-05
4.456361285 2.173628041795674e-05
4.457712516 2.04425788035497e-05
4.459063747999999 1.8483088359957527e-05
4.460414979 1.7025714129976556e-05
4.4617662110000005 1.8096509134685133e-05
4.463117442 1.9490771101927548e-05
4.464468673000001 2.0144579003729946e-05
4.465819905 2.090725123906539e-05
4.467171136 1.8510683953052757e-05
4.468522368 1.6930099587293465e-05
4.469873599 1.8554083014019648e-05
4.471224831000001 2.138752847093523e-05
4.472576062 2.3792961536332437e-05
4.473927293 2.4829393320448313e-05
4.475278524999999 2.4151853978706807e-05
4.476629756 2.1758479211845855e-05
4.4779809880000006 1.9828205839430845e-05
4.479332219 1.8274167238580187e-05
4.480683451 1.7168888037938356e-05
4.482034682 1.646261718674181e-05
4.483385914 1.6264068196596694e-05
4.484737145 1.6785872988731362e-05
4.486088376 1.726653729232939e-05
4.487439608 1.724174625944621e-05
4.488790839 1.66179521913711e-05
4.490142071 1.626884216806179e-05
4.491493302 1.6191824667538963e-05
4.492844534 1.9094880192624214e-05
4.494195765000001 1.9594922649319575e-05
4.495546996 2.017527655248801e-05
4.496898228 1.696162264209086e-05
4.498249458999999 1.62956908709108e-05
4.4996006909999995 1.7937310789485538e-05
4.5009519220000005 2.0336933476673285e-05
4.502303154 2.157866656264542e-05
4.503654385 2.0670000800520827e-05
4.505005617 1.890630821619356e-05
4.506356848 1.7652480728782966e-05
4.507708079 1.7693225982230594e-05
4.509059311 1.8166341303815907e-05
4.510410542 1.92303460120762e-05
4.511761774 2.0867473067170132e-05
4.513113005 2.1326519070816476e-05
4.514464237 2.295252559586795e-05
4.5158154679999996 2.4101985028538718e-05
4.517166699000001 2.4727968887028054e-05
4.518517931 2.404092256357694e-05
4.519869162 2.3083964422664006e-05
4.521220394 2.2664858245699605e-05
4.522571624999999 2.235816807660819e-05
4.523922857 2.179391077744954e-05
4.525274088 2.0760250173831373e-05
4.52662532 2.0450930748831654e-05
4.527976551 2.1538500005081883e-05
4.529327782 1.922765756482019e-05
4.530679014 1.9222585488783615e-05
4.532030245 1.847074069406348e-05
4.533381477 1.644611826218218e-05
4.534732708 1.4613411526957531e-05
4.53608394 1.3531230761671893e-05
4.537435171 1.4061161760086003e-05
4.5387864030000005 1.5449474459367056e-05
4.540137634 1.7720689238209173e-05
4.541488865 1.960771187941832e-05
4.542840097 1.9781727050662824e-05
4.544191328 2.0431225282405084e-05
4.5455425599999995 2.0868047039361746e-05
4.5468937910000005 2.0117021891939142e-05
4.548245023000001 1.864323175138325e-05
4.549596254 1.6385228466083013e-05
4.550947485 1.5054707711637572e-05
4.552298716999999 1.4568656778270053e-05
4.553649948 1.6282174484814087e-05
4.5550011800000005 1.8337339857793696e-05
4.556352411 1.9820798829612088e-05
4.557703643 2.0833937706250937e-05
4.559054874 2.0724967826025024e-05
4.560406106 1.991802686844447e-05
4.561757337 2.0237046867651327e-05
4.563108568 1.9815187621530358e-05
4.5644598 1.91536520300638e-05
4.565811031 1.8808468273515958e-05
4.567162263 1.830047755600238e-05
4.568513493999999 1.7799395452340585e-05
4.569864726 1.7412685138460128e-05
4.571215957000001 1.759347214328859e-05
4.572567188 1.8089946447359645e-05
4.57391842 1.9516242144847655e-05
4.575269650999999 2.058995859172786e-05
4.5766208829999995 2.0938576836379123e-05
4.5779721140000005 2.053613633713857e-05
4.579323346 1.9923421390761324e-05
4.580674577 1.9385766958639957e-05
4.582025809 1.8911192773145166e-05
4.58337704 1.818137630869962e-05
4.584728271 1.7826852880925425e-05
4.586079503 1.7808960493620412e-05
4.587430734 1.8046234726884332e-05
4.588781966 1.7987915887148165e-05
4.590133197 1.765726434124168e-05
4.591484429 1.7959116443821733e-05
4.5928356599999995 2.0052497034392228e-05
4.5941868910000005 2.306208764805094e-05
4.595538123 2.2246538029213382e-05
4.596889354 2.044262310365429e-05
4.598240586 1.8722568680060905e-05
4.599591817 1.784008502390973e-05
4.6009430490000005 1.749250387959068e-05
4.60229428 1.8268762227599992e-05
4.603645512 1.8639194992116995e-05
4.604996743 1.67104726336971e-05
4.606347974 1.6445853244919047e-05
4.607699206 1.7041982857513138e-05
4.609050437 1.8038120436691096e-05
4.610401669 1.9938581878228094e-05
4.611752900000001 2.147564687392603e-05
4.613104132 2.2370975396194475e-05
4.614455363 2.0298804849097567e-05
4.6158065950000005 1.7273772605289033e-05
4.617157826 1.561062752236497e-05
4.618509057 1.4813542929233717e-05
4.619860289 1.4602431249562765e-05
4.62121152 1.4947737083157248e-05
4.622562751999999 1.6425584410281804e-05
4.6239139830000004 1.8210550035886002e-05
4.625265215000001 2.0831419597535005e-05
4.626616446 2.1316046080003004e-05
4.627967677 1.9447867090920815e-05
4.629318908999999 1.6537899040219113e-05
4.63067014 1.2979605558155685e-05
4.6320213720000005 1.1984860130516566e-05
4.633372603 1.337776066792103e-05
4.634723835 1.5075011118384515e-05
4.636075066 1.6151553434589618e-05
4.637426298 1.7802863881965203e-05
4.638777529 1.814121164142127e-05
4.64012876 1.72018046741347e-05
4.641479992 1.699332775986424e-05
4.642831223 1.7158636363980917e-05
4.644182455 1.7766971649504015e-05
4.645533685999999 1.8952711347526775e-05
4.646884918 1.848447043913611e-05
4.648236149000001 1.7224418950908853e-05
4.64958738 1.5361044379023975e-05
4.650938612 1.4658350311043261e-05
4.652289842999999 1.3724592155066473e-05
4.6536410749999995 1.518174772577168e-05
4.6549923060000005 1.5810076976609778e-05
4.656343538 1.571067946069968e-05
4.657694769 1.4644829164299454e-05
4.659046001 1.4678783982462563e-05
4.660397232 1.5165146316298171e-05
4.661748463 1.6135520046029105e-05
4.663099695 1.7392129144599046e-05
4.664450926000001 1.856468948085563e-05
4.665802158 1.9044167588021825e-05
4.667153389 1.9227082117422946e-05
4.668504621 1.9031200539356945e-05
4.6698558519999995 1.8864854892083167e-05
4.6712070830000005 1.9011294182623796e-05
4.672558315 2.0476007674803818e-05
4.673909546 2.067778228408245e-05
4.675260778 1.872088536844244e-05
4.676612009 1.6409064105975785e-05
4.6779632410000005 1.5436232666214294e-05
4.679314472 1.4885221355640917e-05
4.680665704 1.5328267117534468e-05
4.682016935 1.5077117436036498e-05
4.683368166 1.4240937648972191e-05
4.684719398 1.3288849463013113e-05
4.686070629 1.4136175571206543e-05
4.687421861 1.657895018615792e-05
4.688773092 1.9144223697548642e-05
4.690124324 2.112997119119999e-05
4.691475555 2.0707294635825452e-05
4.6928267869999996 1.9361914754233634e-05
4.694178018 1.784891398818442e-05
4.695529249 1.7147370017303974e-05
4.696880481 1.7965824862469383e-05
4.698231712 1.9501946754939608e-05
4.699582943999999 1.889837016966583e-05
4.700934175 1.8283320313541378e-05
4.702285407000001 1.8845529815633345e-05
4.703636638 2.0173673958553758e-05
4.704987869 2.1434343570164375e-05
4.706339100999999 2.182134181961634e-05
4.707690332 1.8771844161600733e-05
4.7090415640000005 1.7469056777514495e-05
4.710392795 1.6229809265753432e-05
4.711744027 1.5885211289651775e-05
4.713095258 1.6398690258313e-05
4.71444649 1.7038204404710885e-05
4.7157977209999995 1.773949500146155e-05
4.717148952 1.8525697245928762e-05
4.718500184000001 1.9510446146545344e-05
4.719851415 2.1291868752091475e-05
4.721202647 2.2377627431090227e-05
4.722553877999999 2.3013558812720555e-05
4.72390511 2.2211646276497827e-05
4.725256341000001 2.1146869301798907e-05
4.726607572 2.151124619567776e-05
4.727958804 2.267371548549186e-05
4.729310035 2.4597225869798195e-05
4.730661267 2.7038780706470277e-05
4.7320124980000005 2.761109376334748e-05
4.73336373 2.60759351693379e-05
4.734714961 2.3987460524341354e-05
4.736066193 2.1533564886501757e-05
4.737417424 1.9948046740061758e-05
4.738768654999999 1.9241838766662212e-05
4.740119887 1.985057386676078e-05
4.741471118000001 2.1128316248981753e-05
4.74282235 2.3571272941804458e-05
4.744173581 2.464756300356889e-05
4.745524813 2.502452052757172e-05
4.7468760439999995 2.2660262816763235e-05
4.748227276 2.248902571969653e-05
4.749578507 2.3001465538862995e-05
4.750929738 2.444426768435758e-05
4.75228097 2.5490229551457302e-05
4.753632201 2.337435786708872e-05
4.7549834330000005 2.1647298466546015e-05
4.756334664 1.973724388680363e-05
4.757685896 1.9118601417056566e-05
4.759037127 1.8605564308975405e-05
4.760388358 1.8113640333653374e-05
4.76173959 1.7742446734679794e-05
4.763090821 1.7596927116954696e-05
4.764442053 1.8858984210739148e-05
4.765793284 2.0792284227238025e-05
4.767144516 2.3929345261713405e-05
4.768495747 2.662179372057725e-05
4.7698469789999995 2.863883698824603e-05
4.77119821 2.629049661529339e-05
4.772549441 2.2103734317167353e-05
4.773900673 1.8273824480950915e-05
4.775251904 1.684895314309357e-05
4.776603135999999 1.665439959521338e-05
4.777954367 1.8103852181841138e-05
4.779305599000001 1.9943517090465748e-05
4.78065683 2.1876014770789486e-05
4.782008061000001 2.1995372225433468e-05
4.783359293 2.2095236655072818e-05
4.784710524 2.2034574987822023e-05
4.7860617560000005 2.327497387851172e-05
4.787412987 2.485481562194315e-05
4.788764219 2.6015497691285452e-05
4.79011545 2.5669662534175557e-05
4.791466682 2.405248859450803e-05
4.7928179129999995 2.3116441193628235e-05
4.7941691440000005 2.3023044992933732e-05
4.795520376000001 2.4752115378901203e-05
4.796871607 2.480909821084812e-05
4.798222839 2.3729332360182168e-05
4.799574069999999 1.8819684526803812e-05
4.800925302 1.5660614136895543e-05
4.802276533000001 1.3648583501741512e-05
4.803627764 1.3428992584188128e-05
4.804978996 1.4685668855529697e-05
4.806330227 1.6554788040522056e-05
4.807681459 1.8706409986740318e-05
4.80903269 2.1079219269307202e-05
4.810383922 2.2679998141410918e-05
4.811735153 2.378400953997205e-05
4.813086384999999 2.2364788905919596e-05
4.814437616 2.0251413777151895e-05
4.815788846999999 1.7793639594314794e-05
4.817140079 1.6829842743301644e-05
4.818491310000001 1.76323025496183e-05
4.819842542 1.9346134892535175e-05
4.821193773 2.0894813681626357e-05
4.822545005 2.1487430534287565e-05
4.8238962359999995 2.184734835498476e-05
4.825247468 2.214723164080568e-05
4.826598699 2.297399756226731e-05
4.82794993 2.38441991447057e-05
4.829301162 2.3590681946253325e-05
4.830652393 2.1632305009169182e-05
4.8320036250000005 1.8539351684762526e-05
4.833354856 1.590507137370901e-05
4.834706088 1.4439427374787608e-05
4.836057318999999 1.3437828250486528e-05
4.83740855 1.3875150066230642e-05
4.838759782 1.4819425841213874e-05
4.840111013 1.689469802029383e-05
4.841462245 1.8885797413537494e-05
4.842813476 1.9800853525509337e-05
4.844164708 1.904769916189817e-05
4.845515939 1.7762839329421473e-05
4.8468671709999995 1.5614380501410436e-05
4.8482184020000005 1.2738997180172349e-05
4.849569633 1.0444739918300905e-05
4.850920865 8.623584635636874e-06
4.852272096 7.136702136997287e-06
4.853623327999999 5.884790748897865e-06
4.854974559 6.2381580839661185e-06
4.856325791000001 8.125914259647724e-06
4.857677022 9.43840962982524e-06
4.859028253 1.0004524093225393e-05
4.860379485 8.203310673455682e-06
4.861730716 7.217689058881194e-06
4.863081948 7.258132123760032e-06
4.864433179 8.64993870180848e-06
4.865784411 1.1154296504823044e-05
4.867135642 1.1066900373093492e-05
4.868486874 1.0699794229011526e-05
4.8698381049999995 9.400945059640122e-06
4.8711893360000005 8.345357483106741e-06
4.872540568000001 7.68921793844382e-06
4.873891799 7.84507149485593e-06
4.875243031 8.989846331929572e-06
4.876594261999999 8.467407858008538e-06
4.8779454939999995 8.235530152729429e-06
4.879296725000001 8.29170052801518e-06
4.880647956 9.125136726801718e-06
4.881999188 1.0078370298007027e-05
4.883350419 9.26421978728381e-06
4.884701651 6.498826665513832e-06
4.8860528819999995 4.332682017102851e-06
4.887404114 3.5530999150583535e-06
4.888755345 3.0522255426691656e-06
4.890106576999999 3.887117542807718e-06
4.891457808 4.780569487722127e-06
4.892809038999999 5.326921885046044e-06
4.894160271 5.57474197008356e-06
4.895511502000001 5.569640493446749e-06
4.896862734 6.237650066420341e-06
4.898213965 7.011531242506601e-06
4.899565197 7.366782008083363e-06
4.900916428 7.700151078062642e-06
4.902267660000001 7.54115588680154e-06
4.903618891 7.306980564026711e-06
4.904970122 6.826711953426833e-06
4.906321354 5.615310185904824e-06
4.907672585 4.856562861628242e-06
4.9090238170000005 4.353222756855081e-06
4.910375048 4.3522951739765544e-06
4.91172628 4.6037840850788304e-06
4.913077511 5.130116208105693e-06
4.914428742 5.650087758396181e-06
4.915779974 5.400764639718774e-06
4.917131205 4.950638518774348e-06
4.918482437 4.26566642952429e-06
4.919833668 3.2076365142413156e-06
4.9211849 2.2611252192446493e-06
4.922536131 1.3049877281163772e-07
4.9238873629999995 2.403865783707422e-06
4.9252385940000005 3.3249799431334192e-06
4.926589825 4.175486466180979e-06
4.927941057 5.6236366222434965e-06
4.929292288 7.347585046313177e-06
4.930643519999999 8.63226438269291e-06
4.931994751 8.407648166209816e-06
4.933345983000001 7.907588043703853e-06
4.934697214 6.292178976475151e-06
4.936048445 5.162345025937502e-06
4.937399677 4.339461264254047e-06
4.938750908 3.916285215896337e-06
4.94010214 3.614782156153785e-06
4.941453371 3.2182495519160185e-06
4.942804603 3.218053051330457e-06
4.944155834 3.85774117679946e-06
4.945507066 3.869393710939188e-06
4.9468582969999995 3.6226942851812053e-06
4.9482095280000005 2.8947505672191932e-06
4.949560760000001 2.356917652877857e-06
4.950911991 2.0176776254279683e-06
4.952263223 1.6003844197931986e-06
4.953614453999999 1.0941372562109558e-06
4.9549656859999995 1.1279561888396089e-07
4.9563169170000005 6.052981212950342e-09
4.957668148 4.1746625804448656e-08
4.95901938 1.3603495689493428e-06
4.960370611 2.590295589396775e-06
4.961721843 4.237876359630743e-06
4.9630730739999995 5.02870719027478e-06
4.964424306 4.969363793731731e-06
4.965775537000001 4.562298756409091e-06
4.967126769 6.522744697283438e-07
4.968478 1.8381100891622615e-07
4.969829230999999 1.4444495580626847e-08
4.971180463 7.63958796774391e-09
4.972531694000001 1.9110517111874055e-07
4.973882926 1.4265948668820582e-06
4.975234157 3.2137410182231468e-06
4.976585389 3.3103063569958038e-06
4.97793662 3.610733321949611e-06
4.979287852000001 1.1210832829221917e-06
4.980639083 2.2345706445177834e-07
4.981990314 1.2129364985353339e-08
4.983341545999999 4.6241210600281325e-09
4.984692777 4.617469893240922e-09
4.986044009 1.7553894974875298e-08
4.98739524 4.0740223408419466e-07
4.988746472 6.491062881883746e-07
4.990097703 7.892660553602623e-07
4.991448934 1.381151590646498e-06
4.992800166 2.3576241640873444e-06
4.9941513969999995 3.8358136023577145e-06
4.995502629 4.765273067826582e-06
4.99685386 5.417009694310784e-06
4.998205092 4.484975313450101e-06
4.999556323 3.7972676068231543e-06
5.0009075549999995 2.5965114422152106e-06
5.0022587860000005 2.287907072903325e-06
5.003610017 1.4512445421778134e-06
5.004961249 2.3769176649867287e-07
5.006312479999999 3.021452670812794e-07
5.007663711999999 1.3901895049947732e-06
5.009014943 1.9612767416569714e-06
5.010366175 1.7123879276901877e-06
5.011717406 1.3897120111320065e-06
5.013068637 1.3477770062005002e-06
5.014419869 1.4345546865741483e-06
5.0157711 1.976450500635992e-06
5.017122332 2.3329392601809278e-06
5.018473563 2.312764717693408e-06
5.019824795000001 1.1705474874029292e-06
5.021176026 8.409990549547294e-07
5.022527258 1.3254059272200408e-06
5.0238784889999994 2.6422836922541863e-06
5.0252297200000005 1.9648803477705725e-06
5.026580952000001 1.306218013755669e-06
5.027932183 6.430568555203401e-07
5.029283415 5.332212911036315e-07
5.030634646 7.993269056763494e-07
5.031985878 9.274492825601815e-07
5.033337109 9.439203013655791e-07
5.034688341 6.875702431326471e-08
5.036039572 5.057305513354701e-07
5.037390803 7.516237739911335e-07
5.038742035 4.3843934586836066e-07
5.0400932659999995 1.4652521917513442e-08
5.041444498 4.357333667318048e-09
5.042795729000001 4.3510147364244674e-09
5.044146961 4.344684481807869e-09
5.045498192 4.338342448157408e-09
5.046849422999999 4.331989135103628e-09
5.048200655 4.325623497236008e-09
5.049551886000001 1.6771812244197517e-08
5.050903118 1.1503019297374713e-07
5.052254349 2.4348664584683005e-07
5.053605581 1.4670517135861848e-07
5.054956812 9.401287619231077e-09
5.056308044000001 4.287150370006038e-09
5.057659275 4.280690225838549e-09
5.059010506 4.274216336523774e-09
5.060361737999999 4.2677265750082386e-09
5.061712969 7.509792244469173e-08
5.063064201 3.2096940811694875e-06
5.064415432 4.109837639164764e-06
5.065766664 5.102584531262555e-06
5.067117895 4.145580202558225e-06
5.068469126 2.9920251753865323e-06
5.069820358 1.3040681278700808e-06
5.0711715889999995 1.3966265361018505e-07
5.072522821 6.911716828823908e-09
5.073874052 4.212679856205312e-09
5.075225284 4.2073218953988435e-09
5.076576515 3.8960319677758255e-08
5.0779277469999995 1.4042523352530895e-06
5.0792789780000005 3.4449338905269124e-08
5.080630209 4.1902149433933875e-09
5.081981441 4.1847352628088636e-09
5.083332671999999 4.179229057988458e-09
5.084683904 4.173698990449114e-09
5.086035135 1.1257350877675324e-08
5.087386367 3.456821820368439e-07
5.088737598 5.318389195487666e-07
5.090088829 1.3482147901922638e-07
5.091440061 1.861506980273892e-08
5.092791292 4.333882714468528e-09
5.094142524 4.134263013778999e-09
5.095493755000001 4.623180948169673e-09
5.096844987000001 5.74479492700451e-08
5.098196218 7.750583614923379e-07
5.09954745 1.0543142711046067e-06
