Wavelength_microns Throughput
2.0004663860000003 2.390196294236149e-10
2.002074478 2.160996784892883e-10
2.00368257 1.9645550305915482e-10
2.005290662 1.7940985164431802e-10
2.006898754 1.6458272086068446e-10
2.008506846 1.5268995030622053e-10
2.010114938 1.4210976983390968e-10
2.01172303 1.3209476270212546e-10
2.013331122 1.2445046974974348e-10
2.014939214 1.1842981071084806e-10
2.016547306 1.1173234036273478e-10
2.018155398 1.0711530751930805e-10
2.01976349 1.0182630821631163e-10
2.021371582 9.816449337136778e-11
2.022979674 9.440278415122273e-11
2.0245877660000002 8.946410241953151e-11
2.026195858 8.588622701017104e-11
2.027803949 8.255073121248535e-11
2.029412041 8.009234092167493e-11
2.031020133 7.827060007866903e-11
2.032628225 7.72526396695392e-11
2.034236317 7.579443178906535e-11
2.035844409 7.557205484941953e-11
2.037452501 7.565302561394247e-11
2.039060593 7.561399599642436e-11
2.040668685 7.635322335246929e-11
2.042276777 7.616112600386928e-11
2.0438848689999998 7.611018871128108e-11
2.045492961 7.642118815626292e-11
2.047101053 7.704250331255163e-11
2.0487091449999997 7.878003934678751e-11
2.0503172370000002 8.068666194323926e-11
2.0519253290000004 8.229975743621505e-11
2.053533421 8.498335753092009e-11
2.055141513 8.707977895092859e-11
2.056749605 9.016943791042279e-11
2.058357697 9.435216013860933e-11
2.059965788 1.0043930514217497e-10
2.06157388 1.0662541279393837e-10
2.0631819719999998 1.1307317710225442e-10
2.064790064 1.2002853609468016e-10
2.066398156 1.2759841564738412e-10
2.068006248 1.3672775228740147e-10
2.06961434 1.4739789139928048e-10
2.071222432 1.5936989226982074e-10
2.072830524 1.7429278478343633e-10
2.074438616 1.893146050473386e-10
2.076046708 2.0704071456449325e-10
2.0776548 2.2613075746418782e-10
2.079262892 2.499120276819478e-10
2.080870984 2.7810796066524067e-10
2.0824790760000003 3.115804671253679e-10
2.084087168 3.524287787773991e-10
2.08569526 3.987389260197476e-10
2.0873033519999997 4.5292072421010186e-10
2.088911444 5.152887217028098e-10
2.090519536 5.895438224020185e-10
2.092127627 6.776679851256612e-10
2.0937357189999997 7.836701046665268e-10
2.0953438110000002 9.17383309219325e-10
2.0969519030000003 1.0704161233796021e-09
2.098559995 1.256386036199619e-09
2.100168087 1.484069721070497e-09
2.101776179 1.7230777985802739e-09
2.103384271 1.9960145975406637e-09
2.104992363 2.3076239899193997e-09
2.1066004549999997 2.639704075064006e-09
2.1082085470000003 3.0086665931951522e-09
2.109816639 3.3900336777049683e-09
2.111424731 3.7578843231376545e-09
2.113032823 4.077023839530271e-09
2.114640915 4.320671202542484e-09
2.116249007 4.5410947913220585e-09
2.1178570989999996 4.652336605806478e-09
2.1194651909999997 4.673640814815604e-09
2.1210732830000003 4.632472818577434e-09
2.122681375 4.528630034249442e-09
2.124289466 4.3738215378021765e-09
2.125897558 4.2321744613997355e-09
2.1275056500000002 4.094539413479462e-09
2.129113742 3.965424249715703e-09
2.130721834 3.864851866699928e-09
2.1323299259999997 3.770906843671343e-09
2.133938018 3.694159856602022e-09
2.1355461100000004 3.626096534403433e-09
2.137154202 3.563180707539524e-09
2.138762294 3.50214500775756e-09
2.140370386 3.42942804500677e-09
2.141978478 3.353955511796465e-09
2.14358657 3.282683883299658e-09
2.1451946619999998 3.2147936035201533e-09
2.146802754 3.126759585202326e-09
2.1484108460000004 3.026490239192273e-09
2.150018938 2.9239541949659758e-09
2.15162703 2.8089505620648412e-09
2.153235122 2.7021660602865703e-09
2.154843214 2.5717145206638504e-09
2.156451305 2.457968915791434e-09
2.158059397 2.278217237373073e-09
2.159667489 2.114757997326739e-09
2.161275581 1.9456048406616742e-09
2.1628836729999996 1.7766667522094865e-09
2.164491765 1.6413005278716262e-09
2.1660998570000003 1.534910530745168e-09
2.167707949 1.4456342795348293e-09
2.169316041 1.398145834007012e-09
2.170924133 1.3518150010656705e-09
2.172532225 1.2995586336257974e-09
2.174140317 1.2494652103668196e-09
2.1757484089999997 1.1707004033244333e-09
2.177356501 1.0818965060730634e-09
2.1789645930000003 9.930599149822373e-10
2.180572685 9.034395755227439e-10
2.182180777 8.287612015078754e-10
2.183788869 7.671057536337353e-10
2.185396961 7.133819247130609e-10
2.187005053 6.926008382086612e-10
2.1886131449999997 6.8254290038573e-10
2.1902212359999997 6.60811066549758e-10
2.191829328 6.444548053937162e-10
2.1934374200000004 6.256132110782705e-10
2.195045512 6.282035420241369e-10
2.196653604 6.752717182210689e-10
2.198261696 7.418577024668573e-10
2.199869788 8.192280013197506e-10
2.20147788 8.729335389570233e-10
2.203085972 9.252238079664361e-10
2.204694064 1.1185481633600907e-09
2.206302156 1.2077056914898474e-09
2.207910248 1.3206887323637623e-09
2.2095183400000002 1.3815234389263496e-09
2.211126432 1.4754095087118948e-09
2.212734524 1.5258899008290907e-09
2.2143426159999997 1.5393688365265377e-09
2.215950708 1.5241588437055562e-09
2.2175588 1.4383945211617527e-09
2.219166892 1.5246189033411534e-09
2.220774984 2.008325815953268e-09
2.222383075 2.7540135985597623e-09
2.2239911670000003 3.6733638621033925e-09
2.225599259 4.68757738072861e-09
2.227207351 5.764436004251022e-09
2.228815443 5.824620162544589e-09
2.230423535 5.851841943333135e-09
2.232031627 4.738827950329855e-09
2.2336397189999997 4.3210427222442886e-09
2.2352478110000003 3.742326528672646e-09
2.236855903 2.8196100451864747e-09
2.238463995 2.22707427281402e-09
2.240072087 2.6048251295134205e-09
2.241680179 3.2732124379112947e-09
2.243288271 4.100388088671833e-09
2.2448963629999996 5.2855307750601806e-09
2.2465044549999997 7.439257877402676e-09
2.2481125470000003 7.984857671087282e-09
2.249720639 8.701601023294155e-09
2.251328731 8.143822285631096e-09
2.252936823 7.950290797109272e-09
2.2545449140000002 9.040513554169842e-09
2.256153006 1.2972008124618379e-08
2.257761098 1.852538904885185e-08
2.2593691899999997 2.2333356741896514e-08
2.260977282 2.648992963026027e-08
2.262585374 2.738416755032351e-08
2.264193466 2.3868707907692788e-08
2.265801558 2.3446703220139104e-08
2.2674096500000003 1.6953886074709564e-08
2.269017742 1.85000190308194e-08
2.270625834 2.6757574800757622e-08
2.2722339259999997 3.201467839863939e-08
2.273842018 3.986055761720365e-08
2.2754501100000004 3.6661488761750834e-08
2.277058202 3.619994624373128e-08
2.278666294 4.6735917591161955e-08
2.280274386 4.804593045983994e-08
2.281882478 4.96643799754175e-08
2.28349057 5.7618215835009916e-08
2.285098662 6.76125060300623e-08
2.286706753 7.454896195861056e-08
2.288314845 7.620473955028016e-08
2.2899229369999996 7.845846320865857e-08
2.291531029 7.116335422569767e-08
2.2931391210000003 6.486543550101559e-08
2.294747213 4.205711809266087e-08
2.296355305 3.207851111396546e-08
2.297963397 3.2087599532386125e-08
2.299571489 3.2778791303157295e-08
2.301179581 3.377887075538533e-08
2.3027876729999996 3.7700346737073755e-08
2.304395765 4.896770567510618e-08
2.3060038570000003 8.358421757931382e-08
2.307611949 8.257817867182407e-08
2.309220041 7.418885238603015e-08
2.310828133 6.865137996931582e-08
2.312436225 6.105212937028571e-08
2.314044317 6.010855318701169e-08
2.3156524089999997 7.024437392597032e-08
2.3172605010000003 9.810713725646775e-08
2.318868592 2.133859292019393e-07
2.3204766840000004 1.651702940166627e-07
2.322084776 1.8118195288193785e-07
2.323692868 5.48845139036268e-08
2.32530096 5.994087979192168e-09
2.326909052 1.3775794475137769e-09
2.328517144 1.4894243164453272e-09
2.3301252359999998 1.666772783138246e-09
2.331733328 2.3772054775803156e-09
2.33334142 8.863201929515377e-09
2.334949512 5.02083553200682e-08
2.3365576040000002 1.016487276963318e-07
2.338165696 1.3603110140639868e-07
2.339773788 1.402125852021383e-07
2.3413818799999997 2.812497071181957e-08
2.342989972 6.178665362000835e-08
2.344598064 6.904997554432724e-08
2.346206156 6.15188110164958e-08
2.347814248 5.433767966811887e-07
2.3494223400000003 9.805484603871379e-07
2.3510304310000003 1.2722824136436632e-06
2.352638523 1.440500648209534e-06
2.354246615 1.194087098810022e-06
2.3558547069999998 1.153771514216638e-06
2.357462799 1.1248823916003553e-06
2.359070891 1.0864403905656567e-06
2.3606789829999997 1.0552465386708259e-06
2.3622870750000002 1.0883129423447769e-06
2.363895167 1.135017308425882e-06
2.365503259 1.1878798684052774e-06
2.367111351 1.2683125854155262e-06
2.368719443 1.3506472925862392e-06
2.370327535 1.3122636890487955e-06
2.371935627 1.1605753650438323e-06
2.3735437189999997 1.0219303067136443e-06
2.3751518110000003 9.934638508724685e-07
2.376759903 9.871946422142323e-07
2.378367995 9.959554513524036e-07
2.379976087 1.2189102760619155e-06
2.381584179 1.4903107539124704e-06
2.383192271 1.5308163011925754e-06
2.384800362 1.1909215176665536e-06
2.3864084539999997 1.123037313999931e-06
2.388016546 6.542548129991474e-07
2.389624638 4.265415654258445e-07
2.39123273 3.55934987632866e-07
2.392840822 2.626816623322986e-07
2.3944489140000003 1.9808245408934685e-07
2.396057006 1.7196062793037708e-07
2.397665098 2.6319870918993624e-07
2.3992731899999997 7.206466831412181e-07
2.400881282 1.681486630909657e-06
2.4024893740000004 2.0494950295261177e-06
2.404097466 2.57781973420093e-06
2.405705558 1.7356099562482131e-06
2.40731365 9.781085313337243e-07
2.408921742 6.346631591882787e-07
2.410529834 2.0934598109153216e-07
2.4121379259999998 2.5302010074491525e-07
2.413746018 4.762289627272669e-07
2.41535411 5.700933648008049e-07
2.416962201 6.891524287212698e-07
2.418570293 7.657584862930639e-07
2.4201783850000003 6.543971607431844e-07
2.421786477 7.359498316904195e-07
2.423394569 1.1165115934007157e-06
2.425002661 1.0038494750406455e-06
2.426610753 9.123002838772612e-07
2.428218845 9.637379224687026e-07
2.4298269369999996 1.1110934789226445e-06
2.431435029 1.281820527761224e-06
2.4330431210000003 1.4941250909998872e-06
2.434651213 1.770549382014251e-06
2.436259305 2.128007315798867e-06
2.4378673969999998 1.660680853207766e-06
2.439475489 1.552081047844521e-06
2.441083581 1.5049204049936993e-06
2.4426916729999997 1.5011572197997336e-06
2.4442997650000002 1.497601510371585e-06
2.4459078570000004 1.3375439813714395e-06
2.447515949 8.249605231451698e-07
2.44912404 5.096501507764928e-07
2.450732132 1.9055827693975293e-07
2.452340224 3.048840091332598e-08
2.453948316 6.9955186459959676e-09
2.455556408 9.965368343058295e-09
2.4571644999999998 8.258857420138611e-08
2.458772592 7.738451738273021e-07
2.460380684 2.042196788879463e-06
2.461988776 2.099766073537263e-06
2.463596868 2.18552665221422e-06
2.46520496 2.171325941892843e-06
2.466813052 2.1128150540348174e-06
2.468421144 2.0768905426763776e-06
2.470029236 1.7681102141840044e-06
2.471637328 1.5017054434064177e-06
2.47324542 1.3365480656673938e-06
2.474853512 1.2963897075081444e-06
2.4764616040000003 1.4574741419897912e-06
2.478069696 1.6888131120178452e-06
2.479677788 1.7216265905630087e-06
2.481285879 1.7217502608228067e-06
2.4828939709999998 1.7208817111770055e-06
2.484502063 1.5886509633329837e-06
2.486110155 1.4569391056281421e-06
2.4877182469999997 1.3362218909737044e-06
2.489326339 1.1665538497477939e-06
2.4909344310000003 1.0164013808028905e-06
2.492542523 8.856755878484189e-07
2.494150615 1.100024828526786e-07
2.495758707 1.558977775456255e-08
2.497366799 4.462264091270265e-09
2.498974891 3.24251420395574e-08
2.499778162 2.3821638525519622e-06
2.5011293930000003 1.1573481489965708e-06
2.502480624 3.009853422043477e-06
2.5038318559999997 4.853610004391586e-06
2.505183087 4.072886782761144e-06
2.506534319 8.610637318965041e-07
2.50788555 3.173419346896412e-06
2.509236782 1.306153093163285e-07
2.510588013 3.949735400662609e-07
2.511939244 4.505178585487794e-06
2.5132904760000003 6.122553362420953e-06
2.514641707 1.8653107118647994e-06
2.515992939 4.418096561695547e-09
2.51734417 5.293963359592537e-09
2.5186954019999996 3.25994794114642e-06
2.5200466329999998 2.6163536574328067e-06
2.521397865 4.448985337259865e-06
2.522749096 7.629050323718048e-07
2.524100327 1.2055257139161525e-06
2.525451559 3.243352453285057e-06
2.52680279 4.763105054313092e-06
2.5281540220000003 1.2125196154177307e-06
2.529505253 3.532909159083303e-06
2.5308564849999997 5.257272469645305e-09
2.532207716 5.601265593762557e-06
2.533558948 4.714636878925102e-06
2.534910179 3.4127951424585634e-06
2.5362614100000003 2.2740979877758707e-06
2.537612642 5.247600645817805e-06
2.538963873 1.0472412489957425e-06
2.5403151050000004 3.3209095254217754e-06
2.5416663359999996 2.743000571288107e-06
2.5430175680000002 4.997994172999404e-06
2.544368799 7.82545798549208e-06
2.54572003 3.669069322075397e-06
2.547071262 6.212303444506731e-06
2.548422493 2.345571489771449e-06
2.549773725 6.470689587643849e-06
2.551124956 4.967888414183545e-06
2.552476188 4.25648822660334e-06
2.553827419 4.010334855179254e-06
2.5551786510000003 1.7360309568127586e-06
2.556529882 5.359061630388121e-06
2.557881113 4.0594070526927083e-07
2.559232345 1.2782904789236586e-06
2.560583576 1.33490759337555e-06
2.561934808 2.9415422622889525e-06
2.5632860390000003 2.8865689046836135e-07
2.564637271 4.347999113622738e-09
2.565988502 5.19291497367501e-07
2.567339733 2.28866242401809e-06
2.5686909649999996 4.321132753204965e-06
2.5700421959999997 4.3450174458875774e-06
2.571393428 9.132318121759056e-06
2.572744659 2.53476218040284e-06
2.574095891 1.0926514923702578e-08
2.575447122 5.327160954294491e-09
2.576798354 4.248240104371449e-06
2.5781495850000002 5.989225020731181e-06
2.5795008160000004 5.078317326843373e-06
2.580852048 1.5709226924621952e-07
2.582203279 2.5334284112632794e-06
2.583554511 6.35138703018931e-06
2.584905742 4.043672719896449e-06
2.586256974 3.1765432290986446e-06
2.587608205 1.8699394567943461e-07
2.588959437 6.123676244995667e-09
2.590310668 6.618372141417913e-07
2.591661899 1.6994868287571848e-06
2.593013131 2.961424504470812e-07
2.594364362 5.898214318044619e-07
2.5957155939999996 4.377079987501255e-09
2.5970668249999997 2.2763717747798965e-06
2.598418057 1.2334791414936935e-06
2.599769288 9.126974083817356e-07
2.601120519 1.5990527466860045e-06
2.602471751 4.6544519314662115e-07
2.603822982 4.047722282224547e-08
2.6051742140000003 3.1898482182962407e-07
2.6065254450000004 3.583618343991649e-06
2.607876677 2.0147885879625115e-06
2.609227908 2.3270260764511103e-06
2.61057914 1.2992781365954973e-07
2.611930371 2.2007622493274517e-07
2.613281602 2.4468956838347524e-07
2.614632834 8.782351503249433e-09
2.615984065 1.6970911941310469e-06
2.617335297 6.457457532752223e-06
2.618686528 7.042765065835452e-07
2.62003776 1.1638022374755863e-06
2.621388991 1.6293247972304327e-07
2.622740222 2.5485478508957454e-06
2.6240914539999998 1.5472887487570895e-06
2.625442685 6.61456473643842e-07
2.626793917 2.714329419852164e-06
2.628145148 5.781929506352891e-06
2.62949638 5.390312904918925e-06
2.630847611 3.3118130540459167e-06
2.6321988430000003 2.305648746536816e-06
2.6335500740000004 5.42404250987349e-06
2.634901305 3.7231792196133347e-06
2.636252537 1.9159396602511533e-06
2.637603768 3.475983001559292e-06
2.6389549999999997 8.18645389387523e-06
2.640306231 8.153053249294227e-06
2.641657463 1.9443733943611903e-06
2.643008694 4.177820616787855e-06
2.6443599250000003 1.3699649820317271e-06
2.645711157 2.2491046129969446e-06
2.6470623879999997 1.9185872461849986e-06
2.64841362 3.7356677782486084e-07
2.649764851 6.839478460825788e-07
2.651116083 1.7207345730095283e-06
2.652467314 1.3911505186990559e-06
2.653818546 1.7485614350427077e-06
2.6551697770000002 1.8188833941715366e-06
2.6565210080000004 4.403682432214892e-06
2.65787224 2.646803024924927e-06
2.659223471 1.7655646221322173e-06
2.6605747030000004 1.165613342559144e-07
2.6619259339999997 5.275798996353665e-06
2.663277166 3.484435962680912e-06
2.664628397 1.1250649161657735e-06
2.6659796289999997 1.639100788666769e-08
2.66733086 9.624718333972443e-09
2.668682091 2.5225932070403215e-06
2.670033323 5.1133250441107765e-08
2.6713845540000003 3.077733510249907e-08
2.672735786 4.8162217899552475e-08
2.6740870169999997 6.073950619987203e-08
2.675438249 1.1084488895213713e-06
2.67678948 3.0881764923312888e-06
2.678140711 4.210858356610113e-06
2.679491943 4.862343709633672e-06
2.680843174 2.901698812119392e-06
2.6821944060000003 4.396981863553865e-09
2.6835456370000004 2.5084305333357114e-06
2.684896869 2.8538569233088816e-06
2.6862481 4.355323678426537e-06
2.6875993319999996 7.226810253339718e-06
2.6889505629999997 7.008046134944879e-06
2.690301794 5.146428786754393e-07
2.691653026 2.3966584827646215e-06
2.693004257 1.253858503515767e-06
2.694355489 9.906678361274839e-07
2.69570672 2.6843504411683963e-06
2.697057952 9.597802835068665e-08
2.6984091830000003 1.0724882740978403e-06
2.699760414 3.593666124544148e-06
2.7011116459999998 2.600775613505475e-06
2.702462877 1.920841432876109e-06
2.703814109 3.4145432611162064e-06
2.70516534 5.7001087304400505e-06
2.706516572 9.936718532026084e-09
2.707867803 1.3145122849797595e-07
2.7092190350000003 2.414278868585014e-06
2.7105702660000004 3.721930524012618e-06
2.7119214969999996 2.810497228032911e-06
2.713272729 1.788384537839694e-08
2.71462396 4.4136094693845895e-07
2.7159751919999997 9.181484299611992e-07
2.717326423 7.803875450972273e-07
2.718677655 1.944763083604296e-06
2.720028886 3.5045127087899273e-06
2.7213801170000003 1.899146099650272e-06
2.722731349 1.9518393474326037e-06
2.7240825799999997 3.605739993057199e-06
2.7254338120000003 3.5082441796395565e-06
2.726785043 3.7548724906772005e-06
2.7281362749999998 2.903727815770673e-06
2.729487506 2.6762016890843073e-06
2.730838738 3.3672778955425397e-06
2.732189969 1.3447622203552052e-06
2.7335412000000003 1.982275978868141e-06
2.734892432 2.163268462243421e-07
2.736243663 2.3536358050632424e-06
2.737594895 3.3797410698824284e-07
2.7389461259999996 4.437251972100615e-09
2.740297358 6.242112545032638e-09
2.741648589 2.4332877786746355e-06
2.7429998209999997 1.4361917337768002e-06
2.744351052 2.1250068433395157e-06
2.745702283 4.9955092764981034e-08
2.747053515 2.605474635267594e-08
2.7484047460000003 1.5721503871742902e-06
2.749755978 5.2089668470440535e-06
2.7511072089999997 4.620164554907881e-06
2.7524584410000004 6.484208620975124e-07
2.753809672 3.069223844264768e-06
2.755160903 3.846223235727848e-08
2.756512135 6.732814572978185e-07
2.757863366 1.9060196900007178e-06
2.7592145980000002 2.8041812628191314e-06
2.760565829 6.267912772178271e-07
2.761917061 5.964435758689103e-07
2.7632682920000002 7.738365225357727e-07
2.764619524 8.146293101656813e-07
2.7659707549999997 2.0606771117709775e-06
2.767321986 9.984191629513096e-07
2.768673218 1.9976543313434045e-06
2.770024449 2.9537634135623466e-06
2.771375681 6.681226452047858e-06
2.772726912 6.32561118164987e-06
2.774078144 4.895591217343062e-06
2.7754293750000003 5.322614194628928e-06
2.776780606 4.33270063676699e-06
2.7781318379999997 3.105799731118214e-06
2.779483069 3.6902809457084713e-06
2.780834301 3.7547934343523858e-06
2.782185532 4.333898566850656e-06
2.783536764 4.396334690579178e-06
2.784887995 2.446529231172725e-06
2.786239227 4.16170550803489e-06
2.787590458 5.3690805192768495e-06
2.788941689 1.976620075245975e-06
2.7902929210000003 2.8754689105040074e-06
2.791644152 3.0160627348568665e-06
2.7929953839999997 9.746866243385495e-07
2.794346615 6.750833491131867e-06
2.795697847 5.139250520800798e-06
2.797049078 2.3986325605269144e-06
2.7984003090000003 1.1835562935681992e-06
2.799751541 5.4071127641327845e-08
2.801102772 4.446497120777089e-09
2.8024540040000003 3.070802045807453e-06
2.803805235 4.396090952233649e-06
2.8051564669999998 4.2876733984488986e-06
2.806507698 6.845272672122592e-07
2.80785893 4.450101479503296e-09
2.8092101609999998 1.1944308992655617e-06
2.810561392 1.6680807917524637e-06
2.811912624 2.7137374333869375e-06
2.813263855 1.8274393772567906e-06
2.814615087 2.8288588525228183e-06
2.8159663179999996 5.5408896828007335e-06
2.8173175500000003 2.8551193759787877e-06
2.818668781 3.4135940645555823e-06
2.8200200129999997 6.275014186764845e-06
2.821371244 3.14246185203976e-06
2.822722475 5.460598298179929e-06
2.824073707 4.617702381602669e-06
2.8254249380000003 5.272420158999136e-06
2.82677617 4.4777227487749575e-06
2.828127401 2.8307889583956635e-06
2.8294786330000004 1.0818741350776596e-06
2.830829864 2.011047334985479e-06
2.8321810949999997 5.062853784160956e-06
2.833532327 2.951629595135173e-06
2.834883558 2.5019317241057872e-06
2.83623479 4.072747699968773e-06
2.837586021 1.2396074347892266e-05
2.838937253 1.0838021182894187e-05
2.8402884840000002 5.935044459109754e-06
2.841639716 7.122741034564652e-07
2.8429909469999997 2.6609618336140446e-06
2.8443421779999998 5.27959572995247e-06
2.84569341 9.968211909785731e-06
2.847044641 6.126694611108642e-06
2.848395873 2.2931654225642066e-06
2.849747104 5.811379648197881e-06
2.851098336 9.111811155659387e-06
2.8524495670000003 5.597376639186143e-06
2.8538007980000004 1.0931809417924857e-06
2.85515203 1.150615857306721e-06
2.856503261 1.2761999394718819e-06
2.8578544929999996 1.6389603670997997e-07
2.8592057239999997 3.8535161242252295e-06
2.860556956 1.1924344848618869e-06
2.861908187 1.320178028664031e-06
2.863259419 2.336860349860566e-06
2.86461065 4.896589102515137e-06
2.865961881 1.2186729438577198e-06
2.8673131130000002 1.4861366043722026e-06
2.868664344 9.785047073586793e-07
2.8700155759999997 3.590369573718001e-07
2.871366807 7.185071270590756e-09
2.872718039 4.3845299582103457e-07
2.87406927 2.5286101899910127e-06
2.8754205010000002 4.614034168202306e-06
2.876771733 4.206151485216849e-06
2.878122964 5.284988617491961e-07
2.8794741960000003 4.193113350479919e-06
2.8808254270000004 6.06782562744111e-06
2.882176659 6.173085972486442e-06
2.88352789 7.638391300453232e-06
2.8848791219999996 8.002333261605533e-06
2.8862303529999997 3.901746162417922e-06
2.887581584 6.308805531068731e-06
2.888932816 4.3344080814553865e-06
2.890284047 9.823512318450023e-07
2.891635279 2.694328800153113e-07
2.89298651 9.076247181170644e-08
2.8943377420000003 1.0239692984669886e-06
2.895688973 3.6594177874296336e-06
2.8970402049999997 3.473377510404581e-06
2.898391436 5.396084939008518e-06
2.899742667 2.903334539728431e-06
2.901093899 2.7895269818170222e-06
2.9024451300000003 1.7969890089565874e-06
2.903796362 3.0317865327024514e-06
2.905147593 2.968411605457705e-06
2.9064988250000003 3.6752511054649336e-06
2.907850056 7.811856362605022e-06
2.9092012869999997 5.333854487701099e-06
2.910552519 2.519293550385906e-06
2.91190375 1.2731930714892038e-06
2.9132549819999998 1.0745215034426107e-06
2.914606213 4.556427991182094e-06
2.915957445 5.952106394196317e-06
2.917308676 2.6293014289702306e-06
2.918659908 2.2871855527183733e-06
2.920011139 8.058783673918799e-07
2.9213623699999998 6.272187092840913e-07
2.922713602 3.372825542653362e-07
2.924064833 2.6114071022740887e-06
2.925416065 5.945520119044329e-06
2.926767296 1.4786193295134824e-06
2.928118528 1.7119450855916193e-06
2.9294697590000003 1.3308917193462319e-06
2.93082099 3.828879155548525e-06
2.932172222 2.5917481789603085e-06
2.933523453 2.74847156514011e-06
2.934874685 2.7823577602675387e-07
2.9362259159999997 2.568218513165427e-06
2.937577148 5.535526419278433e-06
2.938928379 3.837250327585801e-06
2.940279611 4.288903376860369e-06
2.941630842 5.272556208406325e-06
2.942982073 9.769364008463778e-06
2.9443333050000002 5.470526757024165e-06
2.9456845360000004 3.2489645218271633e-06
2.947035768 1.8893482459336428e-06
2.948386999 7.051611914922987e-07
2.949738231 6.0163725813836586e-06
2.951089462 4.4803560001719765e-06
2.952440694 2.7612286875868925e-06
2.953791925 2.0779648947242976e-06
2.955143156 1.757546645006873e-07
2.956494388 5.741124319587225e-07
2.957845619 2.9999813427875475e-06
2.959196851 6.814363269979012e-06
2.960548082 9.470354123194463e-06
2.9618993139999996 3.283978235759541e-06
2.9632505449999997 2.562796786650817e-06
2.964601776 2.854061702877724e-06
2.965953008 4.2663195737731665e-06
2.967304239 7.011755702340103e-06
2.968655471 7.647087919026529e-06
2.970006702 2.1066947085993562e-06
2.9713579340000003 2.7280527194365886e-06
2.9727091650000004 4.8831621216766135e-06
2.974060397 6.718770174386018e-06
2.975411628 5.787132159476748e-06
2.976762859 6.024282512704176e-06
2.978114091 7.390423369416925e-06
2.979465322 5.626863393725801e-06
2.980816554 2.157829779581342e-06
2.982167785 1.6044907890318832e-07
2.983519017 8.805212912053832e-07
2.984870248 4.742073562192429e-06
2.9862214789999997 3.962387542599013e-06
2.987572711 4.069580039073366e-06
2.988923942 2.4227790879169695e-06
2.9902751739999998 4.135236962771709e-07
2.991626405 3.6459922249774308e-06
2.992977637 5.01393755575502e-06
2.994328868 3.224862046596389e-06
2.9956801 2.2206982217939722e-06
2.997031331 5.801477895484394e-06
2.9983825619999998 3.818914773152568e-06
2.9997337940000004 2.0351899946743915e-06
3.001085025 1.8595843032936344e-06
3.002436257 5.665075315981699e-06
3.003787488 8.734086118077023e-06
3.0051387199999997 2.200544662363222e-06
3.006489951 3.1385167009456806e-06
3.007841182 2.7560901227844295e-08
3.009192414 3.9355534231798205e-09
3.0105436450000003 5.829620866481225e-07
3.011894877 2.2450208343602894e-06
3.0132461079999997 7.574358532350835e-07
3.01459734 3.916651065155284e-09
3.015948571 4.3869533601991623e-07
3.017299803 7.859987695879598e-08
3.018651034 9.471404859248042e-07
3.020002265 1.293866505639291e-06
3.021353497 9.337874489158701e-07
3.0227047280000003 7.11687891900873e-09
3.02405596 7.908517164116421e-07
3.0254071909999998 1.9243196887701247e-06
3.0267584230000004 2.508593044126595e-06
3.0281096539999997 7.202044494529962e-07
3.029460886 2.9357265200820713e-06
3.030812117 1.707161928151479e-06
3.032163348 9.417390386440026e-07
3.03351458 2.358866675837211e-06
3.034865811 2.809088577257405e-06
3.036217043 3.5286812250916877e-06
3.0375682740000003 2.3112066115973687e-06
3.038919506 2.6781063328762923e-07
3.0402707369999997 2.747583145234421e-06
3.041621968 2.919627934322076e-06
3.0429732 2.3968633201770665e-06
3.044324431 6.625197662087465e-07
3.045675663 5.71221713561595e-07
3.047026894 1.6659309841809258e-06
3.0483781260000002 7.660644668658083e-07
3.0497293570000004 3.8832513290278315e-06
3.051080589 4.2900225137714355e-06
3.05243182 5.142124522728868e-06
3.053783051 7.892307787941527e-08
3.0551342829999997 3.777636212538461e-09
3.056485514 1.993753208759483e-08
3.057836746 3.878660634608851e-09
3.059187977 1.0054791079788589e-06
3.060539209 7.731492726426843e-06
3.06189044 4.188575917219621e-06
3.063241671 2.9042848836112696e-06
3.0645929030000003 1.981655496593421e-06
3.065944134 4.839487284603177e-06
3.0672953659999997 4.848394391508218e-06
3.068646597 3.2345199097503228e-06
3.069997829 2.952253100617783e-06
3.07134906 3.184920861148853e-06
3.072700292 2.927649853451061e-06
3.074051523 1.3164711202931798e-06
3.075402754 8.814094745601861e-07
3.0767539860000004 2.456803087017484e-06
3.0781052169999996 1.3827135002388285e-06
3.079456449 1.787456115347215e-06
3.08080768 1.939237267981754e-06
3.0821589119999997 8.435143605554899e-09
3.083510143 9.221593147381719e-09
3.084861374 6.666850329147986e-07
3.086212606 8.75722966494502e-07
3.0875638370000003 2.541299336592471e-06
3.088915069 1.9002636029669704e-06
3.0902662999999997 2.0151232811377668e-07
3.0916175320000003 4.4187995079968764e-09
3.092968763 2.312670720711871e-08
3.0943199949999998 1.4742517133285994e-07
3.095671226 4.416146867910931e-08
3.097022457 3.831004272533878e-09
3.098373689 3.836757195982913e-09
3.0997249200000003 2.3478823261072883e-07
3.101076152 1.753700982590108e-08
3.102427383 2.7785513973477377e-06
3.103778615 2.5045930153067804e-06
3.1051298459999996 1.8437952920940913e-06
3.106481078 6.573469692446667e-07
3.107832309 9.270478341040427e-07
3.10918354 2.6016623851248106e-06
3.110534772 1.052852303421435e-06
3.111886003 1.351911901208964e-06
3.113237235 5.200033915214189e-06
3.1145884660000003 3.2346964170135425e-06
3.115939698 1.8236282248094328e-06
3.1172909289999997 1.3424958481571592e-06
3.11864216 2.5149711310192777e-06
3.119993392 5.357090117559137e-06
3.121344623 1.0033494627537776e-05
3.122695855 9.621651414312792e-06
3.124047086 5.651557743580428e-06
3.1253983180000002 1.381756819233967e-06
3.126749549 1.641103667237764e-06
3.128100781 1.915933333880181e-06
3.1294520120000002 9.093865697193535e-08
3.130803243 1.0479605443985722e-06
3.1321544749999997 3.3879724675906168e-06
3.133505706 1.9266556515773697e-06
3.134856938 3.926327347593808e-06
3.136208169 4.284852247832569e-06
3.137559401 3.625701480385015e-06
3.138910632 1.5619146679669197e-07
3.140261863 2.7852971110451513e-07
3.1416130950000003 1.3371708070253294e-06
3.142964326 2.152068535115515e-06
3.1443155579999997 1.151232424867236e-06
3.145666789 1.4044708093585704e-06
3.147018021 5.5902112501117145e-06
3.148369252 3.988092847939673e-06
3.149720484 9.77588566306559e-07
3.151071715 3.115230753699991e-08
3.152422946 3.590393714530606e-07
3.153774178 4.6524841593322965e-07
3.155125409 8.570601667294011e-08
3.1564766410000002 2.135503797931092e-06
3.157827872 1.1042089894535445e-06
3.1591791039999997 7.795527754776589e-09
3.160530335 1.3784815212251414e-06
3.161881566 3.54873202835623e-06
3.163232798 2.2748999465918842e-06
3.1645840290000002 5.68516595402395e-07
3.165935261 4.062568232146147e-08
3.167286492 1.541822127579628e-06
3.1686377240000003 4.207467061453822e-06
3.169988955 2.8544110854663022e-06
3.1713401869999998 1.459534325157509e-06
3.172691418 1.9070850227840751e-06
3.174042649 1.531160995172628e-07
3.1753938809999998 1.263025793614319e-06
3.176745112 3.920588156717334e-06
3.178096344 5.58951141303575e-06
3.179447575 2.1512155433231143e-06
3.180798807 3.040609609662679e-06
3.182150038 2.115652023313997e-06
3.1835012700000003 2.6233263395616234e-06
3.184852501 2.6320134080869216e-06
3.186203732 3.62905734593457e-06
3.187554964 1.8242501965306386e-06
3.188906195 2.796714354457562e-08
3.190257427 1.7344343997336434e-06
3.1916086580000003 4.051372035481223e-06
3.19295989 6.926208262982724e-06
3.194311121 4.734930412860232e-06
3.195662352 3.338951208735034e-06
3.197013584 2.039494169198076e-06
3.1983648149999997 1.2084004529464622e-06
3.199716047 1.859879899056834e-06
3.201067278 2.1378107172023387e-06
3.2024185099999998 2.376074031008031e-06
3.203769741 3.1439558853902266e-06
3.205120973 2.346414467855223e-06
3.206472204 1.6893106573613975e-07
3.207823435 1.7822571305762441e-06
3.209174667 1.0815904857918067e-06
3.2105258979999998 2.3266018159333704e-06
3.21187713 4.725722194898083e-06
3.213228361 3.5184549419654284e-06
3.214579593 3.293132581307937e-06
3.215930824 5.872434775883776e-06
3.217282055 6.9994349979607014e-06
3.2186332870000003 1.8403807957214204e-06
3.2199845180000004 1.4658900645022147e-06
3.22133575 5.27487897757533e-06
3.222686981 2.7870754258779243e-06
3.2240382129999996 2.0044287239524563e-06
3.2253894439999997 2.7721830806337695e-06
3.226740676 2.6600785867072494e-06
3.228091907 7.51307036864543e-07
3.229443138 1.4276237441686494e-06
3.23079437 2.387968010584002e-06
3.232145601 1.2286113347929442e-06
3.2334968330000002 8.585008599988906e-07
3.234848064 7.016536734726536e-07
3.2361992959999997 5.551034156997851e-09
3.237550527 8.94684841808407e-09
3.238901759 6.605377943004549e-07
3.24025299 5.674300829619465e-09
3.2416042210000002 5.065544162863693e-09
3.242955453 5.467657268956314e-09
3.244306684 3.6412978002854105e-07
3.2456579160000003 1.3188461343284479e-06
3.2470091470000004 2.174471145619963e-07
3.248360379 5.326550337710741e-09
3.24971161 4.617915932679753e-09
3.251062841 4.623046609609853e-09
3.2524140729999997 4.628433404251438e-09
3.253765304 4.633804592873348e-09
3.255116536 4.639161999602557e-09
3.256467767 4.6445081916603055e-09
3.257818999 4.64984761977715e-09
3.25917023 4.6551831430455855e-09
3.2605214620000003 4.660219018729974e-09
3.261872693 4.6647813914991125e-09
3.263223924 4.669351333977477e-09
3.264575156 4.673932428405769e-09
3.265926387 4.6785274004803165e-09
3.267277619 4.68467886517008e-09
3.2686288500000003 1.2300826788155158e-07
3.269980082 9.366900668169191e-07
3.271331313 4.7014242630539074e-09
3.272682544 8.099187873712516e-08
3.274033776 3.746744846552835e-07
3.2753850069999997 3.134604547784985e-08
3.276736239 4.715491651417319e-09
3.27808747 4.719124295299014e-09
3.2794387019999998 4.7228155065729974e-09
3.280789933 4.726573726016512e-09
3.282141165 4.730403029245396e-09
3.283492396 4.734299997833918e-09
3.2848436270000003 4.738260139345599e-09
3.286194859 6.001594305770009e-08
3.2875460899999998 7.725378190631727e-07
3.288897322 1.4368874746141057e-06
3.290248553 3.189531635746315e-08
3.291599785 4.764801311544428e-09
3.292951016 4.3823819153127144e-07
3.294302247 1.4399987177320619e-06
3.2956534790000003 2.3283179582603084e-06
3.29700471 2.0831495113349818e-06
3.298355942 9.666056928103851e-08
3.299707173 4.792681188612557e-09
3.301058405 6.932277163653165e-07
3.3024096359999997 2.926995609076013e-07
3.303760868 3.2525889973694506e-08
3.305112099 2.552167048266945e-07
3.30646333 4.834584547915272e-09
3.307814562 1.6129353126180431e-06
3.309165793 3.695871363618721e-08
3.3105170250000002 4.823269632868755e-09
3.3118682560000003 6.533044276274684e-09
3.313219488 1.3841905010295157e-06
3.3145707189999998 2.2622054643860815e-08
3.315921951 4.843640211361732e-09
3.317273182 4.847512405063429e-09
3.318624413 4.0455637345611513e-08
3.319975645 2.546366098048016e-06
3.321326876 3.7620080262770423e-06
3.322678108 3.6061441824153647e-06
3.324029339 5.354979659477363e-08
3.325380571 4.870195132620548e-09
3.326731802 1.3412399402708727e-08
3.328083033 4.877898497660657e-09
3.3294342649999997 4.8818286092665606e-09
3.330785496 4.882186264639833e-09
3.332136728 5.67003776069893e-09
3.333487959 1.247916440027138e-07
3.334839191 1.7829542563038023e-06
3.336190422 3.930587626714386e-08
3.3375416540000002 8.492104353378833e-09
3.3388928850000004 6.881999190606872e-07
3.340244116 1.291853119776465e-07
3.341595348 1.136969051121453e-06
3.342946579 8.390682333477742e-09
3.344297811 5.039683328052023e-07
3.345649042 1.211803823825819e-08
3.347000274 4.795217211173973e-09
3.348351505 4.780061182552198e-09
3.3497027360000002 2.173798208304118e-08
3.351053968 9.62541943261119e-09
3.3524051989999997 4.695475832659933e-09
3.353756431 1.0898671841989942e-06
3.355107662 4.0713180158107335e-06
3.3564588939999997 4.110521722983907e-06
3.357810125 1.6150287048079817e-06
3.359161357 1.1891724352775471e-06
3.360512588 9.14413460491686e-08
3.3618638190000003 4.4930067325623095e-09
3.363215051 4.498577448763673e-09
3.3645662819999997 4.50411065240825e-09
3.3659175140000004 4.509607587977786e-09
3.367268745 4.515059880920311e-09
3.368619977 4.52047043508762e-09
3.369971208 3.1645543996290424e-07
3.371322439 4.568374329881924e-09
3.372673671 4.6152185383574375e-09
3.374024902 4.665766880132288e-09
3.375376134 7.02366042390007e-07
3.3767273650000003 4.752605193614666e-09
3.378078597 4.796009445109913e-09
3.3794298279999997 4.839394935135291e-09
3.38078106 3.1018803090879594e-07
3.382132291 2.8102712362059174e-06
3.383483522 1.0337281235532743e-06
3.384834754 7.24840225841123e-08
3.386185985 7.741351150959921e-09
3.387537217 4.932071759004193e-09
3.3888884480000003 4.945262421429308e-09
3.39023968 4.9555613645179915e-09
3.3915909109999998 4.952611724369962e-09
3.3929421430000004 4.949613370893841e-09
3.3942933739999996 4.9465606606323746e-09
3.3956446049999998 4.943461536662167e-09
3.396995837 4.940319203700111e-09
3.398347068 5.663001720936597e-07
3.3996983 3.0941321442141997e-06
3.401049531 1.6647972867019477e-06
3.402400763 1.4582829243314639e-06
3.4037519940000003 1.1912007795677703e-06
3.405103225 8.030417578658191e-09
3.4064544569999997 4.9140609477296686e-09
3.407805688 4.909973081856968e-09
3.40915692 4.906763129011222e-09
3.410508151 4.908255582604023e-09
3.411859383 4.906165683367851e-09
3.413210614 5.857827097302893e-09
3.4145618460000002 7.221468547751465e-07
3.4159130770000004 5.762998317617051e-07
3.4172643079999996 1.406113555184983e-08
3.41861554 4.901027975521609e-09
3.419966771 6.075691944040888e-09
3.4213180029999997 1.9559143103875458e-06
3.422669234 1.4369918090361554e-06
3.424020466 6.449272867591573e-07
3.425371697 6.874629111513936e-09
3.4267229280000002 4.9086076266476476e-09
3.42807416 4.910598104883541e-09
3.429425391 2.3010986213576183e-08
3.4307766230000003 1.6756258912463868e-08
3.432127854 4.913665953347152e-09
3.4334790859999997 4.913818887052638e-09
3.434830317 4.913987612776996e-09
3.436181549 1.8462045964424462e-08
3.43753278 2.332880812330137e-08
3.4388840110000003 2.73449941214105e-08
3.440235243 1.4460536113849729e-06
3.441586474 8.634109886073626e-07
3.4429377060000004 1.521807687719628e-06
3.4442889369999996 2.4857902984562104e-06
3.445640169 5.546421978121327e-07
3.4469914 1.460937316131091e-06
3.448342631 2.6865361014052625e-06
3.449693863 1.911251871851017e-06
3.451045094 1.6762896189608758e-06
3.452396326 3.6973784542147554e-06
3.4537475570000002 3.168519575541463e-06
3.455098789 6.592453590417939e-09
3.45645002 4.918107297699536e-09
3.4578012520000003 1.2328465357088522e-08
3.459152483 2.5084913531132124e-06
3.460503714 4.4195180284211325e-06
3.461854946 3.255051701951968e-06
3.463206177 5.5067958234268e-06
3.464557409 5.295815647337002e-06
3.4659086400000003 3.1974146956927477e-06
3.467259872 3.490631494865295e-06
3.468611103 3.4931237085196057e-06
3.469962335 9.070775575304283e-06
3.4713135659999996 7.411906971041838e-06
3.4726647969999997 8.931172604735712e-06
3.474016029 1.25742606865965e-05
3.47536726 1.0650240087638648e-05
3.476718492 1.0516116998187957e-05
3.478069723 9.495183236078777e-06
3.479420955 7.705447350171353e-06
3.4807721860000003 7.297470770573264e-06
3.482123417 8.597461398405447e-06
3.483474649 1.1796669413964612e-05
3.48482588 1.2033834477594302e-05
3.486177112 1.4718144089243467e-05
3.487528343 1.7851408942833765e-05
3.488879575 1.6934196883033145e-05
3.490230806 1.488603608669258e-05
3.491582038 9.02272780357192e-06
3.492933269 8.985165456746214e-06
3.4942845 1.2101143114256787e-05
3.495635732 1.2817492717154938e-05
3.496986963 1.6317792368738358e-05
3.4983381949999997 1.546567389083404e-05
3.4996894259999998 1.4722135542845276e-05
3.501040658 1.7502398809534902e-05
3.502391889 1.9329857110544622e-05
3.50374312 2.221865324164229e-05
3.505094352 2.028762637379192e-05
3.506445583 1.9515458363761245e-05
3.5077968150000003 1.7544841493822276e-05
3.509148046 1.4043392749030366e-05
3.5104992779999997 2.0622582609199047e-05
3.511850509 2.3237096812596037e-05
3.513201741 2.5401832960231276e-05
3.514552972 2.5527875616754543e-05
3.515904203 2.125633797351366e-05
3.517255435 2.3576696583394373e-05
3.518606666 2.0400989403204058e-05
3.519957898 1.85063162855226e-05
3.521309129 2.0536621311798605e-05
3.5226603610000002 1.827682336094659e-05
3.524011592 2.139061905870222e-05
3.5253628239999997 2.308309797349231e-05
3.526714055 2.2814695498726657e-05
3.528065286 2.5406027175246994e-05
3.529416518 1.868056038016755e-05
3.5307677490000002 1.9350974756655833e-05
3.532118981 2.3546615505672375e-05
3.533470212 2.126444321380825e-05
3.5348214440000003 2.0898774890549254e-05
3.536172675 1.6602207245400753e-05
3.537523906 2.057989135270027e-05
3.538875138 2.3573255185083723e-05
3.540226369 1.9637252762957475e-05
3.5415776009999997 1.9412628806601565e-05
3.542928832 1.6381445768786376e-05
3.544280064 1.795493297475296e-05
3.545631295 2.1870846412749065e-05
3.546982527 1.8666006414796446e-05
3.548333758 2.1813618894872114e-05
3.5496849889999997 2.264449023222704e-05
3.551036221 2.1793477221594876e-05
3.552387452 2.4456476225791977e-05
3.553738684 2.14741361539455e-05
3.555089915 2.0016879927854677e-05
3.556441147 2.044438230827031e-05
3.5577923780000003 1.890093879596844e-05
3.5591436090000004 2.049898656808013e-05
3.560494841 2.1004080723472585e-05
3.561846072 2.1620390177880856e-05
3.563197304 2.055798186767026e-05
3.5645485349999997 1.635481570133338e-05
3.565899767 1.899047712711534e-05
3.567250998 1.9395920941252277e-05
3.5686022299999998 1.8808326324426303e-05
3.569953461 1.8518115915765066e-05
3.571304692 1.8138983318498934e-05
3.572655924 2.160392216374913e-05
3.574007155 2.6891740372586525e-05
3.575358387 2.5575496557812045e-05
3.5767096179999998 3.1645195758939135e-05
3.57806085 3.283275623811442e-05
3.579412081 3.161564790886868e-05
3.580763312 3.346402765680972e-05
3.582114544 3.226948648024782e-05
3.583465775 3.53915669069778e-05
3.5848170070000003 3.767588441549489e-05
3.5861682380000004 3.6347134412806436e-05
3.58751947 3.90343292824768e-05
3.588870701 3.6062374860598754e-05
3.5902219329999996 3.666967500424853e-05
3.5915731639999997 4.33268925461155e-05
3.592924395 4.348814357354574e-05
3.594275627 4.807019768022407e-05
3.595626858 4.872187627505751e-05
3.59697809 4.1887658611456565e-05
3.598329321 3.930793838078225e-05
3.5996805530000002 3.841017385440563e-05
3.601031784 4.179197145909278e-05
3.602383016 4.4171078202756555e-05
3.603734247 4.030041991195336e-05
3.605085478 4.5809932050391715e-05
3.60643671 4.793789420071617e-05
3.607787941 4.3700072806942826e-05
3.609139173 5.163474660013432e-05
3.610490404 5.463514374541967e-05
3.6118416360000003 5.195407598494519e-05
3.6131928670000004 4.990662421402548e-05
3.6145440979999997 4.6320447170551696e-05
3.61589533 5.083605207702437e-05
3.617246561 5.746932549712234e-05
3.6185977929999997 5.984292409471013e-05
3.619949024 6.516649462411042e-05
3.621300256 6.503180357464391e-05
3.622651487 6.600064350424024e-05
3.624002719 7.049477057060957e-05
3.62535395 6.564232995895913e-05
3.6267051809999997 6.502583702474266e-05
3.628056413 6.955500452510899e-05
3.629407644 6.980910766217069e-05
3.630758876 7.289840174001921e-05
3.632110107 6.839826644166549e-05
3.633461339 6.322886622453649e-05
3.6348125700000002 6.485204012426087e-05
3.6361638010000004 6.129611635479389e-05
3.637515033 6.212012350873808e-05
3.638866264 6.913293983434025e-05
3.640217496 7.17338848006248e-05
3.6415687269999997 7.286188928586968e-05
3.642919959 6.95738659299855e-05
3.64427119 6.76064188702644e-05
3.6456224219999998 7.301775020952445e-05
3.646973653 7.285551745812132e-05
3.648324884 7.436324742852495e-05
3.649676116 7.983607277502639e-05
3.6510273470000003 7.57147423972904e-05
3.652378579 7.911724389597741e-05
3.6537298099999997 8.551040811407355e-05
3.655081042 8.130573368461943e-05
3.656432273 8.371383362113575e-05
3.657783504 8.634371730518507e-05
3.659134736 8.429321187850668e-05
3.660485967 8.541079674998262e-05
3.6618371990000003 8.432786101986183e-05
3.66318843 8.758099884313495e-05
3.664539662 9.37687470930725e-05
3.665890893 9.173649613595611e-05
3.667242125 9.42868373199952e-05
3.6685933559999997 9.712611331265618e-05
3.669944587 9.220714862589002e-05
3.671295819 9.510479609884006e-05
3.67264705 9.836842174999774e-05
3.673998282 9.816554720492038e-05
3.675349513 0.00010549312833302903
3.676700745 0.00010790506764201622
3.6780519760000003 0.00010744707201684163
3.679403208 0.00011402849380422551
3.6807544389999998 0.00011701807972621533
3.68210567 0.00012177810197490192
3.683456902 0.00012498732542412467
3.684808133 0.00012117878407473886
3.686159365 0.00013099688085144114
3.687510596 0.0001391995913606219
3.688861828 0.00013736418355787204
3.690213059 0.00014783151117301322
3.6915642899999996 0.0001581118331610903
3.692915522 0.0001632583107953161
3.694266753 0.00017208919155000201
3.6956179849999997 0.00016953227802350517
3.696969216 0.00016912531732456368
3.698320448 0.00018402624874011954
3.699671679 0.00019263373076778162
3.701022911 0.00019855885270163152
3.702374142 0.0002077439557617987
3.703725373 0.00021049080850425893
3.7050766050000004 0.00021772869702196024
3.706427836 0.0002284263199452213
3.707779068 0.0002340778053713219
3.709130299 0.00024328864132930626
3.710481531 0.0002498497478318186
3.711832762 0.0002551760726432361
3.713183993 0.000269871811350282
3.714535225 0.00028038325522752747
3.7158864560000002 0.0002884933373194204
3.717237688 0.0003029914819575548
3.7185889189999997 0.00031036241170525274
3.719940151 0.00031873905844710155
3.721291382 0.0003376901092221713
3.7226426139999997 0.0003556698190184046
3.723993845 0.0003757804525954166
3.725345076 0.00039526787532730644
3.726696308 0.00040965223992036416
3.7280475390000003 0.00043407690102208874
3.729398771 0.000457902275424653
3.730750002 0.00047166593120272655
3.7321012340000004 0.000494390557161483
3.733452465 0.0005183381506386511
3.7348036959999997 0.0005388919490954827
3.736154928 0.0005720800368812638
3.737506159 0.0006019277723340251
3.738857391 0.0006261701572326418
3.740208622 0.000662162132780587
3.741559854 0.0006991337342771008
3.7429110850000002 0.0007353805493069846
3.744262317 0.0007780809308628353
3.7456135479999997 0.0008132940506400298
3.746964779 0.0008490964443493005
3.748316011 0.000893414585085747
3.749667242 0.0009358863524180621
3.751018474 0.0009884908612439035
3.752369705 0.0010490064918642673
3.753720937 0.0010999408392754232
3.7550721680000003 0.0011567033044072822
3.7564234 0.0012212187625245854
3.757774631 0.0012806624401444917
3.759125862 0.0013501840851155168
3.7604770939999996 0.0014282491175087264
3.7618283249999998 0.0015029605861698273
3.763179557 0.001586437309813331
3.764530788 0.0016742033321355205
3.76588202 0.00176231064463897
3.767233251 0.001867632110356634
3.768584482 0.0019786719810914993
3.7699357140000003 0.0020844095500250925
3.771286945 0.0022026518372183705
3.7726381769999997 0.0023288330702342284
3.773989408 0.002456889014149295
3.77534064 0.002602660768109514
3.776691871 0.0027596238715060346
3.778043103 0.002915742436197104
3.779394334 0.0030861935080760787
3.780745565 0.003266277786709991
3.7820967970000003 0.0034534224101814247
3.7834480279999996 0.003664286077360097
3.7847992599999998 0.0038871054001005526
3.786150491 0.004117730255922045
3.7875017229999997 0.004373898508233577
3.7888529539999998 0.004637394159752616
3.790204185 0.004906508607903914
3.791555417 0.005210309125635862
3.792906648 0.005532504601763349
3.79425788 0.005868126492728404
3.795609111 0.006242553510381469
3.7969603430000003 0.0066305191060164045
3.798311574 0.00703402593659132
3.7996628059999997 0.007484061289904341
3.801014037 0.007950911888648814
3.802365268 0.008446361310822872
3.8037165 0.009006109831428185
3.8050677310000003 0.009588374797147433
3.806418963 0.010204747175523794
3.807770194 0.01087911191113419
3.8091214260000004 0.011580350420062809
3.8104726569999996 0.012327174309520572
3.811823889 0.013141567348902828
3.81317512 0.014003624776138859
3.814526351 0.014929028361512374
3.815877583 0.015928977673983147
3.817228814 0.0169887494027998
3.818580046 0.018133514962307747
3.8199312770000002 0.01935457667597202
3.821282509 0.020652618970036698
3.82263374 0.022039123533826657
3.823984971 0.023537641680789194
3.825336203 0.025134217768961905
3.826687434 0.026832444329039126
3.828038666 0.028660471595514127
3.829389897 0.03060549847613085
3.830741129 0.03267738086460708
3.8320923600000003 0.034915987191285254
3.833443592 0.03729505311524576
3.834794823 0.039820880300792075
3.836146054 0.042539900615939825
3.8374972859999996 0.045411745360790394
3.8388485169999997 0.048506550997116496
3.840199749 0.05179242563386506
3.84155098 0.055258038063438576
3.842902212 0.058936123269579054
3.844253443 0.06286484578013218
3.845604674 0.06701703050276685
3.8469559060000003 0.0714100879915415
3.848307137 0.07608050894992746
3.849658369 0.08101221318482417
3.8510096 0.08620355858333105
3.852360832 0.09169450907023295
3.853712063 0.09748291944955972
3.855063295 0.10355121220721336
3.856414526 0.10993817537234811
3.857765757 0.11674308992851369
3.859116989 0.1237692437477199
3.86046822 0.13110688070453316
3.861819452 0.13877626768880155
3.863170683 0.14673500812554138
3.8645219149999996 0.15503735383172576
3.8658731459999998 0.16364700801340185
3.867224377 0.17253271442686352
3.868575609 0.1817289949758708
3.86992684 0.19120903267751693
3.871278072 0.20093080159536575
3.872629303 0.21091214988372167
3.8739805350000003 0.22114202195075494
3.875331766 0.23156779015114623
3.876682998 0.24218041742334057
3.878034229 0.25298026622632785
3.87938546 0.26389551477654727
3.880736692 0.2749068974977969
3.882087923 0.2860132576377393
3.883439155 0.2970777816371923
3.884790386 0.30811332863201046
3.886141618 0.3191064637148423
3.887492849 0.32996960724997954
3.8888440810000002 0.34068183944004576
3.890195312 0.35124068837984146
3.891546543 0.3615870560323396
3.892897775 0.371674743869682
3.894249006 0.3814862937771598
3.895600238 0.39098498278115634
3.8969514690000002 0.4001182542371419
3.898302701 0.4093508799437926
3.899653932 0.41772166827315815
3.9010051629999998 0.42559438626114177
3.902356395 0.43300400981587717
3.903707626 0.4399588798361496
3.905058858 0.44644825308219
3.906410089 0.4524958302391313
3.9077613209999997 0.45810968728779716
3.909112552 0.4632867799770874
3.910463784 0.468044839325948
3.911815015 0.4724030250310849
3.913166246 0.47635389837721276
3.914517478 0.4801805612300632
3.9158687089999997 0.4836171705783631
3.917219941 0.4864150323135778
3.918571172 0.4888676255254006
3.919922404 0.49101311474581194
3.921273635 0.4928746608570534
3.922624866 0.4944890293462351
3.9239760980000002 0.495891136653176
3.9253273290000004 0.49710327573158075
3.926678561 0.4981428392541979
3.928029792 0.49902630397735587
3.929381024 0.4997641295687373
3.9307322549999997 0.5003599557415409
3.932083487 0.500830176135594
3.933434718 0.5011941176350769
3.934785949 0.5014721060778461
3.936137181 0.5016763537261116
3.937488412 0.5021114588676652
3.938839644 0.5025326354174415
3.940190875 0.5026533498821986
3.941542107 0.502823495080726
3.9428933379999997 0.5029933454643744
3.944244569 0.5031803114896491
3.945595801 0.503368819871985
3.946947032 0.5035495152032946
3.948298264 0.5037379022222832
3.949649495 0.5039234018240113
3.9510007270000003 0.5040459024793489
3.9523519580000004 0.5041593465392055
3.95370319 0.5042894174060528
3.955054421 0.5044360872295907
3.956405652 0.504613284025635
3.9577568839999997 0.5048298793275495
3.959108115 0.5050680433192203
3.960459347 0.5053418057049112
3.961810578 0.5056433479431232
3.96316181 0.505940024751542
3.964513041 0.5062356667283072
3.965864273 0.5065329705825108
3.967215504 0.5068202095134839
3.968566735 0.507085663693376
3.9699179669999998 0.5078656670407218
3.971269198 0.5081911442830622
3.97262043 0.5084704217398321
3.973971661 0.5087792922359216
3.975322893 0.509102085855162
3.976674124 0.5094165785287981
3.978025355 0.5103120459343146
3.9793765870000004 0.5106140372246768
3.9807278179999996 0.5108812589992613
3.98207905 0.5111059689164704
3.983430281 0.5113174211573737
3.9847815129999997 0.5114960349250486
3.986132744 0.5116484097442957
3.987483976 0.5117969027909159
3.988835207 0.5119333125727874
3.9901864380000003 0.5120586880388558
3.99153767 0.5121883452656659
3.9928889009999997 0.5123362075693485
3.994240133 0.5124668555766215
3.995591364 0.5125807139623277
3.996942596 0.512687658852216
3.998293827 0.512760102753894
3.999645058 0.512808330179429
4.00099629 0.5128411235303773
4.002347521 0.5128618236393468
4.003698753 0.5128600019527023
4.005049984 0.5128675715322231
4.006401216 0.5128991167618391
4.007752447 0.5129255715449067
4.009103679 0.5129682361147475
4.01045491 0.513046576048974
4.011806141 0.5131659689522441
4.013157373 0.513274162505766
4.014508604 0.513386173504625
4.015859836 0.5134842804206796
4.017211067 0.5135547570827902
4.018562299 0.513973789950765
4.01991353 0.5143237117291191
4.021264761 0.5149219702283728
4.022615993 0.5149569979885275
4.023967224 0.5150206683024583
4.025318456 0.515095357353237
4.026669687 0.515179842320108
4.028020919 0.515283269127624
4.02937215 0.5153650809600347
4.030723382 0.5154308508328598
4.032074613 0.515498359863634
4.033425844 0.5155685205053188
4.034777076 0.5156095788519113
4.036128307 0.5156422279983894
4.037479539 0.5156938795802029
4.03883077 0.5157375276777396
4.040182002 0.5158002882098273
4.041533233 0.5159433988366136
4.042884465 0.5160921423395941
4.044235696 0.5162253208085453
4.0455869269999996 0.5163714068814423
4.046938159 0.5165156972221775
4.04828939 0.5166215792332582
4.049640622 0.5167178377257653
4.050991853 0.5167650269451336
4.052343085 0.5167816069399274
4.053694316 0.5167679626213642
4.055045547 0.516755502494018
4.056396779 0.5167420781455141
4.05774801 0.5167294024197076
4.059099241999999 0.5167410002769105
4.0604504729999995 0.5170340993290637
4.061801705 0.5173747289961184
4.063152936 0.5173740140228912
4.064504168 0.5173905931516912
4.065855399 0.5173758364762843
4.06720663 0.5173410608615232
4.0685578620000005 0.517310831159648
4.069909093000001 0.5172854042759835
4.071260325 0.5173095815037715
4.072611556 0.5176849971753323
4.073962788 0.5179640066018214
4.075314019 0.5180175969503119
4.07666525 0.5180819376103901
4.078016482 0.5181681280117111
4.079367713 0.5182700659229559
4.080718945 0.5183189147326
4.082070176 0.5183473872870883
4.083421408 0.5183857818642079
4.084772639 0.5184037093581487
4.086123871 0.5184147578886721
4.087475102 0.5184380767615183
4.088826333 0.5184714628076229
4.090177565 0.5184954196283232
4.091528796 0.518562374018142
4.092880028 0.5186563992662323
4.094231259 0.5187584987654794
4.095582491 0.5188689413968457
4.096933722 0.5190083190425431
4.098284953 0.5191520572202395
4.0996361850000005 0.5192892212902611
4.100987416 0.5193958075030346
4.102338648 0.5194875509099768
4.103689878999999 0.5199751351387026
4.105041110999999 0.5202212934119649
4.106392342 0.520305751391987
4.107743574 0.5203871801917951
4.109094805 0.520481116361062
4.110446036 0.5206223743625568
4.111797268 0.5208279464939181
4.113148499 0.5210271173575711
4.1144997309999995 0.5212370128698871
4.115850962000001 0.521459557080837
4.117202194000001 0.5216546626842007
4.118553425 0.5221488865407253
4.119904657 0.522578416142055
4.121255887999999 0.5227568426230654
4.122607119 0.5228934011674486
4.123958351000001 0.5230409662244746
4.125309582 0.5232006029438018
4.126660814 0.5233590538310896
4.128012045 0.5235074248428504
4.129363277 0.5236792912699992
4.130714508 0.5238136316294826
4.132065739 0.5238934721973066
4.133416971 0.5239736215388219
4.134768202 0.524057357949662
4.136119434 0.5241216325289692
4.1374706649999995 0.5241437926650462
4.138821897 0.5241705626921325
4.140173128000001 0.5241963775535884
4.14152436 0.5243195352384648
4.142875591 0.5244386751312268
4.144226821999999 0.5245942428896591
4.145578054 0.5247423808527114
4.146929285000001 0.5248923951953937
4.148280517 0.525657119011817
4.149631748 0.525822725350843
4.15098298 0.5259061312783966
4.152334211 0.5259682523203291
4.153685442 0.5260545578350885
4.155036674 0.5261189752396507
4.156387905 0.5261579513602889
4.157739136999999 0.5261947893946252
4.159090368 0.5262576263373314
4.1604416 0.5265613332829469
4.161792831 0.5269508840905132
4.163144063 0.5270351140877962
4.164495294 0.5271321972989483
4.165846525 0.527212013351157
4.167197757 0.5273288938343011
4.1685489879999995 0.5274536251644157
4.169900220000001 0.5275618298456567
4.171251451 0.5276487772734076
4.172602683 0.5277453041222685
4.173953914 0.5278305394457311
4.1753051459999995 0.5278919497444171
4.1766563770000005 0.5279618427386678
4.178007608 0.5280504090154767
4.17935884 0.5281341760443016
4.180710071 0.5281938659525969
4.182061303 0.5282829391118629
4.183412534 0.528379061332962
4.184763766 0.5284659564030693
4.186114997 0.5285366127587414
4.187466228 0.5286213453843827
4.18881746 0.5286628282640738
4.190168691 0.5286694971988706
4.1915199229999995 0.5286540627468064
4.1928711540000005 0.5286465808445476
4.194222386000001 0.529187940048209
4.195573617 0.5291108170461958
4.196924849 0.5290397363566582
4.198276079999999 0.5289716304857631
4.199627311 0.5288641136768318
4.200978543 0.5287507754957853
4.202329774 0.5286392183801587
4.203681006 0.5288971016476846
4.205032237 0.5289024680569774
4.206383469 0.5287169582765886
4.2077347 0.5285241315795439
4.209085931 0.5282789747310017
4.210437163 0.5280043461937203
4.211788394 0.5277323933760696
4.213139626 0.5274476600801001
4.2144908569999995 0.5271255146656174
4.215842089 0.5268139348612753
4.217193320000001 0.5265148909329276
4.218544552 0.526209460608823
4.219895783 0.5258622556212095
4.221247013999999 0.5255322400428132
4.2225982459999996 0.5252011453671556
4.223949477 0.5248507493127409
4.225300709 0.5244641542874262
4.22665194 0.5241010966715229
4.228003171999999 0.5237057241426061
4.229354403 0.5232773107613553
4.2307056339999995 0.522831040333159
4.232056866 0.5224277761660261
4.233408097000001 0.5220022183502003
4.234759329 0.5215605110509222
4.23611056 0.5211239493902202
4.237461792 0.5207237635350639
4.238813023 0.5202952344941654
4.240164255 0.5198596535143614
4.241515486 0.5194228839802209
4.242866717 0.5194988058577983
4.244217949 0.5190670068986879
4.24556918 0.5185001421130129
4.246920412000001 0.5178921815611012
4.248271643 0.5177906314519973
4.249622875 0.5170179142415368
4.250974105999999 0.5161565456948147
4.2523253379999995 0.5152216403252343
4.2536765690000005 0.5141691041786454
4.2550278 0.5129764776479919
4.256379032 0.5116590777893675
4.257730263 0.5101978279361209
4.259081495 0.5085471983018766
4.260432726 0.506394331558121
4.261783958 0.5034060004384058
4.263135189 0.5001142715914009
4.26448642 0.49653111684218426
4.265837652 0.4926751419332584
4.267188883 0.48856451712090765
4.2685401149999995 0.4840594114294819
4.2698913460000005 0.47918415620642646
4.271242578000001 0.4735816594997147
4.272593809 0.4676477026578541
4.273945041 0.46130751291898997
4.275296271999999 0.4545286212280836
4.276647503 0.4474433956706425
4.277998735 0.4400460220177642
4.279349966 0.4322626995765888
4.280701198 0.42565828003193473
4.282052429 0.420265342704604
4.283403661 0.4144783034960656
4.284754892 0.4082834383539494
4.286106123 0.40146287884575727
4.287457355 0.3943123173026027
4.288808586 0.38683661098702027
4.290159818 0.3788441162394715
4.2915110489999995 0.36896136658021833
4.292862281 0.3589208847123221
4.294213512000001 0.3492349100872389
4.295564744 0.33927106424396175
4.296915975 0.3288236557556243
4.298267206 0.31832951470297105
4.299618438 0.3078469932789654
4.300969669 0.2973622566756446
4.302320901 0.28687021266073015
4.303672132 0.2764620401790766
4.305023363999999 0.26619397135633244
4.306374595 0.25608389651711294
4.3077258259999995 0.24612797809792789
4.309077058 0.23637017891167594
4.310428289000001 0.22683983703051191
4.311779521 0.21754783633493674
4.313130752 0.20850076284936683
4.314481984 0.19971849545346693
4.315833215 0.19119468187240596
4.317184447 0.182932940948632
4.318535678 0.17493613985170514
4.319886909 0.16722269746007254
4.321238141 0.15977949213378365
4.322589372 0.15260247312983313
4.323940604000001 0.14569464225832826
4.325291835 0.13906475623774675
4.326643067 0.13268854762212892
4.327994297999999 0.12656636688431452
4.329345529999999 0.12070358474327218
4.3306967610000004 0.11509784403901202
4.332047992 0.10971693440587493
4.333399224 0.10456072778533558
4.334750455 0.099636902440635
4.336101687 0.09493434931184216
4.337452918 0.09042275203059615
4.33880415 0.08610022589983747
4.340155381 0.08197710790589041
4.341506612 0.07803420469445896
4.342857844 0.07425203833739046
4.344209075 0.07063060214326754
4.3455603069999995 0.06723175681739496
4.3469115380000005 0.06397863662941541
4.34826277 0.06083033668389014
4.349614001 0.057813787052478256
4.350965233 0.05494953223820978
4.352316464 0.05227293886821062
4.353667695 0.049651185124960945
4.355018927 0.047141873704944784
4.356370158 0.044766306882900425
4.35772139 0.042492019089536176
4.359072621 0.040314607724693016
4.360423853 0.038229459826550544
4.361775084 0.036262497369991584
4.363126315000001 0.03437766481751922
4.364477547000001 0.0325742210786584
4.365828778 0.030849539904475635
4.36718001 0.02923366142398538
4.3685312409999995 0.027688990390943566
4.369882473 0.02621127958090452
4.371233704 0.024797492943341763
4.372584936 0.02347116983383151
4.373936167 0.022205976218951574
4.375287398 0.02099619395732648
4.37663863 0.019849710696149835
4.377989861 0.018777951935327167
4.379341093 0.01775658112289713
4.380692324 0.016772801689526832
4.382043555999999 0.015840875447679703
4.383394787 0.014968947747187438
4.3847460179999995 0.01414252473349535
4.38609725 0.013343494418346537
4.387448481000001 0.012596471293600016
4.388799713 0.011898389613618433
4.390150944 0.0112414042821941
4.391502176 0.010602877823928304
4.392853407 0.010012308508940375
4.394204639 0.009460369377089745
4.39555587 0.008942098167046442
4.396907101 0.008430997363325598
4.398258332999999 0.007961647107820644
4.399609564 0.007526136512665915
4.400960796000001 0.007116965780325217
4.402312027 0.006714154814004088
4.403663259 0.006341673075555327
4.405014489999999 0.005999016145366646
4.406365721999999 0.005674987293756053
4.407716953 0.005349893642800644
4.409068184 0.005047944554292662
4.410419416 0.0047807919367937116
4.411770647 0.0045265151967137825
4.413121879 0.004279009226329314
4.41447311 0.004046249049840774
4.415824342 0.0038381865902213765
4.417175573000001 0.003632943277832785
4.418526804 0.0034338456556079087
4.419878036 0.0032415910704634387
4.421229266999999 0.0030815303558352387
4.4225804989999995 0.002923119941956259
4.4239317300000005 0.002767789601676775
4.425282962 0.0026176780104054487
4.426634193 0.0024880808109141077
4.427985425 0.0023621878046281328
4.429336656 0.002234525697782204
4.430687887 0.002116875063036595
4.432039119 0.002013545227850852
4.43339035 0.0019175425247539683
4.434741582 0.0018146571502086022
4.436092813 0.0017241028925660108
4.437444045 0.0016425894235325609
4.438795276 0.0015691842292267178
4.440146507000001 0.0014802106637774432
4.441497739000001 0.0014033134634138167
4.44284897 0.0013366645615816096
4.444200202 0.0012784830754455421
4.445551432999999 0.0012085199090909342
4.446902665 0.0011432373541357115
4.448253896 0.0010905524663851432
4.449605128 0.0010462495703330984
4.450956359 0.000997007150028616
4.45230759 0.0009452588757188596
4.453658822 0.0009062403017718769
4.455010053 0.0008661835058879518
4.456361285 0.0008240368623845057
4.457712516 0.0007770699118268541
4.459063747999999 0.0007455801249216261
4.460414979 0.0007138185199371177
4.4617662110000005 0.0006790006587524902
4.463117442 0.0006410835940581348
4.464468673000001 0.0006166540553279536
4.465819905 0.0005983768957334751
4.467171136 0.0005705864075826469
4.468522368 0.0005372946941925701
4.469873599 0.0005076607404438254
4.471224831000001 0.0004870973878965808
4.472576062 0.00045704675274008995
4.473927293 0.0004313277525040996
4.475278524999999 0.00041159435624144123
4.476629756 0.0004113670796331146
4.4779809880000006 0.0003997567644854801
4.479332219 0.00038096990410588715
4.480683451 0.000360642796673171
4.482034682 0.000348645302951339
4.483385914 0.00033478234577082055
4.484737145 0.0003123329336089634
4.486088376 0.0002957841346128935
4.487439608 0.0002841089699478919
4.488790839 0.00027699842403820237
4.490142071 0.00025614735862284385
4.491493302 0.00024038166021652933
4.492844534 0.00022847880843663836
4.494195765000001 0.00021948293766772917
4.495546996 0.00020483558948224343
4.496898228 0.00019213122706025743
4.498249458999999 0.00019034074881648852
4.4996006909999995 0.0001860079667724889
4.5009519220000005 0.00017703992683933828
4.502303154 0.00016176587999052063
4.503654385 0.00016210588467998726
4.505005617 0.00016158906566289454
4.506356848 0.00015820439818703893
4.507708079 0.00014258583638126267
4.509059311 0.00013512167707242944
4.510410542 0.0001323525266152097
4.511761774 0.00012485940968003936
4.513113005 0.00011501313207904542
4.514464237 0.00010758835341966189
4.5158154679999996 0.00010854040200535552
4.517166699000001 9.807189424090362e-05
4.518517931 8.19146613011825e-05
4.519869162 7.243630918070457e-05
4.521220394 7.4660593979733e-05
4.522571624999999 7.545547876182753e-05
4.523922857 7.070388366399069e-05
4.525274088 6.589194036967966e-05
4.52662532 6.506926497929531e-05
4.527976551 6.885575720604078e-05
4.529327782 6.456783496672064e-05
4.530679014 6.241585441186375e-05
4.532030245 6.226210469375655e-05
4.533381477 6.6232891661939e-05
4.534732708 6.252591130353443e-05
4.53608394 5.4944690886397904e-05
4.537435171 5.077628089429547e-05
4.5387864030000005 5.097364523195301e-05
4.540137634 5.168139816948507e-05
4.541488865 4.6102691016739353e-05
4.542840097 4.327084314962167e-05
4.544191328 4.137227062317396e-05
4.5455425599999995 3.9439523921667064e-05
4.5468937910000005 3.349288240862846e-05
4.548245023000001 3.01565206648093e-05
4.549596254 3.323390623697635e-05
4.550947485 3.3509583307499335e-05
4.552298716999999 2.9799120106996445e-05
4.553649948 2.349287030928229e-05
4.5550011800000005 2.5542153349380798e-05
4.556352411 2.959944863035596e-05
4.557703643 3.031874708746066e-05
4.559054874 2.3156047698116683e-05
4.560406106 2.1792512360767248e-05
4.561757337 2.584879413847215e-05
4.563108568 2.7240949202707018e-05
4.5644598 2.5967795893007153e-05
4.565811031 2.249299906860013e-05
4.567162263 2.390845000904216e-05
4.568513493999999 2.325585326428524e-05
4.569864726 2.1484060656311682e-05
4.571215957000001 1.859011568638852e-05
4.572567188 1.7597134110576435e-05
4.57391842 1.8282247935664274e-05
4.575269650999999 1.4929045646726967e-05
4.5766208829999995 1.2866217554810879e-05
4.5779721140000005 1.1730230023085272e-05
4.579323346 1.4562177337115492e-05
4.580674577 1.4181998205360838e-05
4.582025809 1.0952635128002508e-05
4.58337704 7.615724543682154e-06
4.584728271 7.2099548940618085e-06
4.586079503 9.076596920405756e-06
4.587430734 8.336782391100323e-06
4.588781966 8.423708518613795e-06
4.590133197 9.32513143302227e-06
4.591484429 1.1404724067168676e-05
4.5928356599999995 1.1168428619209881e-05
4.5941868910000005 8.809785911469866e-06
4.595538123 8.543995127812426e-06
4.596889354 9.031416875122977e-06
4.598240586 1.0430255444234331e-05
4.599591817 9.485946016566693e-06
4.6009430490000005 9.219765092477723e-06
4.60229428 9.684216230388466e-06
4.603645512 7.874050519336765e-06
4.604996743 5.31191553142109e-06
4.606347974 2.8901882296172205e-06
4.607699206 4.707294012744734e-06
4.609050437 6.27073010420482e-06
4.610401669 5.903738496252312e-06
4.611752900000001 1.7762107123028132e-06
4.613104132 1.9863126450448847e-06
4.614455363 7.532941897173615e-06
4.6158065950000005 1.0395100551385946e-05
4.617157826 1.0313663102065611e-05
4.618509057 9.360662968542356e-06
4.619860289 8.610837404549468e-06
4.62121152 6.970598499974738e-06
4.622562751999999 4.2663494810207866e-06
4.6239139830000004 3.846705378889405e-06
4.625265215000001 4.427858182690062e-06
4.626616446 7.579996392418196e-06
4.627967677 7.553921164559538e-06
4.629318908999999 6.17631778252636e-06
4.63067014 5.1982043113522816e-06
4.6320213720000005 6.083934575611283e-06
4.633372603 7.714309179851107e-06
4.634723835 5.67796666898223e-06
4.636075066 3.96762100687214e-06
4.637426298 2.8012134566267735e-06
4.638777529 3.6375232781748363e-06
4.64012876 4.061630092527205e-06
4.641479992 3.972350255983015e-06
4.642831223 6.698226298380783e-06
4.644182455 9.730607868851498e-06
4.645533685999999 1.1809681695190507e-05
4.646884918 8.122938948621163e-06
4.648236149000001 5.907931820392109e-06
4.64958738 5.126826281801359e-06
4.650938612 5.803848917928824e-06
4.652289842999999 5.784270490015903e-06
4.6536410749999995 3.69730828212737e-06
4.6549923060000005 2.859210730746386e-06
4.656343538 2.481306864037006e-06
4.657694769 2.6362065720764434e-06
4.659046001 3.055876936540826e-06
4.660397232 3.881361972486631e-06
4.661748463 7.3281266537018974e-06
4.663099695 1.0614730566208547e-05
4.664450926000001 1.2382377675952623e-05
4.665802158 1.1650449530475215e-05
4.667153389 1.1380756042468347e-05
4.668504621 1.1655735508798644e-05
4.6698558519999995 9.593942564230962e-06
4.6712070830000005 7.943922745449455e-06
4.672558315 7.025749441081799e-06
4.673909546 8.71269840436804e-06
4.675260778 1.1102593206478337e-05
4.676612009 1.096094169527042e-05
4.6779632410000005 1.05052651674048e-05
4.679314472 1.0053099552414525e-05
4.680665704 1.1010625194104709e-05
4.682016935 1.0607596409687149e-05
4.683368166 9.123584506497835e-06
4.684719398 8.889343041255459e-06
4.686070629 9.101619219064619e-06
4.687421861 9.973400890692981e-06
4.688773092 8.506452850552394e-06
4.690124324 7.523135853174994e-06
4.691475555 8.487702658521422e-06
4.6928267869999996 1.0088826573101433e-05
4.694178018 1.1767426493249912e-05
4.695529249 1.0097276292300101e-05
4.696880481 9.440819224089366e-06
4.698231712 9.487340944537721e-06
4.699582943999999 1.0745904865014643e-05
4.700934175 1.1802249963642009e-05
4.702285407000001 1.23041906375783e-05
4.703636638 1.4044693143967017e-05
4.704987869 1.5602263194201412e-05
4.706339100999999 1.4922875983289072e-05
4.707690332 1.226903172235e-05
4.7090415640000005 9.508830480801153e-06
4.710392795 9.257263621494561e-06
4.711744027 9.043594682305706e-06
4.713095258 8.865389619614436e-06
4.71444649 9.714233168652335e-06
4.7157977209999995 1.1257743439327233e-05
4.717148952 1.4334659892481955e-05
4.718500184000001 1.3486505769573545e-05
4.719851415 1.124764818454541e-05
4.721202647 8.76204644329922e-06
4.722553877999999 9.44124911841068e-06
4.72390511 1.3184666042417502e-05
4.725256341000001 1.337478132055756e-05
4.726607572 1.203048813120466e-05
4.727958804 9.003111452207696e-06
4.729310035 8.501469252153856e-06
4.730661267 8.557946413150444e-06
4.7320124980000005 8.479392618294631e-06
4.73336373 8.697596581194918e-06
4.734714961 9.153969270697413e-06
4.736066193 1.0555527958790157e-05
4.737417424 1.1033645467160279e-05
4.738768654999999 9.812359049780408e-06
4.740119887 9.41882432081599e-06
4.741471118000001 9.482901944072385e-06
4.74282235 1.0791539489573981e-05
4.744173581 1.0429346118959109e-05
4.745524813 8.911293870739678e-06
4.7468760439999995 6.816368279537278e-06
4.748227276 5.043215472038102e-06
4.749578507 3.5392094316635423e-06
4.750929738 1.4651459935350157e-06
4.75228097 6.320287941956821e-07
4.753632201 1.108014087855504e-06
4.7549834330000005 1.3674975475394477e-06
4.756334664 1.223638697449168e-06
4.757685896 4.142798126099376e-07
4.759037127 2.931757737297224e-07
4.760388358 1.5468257063491995e-06
4.76173959 2.0117372142368802e-06
4.763090821 1.0792738906661846e-06
4.764442053 2.1362797675518227e-08
4.765793284 1.5022932149318925e-08
4.767144516 8.18610973571534e-07
4.768495747 1.959395591186859e-06
4.7698469789999995 1.9945336872419076e-06
4.77119821 1.3707424744644857e-06
4.772549441 1.5598551439601482e-06
4.773900673 2.60139993094022e-06
4.775251904 4.194956122440704e-08
4.776603135999999 5.301447881197044e-09
4.777954367 5.298571866724392e-09
4.779305599000001 2.279890571836358e-08
4.78065683 4.2593364915967715e-07
4.782008061000001 1.6566752608306077e-08
4.783359293 5.286984125683622e-09
4.784710524 5.284086398111114e-09
4.7860617560000005 5.951609479985586e-08
4.787412987 2.3251143260663892e-06
4.788764219 2.915429909516857e-06
4.79011545 3.4606819760898533e-06
4.791466682 3.905013495898096e-06
4.7928179129999995 4.173449801620688e-06
4.7941691440000005 3.659494911830692e-06
4.795520376000001 1.7689723357778645e-06
4.796871607 1.6375589997477218e-06
4.798222839 2.3309308509989473e-06
4.799574069999999 4.139035049906013e-06
4.800925302 6.505988795888874e-06
4.802276533000001 7.68209374408251e-06
4.803627764 9.21796645447475e-06
4.804978996 1.10845271105644e-05
4.806330227 1.0343302565385316e-05
4.807681459 8.758187128745252e-06
4.80903269 6.309176341906813e-06
4.810383922 6.05409137384469e-06
4.811735153 6.326386204813167e-06
4.813086384999999 4.814038137660037e-06
4.814437616 5.783044286161938e-07
4.815788846999999 8.753185024406254e-09
4.817140079 6.543750448494193e-08
4.818491310000001 4.26208248380467e-06
4.819842542 7.562754032951437e-06
4.821193773 1.0752421025321242e-05
4.822545005 1.1661826758864864e-05
4.8238962359999995 1.1668850321385817e-05
4.825247468 1.2623126863347626e-05
4.826598699 1.1801393387009353e-05
4.82794993 1.1061665805109223e-05
4.829301162 1.0148604213463601e-05
4.830652393 1.0180353095215903e-05
4.8320036250000005 1.0062447589139005e-05
4.833354856 8.318279972760203e-06
4.834706088 8.123661054370345e-06
4.836057318999999 9.141141679388247e-06
4.83740855 1.0699666721023726e-05
4.838759782 1.2150998823050835e-05
4.840111013 1.0541699644867614e-05
4.841462245 1.0188829893393094e-05
4.842813476 1.1745736686404291e-05
4.844164708 1.6005753666625128e-05
4.845515939 2.226093727449756e-05
4.8468671709999995 1.992499821490996e-05
4.8482184020000005 1.822584289195109e-05
4.849569633 1.7259000889078404e-05
4.850920865 1.748189948820812e-05
4.852272096 1.7867758155962978e-05
4.853623327999999 1.4454493302189364e-05
4.854974559 1.3515612884293873e-05
4.856325791000001 1.5003197998921006e-05
4.857677022 1.6367555152950073e-05
4.859028253 1.773214411021525e-05
4.860379485 1.4062709081128737e-05
4.861730716 1.2475199809120997e-05
4.863081948 1.362419588606938e-05
4.864433179 1.4235331976368574e-05
4.865784411 1.4499997751586661e-05
4.867135642 1.0263612554460766e-05
4.868486874 9.619633438536725e-06
4.8698381049999995 1.1655965791860603e-05
4.8711893360000005 1.3139842157386403e-05
4.872540568000001 1.4072883095316647e-05
4.873891799 1.2746173705861479e-05
4.875243031 1.3879596687731907e-05
4.876594261999999 1.660707669096971e-05
4.8779454939999995 1.7707531795457427e-05
4.879296725000001 1.5988276750560182e-05
4.880647956 1.3303020274409311e-05
4.881999188 1.2202476436663253e-05
4.883350419 1.5298106797244203e-05
4.884701651 1.7686687328143422e-05
4.8860528819999995 1.6972583270168617e-05
4.887404114 1.666565980301104e-05
4.888755345 1.6501199174925627e-05
4.890106576999999 2.154391818615737e-05
4.891457808 2.6329435464785767e-05
4.892809038999999 2.691253545153885e-05
4.894160271 2.6606468575213115e-05
4.895511502000001 2.5656801955900917e-05
4.896862734 2.617703160228195e-05
4.898213965 2.5950362628241068e-05
4.899565197 2.086435357113617e-05
4.900916428 1.70092193449978e-05
4.902267660000001 1.3971194089120024e-05
4.903618891 1.3907323373444722e-05
4.904970122 1.4826405574721903e-05
4.906321354 1.331415196588438e-05
4.907672585 1.3758651315721548e-05
4.9090238170000005 1.477721144652875e-05
4.910375048 1.5771734486839447e-05
4.91172628 1.8639868980739585e-05
4.913077511 1.954081220216663e-05
4.914428742 1.8673402308888296e-05
4.915779974 2.019987337905373e-05
4.917131205 2.1971821965634727e-05
4.918482437 2.400014858402642e-05
4.919833668 2.3417898484326476e-05
4.9211849 2.1642671137298263e-05
4.922536131 2.172219220522756e-05
4.9238873629999995 2.2154573625519706e-05
4.9252385940000005 2.0432252327222004e-05
4.926589825 1.9211662175244317e-05
4.927941057 1.7955805317692005e-05
4.929292288 2.0547964084819625e-05
4.930643519999999 2.499197037692544e-05
4.931994751 2.5829385994509443e-05
4.933345983000001 2.601236405003841e-05
4.934697214 2.3996366974933387e-05
4.936048445 2.4231250202425885e-05
4.937399677 2.785031889237009e-05
4.938750908 2.7745270908676896e-05
4.94010214 2.7720748116647253e-05
4.941453371 2.5792896280826192e-05
4.942804603 2.4762878141053293e-05
4.944155834 2.5388823426693606e-05
4.945507066 2.4320901940909045e-05
4.9468582969999995 2.2154598102042135e-05
4.9482095280000005 2.0456973757449923e-05
4.949560760000001 1.9387101840340464e-05
4.950911991 2.136506544054618e-05
4.952263223 2.4137416847181294e-05
4.953614453999999 2.1649625669683325e-05
4.9549656859999995 2.0594454028892824e-05
4.9563169170000005 2.0807672784058606e-05
4.957668148 2.4318961697995002e-05
4.95901938 2.873261156591828e-05
4.960370611 2.797154423072582e-05
4.961721843 2.810101935476081e-05
4.9630730739999995 2.782406362787204e-05
4.964424306 2.6680455576475174e-05
4.965775537000001 2.6123851956328897e-05
4.967126769 2.0634639072346982e-05
4.968478 1.5107759301506804e-05
4.969829230999999 1.526485324702059e-05
4.971180463 1.6915600343460308e-05
4.972531694000001 2.0771737196046048e-05
4.973882926 2.1224690162136566e-05
4.975234157 1.896931683047313e-05
4.976585389 2.053424011535734e-05
4.97793662 2.3564727270216363e-05
4.979287852000001 2.7463948923439525e-05
4.980639083 3.0831136708169867e-05
4.981990314 2.8087195689104468e-05
4.983341545999999 2.6519339282081767e-05
4.984692777 2.5931642974442223e-05
4.986044009 2.546701642371831e-05
4.98739524 2.5180199322696436e-05
4.988746472 2.2759129722011145e-05
4.990097703 2.088079932020304e-05
4.991448934 2.1911690170884433e-05
4.992800166 2.258990110641137e-05
4.9941513969999995 2.208838824288086e-05
4.995502629 2.188891329575869e-05
4.99685386 2.195417459022514e-05
4.998205092 2.4965887691312942e-05
4.999556323 2.942489759335542e-05
5.0009075549999995 2.7743853868104276e-05
5.0022587860000005 2.5775245081538034e-05
5.003610017 2.3095778132060327e-05
5.004961249 2.3099540136915917e-05
5.006312479999999 2.6074214044649482e-05
5.007663711999999 2.686657562464087e-05
5.009014943 2.6461111248624248e-05
5.010366175 2.577045684572913e-05
5.011717406 2.5376993274962557e-05
5.013068637 2.720184456661082e-05
5.014419869 2.8704140609925506e-05
5.0157711 2.745766281111023e-05
5.017122332 2.7221043998848346e-05
5.018473563 2.826146153087744e-05
5.019824795000001 2.9194876662229838e-05
5.021176026 2.99718346549009e-05
5.022527258 2.4378616470658907e-05
5.0238784889999994 2.07916595833673e-05
5.0252297200000005 2.1234418143233353e-05
5.026580952000001 2.2844415583140617e-05
5.027932183 2.662534259356347e-05
5.029283415 3.046717513062938e-05
5.030634646 2.9520258200722466e-05
5.031985878 2.8070764987323322e-05
5.033337109 2.6596845659112273e-05
5.034688341 2.459993373987659e-05
5.036039572 2.2860404874542812e-05
5.037390803 2.2132855518628726e-05
5.038742035 2.2878469137978167e-05
5.0400932659999995 2.8630104893854042e-05
5.041444498 3.3238378416323283e-05
5.042795729000001 3.4694918361624326e-05
5.044146961 3.284637081407804e-05
5.045498192 2.933015191032083e-05
5.046849422999999 3.005481120532052e-05
5.048200655 3.196204769295538e-05
5.049551886000001 3.084951966167603e-05
5.050903118 2.932017601748887e-05
5.052254349 2.4974925732738487e-05
5.053605581 2.3100693824504e-05
5.054956812 2.5456123136932713e-05
5.056308044000001 2.7837565234273806e-05
5.057659275 2.9836010846556475e-05
5.059010506 3.079635269618868e-05
5.060361737999999 3.124911363890913e-05
5.061712969 3.2749933758026366e-05
5.063064201 3.445120762187423e-05
5.064415432 3.0949180422698e-05
5.065766664 2.8146712056945157e-05
5.067117895 2.6375707295521292e-05
5.068469126 2.640988784089194e-05
5.069820358 2.9751301448754068e-05
5.0711715889999995 3.0760255897850724e-05
5.072522821 2.9736848604871118e-05
5.073874052 2.8441655328213313e-05
5.075225284 2.7261944685667944e-05
5.076576515 2.7135393247600943e-05
5.0779277469999995 2.7265473931971163e-05
5.0792789780000005 2.258673120566017e-05
5.080630209 1.9429583190525345e-05
5.081981441 1.967265315545364e-05
5.083332671999999 2.132695576684847e-05
5.084683904 2.6299725063538178e-05
5.086035135 2.9252445905061495e-05
5.087386367 2.920523401350018e-05
5.088737598 2.8938467298534923e-05
5.090088829 2.855233794331839e-05
5.091440061 2.9166450256216607e-05
5.092791292 3.0260521356180363e-05
5.094142524 2.9899111566817402e-05
5.095493755000001 2.966044172496687e-05
5.096844987000001 3.14487962259917e-05
5.098196218 3.301339534437855e-05
5.09954745 3.325484972312044e-05
