Wavelength_microns Throughput
2.0004663860000003 2.8696462313831457e-10
2.002074478 2.5988347747241773e-10
2.00368257 2.3690987240045296e-10
2.005290662 2.1768663284821268e-10
2.006898754 2.0101247223308674e-10
2.008506846 1.8790524279538762e-10
2.010114938 1.7599280878654983e-10
2.01172303 1.6428789203472862e-10
2.013331122 1.548471277192757e-10
2.014939214 1.4667492347340423e-10
2.016547306 1.3774870822869297e-10
2.018155398 1.3147275416145747e-10
2.01976349 1.24615477738227e-10
2.021371582 1.1993486858582499e-10
2.022979674 1.15980818067241e-10
2.0245877660000002 1.1110449714585737e-10
2.026195858 1.0814675293530307e-10
2.027803949 1.0559736632906255e-10
2.029412041 1.0305752226730173e-10
2.031020133 1.0074942231952677e-10
2.032628225 9.807190187670515e-11
2.034236317 9.42232057705e-11
2.035844409 9.202182191925787e-11
2.037452501 9.024567769617848e-11
2.039060593 8.938909513906301e-11
2.040668685 8.99147461806419e-11
2.042276777 9.008526111853579e-11
2.0438848689999998 9.074800725915206e-11
2.045492961 9.210696978476057e-11
2.047101053 9.397627535148367e-11
2.0487091449999997 9.642177720906463e-11
2.0503172370000002 9.870242264283988e-11
2.0519253290000004 1.0088973904248812e-10
2.053533421 1.0453582450368947e-10
2.055141513 1.0795674538217018e-10
2.056749605 1.1293150532493501e-10
2.058357697 1.1834838580875806e-10
2.059965788 1.255147432488046e-10
2.06157388 1.3296589711815565e-10
2.0631819719999998 1.4087285606336754e-10
2.064790064 1.5018035395208464e-10
2.066398156 1.6102964892546804e-10
2.068006248 1.7328900127151313e-10
2.06961434 1.868046025193143e-10
2.071222432 2.0175466984113717e-10
2.072830524 2.2010903613199604e-10
2.074438616 2.3942670737793217e-10
2.076046708 2.638419972486165e-10
2.0776548 2.89357295446048e-10
2.079262892 3.1872273139462287e-10
2.080870984 3.524252481007571e-10
2.0824790760000003 3.8893941766333296e-10
2.084087168 4.340211846439294e-10
2.08569526 4.880968912078204e-10
2.0873033519999997 5.515980183296017e-10
2.088911444 6.314290808824356e-10
2.090519536 7.26859180457132e-10
2.092127627 8.385429154210245e-10
2.0937357189999997 9.730593276864956e-10
2.0953438110000002 1.1276694062105265e-09
2.0969519030000003 1.3002485516681196e-09
2.098559995 1.5167895483234746e-09
2.100168087 1.783291583868161e-09
2.101776179 2.081710138200748e-09
2.103384271 2.4366878637180195e-09
2.104992363 2.8443700222035594e-09
2.1066004549999997 3.283290632131339e-09
2.1082085470000003 3.765462288052976e-09
2.109816639 4.251722483177752e-09
2.111424731 4.707619759140408e-09
2.113032823 5.0610591970107765e-09
2.114640915 5.3128724559774735e-09
2.116249007 5.522002440614276e-09
2.1178570989999996 5.5944857742465246e-09
2.1194651909999997 5.686782782329044e-09
2.1210732830000003 5.704437493745499e-09
2.122681375 5.687188386586647e-09
2.124289466 5.609854742728025e-09
2.125897558 5.5268398255043985e-09
2.1275056500000002 5.435741238991679e-09
2.129113742 5.3304886689319174e-09
2.130721834 5.240673579311529e-09
2.1323299259999997 5.1250818452511735e-09
2.133938018 4.967196298151556e-09
2.1355461100000004 4.8256886957202086e-09
2.137154202 4.706456386352171e-09
2.138762294 4.5912491065000386e-09
2.140370386 4.438053355851769e-09
2.141978478 4.28360300397774e-09
2.14358657 4.093207755442171e-09
2.1451946619999998 3.9001282075405525e-09
2.146802754 3.7202084206508413e-09
2.1484108460000004 3.554473087797215e-09
2.150018938 3.391991794010555e-09
2.15162703 3.222590649268999e-09
2.153235122 3.0655294256813905e-09
2.154843214 2.88400013317631e-09
2.156451305 2.7250211358769545e-09
2.158059397 2.5546919493236105e-09
2.159667489 2.4048584661943318e-09
2.161275581 2.259987071791328e-09
2.1628836729999996 2.1152913582487837e-09
2.164491765 1.9640085624621642e-09
2.1660998570000003 1.7957838021244698e-09
2.167707949 1.6423250567189763e-09
2.169316041 1.489160633505951e-09
2.170924133 1.3504857730549816e-09
2.172532225 1.209892631196276e-09
2.174140317 1.0830838434419433e-09
2.1757484089999997 9.758286743075054e-10
2.177356501 8.837602801484327e-10
2.1789645930000003 8.205522042853629e-10
2.180572685 7.941620363952622e-10
2.182180777 7.677809566054073e-10
2.183788869 7.159460560632587e-10
2.185396961 6.747103405090143e-10
2.187005053 6.621739816277004e-10
2.1886131449999997 6.609033625606829e-10
2.1902212359999997 6.188192714290213e-10
2.191829328 5.435564794720568e-10
2.1934374200000004 4.858107033854792e-10
2.195045512 4.618891351289767e-10
2.196653604 4.5393773722363434e-10
2.198261696 5.078524202608837e-10
2.199869788 5.881145325574609e-10
2.20147788 6.249587837564028e-10
2.203085972 6.227506780228652e-10
2.204694064 6.522566860538887e-10
2.206302156 7.546039714614052e-10
2.207910248 8.830622026907301e-10
2.2095183400000002 8.99105752219499e-10
2.211126432 9.356951597129525e-10
2.212734524 1.0075324821038253e-09
2.2143426159999997 1.120204369873723e-09
2.215950708 1.252047959693587e-09
2.2175588 1.2946490535857022e-09
2.219166892 1.3569573315402173e-09
2.220774984 1.2791319096183754e-09
2.222383075 1.2269753985080704e-09
2.2239911670000003 1.3055654377576145e-09
2.225599259 1.549409970283276e-09
2.227207351 1.8473499656979543e-09
2.228815443 2.0172330695635596e-09
2.230423535 2.2338407171089046e-09
2.232031627 1.9044429090232e-09
2.2336397189999997 2.1072394512525294e-09
2.2352478110000003 2.060000546028365e-09
2.236855903 1.3954148506063823e-09
2.238463995 9.760603591883453e-10
2.240072087 9.82319921817572e-10
2.241680179 1.4988411893181162e-09
2.243288271 3.1147139484302684e-09
2.2448963629999996 3.9218937195481435e-09
2.2465044549999997 4.382976994068229e-09
2.2481125470000003 2.8949572492836505e-09
2.249720639 2.9159915431842858e-09
2.251328731 2.0599327684640167e-09
2.252936823 1.3604809620697115e-09
2.2545449140000002 2.0169652781253684e-09
2.256153006 3.5861642774579143e-09
2.257761098 6.585666268031253e-09
2.2593691899999997 6.019265212410977e-09
2.260977282 5.702744416454403e-09
2.262585374 2.412191968161565e-09
2.264193466 6.297694040893601e-10
2.265801558 1.606987596651271e-09
2.2674096500000003 3.3214624300594006e-10
2.269017742 6.84346488527059e-11
2.270625834 4.153448238040526e-11
2.2722339259999997 4.362210590625211e-11
2.273842018 4.562037091625467e-11
2.2754501100000004 1.7562272200777324e-10
2.277058202 1.55237729786478e-09
2.278666294 6.5474538203169634e-09
2.280274386 1.0964329035394159e-08
2.281882478 3.6842472034854617e-08
2.28349057 4.3483758300681215e-08
2.285098662 5.0908611018694865e-08
2.286706753 5.109785861662419e-08
2.288314845 5.151052802632676e-08
2.2899229369999996 5.699675894533564e-08
2.291531029 5.5145578274484865e-08
2.2931391210000003 5.345909723612584e-08
2.294747213 5.195297222147345e-08
2.296355305 5.496437202985326e-08
2.297963397 7.000406046407735e-08
2.299571489 4.9582032320366565e-08
2.301179581 4.591042466680515e-08
2.3027876729999996 4.2440028370978425e-08
2.304395765 3.556616509094229e-08
2.3060038570000003 3.004233017049292e-08
2.307611949 1.469451234223268e-08
2.309220041 6.483614501079495e-09
2.310828133 4.5630007542450035e-09
2.312436225 1.099148256964648e-08
2.314044317 2.689876742237933e-08
2.3156524089999997 8.919790260924938e-09
2.3172605010000003 1.5241397998765598e-09
2.318868592 6.497743515810406e-10
2.3204766840000004 1.0671038295531395e-09
2.322084776 1.9762457738622933e-09
2.323692868 5.571840639104445e-09
2.32530096 2.2949347553756383e-08
2.326909052 1.0237353900096838e-07
2.328517144 1.830140579818642e-07
2.3301252359999998 3.539647801295756e-07
2.331733328 6.140219740484809e-07
2.33334142 7.982780598707704e-07
2.334949512 1.0499367099618406e-06
2.3365576040000002 8.853116119646759e-07
2.338165696 6.306352340309944e-07
2.339773788 4.595329748988119e-07
2.3413818799999997 4.4137426312943155e-07
2.342989972 4.196801437795032e-07
2.344598064 3.251769309299231e-07
2.346206156 2.0336951991994674e-07
2.347814248 1.272738139503342e-07
2.3494223400000003 1.5764624182944863e-07
2.3510304310000003 2.2275733154046152e-07
2.352638523 1.9887467249409352e-07
2.354246615 4.315649133573451e-08
2.3558547069999998 2.0383270531904402e-07
2.357462799 3.393121354334142e-07
2.359070891 1.1088535206057042e-07
2.3606789829999997 3.761191813477309e-08
2.3622870750000002 1.3472282999506657e-08
2.363895167 5.988592798169279e-09
2.365503259 4.658236502352636e-09
2.367111351 2.2313028059390534e-08
2.368719443 1.929962784039445e-07
2.370327535 5.097696662667284e-07
2.371935627 3.621824497891375e-07
2.3735437189999997 2.56543142430061e-07
2.3751518110000003 6.068176858254426e-08
2.376759903 3.7999073114908465e-08
2.378367995 1.3339798322859006e-07
2.379976087 2.3127766880176658e-07
2.381584179 4.0282877296885953e-07
2.383192271 4.985287125872241e-07
2.384800362 3.427605976113472e-07
2.3864084539999997 2.3598286271086357e-07
2.388016546 1.618076158215396e-07
2.389624638 1.1071494355841211e-07
2.39123273 7.611494786868864e-08
2.392840822 1.7876896889582214e-07
2.3944489140000003 4.888502426158494e-07
2.396057006 1.165947313036661e-06
2.397665098 1.2664879349663686e-06
2.3992731899999997 1.5267926147023841e-06
2.400881282 2.281944707767097e-06
2.4024893740000004 2.6853706849472155e-06
2.404097466 3.1645816709382367e-06
2.405705558 2.3450987731944393e-06
2.40731365 1.396261016472499e-06
2.408921742 8.820897034717369e-07
2.410529834 1.42149226189375e-07
2.4121379259999998 2.0370133920919343e-08
2.413746018 4.6987202904166855e-09
2.41535411 4.703285542771151e-09
2.416962201 4.707851904266477e-09
2.418570293 4.7124193781432205e-09
2.4201783850000003 4.717069925418753e-09
2.421786477 4.7266832982259795e-09
2.423394569 1.040175577389073e-08
2.425002661 9.168005747628326e-08
2.426610753 9.227491591669434e-07
2.428218845 1.354310312245338e-06
2.4298269369999996 9.07792472237531e-07
2.431435029 6.943786260108425e-07
2.4330431210000003 1.2596370066130774e-07
2.434651213 1.794699497878383e-08
2.436259305 4.966373022045466e-09
2.4378673969999998 4.784903085052984e-09
2.439475489 4.791018447426494e-09
2.441083581 5.4707295805985594e-09
2.4426916729999997 3.1370346077788416e-08
2.4442997650000002 2.341279069164442e-07
2.4459078570000004 1.102043695667384e-06
2.447515949 1.0036167933223052e-06
2.44912404 1.0305909778281288e-06
2.450732132 1.0146589944812224e-06
2.452340224 9.67696349906958e-07
2.453948316 1.0172648578268089e-06
2.455556408 1.1897980485550968e-06
2.4571644999999998 1.5773701421026155e-06
2.458772592 2.4844440345123e-06
2.460380684 3.2516401365001126e-06
2.461988776 2.7383233515587836e-06
2.463596868 2.31035937282618e-06
2.46520496 1.5836057363100268e-06
2.466813052 1.1513732402473798e-06
2.468421144 1.1711794485821015e-06
2.470029236 1.5435795521120073e-06
2.471637328 1.9135503330573385e-06
2.47324542 2.41946839232288e-06
2.474853512 2.9334552095254548e-06
2.4764616040000003 3.554544718754574e-06
2.478069696 4.38249510206768e-06
2.479677788 4.408694336497836e-06
2.481285879 4.3950073540019935e-06
2.4828939709999998 4.482366427767144e-06
2.484502063 3.883789814091068e-06
2.486110155 3.3744340424788128e-06
2.4877182469999997 2.979580735164428e-06
2.489326339 2.43149557321701e-06
2.4909344310000003 2.2514386766532173e-06
2.492542523 2.142805825320144e-06
2.494150615 2.233722907964256e-06
2.495758707 2.3721135494296363e-06
2.497366799 2.558324438107398e-06
2.498974891 2.8571799990086447e-06
2.499778162 2.1485998223711e-06
2.5011293930000003 3.4773300616049846e-06
2.502480624 4.925123175611829e-06
2.5038318559999997 4.964204303683279e-06
2.505183087 9.097799380921265e-06
2.506534319 5.788228335594417e-06
2.50788555 5.064441583536019e-07
2.509236782 1.4051326904511233e-06
2.510588013 1.658795657966864e-06
2.511939244 1.881995680042996e-06
2.5132904760000003 2.206566884596967e-06
2.514641707 1.302269930940924e-06
2.515992939 2.8485690033247495e-06
2.51734417 9.005553529510006e-07
2.5186954019999996 6.54745333158551e-06
2.5200466329999998 6.50193830310025e-06
2.521397865 7.088886880148665e-06
2.522749096 1.6257685882874637e-06
2.524100327 2.787456956632759e-06
2.525451559 3.71430422531584e-06
2.52680279 1.5715344661320683e-06
2.5281540220000003 6.09793569118335e-08
2.529505253 1.9456635954018583e-06
2.5308564849999997 1.979248372296345e-06
2.532207716 6.833028821977593e-07
2.533558948 2.7183212464484947e-06
2.534910179 2.4522309498849825e-06
2.5362614100000003 1.7841492010057588e-06
2.537612642 2.3740388284970693e-06
2.538963873 1.1557774789393518e-06
2.5403151050000004 1.1407537162754231e-06
2.5416663359999996 4.825737174594774e-09
2.5430175680000002 9.58436117608075e-07
2.544368799 2.3344397597047055e-06
2.54572003 3.3295902634008365e-06
2.547071262 8.760124739344473e-06
2.548422493 4.930978035537516e-06
2.549773725 2.673247424551826e-06
2.551124956 3.0923315129519214e-06
2.552476188 2.6406111830931724e-07
2.553827419 4.65350436405046e-06
2.5551786510000003 2.1061128779536325e-06
2.556529882 9.438354126765702e-07
2.557881113 1.3271624503105175e-06
2.559232345 2.429394196225463e-06
2.560583576 3.76203954529037e-06
2.561934808 2.1740877479219447e-06
2.5632860390000003 8.305314775702381e-07
2.564637271 3.290414479145601e-06
2.565988502 7.303469999480453e-06
2.567339733 3.3974196617412787e-06
2.5686909649999996 3.629961635872582e-06
2.5700421959999997 6.921247365661944e-06
2.571393428 5.746711046985247e-06
2.572744659 1.2922374567550452e-06
2.574095891 2.1129654780302897e-06
2.575447122 5.373765146577321e-06
2.576798354 7.165740474316432e-06
2.5781495850000002 1.8024414659681558e-06
2.5795008160000004 1.5474424599314952e-06
2.580852048 1.408658718457323e-06
2.582203279 1.3177942971624424e-06
2.583554511 1.2917525614600505e-06
2.584905742 2.0097545454529123e-06
2.586256974 4.344591697411635e-06
2.587608205 5.053129856544207e-06
2.588959437 1.2809892501515542e-06
2.590310668 1.2149232341082205e-06
2.591661899 2.9316499805950907e-06
2.593013131 4.730625880773038e-06
2.594364362 2.366733915259911e-06
2.5957155939999996 3.4028164829783305e-08
2.5970668249999997 5.892794560195343e-06
2.598418057 3.6091825691582002e-06
2.599769288 1.0895948465803174e-06
2.601120519 6.762199015720674e-07
2.602471751 3.507240490981112e-06
2.603822982 2.273432970974848e-06
2.6051742140000003 8.325382045812736e-09
2.6065254450000004 3.326121744324292e-06
2.607876677 7.246098437000987e-07
2.609227908 2.2338611136816788e-06
2.61057914 5.397348497833366e-09
2.611930371 3.109149797899562e-07
2.613281602 2.215782659091467e-06
2.614632834 2.287409755454972e-06
2.615984065 2.98154784434994e-08
2.617335297 1.8321846551228774e-08
2.618686528 3.7538860580719383e-06
2.62003776 4.333444766289714e-06
2.621388991 4.371352123834753e-06
2.622740222 4.939851481354412e-06
2.6240914539999998 1.5870716272811627e-06
2.625442685 9.259944742482541e-07
2.626793917 3.6070691079398788e-06
2.628145148 1.208434327810321e-06
2.62949638 2.1317903189467667e-06
2.630847611 2.1197068506919453e-06
2.6321988430000003 2.492269641198565e-06
2.6335500740000004 2.395832650614433e-06
2.634901305 4.1365276553136677e-07
2.636252537 2.5742998932904662e-06
2.637603768 3.992403311533953e-06
2.6389549999999997 2.5378449915026043e-06
2.640306231 3.952594943145876e-06
2.641657463 2.5834025980301883e-06
2.643008694 4.156312962408954e-06
2.6443599250000003 5.233369758788489e-06
2.645711157 4.856331024057788e-06
2.6470623879999997 5.324683216179862e-06
2.64841362 4.039029195092313e-06
2.649764851 4.950357681430476e-06
2.651116083 4.920435114518086e-06
2.652467314 5.7230789845640345e-06
2.653818546 8.262020289269767e-06
2.6551697770000002 6.7773020541673326e-06
2.6565210080000004 2.4217627626928938e-06
2.65787224 2.8186076995564334e-06
2.659223471 5.5608482396753745e-06
2.6605747030000004 3.2060992999236257e-06
2.6619259339999997 1.6125846508763113e-06
2.663277166 6.1075449813701525e-06
2.664628397 5.446049610847164e-06
2.6659796289999997 6.074804799608562e-07
2.66733086 2.113965781332736e-08
2.668682091 6.512168808167418e-09
2.670033323 1.1005109012870393e-06
2.6713845540000003 6.40802926152721e-06
2.672735786 7.123199363478401e-06
2.6740870169999997 4.429538614872132e-06
2.675438249 6.385823760414843e-06
2.67678948 7.173731148898152e-06
2.678140711 7.0024123653053655e-06
2.679491943 5.606482413703302e-06
2.680843174 2.095733538560593e-06
2.6821944060000003 1.2705947870827638e-06
2.6835456370000004 9.832673345775095e-07
2.684896869 1.1160434408861546e-08
2.6862481 2.4273848742412034e-08
2.6875993319999996 2.5885688869505904e-06
2.6889505629999997 3.797956762494168e-06
2.690301794 2.435518273739753e-06
2.691653026 3.845995906301552e-06
2.693004257 4.779439898432164e-06
2.694355489 7.506780745648556e-07
2.69570672 1.6046511983411655e-06
2.697057952 2.1092843677959344e-06
2.6984091830000003 2.978331246424021e-06
2.699760414 1.6715769163457495e-06
2.7011116459999998 5.110494919877948e-06
2.702462877 4.897463941530558e-06
2.703814109 5.342593086974461e-06
2.70516534 7.438681907256755e-06
2.706516572 7.04369104690382e-06
2.707867803 3.894754628296379e-06
2.7092190350000003 3.989636057622548e-06
2.7105702660000004 4.359143144540753e-06
2.7119214969999996 2.3209037735179485e-06
2.713272729 1.892637457497789e-06
2.71462396 6.401026961726034e-07
2.7159751919999997 1.1129848148921914e-08
2.717326423 1.919659918240804e-06
2.718677655 2.0312931960660044e-06
2.720028886 3.296957460359952e-06
2.7213801170000003 1.6937110220216645e-06
2.722731349 1.561755212291808e-07
2.7240825799999997 1.4490052173256767e-06
2.7254338120000003 1.964475666329122e-06
2.726785043 4.276458686465881e-06
2.7281362749999998 3.780899780075066e-06
2.729487506 1.6708130333648153e-06
2.730838738 1.5971715535450676e-06
2.732189969 1.380767647707851e-06
2.7335412000000003 1.3483221873811343e-06
2.734892432 2.047008511376993e-08
2.736243663 4.860256531983226e-09
2.737594895 2.3310372301337727e-06
2.7389461259999996 3.5210144481094783e-06
2.740297358 2.9898442503189794e-06
2.741648589 1.8878759174755994e-06
2.7429998209999997 3.336826318850909e-07
2.744351052 6.561661190189533e-07
2.745702283 4.877217811766294e-09
2.747053515 4.8795932679210515e-09
2.7484047460000003 7.966878471987577e-09
2.749755978 6.047095249649828e-09
2.7511072089999997 2.0512076844745988e-06
2.7524584410000004 3.7624013294121428e-06
2.753809672 3.4522915785463063e-06
2.755160903 3.320158098613833e-06
2.756512135 2.5092917022241156e-06
2.757863366 2.1333009253280324e-06
2.7592145980000002 2.13221867596641e-06
2.760565829 7.122998320197611e-06
2.761917061 6.424935715510629e-06
2.7632682920000002 6.810236686295714e-06
2.764619524 8.222936760600164e-06
2.7659707549999997 1.0115941403145206e-06
2.767321986 4.811135440685003e-09
2.768673218 6.025250676882456e-07
2.770024449 1.924090526085495e-06
2.771375681 1.3563102771950433e-06
2.772726912 1.4626364366812608e-06
2.774078144 1.3136489101627163e-06
2.7754293750000003 5.0733659255402405e-09
2.776780606 4.0802535043696127e-07
2.7781318379999997 2.3365208758465764e-06
2.779483069 2.359225215138171e-06
2.780834301 3.260521917659233e-06
2.782185532 1.8032584808225223e-06
2.783536764 1.4117189310255598e-06
2.784887995 1.8168517673322215e-06
2.786239227 1.160574022890174e-06
2.787590458 2.49161469707304e-06
2.788941689 2.3496046347515596e-06
2.7902929210000003 1.681170902047473e-08
2.791644152 1.0237261659642127e-06
2.7929953839999997 6.08652177487072e-07
2.794346615 6.42842266327451e-07
2.795697847 2.3624758374701263e-06
2.797049078 1.7544536142653203e-06
2.7984003090000003 1.3486899271839765e-06
2.799751541 3.124420996277912e-06
2.801102772 5.082745279694891e-06
2.8024540040000003 4.6706705455470607e-07
2.803805235 4.843047186124977e-09
2.8051564669999998 3.467097157862321e-07
2.806507698 1.25108870123314e-06
2.80785893 1.8906262412810514e-06
2.8092101609999998 1.5266934194533652e-06
2.810561392 1.3461083784285832e-06
2.811912624 2.0391371790355825e-07
2.813263855 4.840479074102964e-09
2.814615087 4.837553100133142e-09
2.8159663179999996 9.400255937686786e-07
2.8173175500000003 1.680261024254547e-06
2.818668781 1.3660177483551206e-06
2.8200200129999997 2.7696857226847656e-06
2.821371244 1.998980529772175e-06
2.822722475 1.366415526968604e-06
2.824073707 1.1107312923568628e-06
2.8254249380000003 4.830135695229782e-09
2.82677617 4.828380728528831e-09
2.828127401 4.826480466565015e-09
2.8294786330000004 4.410425407110475e-07
2.830829864 1.0740813968139784e-06
2.8321810949999997 2.4809636713483156e-07
2.833532327 1.778064810444084e-06
2.834883558 3.478294204960653e-06
2.83623479 1.5616176108017228e-06
2.837586021 9.883413486273516e-07
2.838937253 1.1428419816394283e-07
2.8402884840000002 4.17738631992022e-06
2.841639716 2.021598718981212e-06
2.8429909469999997 1.7126728281466007e-07
2.8443421779999998 1.3305206848198632e-06
2.84569341 4.7883148999954214e-09
2.847044641 4.7854160651324e-09
2.848395873 3.0154520164498454e-06
2.849747104 4.495734887825971e-06
2.851098336 5.924594534321229e-07
2.8524495670000003 4.768509092643676e-09
2.8538007980000004 1.2948177494943107e-07
2.85515203 4.75696031614535e-09
2.856503261 4.751387444097455e-09
2.8578544929999996 2.3499887929160336e-07
2.8592057239999997 6.379217672930001e-08
2.860556956 1.3102917280322315e-06
2.861908187 8.586953889888248e-07
2.863259419 3.0487500316292744e-08
2.86461065 1.0850272832156291e-08
2.865961881 2.1820444644916674e-06
2.8673131130000002 1.0831279820102249e-06
2.868664344 9.046790981895302e-09
2.8700155759999997 4.713251250440957e-09
2.871366807 2.4618801926226334e-07
2.872718039 2.6568685819553335e-06
2.87406927 5.476167867299131e-08
2.8754205010000002 4.705207197957667e-09
2.876771733 2.7035670472129854e-08
2.878122964 6.429096202584028e-07
2.8794741960000003 1.0611465464770648e-06
2.8808254270000004 1.2241776301371278e-08
2.882176659 4.696033548147523e-09
2.88352789 4.6941525185884295e-09
2.8848791219999996 1.995319642795293e-08
2.8862303529999997 4.684681387368243e-09
2.887581584 5.63784111980508e-07
2.888932816 9.23604720668751e-07
2.890284047 4.678683306549833e-09
2.891635279 4.526880083266463e-07
2.89298651 1.8075284035342362e-06
2.8943377420000003 3.409687747901861e-06
2.895688973 3.6165323200668834e-06
2.8970402049999997 3.630477305755002e-06
2.898391436 2.990308841682325e-06
2.899742667 2.1582598965861455e-06
2.901093899 1.9724080865978785e-06
2.9024451300000003 3.961077709974841e-08
2.903796362 8.821174299934768e-09
2.905147593 3.677344272916979e-06
2.9064988250000003 2.6478904333864266e-06
2.907850056 5.006099355723592e-07
2.9092012869999997 1.4956848055083745e-06
2.910552519 1.965845063599869e-06
2.91190375 1.993091447529408e-06
2.9132549819999998 3.305401681527446e-06
2.914606213 4.485875075280387e-06
2.915957445 3.18865214378228e-06
2.917308676 2.977398861181069e-06
2.918659908 2.1050789107276868e-06
2.920011139 2.7999452332036692e-06
2.9213623699999998 4.612471461019565e-06
2.922713602 2.5607044593703762e-06
2.924064833 1.6231252842358491e-06
2.925416065 1.4778105027632386e-06
2.926767296 2.717546682781612e-06
2.928118528 2.3189802323373576e-06
2.9294697590000003 3.510336285504054e-06
2.93082099 6.359525098576951e-06
2.932172222 3.0579466719951705e-06
2.933523453 1.5098824099563842e-06
2.934874685 1.6571222161819392e-06
2.9362259159999997 1.8051919463908704e-06
2.937577148 4.05855417537788e-06
2.938928379 1.17312491952947e-08
2.940279611 4.4937428596583506e-09
2.941630842 9.518123479925007e-08
2.942982073 4.4793861757527155e-09
2.9443333050000002 5.076388890496705e-07
2.9456845360000004 4.4663850346878107e-07
2.947035768 2.855487411356673e-08
2.948386999 6.6920153370852584e-09
2.949738231 1.2079482365739048e-06
2.951089462 7.0545293135647056e-09
2.952440694 4.603833398623242e-09
2.953791925 1.3979054655338266e-06
2.955143156 4.564031052363421e-07
2.956494388 4.418669346542957e-09
2.957845619 3.7428773242754753e-07
2.959196851 4.4157191436179817e-07
2.960548082 4.3984947337310775e-09
2.9618993139999996 4.392160139626618e-09
2.9632505449999997 4.386052397178018e-09
2.964601776 4.380150903912507e-09
2.965953008 4.3744404431111826e-09
2.967304239 4.3689505802712304e-09
2.968655471 4.36364669197059e-09
2.970006702 3.3481382510168658e-09
2.9713579340000003 1.7268553289686708e-06
2.9727091650000004 6.178967531685108e-09
2.974060397 9.916012955978673e-07
2.975411628 7.31121798722797e-07
2.976762859 1.3171830689847896e-07
2.978114091 2.7743217056753755e-06
2.979465322 3.716647364138948e-06
2.980816554 2.262229106602124e-06
2.982167785 6.66215713352704e-07
2.983519017 2.4920219384068356e-06
2.984870248 7.171502485416822e-06
2.9862214789999997 4.659824527174458e-06
2.987572711 2.411137356473659e-06
2.988923942 2.978501675711446e-06
2.9902751739999998 5.59263271591451e-06
2.991626405 5.11207404915213e-06
2.992977637 4.459540941345473e-06
2.994328868 5.934189827321828e-06
2.9956801 7.207182821552179e-06
2.997031331 4.280413219542032e-06
2.9983825619999998 4.697170616693882e-06
2.9997337940000004 1.6144530751297855e-06
3.001085025 2.1999100030689e-06
3.002436257 6.144313439689955e-06
3.003787488 6.083129294080423e-06
3.0051387199999997 3.257043832128845e-06
3.006489951 8.293491960883946e-07
3.007841182 6.898945887348317e-08
3.009192414 2.924951684731955e-06
3.0105436450000003 3.826820153830288e-06
3.011894877 2.0100455468660844e-07
3.0132461079999997 2.067565330635451e-06
3.01459734 3.249642552046401e-06
3.015948571 1.839430573716182e-06
3.017299803 1.4294206451232681e-06
3.018651034 1.6085962232189033e-06
3.020002265 9.92532821289732e-07
3.021353497 2.4079335751099925e-06
3.0227047280000003 1.3932318172997113e-06
3.02405596 1.5721483517459937e-06
3.0254071909999998 4.427816589535128e-07
3.0267584230000004 3.882447717623196e-06
3.0281096539999997 5.2979448305586774e-06
3.029460886 3.910967426960684e-06
3.030812117 2.55787729439822e-06
3.032163348 3.7493907080197352e-06
3.03351458 3.1580404180435e-06
3.034865811 1.6105387959692669e-06
3.036217043 2.468016719174628e-06
3.0375682740000003 5.423919881873393e-06
3.038919506 6.333014592878108e-06
3.0402707369999997 7.286785553900084e-06
3.041621968 2.8119810804166596e-06
3.0429732 1.9053640765672623e-06
3.044324431 4.523439871380597e-06
3.045675663 8.206422458093562e-07
3.047026894 1.5645791143754673e-06
3.0483781260000002 5.2067375449091496e-06
3.0497293570000004 6.966023178635706e-06
3.051080589 3.558296105845019e-06
3.05243182 4.139123977807661e-09
3.053783051 9.701189058499862e-07
3.0551342829999997 3.882130184652166e-06
3.056485514 4.823271397727357e-06
3.057836746 5.782616061887567e-06
3.059187977 1.4294434787289445e-06
3.060539209 2.3922792424761937e-06
3.06189044 4.249171408065709e-06
3.063241671 2.3967438703179715e-06
3.0645929030000003 3.01049066943582e-06
3.065944134 2.518105194117862e-06
3.0672953659999997 3.4263908474989874e-06
3.068646597 5.255056575207978e-06
3.069997829 7.063205017014162e-06
3.07134906 5.268248583810416e-06
3.072700292 2.7510235987040045e-06
3.074051523 3.6856222542944214e-06
3.075402754 3.5076245903208096e-06
3.0767539860000004 5.4961521781549706e-06
3.0781052169999996 5.4850122510675065e-06
3.079456449 5.850035134757648e-06
3.08080768 8.040644917850324e-06
3.0821589119999997 1.0379481958964881e-05
3.083510143 1.0575413412242444e-05
3.084861374 1.0187804452065802e-05
3.086212606 1.1180271819583924e-05
3.0875638370000003 9.386367625955793e-06
3.088915069 6.551199204504056e-06
3.0902662999999997 4.1079480476069105e-06
3.0916175320000003 4.531450605879328e-06
3.092968763 4.621835181519452e-06
3.0943199949999998 2.882459783809582e-06
3.095671226 4.087494407986612e-06
3.097022457 5.888906608288073e-06
3.098373689 5.605067687699976e-06
3.0997249200000003 5.469147513763478e-06
3.101076152 3.663849524743678e-06
3.102427383 1.794696259005444e-06
3.103778615 2.0248331262561395e-07
3.1051298459999996 1.1991089814050095e-07
3.106481078 2.8727046513818468e-06
3.107832309 4.158576683921547e-06
3.10918354 5.990189463109865e-06
3.110534772 5.610807019003223e-06
3.111886003 6.478253001917737e-06
3.113237235 5.117657947912408e-06
3.1145884660000003 5.814193526451161e-06
3.115939698 5.450736244293751e-06
3.1172909289999997 5.68463205212911e-06
3.11864216 7.760113628222559e-06
3.119993392 4.8074695970205675e-06
3.121344623 3.728431923538872e-06
3.122695855 5.6394929690872785e-06
3.124047086 5.727105965602223e-06
3.1253983180000002 2.2450622930777223e-06
3.126749549 2.1750724776992466e-06
3.128100781 4.3722326228e-06
3.1294520120000002 3.85042736826185e-06
3.130803243 1.1540679280226512e-06
3.1321544749999997 1.7382659953879012e-06
3.133505706 3.6999572191200856e-06
3.134856938 4.614312549382439e-06
3.136208169 4.254090299506042e-06
3.137559401 4.464386808298857e-06
3.138910632 5.580102759338879e-06
3.140261863 8.367653910713734e-06
3.1416130950000003 6.602476774507256e-06
3.142964326 5.035151320411328e-06
3.1443155579999997 5.251055830665813e-06
3.145666789 3.893876121567099e-06
3.147018021 2.62802483637374e-06
3.148369252 6.037420958104752e-06
3.149720484 8.832934795759127e-06
3.151071715 8.100977890435415e-06
3.152422946 5.805340173617252e-06
3.153774178 6.038826151221123e-06
3.155125409 4.000155460609922e-06
3.1564766410000002 5.660563287376417e-06
3.157827872 4.945546745180298e-06
3.1591791039999997 5.374658283930208e-06
3.160530335 6.26791494491905e-06
3.161881566 9.312467801238139e-06
3.163232798 9.132821022898012e-06
3.1645840290000002 1.026317178196055e-05
3.165935261 1.0030951959414365e-05
3.167286492 5.626563935557543e-06
3.1686377240000003 5.407803315608859e-06
3.169988955 6.325075228281481e-06
3.1713401869999998 5.800831709701705e-06
3.172691418 5.657246579223344e-06
3.174042649 4.6319180906541905e-06
3.1753938809999998 5.251547449678301e-06
3.176745112 5.175092301281459e-06
3.178096344 6.832477288593001e-06
3.179447575 7.999129937987532e-06
3.180798807 6.475094480826699e-06
3.182150038 5.312515124754712e-06
3.1835012700000003 5.822635461236638e-06
3.184852501 7.210859862713415e-06
3.186203732 5.332466156017787e-06
3.187554964 3.1792786112847685e-06
3.188906195 5.761111083306538e-06
3.190257427 7.4401836942841955e-06
3.1916086580000003 5.310326916719012e-06
3.19295989 1.905793223914685e-06
3.194311121 5.335482676572953e-07
3.195662352 1.3800588752487108e-06
3.197013584 1.6011150884390994e-06
3.1983648149999997 7.756144005018077e-07
3.199716047 1.4369505002997895e-06
3.201067278 3.0022635309462642e-06
3.2024185099999998 3.283014071364153e-06
3.203769741 3.291799787673211e-06
3.205120973 3.3004300664353857e-06
3.206472204 1.4457091647201114e-06
3.207823435 2.005641908253406e-08
3.209174667 4.670930197748416e-09
3.2105258979999998 1.4949675332098759e-06
3.21187713 1.1902911337240482e-06
3.213228361 4.705793221594536e-09
3.214579593 4.179394652593709e-07
3.215930824 1.1716303377241812e-06
3.217282055 8.717407438332402e-07
3.2186332870000003 3.721682901772195e-07
3.2199845180000004 1.0289105612584144e-06
3.22133575 2.2488182408788688e-07
3.222686981 4.738794343691874e-09
3.2240382129999996 8.858994146150729e-08
3.2253894439999997 4.7541001751649895e-09
3.226740676 4.761699058538327e-09
3.228091907 6.132482644379423e-07
3.229443138 2.8703777549580676e-06
3.23079437 1.0112986876453018e-06
3.232145601 6.221197714615744e-09
3.2334968330000002 8.257842563351551e-09
3.234848064 5.502390755000264e-07
3.2361992959999997 9.221703096817333e-07
3.237550527 9.90292044323625e-07
3.238901759 1.3886061911968124e-06
3.24025299 1.9137512553154995e-06
3.2416042210000002 4.344062450287753e-06
3.242955453 6.193557943851905e-06
3.244306684 4.138311991701171e-06
3.2456579160000003 1.8575912734347018e-06
3.2470091470000004 1.1808938055469597e-06
3.248360379 5.055378173518804e-08
3.24971161 6.545839397952333e-09
3.251062841 9.661072118642091e-09
3.2524140729999997 2.709348627784702e-07
3.253765304 1.494324927155415e-06
3.255116536 1.6685314551547386e-06
3.256467767 1.9079515437432793e-06
3.257818999 2.734401040361511e-06
3.25917023 2.7190970314544186e-06
3.2605214620000003 2.2388264302316385e-06
3.261872693 3.954118888365981e-07
3.263223924 1.964900571737854e-08
3.264575156 1.2674220810545526e-07
3.265926387 7.313408564241944e-07
3.267277619 1.983131165300704e-06
3.2686288500000003 2.92531556419505e-06
3.269980082 1.6606830629678012e-06
3.271331313 4.921923046546771e-09
3.272682544 6.161947319505321e-08
3.274033776 1.61993638638294e-07
3.2753850069999997 4.930558502043069e-09
3.276736239 4.933525727178341e-09
3.27808747 4.936543120468523e-09
3.2794387019999998 4.939619973626563e-09
3.280789933 4.942765088677596e-09
3.282141165 1.7118094921491324e-08
3.283492396 4.426770203318857e-07
3.2848436270000003 4.9076154814941924e-08
3.286194859 4.956045277485973e-09
3.2875460899999998 4.959546888311881e-09
3.288897322 7.165230341868096e-08
3.290248553 4.972637259612658e-09
3.291599785 4.976384621925315e-09
3.292951016 5.779441278850611e-08
3.294302247 4.984130724548449e-09
3.2956534790000003 4.988135054604952e-09
3.29700471 4.992222443409657e-09
3.298355942 4.996410799799071e-09
3.299707173 5.000683861314792e-09
3.301058405 8.26802464793861e-08
3.3024096359999997 6.130148336294359e-07
3.303760868 8.883688424940786e-08
3.305112099 7.419257185753901e-09
3.30646333 5.0161856837229985e-09
3.307814562 5.019488793863819e-09
3.309165793 5.022882601275099e-09
3.3105170250000002 5.026104500598403e-09
3.3118682560000003 5.0341263400466874e-09
3.313219488 1.896655111875133e-08
3.3145707189999998 8.555979189597938e-08
3.315921951 5.3617379814208025e-09
3.317273182 5.047270500616197e-09
3.318624413 5.0505561453598435e-09
3.319975645 5.053909712695753e-09
3.321326876 5.056829033319278e-09
3.322678108 5.059801705312837e-09
3.324029339 5.062834509742919e-09
3.325380571 5.0659337526441325e-09
3.326731802 1.8356137378783952e-07
3.328083033 1.0000346320862448e-07
3.3294342649999997 5.0755456228590446e-09
3.330785496 5.075086803523222e-09
3.332136728 5.071958391309335e-09
3.333487959 5.068862702021499e-09
3.334839191 5.070792187098717e-09
3.336190422 5.068700021098881e-09
3.3375416540000002 5.0656675651622665e-09
3.3388928850000004 5.062647831470113e-09
3.340244116 6.659170128473233e-08
3.341595348 1.504898047765658e-06
3.342946579 1.1894421122145715e-06
3.344297811 2.8037943026182835e-08
3.345649042 4.991371479367684e-09
3.347000274 4.974858953790079e-09
3.348351505 4.958316637067081e-09
3.3497027360000002 4.941742458186488e-09
3.351053968 4.907474448202494e-09
3.3524051989999997 4.868162739409417e-09
3.353756431 4.828785273888572e-09
3.355107662 1.101083083590814e-08
3.3564588939999997 7.458079485435436e-09
3.357810125 4.7102235424365365e-09
3.359161357 4.6705528161745795e-09
3.360512588 4.647809912524999e-09
3.3618638190000003 1.6343520884310676e-07
3.363215051 1.5672320961336292e-06
3.3645662819999997 2.0218745740878373e-06
3.3659175140000004 2.017932736776264e-06
3.367268745 7.234374769765524e-07
3.368619977 6.537464760347218e-09
3.369971208 1.904409265162712e-07
3.371322439 9.206184775057894e-07
3.372673671 1.026661606206935e-06
3.374024902 1.877323724428364e-06
3.375376134 2.1647749338641604e-06
3.3767273650000003 1.8036391671262666e-07
3.378078597 4.956704904331136e-09
3.3794298279999997 5.000707734036671e-09
3.38078106 2.870517993202858e-07
3.382132291 3.443792239094704e-06
3.383483522 3.966781775879627e-06
3.384834754 3.949264601932346e-06
3.386185985 2.09548572755842e-06
3.387537217 1.3973188850402857e-06
3.3888884480000003 1.8622508384064222e-06
3.39023968 1.9568834758964308e-06
3.3915909109999998 4.572150494778237e-08
3.3929421430000004 8.39355685993203e-07
3.3942933739999996 1.9058862205462742e-06
3.3956446049999998 1.6300410082103747e-07
3.396995837 1.1033181854646976e-06
3.398347068 2.538778738317346e-06
3.3996983 5.085537976409094e-09
3.401049531 1.1182499290978386e-07
3.402400763 5.075843390627267e-09
3.4037519940000003 5.070867675109484e-09
3.405103225 5.065860176931255e-09
3.4064544569999997 5.604753520349653e-09
3.407805688 5.270408613471191e-07
3.40915692 4.368764667451987e-08
3.410508151 5.052281321994829e-09
3.411859383 5.049276247258516e-09
3.413210614 5.046254898097726e-09
3.4145618460000002 5.0432204324581355e-09
3.4159130770000004 5.045346621828544e-09
3.4172643079999996 5.042782750534572e-09
3.41861554 5.039720910673349e-09
3.419966771 5.036655851819032e-09
3.4213180029999997 5.037709090156886e-09
3.422669234 1.5192542061632263e-08
3.424020466 2.775539784392873e-07
3.425371697 9.095809494504657e-09
3.4267229280000002 5.04237969792762e-09
3.42807416 5.043567579439267e-09
3.429425391 5.044768489076969e-09
3.4307766230000003 4.7878593786420074e-09
3.432127854 5.047363296047904e-07
3.4334790859999997 1.185567806740721e-06
3.434830317 5.042759322461938e-09
3.436181549 5.0420933215887305e-09
3.43753278 4.125588331699904e-08
3.4388840110000003 6.728164028027397e-07
3.440235243 5.8093536060793394e-09
3.441586474 5.0370310609782764e-09
3.4429377060000004 5.034252242509647e-09
3.4442889369999996 5.0373960498276565e-09
3.445640169 5.034659287731385e-09
3.4469914 5.031943020832609e-09
3.448342631 1.2025830373882867e-07
3.449693863 1.2539581370975819e-06
3.451045094 1.037301306985048e-07
3.452396326 5.032159156174455e-09
3.4537475570000002 5.032493478193656e-09
3.455098789 5.032848809499541e-09
3.45645002 1.9192129676322643e-06
3.4578012520000003 1.3808469685186763e-06
3.459152483 1.669394455760461e-06
3.460503714 1.7503058749058817e-06
3.461854946 1.7308055640552489e-06
3.463206177 1.4848519876519788e-06
3.464557409 5.790985393216885e-07
3.4659086400000003 5.0550327251648154e-09
3.467259872 5.059812887572937e-09
3.468611103 3.345116469845355e-08
3.469962335 5.893926996950671e-07
3.4713135659999996 9.015290776050417e-07
3.4726647969999997 2.119128203150991e-06
3.474016029 1.7142523440131374e-07
3.47536726 3.8011462614526404e-08
3.476718492 2.6105219877814556e-07
3.478069723 8.839258787047621e-08
3.479420955 1.3794065924054794e-06
3.4807721860000003 1.4605662543533047e-06
3.482123417 1.3838033627304477e-06
3.483474649 7.945793872947402e-07
3.48482588 2.178297512876232e-08
3.486177112 5.112837276653922e-09
3.487528343 7.344085323167101e-08
3.488879575 5.356467028634053e-07
3.490230806 5.127464894981346e-09
3.491582038 5.133755078775761e-09
3.492933269 5.140028122386308e-09
3.4942845 5.146279252072695e-09
3.495635732 5.152509480805872e-09
3.496986963 5.15871836900833e-09
3.4983381949999997 6.584181656331057e-07
3.4996894259999998 1.1251807187367168e-07
3.501040658 5.17656209480165e-09
3.502391889 5.181848072116628e-09
3.50374312 5.187106307345632e-09
3.505094352 5.192334388666018e-09
3.506445583 5.197528665934096e-09
3.5077968150000003 5.207541460867793e-09
3.509148046 5.2139124374339145e-09
3.5104992779999997 5.222202733093533e-09
3.511850509 5.230937094095255e-09
3.513201741 5.236709755447285e-09
3.514552972 5.242446991164829e-09
3.515904203 5.248151573566832e-09
3.517255435 1.8605535328916657e-06
3.518606666 2.6950361720664226e-06
3.519957898 4.169661508193224e-07
3.521309129 1.4529142015804848e-07
3.5226603610000002 1.3142708879099726e-06
3.524011592 1.5913654983892327e-06
3.5253628239999997 1.0222314351452964e-06
3.526714055 3.7990611317266846e-07
3.528065286 5.561867066423321e-09
3.529416518 6.248237907334849e-09
3.5307677490000002 2.1737437320271788e-07
3.532118981 2.424971477497778e-06
3.533470212 1.6613112693990948e-06
3.5348214440000003 1.1370093018020373e-06
3.536172675 2.227798077365379e-06
3.537523906 5.622992591822258e-06
3.538875138 8.048451590915929e-06
3.540226369 9.33295647028112e-06
3.5415776009999997 9.22342311600615e-06
3.542928832 8.724003103902043e-06
3.544280064 8.491494988214356e-06
3.545631295 7.449075911527482e-06
3.546982527 7.819883738131014e-06
3.548333758 8.886140533512566e-06
3.5496849889999997 1.1754829094704703e-05
3.551036221 1.2720521818302073e-05
3.552387452 9.519073100016991e-06
3.553738684 1.0236384373861275e-05
3.555089915 9.906135066287645e-06
3.556441147 1.2925465121223784e-05
3.5577923780000003 1.336421426869522e-05
3.5591436090000004 1.1809855346086963e-05
3.560494841 1.0934410875230273e-05
3.561846072 1.117780106104612e-05
3.563197304 1.1459803139737626e-05
3.5645485349999997 1.2993749864457138e-05
3.565899767 1.4568507244936204e-05
3.567250998 1.3460215494813527e-05
3.5686022299999998 9.982011368729536e-06
3.569953461 6.305474337473744e-06
3.571304692 6.6341006621137334e-06
3.572655924 7.83535446820661e-06
3.574007155 8.408435233002124e-06
3.575358387 9.42890193753132e-06
3.5767096179999998 1.0206350802980774e-05
3.57806085 1.06052731183638e-05
3.579412081 9.458274458869587e-06
3.580763312 1.0079293266193374e-05
3.582114544 1.4931800613147394e-05
3.583465775 1.5351261066997677e-05
3.5848170070000003 1.3677304512811384e-05
3.5861682380000004 1.305537290593098e-05
3.58751947 1.4423494686696575e-05
3.588870701 1.5477324149599128e-05
3.5902219329999996 1.578607861005436e-05
3.5915731639999997 1.508078531590679e-05
3.592924395 1.588131127769202e-05
3.594275627 1.8669362863974335e-05
3.595626858 2.040557212375346e-05
3.59697809 2.2496938428824282e-05
3.598329321 2.4417722789562055e-05
3.5996805530000002 2.5280455505630263e-05
3.601031784 2.627211008588438e-05
3.602383016 2.595083266712634e-05
3.603734247 2.5947729463977406e-05
3.605085478 2.6908674897869833e-05
3.60643671 2.4900848028854715e-05
3.607787941 2.3563057043975447e-05
3.609139173 2.652184670732558e-05
3.610490404 3.007522292981352e-05
3.6118416360000003 3.1490917515024025e-05
3.6131928670000004 3.145340830550539e-05
3.6145440979999997 3.306760548632732e-05
3.61589533 3.6062951243779765e-05
3.617246561 3.743669484075017e-05
3.6185977929999997 3.8150388492713475e-05
3.619949024 3.857913917170689e-05
3.621300256 3.9396456106858554e-05
3.622651487 4.3513462918658926e-05
3.624002719 4.895237972481895e-05
3.62535395 5.233482566403639e-05
3.6267051809999997 5.492959518516707e-05
3.628056413 5.678871467711289e-05
3.629407644 5.6441852202312906e-05
3.630758876 5.386877615573064e-05
3.632110107 5.311444504348099e-05
3.633461339 5.773431589684598e-05
3.6348125700000002 6.297852749614136e-05
3.6361638010000004 6.455578348646055e-05
3.637515033 6.457287870511872e-05
3.638866264 6.417881175694462e-05
3.640217496 6.417708152079227e-05
3.6415687269999997 6.507869424615338e-05
3.642919959 6.552889036642147e-05
3.64427119 6.621883861775142e-05
3.6456224219999998 6.79284076060574e-05
3.646973653 6.94101198667789e-05
3.648324884 6.934723006902671e-05
3.649676116 6.733692580134812e-05
3.6510273470000003 6.609751780490025e-05
3.652378579 6.68648260093421e-05
3.6537298099999997 6.646758943576064e-05
3.655081042 6.718803341060188e-05
3.656432273 7.084540520544647e-05
3.657783504 7.327096668346477e-05
3.659134736 7.416330347728974e-05
3.660485967 7.697533485120127e-05
3.6618371990000003 8.216856032227686e-05
3.66318843 8.76067190763937e-05
3.664539662 9.043560629800522e-05
3.665890893 9.107460367014141e-05
3.667242125 9.264137603771686e-05
3.6685933559999997 9.545255838628704e-05
3.669944587 9.724735118651204e-05
3.671295819 9.841210690407951e-05
3.67264705 0.0001026120288570676
3.673998282 0.00011072856856102632
3.675349513 0.00011833114219145708
3.676700745 0.00012355458031565762
3.6780519760000003 0.00012961934217706658
3.679403208 0.00013692256413139098
3.6807544389999998 0.00014361297416130188
3.68210567 0.00014978035312158958
3.683456902 0.00015607769045570833
3.684808133 0.00016267306585943038
3.686159365 0.00016818590462093594
3.687510596 0.0001732406695209559
3.688861828 0.0001830894804556949
3.690213059 0.00019810772402397512
3.6915642899999996 0.0002113628841048357
3.692915522 0.0002200184156142328
3.694266753 0.0002289497689429784
3.6956179849999997 0.00024126591458839707
3.696969216 0.00025458761776953824
3.698320448 0.0002664639856141043
3.699671679 0.00028012264846907965
3.701022911 0.00029773985992243647
3.702374142 0.0003178772163891007
3.703725373 0.000340080293803356
3.7050766050000004 0.000363804898848182
3.706427836 0.0003889820948539035
3.707779068 0.0004162344246426679
3.709130299 0.00044276555587516043
3.710481531 0.0004677422454462358
3.711832762 0.0004951394280353609
3.713183993 0.000525163259144152
3.714535225 0.0005560662001701889
3.7158864560000002 0.0005889165824709509
3.717237688 0.0006233856299648694
3.7185889189999997 0.0006591395676933318
3.719940151 0.0006975710269000936
3.721291382 0.0007385324755532815
3.7226426139999997 0.0007823201552631721
3.723993845 0.0008294753088794038
3.725345076 0.0008796850431367814
3.726696308 0.0009353911855186988
3.7280475390000003 0.0009979455145558442
3.729398771 0.0010638592358179712
3.730750002 0.001130520834786523
3.7321012340000004 0.0011984518327505611
3.733452465 0.0012704246002239843
3.7348036959999997 0.0013493507163420532
3.736154928 0.0014354076935480854
3.737506159 0.001524150615366474
3.738857391 0.00161951102215977
3.740208622 0.0017204411960996342
3.741559854 0.0018253037210696796
3.7429110850000002 0.0019350024174939646
3.744262317 0.0020535029161216915
3.7456135479999997 0.002179382102042026
3.746964779 0.0023125170735869955
3.748316011 0.0024548266184796397
3.749667242 0.0026085307179036137
3.751018474 0.002773289355565899
3.752369705 0.0029469773202641324
3.753720937 0.003130743651589163
3.7550721680000003 0.0033260921958259354
3.7564234 0.0035321869158406313
3.757774631 0.003751296501510888
3.759125862 0.003986441873545996
3.7604770939999996 0.004236450625913199
3.7618283249999998 0.004500771626982027
3.763179557 0.00478097025027445
3.764530788 0.005078072755813379
3.76588202 0.005393680592008883
3.767233251 0.005728877882114009
3.768584482 0.006084304079351778
3.7699357140000003 0.006462875478062073
3.771286945 0.006866354967532099
3.7726381769999997 0.007294554586048417
3.773989408 0.007750527167783386
3.77534064 0.008237878432450914
3.776691871 0.00876301475615274
3.778043103 0.009316266283446718
3.779394334 0.009902084976798778
3.780745565 0.010527473891051598
3.7820967970000003 0.01119424959061898
3.7834480279999996 0.011905283992625826
3.7847992599999998 0.01266471965086687
3.786150491 0.01347503269930815
3.7875017229999997 0.014337262714916282
3.7888529539999998 0.015254810857141641
3.790204185 0.016233702562248587
3.791555417 0.017274224169809303
3.792906648 0.01838193012449704
3.79425788 0.01956645191932939
3.795609111 0.0208379485602757
3.7969603430000003 0.02219646615317376
3.798311574 0.023644753666644782
3.7996628059999997 0.02519511171629318
3.801014037 0.026860426765423464
3.802365268 0.02864017678966094
3.8037165 0.030540670381139615
3.8050677310000003 0.032571772407517664
3.806418963 0.03474593463569993
3.807770194 0.03707543166245056
3.8091214260000004 0.03956476229630091
3.8104726569999996 0.04222029396181342
3.811823889 0.04505513445111577
3.81317512 0.04808268711183296
3.814526351 0.051314356666387416
3.815877583 0.05476797661387068
3.817228814 0.05846978952151689
3.818580046 0.062454022788393765
3.8199312770000002 0.06664494968610782
3.821282509 0.07111309527703913
3.82263374 0.07587163448799496
3.823984971 0.08093651154270712
3.825336203 0.08631860764370972
3.826687434 0.09202560360485358
3.828038666 0.09807265867076054
3.829389897 0.10446979718539492
3.830741129 0.11121763089099716
3.8320923600000003 0.11833097498216938
3.833443592 0.12582030759764848
3.834794823 0.1336785544195583
3.836146054 0.14191588709103015
3.8374972859999996 0.15052510923106732
3.8388485169999997 0.1596425148562908
3.840199749 0.169011252473957
3.84155098 0.17869445273356563
3.842902212 0.18868410141199998
3.844253443 0.19897477519502138
3.845604674 0.20953858895550276
3.8469559060000003 0.22032888316430901
3.848307137 0.23131813748018315
3.849658369 0.24247193172093096
3.8510096 0.25373602858307714
3.852360832 0.2650752854721137
3.853712063 0.2764511944556
3.855063295 0.287794563984009
3.856414526 0.29905794840127675
3.857765757 0.31048263989962305
3.859116989 0.3215392001446996
3.86046822 0.332278457020051
3.861819452 0.34275276829386525
3.863170683 0.3528681738219187
3.8645219149999996 0.3626395562786381
3.8658731459999998 0.37206317403986244
3.867224377 0.3810712605310179
3.868575609 0.3896548387405508
3.86992684 0.3978218714017649
3.871278072 0.4055313930349382
3.872629303 0.4127897605079997
3.8739805350000003 0.4196168421009729
3.875331766 0.4259975340525148
3.876682998 0.4319252707246104
3.878034229 0.4374427493827667
3.87938546 0.44254882258727996
3.880736692 0.44723529123814154
3.882087923 0.451578081671616
3.883439155 0.4555427268107546
3.884790386 0.45914549272844646
3.886141618 0.46245623567015737
3.887492849 0.4654676353759746
3.8888440810000002 0.4681784084900589
3.890195312 0.4706416970165974
3.891546543 0.47286875963766073
3.892897775 0.4748633158777616
3.894249006 0.47666213287154413
3.895600238 0.4782914112460952
3.8969514690000002 0.47973085717188824
3.898302701 0.4815693207837791
3.899653932 0.48274399914996735
3.9010051629999998 0.48374617785066554
3.902356395 0.48463378786989464
3.903707626 0.4854475478284963
3.905058858 0.4861442180027126
3.906410089 0.4867586527523587
3.9077613209999997 0.48732199046201546
3.909112552 0.48781618965672907
3.910463784 0.4882454385171927
3.911815015 0.4886458010500686
3.913166246 0.4890012783034113
3.914517478 0.4895754357778646
3.9158687089999997 0.49012503552031167
3.917219941 0.49038551486194065
3.918571172 0.49058626127376803
3.919922404 0.49079333542103976
3.921273635 0.4909872164604876
3.922624866 0.49114208705655427
3.9239760980000002 0.4912919394215759
3.9253273290000004 0.4914429006734303
3.926678561 0.49156975798414454
3.928029792 0.4916856539172195
3.929381024 0.49182019065129434
3.9307322549999997 0.49192397200417703
3.932083487 0.4920034077393437
3.933434718 0.4921163479375162
3.934785949 0.49220289713003323
3.936137181 0.49227515220639834
3.937488412 0.49263469123207226
3.938839644 0.4929929549136666
3.940190875 0.4930556552877687
3.941542107 0.49319294049503265
3.9428933379999997 0.49333863317768795
3.944244569 0.49344807667980384
3.945595801 0.49356999854031736
3.946947032 0.4937096204768312
3.948298264 0.493810883055466
3.949649495 0.4939251926503499
3.9510007270000003 0.49399062479847433
3.9523519580000004 0.4940164571046479
3.95370319 0.49403277591679245
3.955054421 0.4940615336061077
3.956405652 0.494079186757145
3.9577568839999997 0.4940678344517702
3.959108115 0.49409418373596514
3.960459347 0.4941154089474948
3.961810578 0.4941143294211128
3.96316181 0.49413032553891234
3.964513041 0.49414098334128903
3.965864273 0.49413072529620766
3.967215504 0.4941226195964602
3.968566735 0.4941314267559053
3.9699179669999998 0.4946169403945526
3.971269198 0.4946475735230125
3.97262043 0.49466989120857197
3.973971661 0.4946612086129537
3.975322893 0.49464574642268827
3.976674124 0.49464898578758326
3.978025355 0.4952150695743839
3.9793765870000004 0.49519444036970384
3.9807278179999996 0.4951798424168551
3.98207905 0.4951744723583849
3.983430281 0.495124238822702
3.9847815129999997 0.49508887492652187
3.986132744 0.49506719781756425
3.987483976 0.4950230974044318
3.988835207 0.4949832292599244
3.9901864380000003 0.49495508038764535
3.99153767 0.4949139511604693
3.9928889009999997 0.4948463151160722
3.994240133 0.4948110213194738
3.995591364 0.49477202474404763
3.996942596 0.4947012582300444
3.998293827 0.49464882194982446
3.999645058 0.4945931416287473
4.00099629 0.49450777111026
4.002347521 0.4944111288896547
4.003698753 0.49433528987394315
4.005049984 0.4942411970783568
4.006401216 0.49413646877930045
4.007752447 0.4940602226672831
4.009103679 0.4939624350880674
4.01045491 0.493870944320229
4.011806141 0.49383259588896267
4.013157373 0.49379859664348896
4.014508604 0.4937295819665005
4.015859836 0.4936566612872533
4.017211067 0.49360303204217437
4.018562299 0.4938350474603827
4.01991353 0.4939993121322897
4.021264761 0.4944185282563316
4.022615993 0.4942800964069027
4.023967224 0.4941206322084427
4.025318456 0.49398389664180525
4.026669687 0.4938611103141672
4.028020919 0.4937037983817323
4.02937215 0.49356672218868497
4.030723382 0.4934366505045945
4.032074613 0.49329008279928355
4.033425844 0.49313092816833415
4.034777076 0.49300073732831207
4.036128307 0.4928666945222281
4.037479539 0.49271831082351797
4.03883077 0.4926080609270587
4.040182002 0.49251455194885085
4.041533233 0.4924723945451317
4.042884465 0.4924381979317571
4.044235696 0.4924355975955751
4.0455869269999996 0.4924161802567228
4.046938159 0.4923983953073971
4.04828939 0.4924138552572296
4.049640622 0.49242652298894973
4.050991853 0.4923871139240339
4.052343085 0.4923502751019354
4.053694316 0.4923416877864714
4.055045547 0.4923058597464046
4.056396779 0.4922959324828563
4.05774801 0.49231732835341313
4.059099241999999 0.4923342561697588
4.0604504729999995 0.49260726401083765
4.061801705 0.49296031754502134
4.063152936 0.49301310714067215
4.064504168 0.49302635664218475
4.065855399 0.4930733042882582
4.06720663 0.49313370979690613
4.0685578620000005 0.4931787553216244
4.069909093000001 0.4932147430809126
4.071260325 0.49333777175506294
4.072611556 0.4937966013861704
4.073962788 0.49410519163164784
4.075314019 0.4942279583814897
4.07666525 0.4943499837280036
4.078016482 0.4944533933698067
4.079367713 0.49454448887686286
4.080718945 0.49462020693145065
4.082070176 0.49461874858021854
4.083421408 0.4945891462485973
4.084772639 0.4945699877915279
4.086123871 0.4945404536592974
4.087475102 0.4944812279219764
4.088826333 0.49440842792043005
4.090177565 0.4943512912769344
4.091528796 0.49424597934971143
4.092880028 0.49412775755239036
4.094231259 0.49401152288613065
4.095582491 0.49388653462561904
4.096933722 0.49372123143301005
4.098284953 0.4935524851883402
4.0996361850000005 0.49337444553658805
4.100987416 0.4931022698936253
4.102338648 0.49279644695810226
4.103689878999999 0.4928860255118676
4.105041110999999 0.49275329066852525
4.106392342 0.492399365901214
4.107743574 0.49206430781085586
4.109094805 0.49172464432383617
4.110446036 0.4913845782318353
4.111797268 0.4910729084337491
4.113148499 0.49078468457481816
4.1144997309999995 0.49047800662588953
4.115850962000001 0.4901445358848045
4.117202194000001 0.48983239151874663
4.118553425 0.48982950201380027
4.119904657 0.489756491653727
4.121255887999999 0.4894344998645991
4.122607119 0.4891556685579974
4.123958351000001 0.4888699587902023
4.125309582 0.48859187531006226
4.126660814 0.48834012425757545
4.128012045 0.4881205975187368
4.129363277 0.4878911401050446
4.130714508 0.4876574575057455
4.132065739 0.4874378381398579
4.133416971 0.48722828450445205
4.134768202 0.48701986982170026
4.136119434 0.48683563381761374
4.1374706649999995 0.4866933543168306
4.138821897 0.4865474944971579
4.140173128000001 0.4864504053685065
4.14152436 0.4864981200496919
4.142875591 0.48657043394834
4.144226821999999 0.48663988205408376
4.145578054 0.4867718548050699
4.146929285000001 0.48693430293546114
4.148280517 0.4876662596515647
4.149631748 0.48785736607139923
4.15098298 0.48804894982538866
4.152334211 0.4882331527260011
4.153685442 0.48841172003265937
4.155036674 0.48862322922373946
4.156387905 0.488859171323445
4.157739136999999 0.48909206077151673
4.159090368 0.4893206364717733
4.1604416 0.4898330755105649
4.161792831 0.49040917861503974
4.163144063 0.4906753797213614
4.164495294 0.4909461008415521
4.165846525 0.49125057769815983
4.167197757 0.49151767391414547
4.1685489879999995 0.49176988808834665
4.169900220000001 0.49202411072493474
4.171251451 0.49227745005473844
4.172602683 0.4924827134785825
4.173953914 0.49267594845282825
4.1753051459999995 0.4928617052166418
4.1766563770000005 0.493009986348281
4.178007608 0.49311625891644545
4.17935884 0.493218375535419
4.180710071 0.4933104427903741
4.182061303 0.49334772150862727
4.183412534 0.4933593212270954
4.184763766 0.4933580668206227
4.186114997 0.4933336371178399
4.187466228 0.4932378537148549
4.18881746 0.4931319490650104
4.190168691 0.4929973212509343
4.1915199229999995 0.4928144458158607
4.1928711540000005 0.4925792381124827
4.194222386000001 0.49291084122674084
4.195573617 0.49264578813621435
4.196924849 0.4923433438878771
4.198276079999999 0.49201696821018676
4.199627311 0.4917035284867321
4.200978543 0.4913432915105231
4.202329774 0.49095999829349857
4.203681006 0.4909473303586316
4.205032237 0.49074615442363184
4.206383469 0.49033672479840507
4.2077347 0.4899158247662885
4.209085931 0.4895075183472541
4.210437163 0.4890975959375516
4.211788394 0.4886734121838216
4.213139626 0.4882608066514346
4.2144908569999995 0.4878740028337768
4.215842089 0.48747120753246836
4.217193320000001 0.48706064803557303
4.218544552 0.4866708153720933
4.219895783 0.4863092471843573
4.221247013999999 0.4859083621047306
4.2225982459999996 0.4855110198809799
4.223949477 0.48512977550063036
4.225300709 0.48475266293437935
4.22665194 0.4843191997118
4.228003171999999 0.48387675856902423
4.229354403 0.48341387209157355
4.2307056339999995 0.4829171195211368
4.232056866 0.48235761698471075
4.233408097000001 0.4817837430951924
4.234759329 0.48115240917796165
4.23611056 0.48044361110997447
4.237461792 0.4796441379475739
4.238813023 0.47878573643486544
4.240164255 0.47782625517474053
4.241515486 0.47674862719108435
4.242866717 0.4760300173616247
4.244217949 0.4747972916724361
4.24556918 0.47328234678101433
4.246920412000001 0.4715835539965662
4.248271643 0.47022452309776386
4.249622875 0.4681762486559055
4.250974105999999 0.46579572690528875
4.2523253379999995 0.46319374192948476
4.2536765690000005 0.4603745832877361
4.2550278 0.4573290930172042
4.256379032 0.45393982135751737
4.257730263 0.4502474456933785
4.259081495 0.4462989089203408
4.260432726 0.4418099496576677
4.261783958 0.4364384492358057
4.263135189 0.4306988224461433
4.26448642 0.42470357346954507
4.265837652 0.4184413639143365
4.267188883 0.41190702674467194
4.2685401149999995 0.4050317120191018
4.2698913460000005 0.39790221588410374
4.271242578000001 0.3902067512705608
4.272593809 0.3822872404220446
4.273945041 0.3741553580376146
4.275296271999999 0.36580228634530476
4.276647503 0.3573158867181229
4.277998735 0.34872545840300023
4.279349966 0.3400461710120427
4.280701198 0.3325214249325666
4.282052429 0.32608767949241296
4.283403661 0.3195185204573725
4.284754892 0.3128461507901433
4.286106123 0.30595310250617935
4.287457355 0.29897780858751966
4.288808586 0.291953061733352
4.290159818 0.2847503349413545
4.2915110489999995 0.2763629207868513
4.292862281 0.2680349117186984
4.294213512000001 0.2601586650779569
4.295564744 0.25225959736197917
4.296915975 0.2441829715968385
4.298267206 0.2362062785681033
4.299618438 0.2283691594134048
4.300969669 0.2206496245222182
4.302320901 0.21302933248894163
4.303672132 0.2055443168202842
4.305023363999999 0.19822663314968464
4.306374595 0.1910733311029263
4.3077258259999995 0.18405919478373356
4.309077058 0.17719795097997865
4.310428289000001 0.17050978470170872
4.311779521 0.16398822525500445
4.313130752 0.15761181628440285
4.314481984 0.1513843963040311
4.315833215 0.14532788117935577
4.317184447 0.13943719871208482
4.318535678 0.13369442871084783
4.319886909 0.12809235512026063
4.321238141 0.12265428358820729
4.322589372 0.1173749281891981
4.323940604000001 0.11224343974988223
4.325291835 0.10725503609199415
4.326643067 0.10242375056191368
4.327994297999999 0.09774626909307425
4.329345529999999 0.09321079975014955
4.3306967610000004 0.08881012225292707
4.332047992 0.08455914594579511
4.333399224 0.0804567916293886
4.334750455 0.07649383049359536
4.336101687 0.0726667816246984
4.337452918 0.06898513400048961
4.33880415 0.06544650055106101
4.340155381 0.06204211801500614
4.341506612 0.05877078734095871
4.342857844 0.05563570737682825
4.344209075 0.05263361137093344
4.3455603069999995 0.04978631558117123
4.3469115380000005 0.047059207195475204
4.34826277 0.04443831624141548
4.349614001 0.04194229988419006
4.350965233 0.039562515722688804
4.352316464 0.03734213093292734
4.353667695 0.035191378161199875
4.355018927 0.03315053466861882
4.356370158 0.03121245331179191
4.35772139 0.02937752295664173
4.359072621 0.027641991270094205
4.360423853 0.026001463581791166
4.361775084 0.024455439452782928
4.363126315000001 0.023000264577932267
4.364477547000001 0.02162911859594993
4.365828778 0.020334759883915123
4.36718001 0.019113900239457086
4.3685312409999995 0.017966059203294586
4.369882473 0.01688743936116205
4.371233704 0.0158744346057254
4.372584936 0.014924313226922099
4.373936167 0.014031954205686734
4.375287398 0.013193875671463604
4.37663863 0.012408934239480238
4.377989861 0.011675914452853226
4.379341093 0.01098781876733615
4.380692324 0.010340234384284056
4.382043555999999 0.009729321225869104
4.383394787 0.009159406358926678
4.3847460179999995 0.008627058606067608
4.38609725 0.008129626585926296
4.387448481000001 0.0076613716601472565
4.388799713 0.007222563455510735
4.390150944 0.006811575258478276
4.391502176 0.006427093916854427
4.392853407 0.0060654342823940055
4.394204639 0.005725761275027337
4.39555587 0.005407034099523453
4.396907101 0.005107236848756751
4.398258332999999 0.0048253002019409495
4.399609564 0.00456091286990827
4.400960796000001 0.004314894366663922
4.402312027 0.00408445870067057
4.403663259 0.0038686065942120647
4.405014489999999 0.0036667629010553415
4.406365721999999 0.0034841436966866193
4.407716953 0.00330579903569166
4.409068184 0.0031356207504049695
4.410419416 0.0029732189866561944
4.411770647 0.0028247264140300976
4.413121879 0.0026868032941588563
4.41447311 0.002560013642839496
4.415824342 0.0024382297930740024
4.417175573000001 0.0023233075034733786
4.418526804 0.00221376140176732
4.419878036 0.002108846941668175
4.421229266999999 0.002009813935561496
4.4225804989999995 0.0019160028079621932
4.4239317300000005 0.0018266097582389422
4.425282962 0.0017401027752997165
4.426634193 0.0016597220620541524
4.427985425 0.0015847177923145807
4.429336656 0.0015147847906196597
4.430687887 0.0014468404876183426
4.432039119 0.0013831209230359468
4.43339035 0.001323202963989763
4.434741582 0.0012667645069466059
4.436092813 0.00121101630762456
4.437444045 0.0011587411823040423
4.438795276 0.0011109058958509409
4.440146507000001 0.0010690299939616764
4.441497739000001 0.0010271604108564188
4.44284897 0.000985347692456483
4.444200202 0.0009431968609949615
4.445551432999999 0.0009031150634365719
4.446902665 0.0008656873855298242
4.448253896 0.0008313648116344135
4.449605128 0.0008023701308004895
4.450956359 0.0007748925921973087
4.45230759 0.0007483738406644041
4.453658822 0.0007211185256196074
4.455010053 0.000694526643464021
4.456361285 0.000668068282944177
4.457712516 0.0006408089387212473
4.459063747999999 0.0006135881179445958
4.460414979 0.000588639943094783
4.4617662110000005 0.0005662983010728105
4.463117442 0.0005460679030261831
4.464468673000001 0.0005271773658873794
4.465819905 0.0005096867459179085
4.467171136 0.0004943445935296537
4.468522368 0.0004785078831834969
4.469873599 0.00046246593431698767
4.471224831000001 0.0004461327890434261
4.472576062 0.00043085470554374365
4.473927293 0.0004157831474828345
4.475278524999999 0.00040082868816222235
4.476629756 0.0003866377196372534
4.4779809880000006 0.0003737517921826456
4.479332219 0.00036188471688917696
4.480683451 0.0003511789904165893
4.482034682 0.0003411056843215441
4.483385914 0.00033116459260507596
4.484737145 0.00032123760014063043
4.486088376 0.00031147222723521727
4.487439608 0.0003023553408252172
4.488790839 0.0002940024429128104
4.490142071 0.000283669047657026
4.491493302 0.0002731931993878142
4.492844534 0.0002632161817463001
4.494195765000001 0.0002566423500125626
4.495546996 0.0002508193908159449
4.496898228 0.0002451368160190349
4.498249458999999 0.000238839834187002
4.4996006909999995 0.00023363320453092281
4.5009519220000005 0.00022855611718293557
4.502303154 0.00022320979282857312
4.503654385 0.000215864529335605
4.505005617 0.00020802108286092235
4.506356848 0.00019986463285133732
4.507708079 0.00019200823688688958
4.509059311 0.00018530805493996273
4.510410542 0.000179541143739123
4.511761774 0.00017449749088750916
4.513113005 0.00016939164124925426
4.514464237 0.00016449522006632165
4.5158154679999996 0.00016024382466078073
4.517166699000001 0.00015462591202681898
4.518517931 0.0001482642822460397
4.519869162 0.0001410836979768917
4.521220394 0.000136772946228893
4.522571624999999 0.00013323656401709007
4.523922857 0.00013001893296650603
4.525274088 0.0001255563999408824
4.52662532 0.00012166202989928058
4.527976551 0.00011848357417017156
4.529327782 0.00011263126009222852
4.530679014 0.00010646073261143584
4.532030245 0.00010058819441390723
4.533381477 0.00010025339979178925
4.534732708 9.939331529580592e-05
4.53608394 9.766407054709024e-05
4.537435171 9.238524469295386e-05
4.5387864030000005 8.937414015606129e-05
4.540137634 8.750135180540186e-05
4.541488865 8.581842817555837e-05
4.542840097 8.231719834341556e-05
4.544191328 7.911941636793446e-05
4.5455425599999995 7.840742883209532e-05
4.5468937910000005 7.839894198221003e-05
4.548245023000001 7.78375529550993e-05
4.549596254 7.550523614834712e-05
4.550947485 7.351816369660843e-05
4.552298716999999 7.158078849768128e-05
4.553649948 6.963764240045375e-05
4.5550011800000005 6.716496310704408e-05
4.556352411 6.447889067222537e-05
4.557703643 6.157974983038405e-05
4.559054874 5.732592976218442e-05
4.560406106 5.4091553806545396e-05
4.561757337 5.2159043441606344e-05
4.563108568 5.1668034050189366e-05
4.5644598 4.972460198550314e-05
4.565811031 4.612183081290541e-05
4.567162263 4.3170436318339594e-05
4.568513493999999 4.1806980637986056e-05
4.569864726 4.1963672102256436e-05
4.571215957000001 4.0792567611032325e-05
4.572567188 4.01298929683808e-05
4.57391842 3.9928076208138854e-05
4.575269650999999 4.01632203830283e-05
4.5766208829999995 3.874449705344101e-05
4.5779721140000005 3.599668481890844e-05
4.579323346 3.368264655194949e-05
4.580674577 3.2202358107989986e-05
4.582025809 3.134093004607122e-05
4.58337704 2.738156209333987e-05
4.584728271 2.4664879624615588e-05
4.586079503 2.2668569683810952e-05
4.587430734 2.0617977237731616e-05
4.588781966 1.9558159556128758e-05
4.590133197 1.9392741809375066e-05
4.591484429 1.9864869673145986e-05
4.5928356599999995 1.969305905168762e-05
4.5941868910000005 2.0408668997903334e-05
4.595538123 1.790437044448577e-05
4.596889354 1.716945579073975e-05
4.598240586 1.6508702369402702e-05
4.599591817 1.4728456466342176e-05
4.6009430490000005 1.3491463409396106e-05
4.60229428 1.2752441278552113e-05
4.603645512 1.2952699854798164e-05
4.604996743 1.2520289535484415e-05
4.606347974 1.1403963724443183e-05
4.607699206 1.150603776868533e-05
4.609050437 1.2801716404709827e-05
4.610401669 1.616936504909464e-05
4.611752900000001 1.9000116878655257e-05
4.613104132 2.1362175144721497e-05
4.614455363 2.266568607329296e-05
4.6158065950000005 2.219211154490548e-05
4.617157826 2.0495449332180685e-05
4.618509057 1.7444027503528166e-05
4.619860289 1.536343788065546e-05
4.62121152 1.436733221831954e-05
4.622562751999999 1.5607037166260183e-05
4.6239139830000004 1.712420607565396e-05
4.625265215000001 1.8438672928643556e-05
4.626616446 1.834807173325497e-05
4.627967677 1.6142180894024626e-05
4.629318908999999 1.3071602973713891e-05
4.63067014 9.431397362225772e-06
4.6320213720000005 7.679170574815696e-06
4.633372603 7.542239180043584e-06
4.634723835 8.05479082519701e-06
4.636075066 8.728169851989803e-06
4.637426298 1.0735151737336303e-05
4.638777529 1.3205372251969499e-05
4.64012876 1.546633891795879e-05
4.641479992 1.7334305922587024e-05
4.642831223 1.7374815444791596e-05
4.644182455 1.6743794194896878e-05
4.645533685999999 1.5225685033042031e-05
4.646884918 1.1537123474332185e-05
4.648236149000001 8.819354351693213e-06
4.64958738 7.085789866628685e-06
4.650938612 8.121994766488211e-06
4.652289842999999 9.837727772996208e-06
4.6536410749999995 1.0799336339232396e-05
4.6549923060000005 1.0525365885613824e-05
4.656343538 9.998866550484672e-06
4.657694769 9.749177342753978e-06
4.659046001 9.55235880526187e-06
4.660397232 9.808892517739694e-06
4.661748463 1.110533693333294e-05
4.663099695 1.2637242883908513e-05
4.664450926000001 1.4670296197907022e-05
4.665802158 1.4130086532477302e-05
4.667153389 1.3232966201550665e-05
4.668504621 1.1932344201412203e-05
4.6698558519999995 1.1188385232477547e-05
4.6712070830000005 1.0368332150967029e-05
4.672558315 9.29742257548508e-06
4.673909546 8.107374590802411e-06
4.675260778 6.897166886714314e-06
4.676612009 6.9926074952867515e-06
4.6779632410000005 6.866665871151868e-06
4.679314472 6.423731718137531e-06
4.680665704 6.658260497213876e-06
4.682016935 7.058803635126205e-06
4.683368166 7.634286262027227e-06
4.684719398 6.075542484826757e-06
4.686070629 4.5555058687889675e-06
4.687421861 3.1748940675031224e-06
4.688773092 3.935857725312135e-06
4.690124324 6.890762419229838e-06
4.691475555 9.710260432551291e-06
4.6928267869999996 1.1539862048184405e-05
4.694178018 1.2808816562760051e-05
4.695529249 1.2245609764575118e-05
4.696880481 1.1257669783216544e-05
4.698231712 1.0480745017547423e-05
4.699582943999999 9.79177254072907e-06
4.700934175 8.521089296413983e-06
4.702285407000001 6.69387335732563e-06
4.703636638 4.313379115138101e-06
4.704987869 3.298608128654141e-06
4.706339100999999 3.4680378679698353e-06
4.707690332 5.323616709965768e-06
4.7090415640000005 8.036226409934596e-06
4.710392795 9.61910750358558e-06
4.711744027 9.694746265571576e-06
4.713095258 8.173219743057752e-06
4.71444649 4.778504001341579e-06
4.7157977209999995 4.241022867370401e-06
4.717148952 5.227936455827471e-06
4.718500184000001 6.839333308323785e-06
4.719851415 8.828817556079153e-06
4.721202647 9.462849376070114e-06
4.722553877999999 1.0008838396085602e-05
4.72390511 9.096297287760253e-06
4.725256341000001 8.584505387057291e-06
4.726607572 8.285508611912152e-06
4.727958804 8.449576049648937e-06
4.729310035 8.873420152771845e-06
4.730661267 9.497353984046445e-06
4.7320124980000005 8.886550426924474e-06
4.73336373 7.399793638024557e-06
4.734714961 5.775975446442072e-06
4.736066193 6.5887987981524825e-06
4.737417424 8.249960855189708e-06
4.738768654999999 1.1366203327567361e-05
4.740119887 1.2847997478606334e-05
4.741471118000001 1.3588629232355969e-05
4.74282235 1.2665873453526192e-05
4.744173581 1.166041349458625e-05
4.745524813 1.0451498240027913e-05
4.7468760439999995 9.090705676771113e-06
4.748227276 8.055349826932965e-06
4.749578507 7.379225306011246e-06
4.750929738 7.184170289729226e-06
4.75228097 7.208622492191071e-06
4.753632201 7.771505310715867e-06
4.7549834330000005 8.58992188713707e-06
4.756334664 9.624004369047455e-06
4.757685896 9.979521649342067e-06
4.759037127 1.0143832550038085e-05
4.760388358 9.561829799069728e-06
4.76173959 8.05009794111438e-06
4.763090821 6.376778368717336e-06
4.764442053 4.523119810994126e-06
4.765793284 4.131187285584988e-06
4.767144516 5.179747352419801e-06
4.768495747 6.588687897953954e-06
4.7698469789999995 7.866705906246609e-06
4.77119821 6.993754672205244e-06
4.772549441 5.230953509057059e-06
4.773900673 5.194710686744574e-06
4.775251904 5.707165745820127e-06
4.776603135999999 5.898600484591614e-06
4.777954367 5.287724346238552e-06
4.779305599000001 3.956180440447391e-06
4.78065683 3.2350186110519115e-06
4.782008061000001 2.340198454456744e-06
4.783359293 1.3440698699616967e-06
4.784710524 1.590565781311871e-06
4.7860617560000005 2.6917740677154314e-06
4.787412987 4.426012938365532e-06
4.788764219 4.866348504650522e-06
4.79011545 5.592739299602929e-06
4.791466682 5.04593513180193e-06
4.7928179129999995 4.168313994896867e-06
4.7941691440000005 4.030888399722457e-06
4.795520376000001 4.4509185764603875e-06
4.796871607 4.297680683547387e-06
4.798222839 3.735178791077675e-06
4.799574069999999 3.216439045122664e-06
4.800925302 2.9568345599340778e-06
4.802276533000001 3.135787757962725e-06
4.803627764 3.407157035324477e-06
4.804978996 3.7418463055463736e-06
4.806330227 3.891017097482113e-06
4.807681459 3.8803077088278065e-06
4.80903269 3.7490390421974794e-06
4.810383922 3.1941863564081554e-06
4.811735153 2.716632632790423e-06
4.813086384999999 2.273911875860626e-06
4.814437616 2.0024070821821262e-06
4.815788846999999 2.3381788620726505e-06
4.817140079 3.868238555803997e-06
4.818491310000001 4.964784360211796e-06
4.819842542 5.278052654137095e-06
4.821193773 6.461340490147411e-06
4.822545005 7.5205349208005875e-06
4.8238962359999995 7.981512918312133e-06
4.825247468 8.118713128731459e-06
4.826598699 7.3906051945987125e-06
4.82794993 6.437877885675901e-06
4.829301162 5.333674653215674e-06
4.830652393 4.792992737441087e-06
4.8320036250000005 4.4336106802461825e-06
4.833354856 4.339630521662122e-06
4.834706088 4.096393400530817e-06
4.836057318999999 3.712526178155559e-06
4.83740855 3.7362764421138052e-06
4.838759782 5.043702411920886e-06
4.840111013 6.835554815775121e-06
4.841462245 9.398400047292085e-06
4.842813476 1.0311430797855722e-05
4.844164708 9.952406075515226e-06
4.845515939 9.140791038823822e-06
4.8468671709999995 7.758470815000474e-06
4.8482184020000005 7.016047411466512e-06
4.849569633 7.307832666831438e-06
4.850920865 6.877983257441263e-06
4.852272096 6.789453146180858e-06
4.853623327999999 5.405878151991207e-06
4.854974559 4.957002165151935e-06
4.856325791000001 5.053317942493539e-06
4.857677022 6.262676504708959e-06
4.859028253 1.0421740551077852e-05
4.860379485 9.482413453247677e-06
4.861730716 7.4608923728060415e-06
4.863081948 5.370978711911067e-06
4.864433179 4.491470719352642e-06
4.865784411 5.054838933837251e-06
4.867135642 4.9763217431597994e-06
4.868486874 5.946134999887417e-06
4.8698381049999995 6.8457223502463395e-06
4.8711893360000005 7.75750282475171e-06
4.872540568000001 9.142809811796302e-06
4.873891799 7.850581071580325e-06
4.875243031 6.89350343977338e-06
4.876594261999999 6.092906974781656e-06
4.8779454939999995 6.2942434669563355e-06
4.879296725000001 8.365001156710863e-06
4.880647956 1.0195427131278448e-05
4.881999188 1.0629731195521351e-05
4.883350419 8.61766359758681e-06
4.884701651 7.017232266544137e-06
4.8860528819999995 5.339756537818987e-06
4.887404114 4.066191137466474e-06
4.888755345 4.3538824285775225e-06
4.890106576999999 5.160338131846604e-06
4.891457808 6.155946363222689e-06
4.892809038999999 6.566117460482593e-06
4.894160271 5.779329990100521e-06
4.895511502000001 5.095790088815838e-06
4.896862734 5.287191170339842e-06
4.898213965 6.00593996399368e-06
4.899565197 5.93170146731867e-06
4.900916428 5.131862176161496e-06
4.902267660000001 4.8486525858051185e-06
4.903618891 5.45910238516395e-06
4.904970122 6.362115828102457e-06
4.906321354 6.891965929319391e-06
4.907672585 7.5595890021525135e-06
4.9090238170000005 7.4271954277066985e-06
4.910375048 7.854922881433175e-06
4.91172628 9.127629351902711e-06
4.913077511 1.0562220228549115e-05
4.914428742 1.3100415706756182e-05
4.915779974 1.205458427521295e-05
4.917131205 9.480785547763522e-06
4.918482437 8.905331255221118e-06
4.919833668 8.37917394585985e-06
4.9211849 7.880835822875005e-06
4.922536131 7.25560748418429e-06
4.9238873629999995 7.557047989791754e-06
4.9252385940000005 8.290312464398025e-06
4.926589825 8.84985715087495e-06
4.927941057 8.53073698894145e-06
4.929292288 7.893594298712602e-06
4.930643519999999 7.2967453049608225e-06
4.931994751 8.059630144284282e-06
4.933345983000001 1.051311765075733e-05
4.934697214 1.2187280925960002e-05
4.936048445 1.3530882114905017e-05
4.937399677 1.4202018189547215e-05
4.938750908 1.3633444369695398e-05
4.94010214 1.3237249513583892e-05
4.941453371 1.1832179708689762e-05
4.942804603 1.1013146943197406e-05
4.944155834 1.0632934000603222e-05
4.945507066 9.730348785364565e-06
4.9468582969999995 8.427727651688313e-06
4.9482095280000005 7.097692534415756e-06
4.949560760000001 6.759852293775275e-06
4.950911991 7.932830756507682e-06
4.952263223 9.231951722767574e-06
4.953614453999999 1.0540509807996414e-05
4.9549656859999995 1.0824946088743455e-05
4.9563169170000005 1.0950985746655767e-05
4.957668148 1.0816367629727375e-05
4.95901938 1.0331672881636012e-05
4.960370611 1.0141119874698621e-05
4.961721843 9.530524766213116e-06
4.9630730739999995 8.943402497106586e-06
4.964424306 9.461233053423168e-06
4.965775537000001 1.1036169500392426e-05
4.967126769 1.270164005108095e-05
4.968478 1.5036253419743159e-05
4.969829230999999 1.3669222545547887e-05
4.971180463 1.2422682457604045e-05
4.972531694000001 1.0411352220201677e-05
4.973882926 8.996063503034721e-06
4.975234157 8.856942549714266e-06
4.976585389 9.095053425116797e-06
4.97793662 9.402709277125764e-06
4.979287852000001 8.70299898354089e-06
4.980639083 8.71948902364356e-06
4.981990314 7.393115108925983e-06
4.983341545999999 6.324844878756113e-06
4.984692777 5.001548266605693e-06
4.986044009 3.427839555993068e-06
4.98739524 2.9306239256187595e-06
4.988746472 2.567239298511928e-06
4.990097703 2.7729232481271572e-06
4.991448934 2.414629319764953e-06
4.992800166 2.1830968507483207e-06
4.9941513969999995 2.2432293580578608e-06
4.995502629 3.055041922753212e-06
4.99685386 3.86627426377245e-06
4.998205092 3.869126359178785e-06
4.999556323 4.137295284205703e-06
5.0009075549999995 3.116387577269365e-06
5.0022587860000005 2.993216992798793e-06
5.003610017 2.324081405926066e-06
5.004961249 1.8658505486373798e-06
5.006312479999999 1.7903417527777845e-06
5.007663711999999 1.9945427715825392e-06
5.009014943 2.3780595848702206e-06
5.010366175 2.207076458809945e-06
5.011717406 1.9770056959270825e-06
5.013068637 1.984714383830315e-06
5.014419869 2.20901020882273e-06
5.0157711 3.045626298998071e-06
5.017122332 3.926933401658526e-06
5.018473563 4.596469514608537e-06
5.019824795000001 4.8710757221674e-06
5.021176026 4.84901851309347e-06
5.022527258 4.36385397253962e-06
5.0238784889999994 3.892407504797336e-06
5.0252297200000005 3.474146144672062e-06
5.026580952000001 3.3498686677420625e-06
5.027932183 3.991586640165843e-06
5.029283415 4.758823616994118e-06
5.030634646 5.7863247098941844e-06
5.031985878 6.453953826191711e-06
5.033337109 6.688463696597933e-06
5.034688341 5.962427556857312e-06
5.036039572 5.418235969013757e-06
5.037390803 4.704054736345271e-06
5.038742035 4.5095986871585375e-06
5.0400932659999995 4.526789058998021e-06
5.041444498 4.5583040498290655e-06
5.042795729000001 4.360576920513702e-06
5.044146961 4.442187336579742e-06
5.045498192 4.721542100910868e-06
5.046849422999999 4.829453132552225e-06
5.048200655 4.981182646143878e-06
5.049551886000001 3.688405273366959e-06
5.050903118 3.5376547222168594e-06
5.052254349 4.198304618753121e-06
5.053605581 5.046178341167999e-06
5.054956812 5.778156079918399e-06
5.056308044000001 6.067604857399989e-06
5.057659275 5.878006351943352e-06
5.059010506 5.838014553877926e-06
5.060361737999999 5.9258270629703256e-06
5.061712969 6.409053248340416e-06
5.063064201 7.093994364247298e-06
5.064415432 6.706811610851986e-06
5.065766664 6.2522142451795955e-06
5.067117895 5.5546573392930945e-06
5.068469126 5.820908363080007e-06
5.069820358 6.0616594754291505e-06
5.0711715889999995 5.547440162561421e-06
5.072522821 4.600463932969497e-06
5.073874052 2.8003071213815257e-06
5.075225284 1.8557497679062417e-06
5.076576515 1.4438660896349342e-06
5.0779277469999995 1.9052448711410179e-06
5.0792789780000005 1.4897450040699817e-06
5.080630209 8.120842306436026e-07
5.081981441 1.4098499131152327e-07
5.083332671999999 9.045598602023036e-08
5.084683904 3.7184745003182784e-07
5.086035135 9.542405942782596e-07
5.087386367 1.1905388746488688e-06
5.088737598 6.98034331319031e-07
5.090088829 5.394643157824021e-07
5.091440061 5.710373166390658e-08
5.092791292 5.911049193408166e-07
5.094142524 1.2343887625261537e-06
5.095493755000001 2.0804205527260517e-06
5.096844987000001 2.320863109292415e-06
5.098196218 2.8643804529909518e-06
5.09954745 2.36459506682622e-06
