Wavelength_microns Throughput
2.0004663860000003 1.0236103508747876e-15
2.002074478 3.074607958036359e-17
2.00368257 5.0204700602748544e-17
2.005290662 2.4775752125742856e-16
2.006898754 1.0136026750449886e-15
2.008506846 6.95619111801955e-16
2.010114938 6.082756797556633e-16
2.01172303 7.717055560237149e-16
2.013331122 6.956748690949751e-16
2.014939214 5.144787130830129e-16
2.016547306 3.2923570348595123e-16
2.018155398 2.615013304289754e-16
2.01976349 1.430841775554723e-16
2.021371582 1.620855880000321e-16
2.022979674 3.1302428312421714e-17
2.0245877660000002 4.4557323670697106e-17
2.026195858 1.665132401315497e-16
2.027803949 3.2591593288464613e-16
2.029412041 5.550859187350453e-16
2.031020133 5.790173200758516e-16
2.032628225 5.44715172346675e-16
2.034236317 5.049598022041418e-16
2.035844409 4.031793868004855e-16
2.037452501 4.289799820655724e-16
2.039060593 4.640825469544201e-16
2.040668685 5.031131563936026e-16
2.042276777 4.410284309407259e-16
2.0438848689999998 5.390016833196317e-16
2.045492961 2.6247797458749013e-16
2.047101053 1.1240409139752115e-16
2.0487091449999997 1.5511943580654687e-16
2.0503172370000002 2.4968304846689453e-16
2.0519253290000004 2.046897882429921e-16
2.053533421 2.9741324844586394e-16
2.055141513 5.696291409460992e-16
2.056749605 8.344001771009072e-16
2.058357697 9.9213838433019e-16
2.059965788 1.0216742980292165e-15
2.06157388 1.0955259188309675e-15
2.0631819719999998 1.2109192978728684e-15
2.064790064 1.3027969362998268e-15
2.066398156 1.374453323788152e-15
2.068006248 1.0211920582128882e-15
2.06961434 1.06966887464307e-15
2.071222432 9.678040861967315e-16
2.072830524 7.368552354844587e-16
2.074438616 7.783421839589986e-16
2.076046708 9.660536019343518e-16
2.0776548 1.5424413190200167e-15
2.079262892 1.9199184857114615e-15
2.080870984 2.7916884793513687e-15
2.0824790760000003 2.088818212473176e-15
2.084087168 1.707818577732839e-15
2.08569526 1.927498310685181e-15
2.0873033519999997 2.2455956187910794e-15
2.088911444 1.2835347229938255e-15
2.090519536 1.3941302448803408e-15
2.092127627 1.8416624868251705e-15
2.0937357189999997 3.915008730204134e-15
2.0953438110000002 5.067147618671295e-15
2.0969519030000003 6.378417228840067e-15
2.098559995 8.043283717911125e-15
2.100168087 1.1554945405010371e-14
2.101776179 1.0380972860007536e-14
2.103384271 7.93823843078125e-15
2.104992363 6.348888241638319e-15
2.1066004549999997 5.6673534531113055e-15
2.1082085470000003 9.912813681522977e-15
2.109816639 1.573579411011958e-14
2.111424731 2.143043533352142e-14
2.113032823 2.18956224779587e-14
2.114640915 2.470531638658693e-14
2.116249007 3.405063998112222e-14
2.1178570989999996 5.576248771026823e-14
2.1194651909999997 3.801878666751603e-14
2.1210732830000003 2.9730558210680196e-14
2.122681375 3.3606132149484784e-14
2.124289466 4.525229431614261e-14
2.125897558 2.7024271287421006e-14
2.1275056500000002 2.072570135835732e-14
2.129113742 2.0944136693189152e-14
2.130721834 2.555419330973792e-14
2.1323299259999997 3.1979879675730296e-14
2.133938018 3.2425582332958265e-14
2.1355461100000004 3.654202330926602e-14
2.137154202 2.501873544313305e-14
2.138762294 1.985128305891661e-14
2.140370386 2.2010670716148495e-14
2.141978478 2.501417919185404e-14
2.14358657 1.2572905260505576e-14
2.1451946619999998 5.470843819142066e-15
2.146802754 2.0963969195811055e-15
2.1484108460000004 5.001701919088461e-15
2.150018938 1.2497361576582352e-14
2.15162703 1.3409207588433952e-14
2.153235122 1.5147135901799643e-14
2.154843214 2.0920160474356546e-14
2.156451305 3.299792691938069e-14
2.158059397 3.024709120549381e-14
2.159667489 2.67949398995518e-14
2.161275581 2.2413798153083353e-14
2.1628836729999996 1.7676479938664805e-14
2.164491765 1.4353273027465386e-14
2.1660998570000003 1.455956651163818e-14
2.167707949 1.54279526383089e-14
2.169316041 1.0166047197687214e-14
2.170924133 7.12802918716206e-15
2.172532225 1.1993282305925158e-14
2.174140317 2.472884973562591e-14
2.1757484089999997 2.2313380154521032e-14
2.177356501 1.503785862825694e-14
2.1789645930000003 1.2459490848463149e-14
2.180572685 1.42794044523987e-14
2.182180777 2.063340546507465e-14
2.183788869 1.1117084163328208e-14
2.185396961 1.2316614270347804e-14
2.187005053 1.1834201739460097e-14
2.1886131449999997 1.3060668279434522e-14
2.1902212359999997 1.7578819135907204e-14
2.191829328 1.376424102047738e-14
2.1934374200000004 8.393989220248658e-15
2.195045512 4.971974320565738e-15
2.196653604 7.085355353913343e-15
2.198261696 1.4059891508329445e-14
2.199869788 3.140477458358903e-14
2.20147788 3.388120785271014e-14
2.203085972 2.0029218719535395e-14
2.204694064 1.5179769537547392e-14
2.206302156 2.2719064865430387e-14
2.207910248 5.8296713888805e-14
2.2095183400000002 5.1238856410632055e-14
2.211126432 4.678382993097655e-14
2.212734524 3.802795070574179e-14
2.2143426159999997 3.928808478179967e-14
2.215950708 4.270414769656356e-14
2.2175588 3.788812666060318e-14
2.219166892 7.99570302220961e-14
2.220774984 1.2164296911778121e-13
2.222383075 1.871230597381952e-13
2.2239911670000003 3.0619295928069063e-13
2.225599259 4.96892170083542e-13
2.227207351 8.80113477932992e-13
2.228815443 4.834324139751095e-13
2.230423535 2.8426870280040827e-13
2.232031627 2.5534822423053675e-13
2.2336397189999997 3.680314430898358e-13
2.2352478110000003 3.3794583433139874e-13
2.236855903 1.8012379386035055e-13
2.238463995 1.189746426968095e-13
2.240072087 1.757710190293904e-13
2.241680179 3.4022726588737644e-13
2.243288271 6.460167159303634e-13
2.2448963629999996 7.988605097599935e-13
2.2465044549999997 1.0918394960637874e-12
2.2481125470000003 1.0326635140001413e-12
2.249720639 1.0399794464767054e-12
2.251328731 1.3810919977858686e-12
2.252936823 2.0755548979811445e-12
2.2545449140000002 2.4647722863777315e-12
2.256153006 1.7739510957588826e-12
2.257761098 1.5901843657389809e-12
2.2593691899999997 2.2995691343803396e-12
2.260977282 3.9312529122260605e-12
2.262585374 3.5361472061746137e-12
2.264193466 1.150139318122258e-12
2.265801558 5.2630052870467e-13
2.2674096500000003 3.7017724386469287e-13
2.269017742 9.824831290101026e-13
2.270625834 1.6322340888309422e-12
2.2722339259999997 1.4259570658992351e-12
2.273842018 2.6087027551864482e-12
2.2754501100000004 2.7467590245928593e-12
2.277058202 3.1945215895599286e-12
2.278666294 5.58353680376961e-12
2.280274386 6.932113926124399e-12
2.281882478 8.946286554565766e-12
2.28349057 4.646325007189816e-12
2.285098662 3.7194320612296735e-12
2.286706753 3.866646038183759e-12
2.288314845 5.2970473101241135e-12
2.2899229369999996 1.2662110222420372e-11
2.291531029 9.471433588919724e-12
2.2931391210000003 8.319468426311724e-12
2.294747213 8.324334183956796e-12
2.296355305 1.0407486307231469e-11
2.297963397 1.8862515571246987e-11
2.299571489 1.5053981563927196e-11
2.301179581 1.1762432748980618e-11
2.3027876729999996 1.277296915020475e-11
2.304395765 2.338991985044791e-11
2.3060038570000003 4.389724686828559e-11
2.307611949 7.501322343560117e-11
2.309220041 1.3098053172639486e-10
2.310828133 2.2856845397667365e-10
2.312436225 3.2139428800541665e-10
2.314044317 4.55239478731993e-10
2.3156524089999997 6.2552295286902e-10
2.3172605010000003 8.507681292470416e-10
2.318868592 1.1453858401615628e-09
2.3204766840000004 1.39846816182248e-09
2.322084776 1.699029497704917e-09
2.323692868 2.085978090745898e-09
2.32530096 2.5647191984828068e-09
2.326909052 3.1130111504775816e-09
2.328517144 3.3871568611756976e-09
2.3301252359999998 3.621682537731996e-09
2.331733328 3.833605717846555e-09
2.33334142 4.005989692983408e-09
2.334949512 4.141552341433613e-09
2.3365576040000002 4.03898063929214e-09
2.338165696 3.836053792274661e-09
2.339773788 3.5272909947375634e-09
2.3413818799999997 2.752705803914538e-09
2.342989972 2.137554631340114e-09
2.344598064 1.655433303162881e-09
2.346206156 1.2816822944281418e-09
2.347814248 9.937934070809353e-10
2.3494223400000003 3.689933512425826e-10
2.3510304310000003 1.5816692513025823e-10
2.352638523 7.77066582223585e-11
2.354246615 4.782621995772106e-11
2.3558547069999998 7.560423938539226e-11
2.357462799 1.130340252176622e-10
2.359070891 5.2094193685046745e-11
2.3606789829999997 3.953443894980099e-11
2.3622870750000002 5.8089064464591444e-11
2.363895167 9.791306008151075e-11
2.365503259 1.517626240887682e-10
2.367111351 1.3079941965857586e-10
2.368719443 1.5356702542844657e-10
2.370327535 1.2892668359249507e-10
2.371935627 1.0028959568256521e-10
2.3735437189999997 8.881236552134868e-11
2.3751518110000003 9.677478792516284e-11
2.376759903 1.1531819291130135e-10
2.378367995 1.4222451300710831e-10
2.379976087 3.745646125787855e-11
2.381584179 1.9546552665084887e-11
2.383192271 2.1064682040189734e-11
2.384800362 6.23432192473305e-11
2.3864084539999997 2.349356790811813e-10
2.388016546 1.1460474961769276e-10
2.389624638 3.4227610527295585e-11
2.39123273 1.8882258581889025e-11
2.392840822 3.93010925290759e-11
2.3944489140000003 1.0953803338145426e-10
2.396057006 3.0546076899501383e-10
2.397665098 8.624128267805035e-11
2.3992731899999997 3.801826054999692e-11
2.400881282 4.5120428779211604e-11
2.4024893740000004 8.151677650814497e-11
2.404097466 1.4749394735989402e-10
2.405705558 1.893826345267898e-10
2.40731365 2.0409360792977506e-10
2.408921742 2.730393646364674e-10
2.410529834 1.5727835701662475e-10
2.4121379259999998 1.2578598399889832e-10
2.413746018 1.208063178035965e-10
2.41535411 1.9007302710349895e-10
2.416962201 3.2233174578351895e-10
2.418570293 3.925722336441382e-10
2.4201783850000003 1.065221769028538e-10
2.421786477 3.217324266505873e-11
2.423394569 2.2420247860124e-11
2.425002661 5.488408702005221e-11
2.426610753 2.2935801485675925e-10
2.428218845 2.2935992451270022e-10
2.4298269369999996 1.655347068084354e-10
2.431435029 1.5282249466926038e-10
2.4330431210000003 1.2275795906022383e-10
2.434651213 1.0428070409903013e-10
2.436259305 1.6533691672974222e-10
2.4378673969999998 1.5463642218691197e-10
2.439475489 1.9844549025661737e-10
2.441083581 2.367526162247654e-10
2.4426916729999997 1.1415678426885886e-10
2.4442997650000002 8.66766728560368e-11
2.4459078570000004 1.3282004585214713e-10
2.447515949 2.3127610277264732e-10
2.44912404 4.2642612794379544e-10
2.450732132 4.763573673437344e-10
2.452340224 2.1731869301938332e-10
2.453948316 1.260355861905645e-10
2.455556408 1.2211314837040107e-10
2.4571644999999998 1.9869185086467e-10
2.458772592 3.4561482429119586e-10
2.460380684 2.5084626265346745e-10
2.461988776 1.8366179537616315e-10
2.463596868 1.7179525484456702e-10
2.46520496 1.2715621774474613e-10
2.466813052 9.637183093140429e-11
2.468421144 2.348603470325939e-10
2.470029236 3.9252221874221617e-10
2.471637328 4.074638029238949e-10
2.47324542 4.3747485022033484e-10
2.474853512 3.97438327484426e-10
2.4764616040000003 3.4701506118449805e-10
2.478069696 3.0463628537356235e-10
2.479677788 4.2204168622116165e-10
2.481285879 6.270452578435408e-10
2.4828939709999998 9.36814259232823e-10
2.484502063 5.55523338759956e-10
2.486110155 4.3111996869790127e-10
2.4877182469999997 3.56686095695499e-10
2.489326339 3.6155244692167683e-10
2.4909344310000003 4.150857030251593e-10
2.492542523 6.295619374610093e-10
2.494150615 4.420060389963183e-10
2.495758707 7.480957593522963e-10
2.497366799 1.0803797953237314e-09
2.498974891 1.3298191407547014e-09
2.499778162 6.005675742866056e-10
2.5011293930000003 1.3325921268097313e-09
2.502480624 1.662679498734427e-09
2.5038318559999997 3.1843944611083165e-10
2.505183087 1.3593277981050978e-09
2.506534319 8.635217734970371e-10
2.50788555 1.8503665156060554e-09
2.509236782 3.601915707866744e-12
2.510588013 1.7219899296697542e-09
2.511939244 5.449499305236104e-09
2.5132904760000003 4.360289405249914e-09
2.514641707 1.7403876273153264e-09
2.515992939 2.3502019503526575e-09
2.51734417 1.7086358107400468e-09
2.5186954019999996 2.6902759354217886e-09
2.5200466329999998 2.7613328339794094e-12
2.521397865 6.410872554438132e-10
2.522749096 8.274641672203796e-10
2.524100327 1.039493530636424e-11
2.525451559 8.624659322333485e-10
2.52680279 1.9070494561924045e-09
2.5281540220000003 1.1784159019215704e-09
2.529505253 2.510729909304643e-09
2.5308564849999997 7.405019503456721e-11
2.532207716 6.476133128756663e-10
2.533558948 1.2711302573043876e-09
2.534910179 1.2810135773734446e-09
2.5362614100000003 8.20262152169434e-10
2.537612642 4.253143497581768e-10
2.538963873 2.2973063777592924e-10
2.5403151050000004 4.4507947553683475e-10
2.5416663359999996 4.932857875498689e-10
2.5430175680000002 2.054067017245623e-10
2.544368799 3.758655277143289e-10
2.54572003 4.061614621249892e-10
2.547071262 3.4902136097779703e-10
2.548422493 4.1971100550760344e-10
2.549773725 3.6846816151953905e-10
2.551124956 3.05713823443779e-10
2.552476188 1.4382766284134558e-10
2.553827419 1.6812599047974688e-10
2.5551786510000003 1.6835858585338006e-10
2.556529882 9.566133378619085e-11
2.557881113 2.8592056316576485e-10
2.559232345 1.5720863572285717e-10
2.560583576 8.053707171029731e-11
2.561934808 6.15508991687064e-11
2.5632860390000003 1.557349418937226e-11
2.564637271 1.0569595962312773e-10
2.565988502 7.812832537229422e-11
2.567339733 5.105732382426026e-11
2.5686909649999996 1.0473564487449948e-10
2.5700421959999997 2.8382280975677802e-11
2.571393428 9.515073363047708e-11
2.572744659 1.1411181283863414e-10
2.574095891 3.598669291927239e-11
2.575447122 2.6310661653584913e-11
2.576798354 5.367712532715861e-11
2.5781495850000002 1.730920948816407e-11
2.5795008160000004 1.7787601923510104e-11
2.580852048 6.209282069654522e-12
2.582203279 9.855365303987891e-12
2.583554511 6.766996276644565e-12
2.584905742 2.5526859095469907e-11
2.586256974 3.855013851821982e-11
2.587608205 3.318643426530293e-11
2.588959437 2.5585425207560545e-11
2.590310668 1.4227344075668342e-11
2.591661899 1.798162675520371e-11
2.593013131 1.1124920065328113e-11
2.594364362 1.0297313016688174e-11
2.5957155939999996 1.9001330609626815e-14
2.5970668249999997 2.78618852539901e-12
2.598418057 9.440018567102498e-13
2.599769288 9.734144658836261e-12
2.601120519 2.1281703429098703e-11
2.602471751 1.477938057656765e-11
2.603822982 1.317218435730877e-11
2.6051742140000003 2.2766981340873416e-11
2.6065254450000004 1.4289569125210988e-11
2.607876677 2.068924161887165e-11
2.609227908 3.5256854527664795e-13
2.61057914 1.3724812711149994e-12
2.611930371 2.8327026977772408e-14
2.613281602 3.275182692672747e-14
2.614632834 1.892308111104654e-12
2.615984065 1.0669232547988384e-11
2.617335297 3.191785220866789e-13
2.618686528 6.68967568814157e-14
2.62003776 2.89538314594133e-12
2.621388991 1.2632651621832875e-12
2.622740222 2.5924354672802376e-12
2.6240914539999998 2.1048854899928774e-12
2.625442685 1.3344180656869526e-12
2.626793917 1.3950630467570207e-12
2.628145148 1.0412900787035923e-11
2.62949638 3.844484266450781e-12
2.630847611 6.958078540756076e-12
2.6321988430000003 5.457846348833059e-12
2.6335500740000004 1.2099901366721102e-11
2.634901305 3.559779399996048e-12
2.636252537 1.1274099093143635e-11
2.637603768 1.476659124084131e-12
2.6389549999999997 1.66742232305712e-11
2.640306231 7.737891414211664e-12
2.641657463 1.7606365033454916e-11
2.643008694 1.6649922362662188e-11
2.6443599250000003 6.329188226858851e-12
2.645711157 1.2225277480691367e-14
2.6470623879999997 1.246173202508715e-14
2.64841362 4.282437703411546e-13
2.649764851 2.0227339007933867e-13
2.651116083 2.22108694469289e-12
2.652467314 4.410886865126811e-12
2.653818546 2.620959327816311e-13
2.6551697770000002 1.2306708375985289e-14
2.6565210080000004 1.1528983177021633e-14
2.65787224 7.375567089629386e-13
2.659223471 2.275678272759532e-13
2.6605747030000004 5.6315020374607035e-14
2.6619259339999997 1.4791367269027489e-12
2.663277166 7.662228069671119e-12
2.664628397 6.585252304552374e-13
2.6659796289999997 6.925026347909512e-12
2.66733086 2.93729514636083e-12
2.668682091 4.3761788639569924e-12
2.670033323 1.0119747243724154e-12
2.6713845540000003 6.012295815993891e-12
2.672735786 2.5722945819328468e-11
2.6740870169999997 8.39349770761517e-12
2.675438249 7.1070408015662055e-12
2.67678948 5.124048639586896e-12
2.678140711 7.405596037257384e-12
2.679491943 8.342152528669559e-12
2.680843174 3.483723360530978e-12
2.6821944060000003 1.1915187948572081e-14
2.6835456370000004 6.9258587674297345e-15
2.684896869 2.5792589904323826e-12
2.6862481 2.1832151564710852e-13
2.6875993319999996 3.458168483687464e-12
2.6889505629999997 2.2684536641180737e-12
2.690301794 3.1095680095012462e-12
2.691653026 4.0556617903738004e-13
2.693004257 3.93873203672371e-13
2.694355489 9.53268326937291e-13
2.69570672 4.4700621574725925e-15
2.697057952 4.0094304077687367e-13
2.6984091830000003 1.640725964211811e-12
2.699760414 1.2307223420610894e-12
2.7011116459999998 2.073093439995218e-12
2.702462877 2.360690790372377e-12
2.703814109 1.832624933237955e-12
2.70516534 2.7712193467217164e-12
2.706516572 2.04449596729762e-12
2.707867803 5.9487945624240395e-12
2.7092190350000003 8.450280212536697e-12
2.7105702660000004 9.954646651488296e-13
2.7119214969999996 1.1404022587866712e-11
2.713272729 1.544506871686311e-11
2.71462396 6.89480455553601e-12
2.7159751919999997 5.071394573574935e-12
2.717326423 4.820143328719477e-13
2.718677655 6.387790674099774e-15
2.720028886 1.9266781455211827e-12
2.7213801170000003 6.039438977412048e-13
2.722731349 3.8964951831637745e-12
2.7240825799999997 3.577383945962975e-12
2.7254338120000003 8.586464734223757e-13
2.726785043 5.561138334141636e-12
2.7281362749999998 3.7441537803663727e-13
2.729487506 9.223291421906669e-15
2.730838738 1.2314635240372515e-12
2.732189969 1.887681712448565e-14
2.7335412000000003 2.2536500686667347e-12
2.734892432 1.5845132834722409e-12
2.736243663 2.2668624967565272e-14
2.737594895 2.389682913868086e-12
2.7389461259999996 2.373496352471918e-12
2.740297358 2.3706910992019073e-12
2.741648589 1.0966893601445982e-12
2.7429998209999997 2.7066036547754788e-12
2.744351052 3.317978654756887e-14
2.745702283 6.041661240715237e-14
2.747053515 8.597593556991598e-13
2.7484047460000003 5.424183841699921e-13
2.749755978 4.494505608138675e-13
2.7511072089999997 5.329932238084568e-13
2.7524584410000004 1.1500003110054077e-14
2.753809672 5.871064540280036e-15
2.755160903 2.948122707257333e-14
2.756512135 3.3780266591626946e-12
2.757863366 3.848571317236283e-12
2.7592145980000002 7.060088420948337e-12
2.760565829 4.215017115995296e-12
2.761917061 2.677384533839657e-12
2.7632682920000002 2.4942477188392845e-12
2.764619524 1.8416848373261744e-12
2.7659707549999997 1.588986276176154e-13
2.767321986 1.8310698641900264e-15
2.768673218 1.950982155787562e-15
2.770024449 6.178870392852099e-13
2.771375681 9.162987315406747e-13
2.772726912 7.298205398895477e-13
2.774078144 8.049678094796477e-15
2.7754293750000003 2.477527409532227e-12
2.776780606 1.281379659715508e-12
2.7781318379999997 1.9489879347243763e-13
2.779483069 7.304368171042551e-15
2.780834301 1.3798592553277858e-12
2.782185532 3.350890194795354e-12
2.783536764 1.184353155040549e-12
2.784887995 4.002642765641185e-12
2.786239227 9.648125148339475e-13
2.787590458 2.7750579568012286e-12
2.788941689 1.5299941787156416e-12
2.7902929210000003 4.271230167880021e-12
2.791644152 8.14947226082965e-12
2.7929953839999997 5.3441680621022646e-12
2.794346615 3.611552173549603e-13
2.795697847 8.342017384255271e-13
2.797049078 6.203563679416736e-12
2.7984003090000003 5.016320917786667e-12
2.799751541 1.1476872324139253e-12
2.801102772 2.1553231283349983e-12
2.8024540040000003 4.310188716061577e-12
2.803805235 3.992877150813007e-12
2.8051564669999998 2.0712409883838006e-12
2.806507698 3.782914035219842e-12
2.80785893 3.95841321405486e-12
2.8092101609999998 1.534513805676147e-12
2.810561392 1.5685034378025606e-13
2.811912624 1.8311434179748203e-12
2.813263855 3.970504139309513e-13
2.814615087 5.760920133496969e-12
2.8159663179999996 3.841495215735838e-12
2.8173175500000003 5.459932120229025e-13
2.818668781 3.0830873440423506e-13
2.8200200129999997 7.967180410350336e-13
2.821371244 4.4338224184791354e-13
2.822722475 1.1115646280741531e-13
2.824073707 1.4199673178184328e-12
2.8254249380000003 4.0939569369602055e-14
2.82677617 1.6529193219462935e-12
2.828127401 5.380407070516487e-13
2.8294786330000004 1.7716223177055128e-12
2.830829864 2.468933672090202e-13
2.8321810949999997 1.6787895377561062e-12
2.833532327 1.3506317203469098e-12
2.834883558 2.9645391514554256e-13
2.83623479 1.3013360887886563e-12
2.837586021 2.3321378976818455e-12
2.838937253 5.660843356412251e-13
2.8402884840000002 5.0228732141002155e-15
2.841639716 5.193788783701251e-14
2.8429909469999997 2.851565416685059e-12
2.8443421779999998 1.6193813023835737e-12
2.84569341 7.355629851565587e-14
2.847044641 1.2077908057346692e-13
2.848395873 5.924539064560875e-15
2.849747104 1.6156108201726393e-12
2.851098336 3.676647718078446e-12
2.8524495670000003 4.020393114251592e-12
2.8538007980000004 2.351078826669186e-12
2.85515203 3.2250780292263064e-12
2.856503261 8.020136503457036e-13
2.8578544929999996 2.039595131081293e-14
2.8592057239999997 1.6931496380428408e-12
2.860556956 1.4317350700805627e-12
2.861908187 1.2965029122191506e-12
2.863259419 9.402573420114073e-13
2.86461065 1.1411191396595986e-13
2.865961881 1.477229681946136e-12
2.8673131130000002 1.0087407526800513e-12
2.868664344 1.3709269144660368e-12
2.8700155759999997 2.6795783485061135e-12
2.871366807 1.5135819522160886e-14
2.872718039 7.581993979915679e-14
2.87406927 4.835194552387147e-12
2.8754205010000002 6.392570492540375e-12
2.876771733 4.881568466904356e-14
2.878122964 2.2781801500689662e-14
2.8794741960000003 6.520158102841555e-12
2.8808254270000004 6.812145990827312e-12
2.882176659 3.89123364672748e-12
2.88352789 7.300090587419346e-12
2.8848791219999996 4.797340277672159e-14
2.8862303529999997 1.091532385879361e-14
2.887581584 9.622605211114385e-15
2.888932816 7.311419234622836e-15
2.890284047 3.3770787944334997e-14
2.891635279 6.031135558938159e-13
2.89298651 9.890844486292771e-13
2.8943377420000003 5.091953028941305e-13
2.895688973 3.963627842732087e-13
2.8970402049999997 6.077976388841427e-13
2.898391436 7.195588182455637e-13
2.899742667 6.767119694540967e-14
2.901093899 6.728809813962193e-13
2.9024451300000003 1.0427716820056927e-12
2.903796362 7.018304926404532e-13
2.905147593 1.2931799438951588e-12
2.9064988250000003 7.077383075133882e-13
2.907850056 1.3953015412282181e-12
2.9092012869999997 2.115627252437946e-12
2.910552519 6.851920314736854e-14
2.91190375 9.527585953865263e-14
2.9132549819999998 1.9789544886490266e-13
2.914606213 7.94266688696072e-14
2.915957445 1.8149035269580284e-14
2.917308676 7.774120200389111e-14
2.918659908 1.882541839648025e-12
2.920011139 3.8598373606068125e-12
2.9213623699999998 7.910218648967058e-12
2.922713602 3.2077932572102776e-12
2.924064833 1.8097145381521858e-12
2.925416065 6.6048821763010574e-12
2.926767296 8.703243102130912e-13
2.928118528 9.162640753279158e-15
2.9294697590000003 9.800952723036051e-15
2.93082099 1.377226370962982e-14
2.932172222 4.869442344308146e-12
2.933523453 1.7761781360900042e-12
2.934874685 1.272206548275619e-14
2.9362259159999997 1.965104886672705e-12
2.937577148 6.822426870538523e-12
2.938928379 5.1360594627812995e-12
2.940279611 5.474592994583223e-12
2.941630842 1.2653142750393654e-12
2.942982073 6.336401608208205e-15
2.9443333050000002 7.708569539963508e-13
2.9456845360000004 3.188216663094985e-12
2.947035768 3.317429849479615e-12
2.948386999 5.847849450894619e-12
2.949738231 9.713642617791117e-13
2.951089462 1.0740733840883172e-12
2.952440694 6.231215391277148e-12
2.953791925 2.1181594527074393e-12
2.955143156 4.059332307698907e-15
2.956494388 4.504209934812885e-14
2.957845619 3.322481779529834e-14
2.959196851 2.092063657010073e-12
2.960548082 1.4188004738556655e-12
2.9618993139999996 4.49445056078934e-15
2.9632505449999997 4.883239631840583e-15
2.964601776 2.759055758833395e-13
2.965953008 1.5936684841620703e-12
2.967304239 1.4244218405311104e-12
2.968655471 7.703090069861445e-13
2.970006702 1.25023400284115e-12
2.9713579340000003 8.315936757438717e-13
2.9727091650000004 2.226528433881651e-12
2.974060397 3.8915173033861624e-12
2.975411628 3.299000991472482e-12
2.976762859 2.3579193001230485e-12
2.978114091 2.2575163270625116e-12
2.979465322 9.160805246363541e-13
2.980816554 3.237429724008753e-12
2.982167785 4.838711759796611e-12
2.983519017 3.554542151109217e-12
2.984870248 9.331292177660295e-13
2.9862214789999997 2.2914959752925453e-15
2.987572711 7.385180310956596e-14
2.988923942 1.0446205405099254e-12
2.9902751739999998 4.98916350465895e-12
2.991626405 5.814634599202877e-12
2.992977637 5.808105247149002e-12
2.994328868 7.2144889951541475e-12
2.9956801 4.7418895707543e-12
2.997031331 5.4803851560986074e-12
2.9983825619999998 4.625428601476543e-12
2.9997337940000004 3.045414207423109e-12
3.001085025 2.2801566782038724e-12
3.002436257 3.1480694038757063e-12
3.003787488 4.4921955049024745e-12
3.0051387199999997 3.621555718711461e-12
3.006489951 2.5218733963627927e-12
3.007841182 5.9029948173934e-13
3.009192414 6.2087297302460035e-12
3.0105436450000003 5.381081957439321e-12
3.011894877 3.517393469337935e-12
3.0132461079999997 4.8363961348540815e-12
3.01459734 1.0134386238284402e-12
3.015948571 3.0281661509165416e-15
3.017299803 2.8690062763131512e-15
3.018651034 7.63580028483713e-13
3.020002265 1.1189600588193296e-12
3.021353497 1.7428921110084383e-12
3.0227047280000003 1.675445534665388e-12
3.02405596 1.4809799699073887e-13
3.0254071909999998 8.2356903793402e-14
3.0267584230000004 3.693685169860469e-12
3.0281096539999997 7.424991254788676e-12
3.029460886 6.919187396332787e-12
3.030812117 3.614645191969963e-12
3.032163348 3.6895996039785236e-12
3.03351458 1.5439943482548748e-11
3.034865811 2.2817037979854983e-11
3.036217043 1.5087735639710923e-11
3.0375682740000003 4.431439370099877e-12
3.038919506 1.3053260344456914e-11
3.0402707369999997 1.2100032533388628e-11
3.041621968 8.601226539639544e-12
3.0429732 5.475089504942486e-12
3.044324431 1.2991786305241041e-11
3.045675663 1.7634608450894836e-11
3.047026894 2.9151298606083775e-11
3.0483781260000002 1.367368696353622e-11
3.0497293570000004 2.0570690643768422e-12
3.051080589 9.131302187126571e-12
3.05243182 4.977276224563309e-12
3.053783051 2.0126345988977183e-12
3.0551342829999997 7.38062489820659e-12
3.056485514 7.584881810634084e-12
3.057836746 4.468096761042436e-12
3.059187977 5.71352041893519e-12
3.060539209 1.3125463236085417e-11
3.06189044 1.3788953545740495e-11
3.063241671 1.2071540911575773e-11
3.0645929030000003 1.5311876705517056e-11
3.065944134 1.765885538805062e-11
3.0672953659999997 8.559489252619828e-12
3.068646597 2.3224846449189273e-14
3.069997829 1.1953217730281183e-11
3.07134906 3.1541588788677656e-11
3.072700292 2.304527969850638e-11
3.074051523 7.992645030040985e-12
3.075402754 5.8168619416851226e-12
3.0767539860000004 1.179724065652691e-11
3.0781052169999996 1.8841254287987496e-11
3.079456449 1.0938918918389851e-11
3.08080768 1.0128456187622522e-11
3.0821589119999997 1.4730234413998235e-11
3.083510143 1.4677394558140528e-11
3.084861374 3.3957924323891214e-12
3.086212606 3.222479727040961e-12
3.0875638370000003 4.058469077425861e-13
3.088915069 1.236836255042126e-12
3.0902662999999997 3.7883769660044673e-13
3.0916175320000003 1.4705881164615185e-11
3.092968763 2.0076613403645504e-11
3.0943199949999998 2.0735497123151738e-11
3.095671226 1.3865415232051902e-11
3.097022457 5.5287015352573075e-14
3.098373689 1.3827191347314102e-11
3.0997249200000003 8.210369139116859e-12
3.101076152 1.0414673345247653e-11
3.102427383 1.1633884592438278e-11
3.103778615 1.6574596385624727e-11
3.1051298459999996 1.1702955989806344e-11
3.106481078 5.935298778215734e-12
3.107832309 1.368959749438716e-12
3.10918354 3.3005872137420535e-12
3.110534772 9.154359221708201e-12
3.111886003 1.4308293111092101e-11
3.113237235 1.2569030616267763e-11
3.1145884660000003 1.9947107474776036e-11
3.115939698 1.7882672047655693e-11
3.1172909289999997 4.977184960376823e-12
3.11864216 1.7486820750430033e-12
3.119993392 2.563396307233325e-11
3.121344623 2.391835529713852e-11
3.122695855 2.086949247436509e-11
3.124047086 1.489867726934014e-11
3.1253983180000002 1.9013660409396123e-11
3.126749549 2.0465148517376847e-11
3.128100781 3.882302044705399e-11
3.1294520120000002 2.4442190869850633e-11
3.130803243 3.2110576835005886e-11
3.1321544749999997 1.5684557125870602e-11
3.133505706 4.601365909440723e-11
3.134856938 4.292133123087769e-11
3.136208169 3.7108324235605954e-11
3.137559401 1.1491936963108106e-11
3.138910632 1.8792576434926397e-11
3.140261863 1.7424359278052493e-11
3.1416130950000003 3.501903019711693e-11
3.142964326 7.649064695143494e-11
3.1443155579999997 2.7236664891493328e-11
3.145666789 1.5996155604949287e-11
3.147018021 4.780951179457491e-11
3.148369252 7.681675188363921e-11
3.149720484 5.0559084224042954e-11
3.151071715 4.122687834220386e-11
3.152422946 4.434852635690963e-11
3.153774178 3.607779576981465e-11
3.155125409 2.386914982725153e-11
3.1564766410000002 3.4132313142301716e-11
3.157827872 1.645847433463549e-11
3.1591791039999997 3.118788472315108e-11
3.160530335 6.73929801875498e-11
3.161881566 6.530723544337692e-11
3.163232798 7.53221133773047e-11
3.1645840290000002 2.540341281836655e-11
3.165935261 1.4385166405280816e-11
3.167286492 3.327986925637285e-11
3.1686377240000003 3.4972000938021613e-11
3.169988955 1.3927287662443776e-11
3.1713401869999998 1.275307934109651e-11
3.172691418 1.6536487621067987e-11
3.174042649 1.2330458908320947e-11
3.1753938809999998 1.0896653934679907e-11
3.176745112 1.7153741023171072e-11
3.178096344 6.094302443189732e-12
3.179447575 2.0104555545506786e-12
3.180798807 6.512922900701698e-12
3.182150038 6.354915695213064e-12
3.1835012700000003 2.5748188599375943e-12
3.184852501 4.050943129801861e-13
3.186203732 3.541823648341866e-12
3.187554964 3.759731686015215e-12
3.188906195 3.873935878439415e-14
3.190257427 4.7733727319332125e-12
3.1916086580000003 2.3662003424206363e-11
3.19295989 2.212964407338354e-11
3.194311121 1.311547887552858e-11
3.195662352 7.684593516072468e-12
3.197013584 2.4987164640763112e-11
3.1983648149999997 1.807289601516335e-11
3.199716047 3.0544056950577478e-12
3.201067278 1.6230360479266776e-11
3.2024185099999998 2.999815387602623e-11
3.203769741 2.2727631402466883e-11
3.205120973 9.134405477618944e-12
3.206472204 8.44257605153739e-12
3.207823435 1.5768739942797033e-11
3.209174667 2.128113673068683e-11
3.2105258979999998 3.858656222878924e-11
3.21187713 3.6258540654588496e-11
3.213228361 1.8444093409086166e-11
3.214579593 3.2414319604829733e-11
3.215930824 3.0521333823275224e-11
3.217282055 8.674340325621489e-12
3.2186332870000003 9.913568749920536e-12
3.2199845180000004 1.0233723682480737e-11
3.22133575 2.3610481296635155e-11
3.222686981 3.624934206296052e-11
3.2240382129999996 3.993686510886554e-11
3.2253894439999997 3.0399127114693607e-11
3.226740676 6.139986614169125e-12
3.228091907 5.5684277395859595e-12
3.229443138 1.7794248519230047e-11
3.23079437 1.798096214018816e-11
3.232145601 2.8017333836590418e-11
3.2334968330000002 1.8797921291634346e-11
3.234848064 1.6815404969884758e-11
3.2361992959999997 3.3727378531399626e-11
3.237550527 2.7861650484611087e-11
3.238901759 8.352007745291865e-12
3.24025299 5.1455349497208906e-14
3.2416042210000002 4.466143256335883e-12
3.242955453 4.544592765186417e-12
3.244306684 1.2116295193978215e-11
3.2456579160000003 2.2754628526535384e-11
3.2470091470000004 3.084180266934181e-11
3.248360379 5.861366512815735e-11
3.24971161 8.102699800029144e-11
3.251062841 5.400437461481366e-11
3.2524140729999997 2.161959140838273e-11
3.253765304 2.9273842851017115e-11
3.255116536 1.3005931298413827e-12
3.256467767 5.599539669582554e-12
3.257818999 9.811650989903445e-14
3.25917023 1.4799390321899678e-11
3.2605214620000003 3.1501579374062455e-11
3.261872693 4.188175312925566e-11
3.263223924 3.947592551282913e-11
3.264575156 1.690405738373486e-11
3.265926387 6.674989974682506e-14
3.267277619 2.841039338797488e-13
3.2686288500000003 8.322617619835562e-12
3.269980082 8.026409402399397e-14
3.271331313 2.1552661021498635e-11
3.272682544 1.1819885829982321e-11
3.274033776 6.59953280999593e-12
3.2753850069999997 2.3731092764492163e-11
3.276736239 2.8157167301822585e-11
3.27808747 5.388839851579564e-11
3.2794387019999998 3.6969022578744096e-11
3.280789933 8.363716105354856e-12
3.282141165 1.2889914978865147e-11
3.283492396 2.877656704835088e-11
3.2848436270000003 2.542739658084917e-11
3.286194859 3.505881381931579e-11
3.2875460899999998 7.005550687280771e-11
3.288897322 6.744375158916699e-11
3.290248553 5.018011452439496e-11
3.291599785 3.404459579795542e-11
3.292951016 1.886055395846211e-11
3.294302247 2.6210889865538233e-11
3.2956534790000003 3.4534706955127745e-11
3.29700471 4.083019547503446e-12
3.298355942 5.1521409501370977e-14
3.299707173 6.444676967268966e-13
3.301058405 1.9180073795359936e-11
3.3024096359999997 3.263727454728475e-11
3.303760868 2.7276415299156283e-11
3.305112099 1.0566317983557122e-11
3.30646333 4.984952970152554e-14
3.307814562 2.26336295802561e-11
3.309165793 2.902258746803618e-11
3.3105170250000002 2.4676622771950242e-11
3.3118682560000003 5.2907081017405285e-11
3.313219488 1.78358146502497e-11
3.3145707189999998 1.8361007165177024e-13
3.315921951 1.231213390124946e-12
3.317273182 1.7471915267473684e-11
3.318624413 2.6654593886381927e-11
3.319975645 2.3980554029916555e-11
3.321326876 4.2242236434041635e-11
3.322678108 2.038772434485327e-11
3.324029339 2.0663502004664787e-11
3.325380571 1.8812944606795907e-11
3.326731802 1.698853746879462e-11
3.328083033 5.434939903232936e-12
3.3294342649999997 1.1046355745060467e-13
3.330785496 4.77642804945107e-12
3.332136728 9.717934013895e-12
3.333487959 7.015687401007252e-12
3.334839191 4.742573595877432e-12
3.336190422 1.1095003759430968e-11
3.3375416540000002 3.52713238692328e-11
3.3388928850000004 1.1655213005100487e-12
3.340244116 7.36365808541472e-14
3.341595348 2.1068633116265034e-11
3.342946579 5.830158250934334e-11
3.344297811 4.423806603198509e-11
3.345649042 2.3629694284124703e-11
3.347000274 3.719695817639672e-11
3.348351505 3.5374458833991525e-11
3.3497027360000002 4.0875222686402835e-11
3.351053968 3.219673986940245e-11
3.3524051989999997 1.7672394094245037e-11
3.353756431 7.443356886891226e-14
3.355107662 7.921585707102462e-14
3.3564588939999997 1.5164222955460591e-13
3.357810125 1.2445805451132787e-11
3.359161357 2.517049311388899e-11
3.360512588 2.403891226697546e-11
3.3618638190000003 5.6536680037108126e-11
3.363215051 6.899035807699685e-11
3.3645662819999997 1.852977998346907e-11
3.3659175140000004 3.3282996274131595e-11
3.367268745 8.374928156612245e-11
3.368619977 1.0930892419968362e-10
3.369971208 1.0767425148366319e-10
3.371322439 8.025347452385676e-11
3.372673671 6.159947768426552e-11
3.374024902 4.118624040237776e-11
3.375376134 4.67658502454159e-11
3.3767273650000003 7.444663579097092e-11
3.378078597 1.2675709122454887e-10
3.3794298279999997 7.085280079017556e-11
3.38078106 1.9199421171125552e-13
3.382132291 2.981884769717068e-13
3.383483522 1.0338724926180805e-10
3.384834754 9.689688170913606e-11
3.386185985 7.561392491890829e-11
3.387537217 9.39355388297469e-11
3.3888884480000003 1.1080167750619505e-10
3.39023968 4.0745662212375e-11
3.3915909109999998 6.174619905252243e-12
3.3929421430000004 1.0060960385585173e-10
3.3942933739999996 2.0896034509656324e-11
3.3956446049999998 1.5689118595003648e-13
3.396995837 4.903520029972402e-12
3.398347068 1.2302399349124905e-10
3.3996983 1.1381693965265022e-10
3.401049531 6.641182042037486e-11
3.402400763 6.055765064077912e-11
3.4037519940000003 5.7906084141355504e-11
3.405103225 3.888556489213062e-11
3.4064544569999997 4.1644291019446506e-11
3.407805688 3.9657582144870424e-11
3.40915692 2.1559902923379187e-11
3.410508151 8.353358151933152e-11
3.411859383 8.861217421790916e-11
3.413210614 7.711936895952155e-11
3.4145618460000002 7.179720487711765e-11
3.4159130770000004 4.944040579110831e-11
3.4172643079999996 4.044655320008285e-11
3.41861554 1.936859685267274e-13
3.419966771 5.4932327551107736e-11
3.4213180029999997 5.98227816707297e-11
3.422669234 2.579063593810006e-11
3.424020466 5.5372200956003015e-11
3.425371697 7.34107964669475e-11
3.4267229280000002 8.730426078818225e-11
3.42807416 3.067046606354051e-11
3.429425391 1.79131688343372e-12
3.4307766230000003 1.299783786659748e-13
3.432127854 1.820086434543876e-11
3.4334790859999997 7.130878340454766e-11
3.434830317 1.4283452410263096e-13
3.436181549 3.4295833740890263e-13
3.43753278 1.3607598569352481e-12
3.4388840110000003 4.306448628052968e-11
3.440235243 4.798887235252165e-11
3.441586474 2.2637168323852948e-11
3.4429377060000004 9.321205572742726e-11
3.4442889369999996 1.4195609312059684e-10
3.445640169 8.837602986661014e-11
3.4469914 4.5299779991741755e-11
3.448342631 3.7397136937889253e-11
3.449693863 2.559954657784094e-11
3.451045094 5.5132571966086144e-11
3.452396326 5.277406044079553e-11
3.4537475570000002 2.8804748395859238e-11
3.455098789 3.710344867657626e-11
3.45645002 3.2185083374709334e-11
3.4578012520000003 1.0708131300718503e-10
3.459152483 4.939122679581821e-11
3.460503714 1.3460317297546158e-11
3.461854946 1.6875351897449918e-11
3.463206177 1.170368179270373e-10
3.464557409 1.2452580247168315e-10
3.4659086400000003 5.170185191278844e-11
3.467259872 1.730496161065377e-12
3.468611103 2.390729135936061e-12
3.469962335 1.5292380565546501e-13
3.4713135659999996 6.046132744912813e-12
3.4726647969999997 4.125194755739399e-11
3.474016029 4.859925768475195e-12
3.47536726 4.615621595619328e-12
3.476718492 3.797255119294902e-12
3.478069723 1.0505719380707969e-11
3.479420955 2.47806047004057e-11
3.4807721860000003 1.8238868689572336e-12
3.482123417 1.1264352100228837e-13
3.483474649 3.1203175368660973e-13
3.48482588 1.956211349657477e-11
3.486177112 8.011628912175324e-11
3.487528343 5.4757566390545026e-11
3.488879575 3.194446190791221e-11
3.490230806 2.476060388620898e-11
3.491582038 4.734731730057039e-12
3.492933269 3.30642773054624e-11
3.4942845 5.836225449717613e-11
3.495635732 4.5254202830678754e-11
3.496986963 3.41039347505809e-11
3.4983381949999997 9.48657558722411e-12
3.4996894259999998 9.971076892087083e-14
3.501040658 2.614218975456399e-13
3.502391889 2.176792902066341e-11
3.50374312 2.8091208367056023e-11
3.505094352 7.725816123224022e-12
3.506445583 3.501891087438834e-12
3.5077968150000003 2.7865922150973785e-11
3.509148046 4.680369430273608e-11
3.5104992779999997 4.6596152067441424e-12
3.511850509 1.0564992470274016e-13
3.513201741 1.701453862635044e-12
3.514552972 3.0005334973270224e-11
3.515904203 1.8789791351237538e-11
3.517255435 3.710887643965219e-11
3.518606666 5.062606391151552e-11
3.519957898 2.4619080641893403e-11
3.521309129 2.3104181606453295e-11
3.5226603610000002 7.892267796853602e-12
3.524011592 8.853644799311218e-12
3.5253628239999997 7.214849792362899e-12
3.526714055 5.997051802763774e-11
3.528065286 3.644823807277963e-11
3.529416518 1.9389364631126372e-11
3.5307677490000002 2.5031338017637988e-11
3.532118981 4.4154015091298065e-11
3.533470212 6.363361538891631e-11
3.5348214440000003 4.8747832081601466e-11
3.536172675 2.034260430134449e-11
3.537523906 2.314547698302882e-11
3.538875138 2.3436393937211332e-11
3.540226369 6.623204842401506e-11
3.5415776009999997 8.07347406412558e-11
3.542928832 7.59627590796511e-11
3.544280064 6.035437426710455e-11
3.545631295 2.32627075525727e-12
3.546982527 4.253284450701413e-11
3.548333758 5.389167313015272e-11
3.5496849889999997 6.19182126509253e-11
3.551036221 3.089326117633751e-11
3.552387452 3.309926674176143e-11
3.553738684 6.850157309489103e-11
3.555089915 6.749355556604571e-11
3.556441147 5.6802474722599864e-11
3.5577923780000003 6.60183701627488e-11
3.5591436090000004 6.86815932102359e-11
3.560494841 5.1971472099484326e-11
3.561846072 7.421196783537832e-11
3.563197304 7.950504548837914e-11
3.5645485349999997 8.830742778625327e-12
3.565899767 2.014831956038881e-11
3.567250998 8.466986305575563e-11
3.5686022299999998 1.4053313378049125e-10
3.569953461 1.3364363643062066e-11
3.571304692 6.977947701523473e-11
3.572655924 1.2126496486950077e-10
3.574007155 1.3227637426129348e-10
3.575358387 7.80409208422907e-11
3.5767096179999998 3.22296433183292e-11
3.57806085 6.9218807165481476e-12
3.579412081 5.396376324938318e-11
3.580763312 1.271183442614666e-10
3.582114544 9.698875131821959e-11
3.583465775 6.276417862718804e-11
3.5848170070000003 6.37773511037689e-11
3.5861682380000004 6.657970318345521e-11
3.58751947 7.532840531440033e-11
3.588870701 1.1405263683407412e-10
3.5902219329999996 4.434141454323875e-11
3.5915731639999997 4.203284379459048e-11
3.592924395 3.774072031372236e-11
3.594275627 2.539329671224681e-13
3.595626858 3.0220238058670017e-12
3.59697809 3.039351662752509e-11
3.598329321 6.158147880638148e-11
3.5996805530000002 4.400261955892005e-12
3.601031784 3.3648550101119345e-11
3.602383016 9.942007089324384e-13
3.603734247 9.44116114147183e-12
3.605085478 1.7181063666511127e-10
3.60643671 3.464463530403722e-10
3.607787941 2.102717355821583e-10
3.609139173 1.2896532253132879e-10
3.610490404 8.95317429250647e-11
3.6118416360000003 1.1307742690413121e-10
3.6131928670000004 1.1935889650109529e-10
3.6145440979999997 9.324114820983006e-11
3.61589533 9.984767678912595e-11
3.617246561 1.687327165355722e-10
3.6185977929999997 1.0395885202839241e-10
3.619949024 3.437130027879876e-12
3.621300256 6.10989078585724e-11
3.622651487 2.67110562960911e-10
3.624002719 2.574888491691963e-10
3.62535395 1.490244198342188e-10
3.6267051809999997 4.274542623419767e-11
3.628056413 2.79631341791841e-11
3.629407644 4.3856675050546956e-11
3.630758876 4.858879160170284e-11
3.632110107 1.7431422087928144e-11
3.633461339 9.77247124241525e-12
3.6348125700000002 1.2294285102811426e-10
3.6361638010000004 1.0807590007486579e-10
3.637515033 8.823436964036033e-11
3.638866264 9.789316138093442e-11
3.640217496 5.0281823444126165e-12
3.6415687269999997 6.526095513494246e-11
3.642919959 2.2087497415333586e-10
3.64427119 2.828688152001328e-10
3.6456224219999998 3.025921354664321e-10
3.646973653 1.6326041963451236e-10
3.648324884 5.706550354210179e-13
3.649676116 3.0902755779952624e-11
3.6510273470000003 1.414887815242844e-10
3.652378579 2.1673520121414931e-10
3.6537298099999997 2.0275150687741974e-10
3.655081042 2.9254573724521687e-10
3.656432273 6.868926948519623e-11
3.657783504 3.735017445824964e-13
3.659134736 3.8047604105115513e-13
3.660485967 1.072194272725132e-12
3.6618371990000003 6.286717724084934e-11
3.66318843 4.374470481485614e-11
3.664539662 3.810801586156766e-11
3.665890893 3.4122230335352e-12
3.667242125 4.143427490851976e-13
3.6685933559999997 4.205880305637735e-13
3.669944587 9.17881169339933e-12
3.671295819 1.1950341504481234e-10
3.67264705 1.5350027128506748e-10
3.673998282 2.8122951769533047e-10
3.675349513 1.536648400973785e-10
3.676700745 1.3261276711444984e-10
3.6780519760000003 1.6704306935947657e-10
3.679403208 1.2807229002948586e-10
3.6807544389999998 5.133602337366978e-11
3.68210567 7.223399075238382e-11
3.683456902 1.8110586019094634e-10
3.684808133 2.6260241322413464e-10
3.686159365 1.9894000099670664e-10
3.687510596 5.379342954956061e-13
3.688861828 6.474856388492731e-13
3.690213059 4.718551208095059e-11
3.6915642899999996 2.416472215735365e-10
3.692915522 3.413519908320076e-10
3.694266753 2.1763761048269772e-10
3.6956179849999997 8.784281521989778e-11
3.696969216 6.275885142026828e-11
3.698320448 1.0172855866647992e-10
3.699671679 3.0087000138632277e-10
3.701022911 3.8339489369951517e-10
3.702374142 3.749937819837749e-10
3.703725373 4.290177763836852e-10
3.7050766050000004 5.970534855824471e-10
3.706427836 3.9569211709004916e-10
3.707779068 1.675202416074743e-10
3.709130299 2.587443142678668e-10
3.710481531 2.991305041203509e-10
3.711832762 9.503687932044814e-11
3.713183993 8.476620199490074e-12
3.714535225 8.731218695262126e-11
3.7158864560000002 3.6673070137056595e-10
3.717237688 2.2457262871092518e-10
3.7185889189999997 3.52901749778315e-10
3.719940151 5.834167305049264e-10
3.721291382 1.236250903508455e-09
3.7226426139999997 1.3081633127284745e-09
3.723993845 1.0055623936955682e-09
3.725345076 7.887690912752982e-10
3.726696308 2.4323135186862206e-10
3.7280475390000003 3.052969926844057e-11
3.729398771 3.903998602639494e-10
3.730750002 3.6431284681045343e-10
3.7321012340000004 8.284245896224826e-10
3.733452465 7.968829726671718e-10
3.7348036959999997 2.9925270568831253e-10
3.736154928 2.0718665757143652e-10
3.737506159 9.288124047136884e-12
3.738857391 2.523623290114229e-11
3.740208622 9.321679284702512e-10
3.741559854 3.303173564587486e-09
3.7429110850000002 2.498380878381451e-09
3.744262317 9.698095427838548e-10
3.7456135479999997 9.255679408604308e-10
3.746964779 2.9864401110518794e-09
3.748316011 4.435755743350031e-09
3.749667242 6.894256877683255e-09
3.751018474 5.870638820864221e-09
3.752369705 3.0980291504149453e-09
3.753720937 7.36216089870158e-10
3.7550721680000003 4.4752265662523254e-10
3.7564234 1.8160497057980218e-11
3.757774631 7.067733693719504e-12
3.759125862 7.520656388772281e-12
3.7604770939999996 3.6900078292614643e-10
3.7618283249999998 6.684031353896995e-09
3.763179557 4.518985578486409e-09
3.764530788 1.2445906782723939e-09
3.76588202 2.872190555272398e-09
3.767233251 3.2314124881311643e-09
3.768584482 3.7118723267616985e-09
3.7699357140000003 4.722650259544603e-09
3.771286945 4.053689821901381e-09
3.7726381769999997 3.5834156592748138e-09
3.773989408 3.3793619390101963e-09
3.77534064 5.08179606358086e-09
3.776691871 3.6895840264479222e-09
3.778043103 1.7561482618760015e-09
3.779394334 4.365299222090563e-09
3.780745565 8.502861286370908e-09
3.7820967970000003 9.718678461646988e-09
3.7834480279999996 7.96432282038377e-09
3.7847992599999998 3.3733198976146937e-09
3.786150491 6.074000437929344e-09
3.7875017229999997 6.674017570898125e-09
3.7888529539999998 7.853789166238298e-09
3.790204185 6.901784519624259e-09
3.791555417 8.098903825838117e-09
3.792906648 1.6328393042026365e-08
3.79425788 2.6199247833500925e-08
3.795609111 2.0288786223380712e-08
3.7969603430000003 1.791187887934641e-08
3.798311574 2.9241989538775914e-08
3.7996628059999997 3.058416471633243e-08
3.801014037 1.3913762384421952e-08
3.802365268 2.0330329127241762e-08
3.8037165 2.198693922282895e-08
3.8050677310000003 2.698063728391937e-08
3.806418963 5.170087340287455e-08
3.807770194 6.239287908636502e-08
3.8091214260000004 3.372782009448793e-08
3.8104726569999996 2.054479018937148e-08
3.811823889 1.5872905836486832e-10
3.81317512 2.06192770220561e-09
3.814526351 7.502901971211577e-09
3.815877583 2.481946719331519e-09
3.817228814 1.9739844420947936e-08
3.818580046 4.403649120911317e-08
3.8199312770000002 3.4731596177059294e-08
3.821282509 1.9878212544024925e-09
3.82263374 2.7949610747282966e-08
3.823984971 4.817892317760815e-09
3.825336203 1.5468553512615414e-08
3.826687434 1.5394027265272307e-08
3.828038666 1.0000513240416553e-08
3.829389897 1.9830092626579817e-08
3.830741129 5.32233091885632e-08
3.8320923600000003 1.0760398612474428e-07
3.833443592 1.4562930246570586e-07
3.834794823 2.0641871011840215e-07
3.836146054 2.512758650940033e-07
3.8374972859999996 2.278963371965852e-07
3.8388485169999997 2.10583105322518e-07
3.840199749 1.4845987463100036e-07
3.84155098 2.1363451982679165e-08
3.842902212 5.33863655423904e-10
3.844253443 1.2160443502729617e-08
3.845604674 1.5491726481287758e-07
3.8469559060000003 3.025131909582414e-07
3.848307137 3.670405824870963e-07
3.849658369 2.7922299431271984e-07
3.8510096 1.6427118122038214e-07
3.852360832 1.0065998017480095e-08
3.853712063 2.363185514926829e-09
3.855063295 3.3186015453505233e-07
3.856414526 4.5881835421672565e-07
3.857765757 2.7604401813125495e-07
3.859116989 1.5375307940773861e-07
3.86046822 3.978609115472809e-07
3.861819452 5.743575034588591e-07
3.863170683 5.652541499390073e-07
3.8645219149999996 5.817831246031079e-07
3.8658731459999998 8.096491850467127e-07
3.867224377 9.99485068318882e-07
3.868575609 5.955373967892024e-07
3.86992684 1.2816517270087558e-07
3.871278072 3.055201487287235e-07
3.872629303 2.4282011222028466e-07
3.8739805350000003 2.8773963346492636e-08
3.875331766 1.810877776958566e-09
3.876682998 1.9298296316922113e-09
3.878034229 2.052228588978062e-09
3.87938546 2.177445811970604e-09
3.880736692 3.0027068133215685e-09
3.882087923 7.649417639522933e-07
3.883439155 1.6646102291484818e-06
3.884790386 2.1349086103488787e-06
3.886141618 2.6528890599369093e-06
3.887492849 2.535389360666041e-06
3.8888440810000002 1.7391579984961918e-06
3.890195312 1.521458740829044e-06
3.891546543 2.4551442577182576e-06
3.892897775 2.3752041105510517e-06
3.894249006 2.0435489728617114e-06
3.895600238 1.369894208063588e-06
3.8969514690000002 1.4091622503616653e-06
3.898302701 8.349313854194484e-07
3.899653932 6.426898264141424e-07
3.9010051629999998 6.408150781729844e-08
3.902356395 2.7389058703875852e-08
3.903707626 5.613452532534709e-09
3.905058858 4.2648931468811365e-09
3.906410089 4.332790705892952e-09
3.9077613209999997 4.3964290935146554e-09
3.909112552 4.456041602603205e-09
3.910463784 2.2275222961387726e-08
3.911815015 7.770547772509252e-07
3.913166246 2.655134337390757e-06
3.914517478 4.127957791806682e-06
3.9158687089999997 4.57521029132857e-06
3.917219941 2.6174870103676026e-06
3.918571172 1.4345620405046376e-06
3.919922404 6.831301661156316e-07
3.921273635 1.0728018758277926e-06
3.922624866 2.2482213353214095e-06
3.9239760980000002 4.056114982748107e-06
3.9253273290000004 3.6300334991329046e-06
3.926678561 2.5219960827073084e-07
3.928029792 6.226794296175029e-07
3.929381024 3.551106387409653e-06
3.9307322549999997 3.140421728926445e-06
3.932083487 1.734879537210087e-06
3.933434718 1.601810685245756e-06
3.934785949 1.317384311209297e-06
3.936137181 8.154255226831759e-07
3.937488412 2.706125738670667e-07
3.938839644 3.876865771119937e-07
3.940190875 9.736044218121385e-07
3.941542107 1.6853054779025992e-06
3.9428933379999997 2.461192107888537e-06
3.944244569 4.1284872120393745e-06
3.945595801 4.02575707588402e-06
3.946947032 2.9603704427847584e-06
3.948298264 2.385226271551847e-06
3.949649495 2.1451202214584337e-06
3.9510007270000003 2.214613800516899e-06
3.9523519580000004 3.989840612180417e-06
3.95370319 6.292226318648006e-06
3.955054421 5.956211754252379e-06
3.956405652 4.313447486551052e-06
3.9577568839999997 4.460727691282083e-06
3.959108115 3.1989217159993626e-06
3.960459347 2.4616904552609936e-06
3.961810578 4.752928036935996e-06
3.96316181 5.807947063741966e-06
3.964513041 4.823172079239883e-06
3.965864273 2.42297302265008e-06
3.967215504 6.729002344056513e-07
3.968566735 8.964758099244068e-08
3.9699179669999998 9.84444043558286e-07
3.971269198 3.987953610230125e-06
3.97262043 6.454255867870011e-06
3.973971661 7.933837869698273e-06
3.975322893 6.274819636928018e-06
3.976674124 6.494420153924316e-06
3.978025355 8.611572033857597e-06
3.9793765870000004 1.1403157612777897e-05
3.9807278179999996 1.158211336283559e-05
3.98207905 9.650534387638816e-06
3.983430281 8.49062122278066e-06
3.9847815129999997 7.027406761066837e-06
3.986132744 3.7033645321692406e-06
3.987483976 2.3657684412863433e-06
3.988835207 3.2068796880414853e-06
3.9901864380000003 4.74112019133026e-06
3.99153767 4.714766836587304e-06
3.9928889009999997 2.2373516703518018e-06
3.994240133 1.451699839112658e-06
3.995591364 1.1284957538612102e-06
3.996942596 6.576658172065821e-07
3.998293827 9.921115131106288e-07
3.999645058 2.285033684453948e-06
4.00099629 4.426699470746681e-06
4.002347521 6.056549745429641e-06
4.003698753 6.929944603898361e-06
4.005049984 4.995976724373113e-06
4.006401216 2.417298258206207e-06
4.007752447 7.642060032979863e-07
4.009103679 2.242595867706609e-06
4.01045491 2.8415048245832232e-06
4.011806141 3.3406190526111172e-06
4.013157373 3.775252615940438e-06
4.014508604 2.8699274168524148e-06
4.015859836 3.3679197487199907e-06
4.017211067 5.8131814924610975e-06
4.018562299 7.133519546852499e-06
4.01991353 5.774722332457232e-06
4.021264761 4.296032574970228e-06
4.022615993 3.424943189261209e-06
4.023967224 2.21553236500464e-06
4.025318456 1.7668385493442411e-06
4.026669687 2.2490532354373473e-06
4.028020919 3.1178424805244726e-06
4.02937215 3.693744910475853e-06
4.030723382 2.3871495783908816e-06
4.032074613 2.438909125856362e-06
4.033425844 3.218956389440055e-06
4.034777076 4.015969855750119e-06
4.036128307 3.882303816848791e-06
4.037479539 2.941892882647842e-06
4.03883077 2.957032114242895e-06
4.040182002 4.475774045282409e-06
4.041533233 7.327785421888567e-06
4.042884465 8.152252200574986e-06
4.044235696 5.83365333869029e-06
4.0455869269999996 2.6835325840296494e-06
4.046938159 1.6928590874049894e-06
4.04828939 1.1289318464572864e-06
4.049640622 2.4374059518309396e-06
4.050991853 1.921483406828049e-06
4.052343085 1.1551702995258943e-06
4.053694316 2.2667901493993246e-06
4.055045547 3.3980130034598306e-06
4.056396779 3.3919771296426005e-06
4.05774801 2.7965597960359387e-06
4.059099241999999 2.095084138074034e-06
4.0604504729999995 1.0215902292812189e-06
4.061801705 1.404394098889326e-07
4.063152936 2.170592465045711e-07
4.064504168 6.943635174836243e-09
4.065855399 5.354730299432219e-09
4.06720663 2.4046357564125194e-08
4.0685578620000005 3.328191112064582e-07
4.069909093000001 1.5862747041923592e-06
4.071260325 4.170776420710624e-06
4.072611556 4.170519009714703e-06
4.073962788 1.062026433244536e-06
4.075314019 2.0054372874132183e-08
4.07666525 5.371622053723985e-09
4.078016482 5.373130608211993e-09
4.079367713 5.374588324520575e-09
4.080718945 5.375667915071506e-09
4.082070176 5.376372154841534e-09
4.083421408 5.3769905136748815e-09
4.084772639 1.1386090054337843e-08
4.086123871 1.540099087564663e-07
4.087475102 2.7198446076040195e-06
4.088826333 3.4511698773746435e-06
4.090177565 3.1358071520023003e-06
4.091528796 2.32884142699653e-06
4.092880028 7.205107072893142e-07
4.094231259 8.454272457470947e-07
4.095582491 1.5917179172466114e-07
4.096933722 1.1163131485790155e-06
4.098284953 1.6133686089079688e-06
4.0996361850000005 1.0332196102144144e-06
4.100987416 7.348158701764497e-08
4.102338648 5.969939598548743e-08
4.103689878999999 1.5085049222557455e-08
4.105041110999999 1.438756461417589e-06
4.106392342 2.9204335722204054e-06
4.107743574 1.291403546853404e-06
4.109094805 3.6163014879280685e-08
4.110446036 2.82113851411775e-08
4.111797268 6.086065806403514e-07
4.113148499 2.410092265689053e-06
4.1144997309999995 2.512146582400389e-06
4.115850962000001 1.480378817673241e-06
4.117202194000001 2.4229800171655567e-07
4.118553425 6.420976009967853e-07
4.119904657 1.1767014837443557e-07
4.121255887999999 5.397655008590121e-09
4.122607119 2.375473707135938e-07
4.123958351000001 3.396650021043357e-07
4.125309582 2.7054599567387036e-08
4.126660814 5.4004970588508425e-09
4.128012045 6.666731225512284e-09
4.129363277 1.2923686167419628e-07
4.130714508 8.897574672864285e-09
4.132065739 5.402572031347637e-09
4.133416971 5.4026765144012185e-09
4.134768202 9.838062179668534e-09
4.136119434 5.062545694232077e-07
4.1374706649999995 1.159932370424055e-06
4.138821897 9.853344645924123e-07
4.140173128000001 4.3665311675820984e-08
4.14152436 1.1637959914767186e-08
4.142875591 1.1836915441856437e-07
4.144226821999999 5.938601707219948e-09
4.145578054 5.4085543009550925e-09
4.146929285000001 5.409914804168386e-09
4.148280517 2.1434512520103098e-08
4.149631748 1.9395085649167499e-07
4.15098298 5.419501577849847e-09
4.152334211 5.420054256772514e-09
4.153685442 5.420558856740273e-09
4.155036674 5.421008517971276e-09
4.156387905 5.421447251429529e-09
4.157739136999999 5.421821728504044e-09
4.159090368 5.422126465034769e-09
4.1604416 5.425063199824572e-09
4.161792831 5.42873368441245e-09
4.163144063 5.42898909988934e-09
4.164495294 5.429192897333114e-09
4.165846525 5.4293857730558934e-09
4.167197757 5.4295230136835424e-09
4.1685489879999995 5.429531446838289e-09
4.169900220000001 5.429495656142869e-09
4.171251451 5.429480597209891e-09
4.172602683 5.429392521118688e-09
4.173953914 5.429241739928184e-09
4.1753051459999995 5.4290391233453185e-09
4.1766563770000005 5.428790399856914e-09
4.178007608 5.428460644400039e-09
4.17935884 5.428104245757133e-09
4.180710071 7.220022564489792e-08
4.182061303 5.171572967713316e-07
4.183412534 1.1057130743525602e-06
4.184763766 1.1947689235810062e-06
4.186114997 1.1636457099700944e-06
4.187466228 1.1623399688486377e-06
4.18881746 1.430440653994508e-06
4.190168691 2.180215950416121e-06
4.1915199229999995 3.351292723913033e-06
4.1928711540000005 3.2955358713524676e-06
4.194222386000001 1.269569094276869e-06
4.195573617 3.1190490347489676e-08
4.196924849 1.1003868218143391e-08
4.198276079999999 5.114786858579741e-08
4.199627311 5.791918921713475e-09
4.200978543 4.884766526463961e-07
4.202329774 4.327936590728706e-06
4.203681006 5.469957402159067e-06
4.205032237 5.457500685291452e-06
4.206383469 4.042120000366385e-06
4.2077347 3.169416872909361e-06
4.209085931 3.506574919183206e-06
4.210437163 4.302498564463123e-06
4.211788394 5.53219870112889e-06
4.213139626 6.477434815993926e-06
4.2144908569999995 5.46136884411449e-06
4.215842089 3.798850954576708e-06
4.217193320000001 4.328207943193692e-06
4.218544552 2.47673617088005e-06
4.219895783 1.0908764831936626e-08
4.221247013999999 7.399628035605995e-08
4.2225982459999996 1.0558506272302014e-06
4.223949477 3.905590171729114e-06
4.225300709 4.8508897060804615e-06
4.22665194 3.7741084392739828e-06
4.228003171999999 1.9192545375120637e-06
4.229354403 1.833529009084556e-07
4.2307056339999995 2.400769215898141e-07
4.232056866 1.0896765271528822e-06
4.233408097000001 1.6321886777278875e-06
4.234759329 3.938468428757138e-06
4.23611056 7.022322912964964e-06
4.237461792 9.119258957453144e-06
4.238813023 9.376436182219188e-06
4.240164255 9.058993163879278e-06
4.241515486 7.77776366417837e-06
4.242866717 5.410399483090253e-06
4.244217949 2.912068412393247e-06
4.24556918 3.2658552435965377e-06
4.246920412000001 4.772221336734998e-06
4.248271643 5.9608407412640134e-06
4.249622875 4.244323415183022e-06
4.250974105999999 8.04439364259277e-07
4.2523253379999995 1.213304828879238e-07
4.2536765690000005 2.5196726763728683e-06
4.2550278 2.3560495560967936e-06
4.256379032 1.9526161150717787e-06
4.257730263 2.576337796588964e-06
4.259081495 7.426757917107364e-07
4.260432726 5.5155833697873507e-08
4.261783958 5.69941035910774e-09
4.263135189 5.387013981963806e-09
4.26448642 3.064793146826069e-08
4.265837652 6.266538863522672e-07
4.267188883 2.166047548079138e-06
4.2685401149999995 2.2062307898981365e-06
4.2698913460000005 1.518440626295384e-06
4.271242578000001 7.04787334453813e-07
4.272593809 1.5662889639004582e-07
4.273945041 6.669147788747812e-09
4.275296271999999 5.27097050814274e-09
4.276647503 2.6646425482803617e-08
4.277998735 1.054370847804249e-06
4.279349966 2.7742753579155076e-06
4.280701198 3.202966527285362e-06
4.282052429 2.6650793883588835e-06
4.283403661 1.476996932206045e-06
4.284754892 4.741023014434725e-07
4.286106123 1.0045284574023696e-08
4.287457355 5.350587254368803e-09
4.288808586 5.374893936970694e-09
4.290159818 6.034794038580038e-09
4.2915110489999995 1.6512770033627673e-07
4.292862281 2.2143525051733894e-08
4.294213512000001 5.404149315497545e-09
4.295564744 5.409206965956271e-09
4.296915975 5.409426170372397e-09
4.298267206 5.409646887127073e-09
4.299618438 5.409874540755604e-09
4.300969669 5.409492705646997e-09
4.302320901 5.408851078735036e-09
4.303672132 5.408195064666906e-09
4.305023363999999 5.407541444008079e-09
4.306374595 8.565008328257048e-09
4.3077258259999995 6.785864499217844e-07
4.309077058 6.815260043919051e-07
4.310428289000001 5.108670660075427e-08
4.311779521 7.841930068776022e-09
4.313130752 1.762920293429735e-07
4.314481984 1.2287745811038494e-08
4.315833215 4.595585654571203e-09
4.317184447 4.188799751633696e-09
4.318535678 5.249268109310123e-09
4.319886909 2.639546972915539e-07
4.321238141 1.6880265840802596e-06
4.322589372 2.8535256657436044e-06
4.323940604000001 3.543151391952918e-06
4.325291835 3.618345009555049e-06
4.326643067 2.667885007208721e-06
4.327994297999999 2.032833831825893e-06
4.329345529999999 2.1030026425589004e-06
4.3306967610000004 1.863310320859865e-06
4.332047992 9.674048362871628e-08
4.333399224 8.245625065690268e-09
4.334750455 2.9198253713703414e-07
4.336101687 1.5182445078854965e-08
4.337452918 5.389429876466752e-09
4.33880415 7.497130572782098e-09
4.340155381 1.7572911628387626e-07
4.341506612 1.479392722344531e-08
4.342857844 5.385414524517614e-09
4.344209075 5.3843032688435e-09
4.3455603069999995 5.3864632677988454e-09
4.3469115380000005 5.387887639963984e-09
4.34826277 1.6133968129927582e-08
4.349614001 5.147260725178155e-07
4.350965233 1.303160608827485e-06
4.352316464 1.3958358771820446e-06
4.353667695 6.533340894187122e-07
4.355018927 1.6045248772712345e-07
4.356370158 2.3000789420309525e-07
4.35772139 6.006452647096508e-07
4.359072621 1.3723320169444558e-06
4.360423853 3.0552642099290633e-06
4.361775084 3.0700149523393158e-06
4.363126315000001 1.4691673796292982e-06
4.364477547000001 1.1936294213453902e-06
4.365828778 5.572893762927508e-07
4.36718001 1.6684777079943922e-07
4.3685312409999995 1.566364243584006e-06
4.369882473 1.9018017957986265e-06
4.371233704 1.0294197253372272e-06
4.372584936 2.334835912768109e-08
4.373936167 5.356754369700284e-09
4.375287398 5.354303785470795e-09
4.37663863 5.351801698617813e-09
4.377989861 7.839034571394907e-08
4.379341093 1.878781551460398e-06
4.380692324 2.317699384226199e-06
4.382043555999999 2.3506389875981315e-06
4.383394787 2.1805322579064427e-06
4.3847460179999995 1.7660975829613776e-06
4.38609725 1.1307447586771482e-06
4.387448481000001 2.0352599470873475e-08
4.388799713 5.3285972723551664e-09
4.390150944 5.3259580416845525e-09
4.391502176 5.32330290676808e-09
4.392853407 5.320658346036654e-09
4.394204639 5.318039341705178e-09
4.39555587 5.315447366398151e-09
4.396907101 5.3132056016755415e-09
4.398258332999999 5.3111483709706305e-09
4.399609564 5.309111325623553e-09
4.400960796000001 5.30709933215867e-09
4.402312027 5.305109226637693e-09
4.403663259 5.303167378018298e-09
4.405014489999999 5.301342749269247e-09
4.406365721999999 5.305226684716944e-09
4.407716953 5.303413672010766e-09
4.409068184 5.3016760337473645e-09
4.410419416 5.299989020019689e-09
4.411770647 5.298369478892814e-09
4.413121879 5.297547742897128e-09
4.41447311 5.301364067692191e-09
4.415824342 5.299942926550419e-09
4.417175573000001 5.298592626915709e-09
4.418526804 1.3727348820156988e-08
4.419878036 1.0400539369958892e-06
4.421229266999999 1.521453548103523e-08
4.4225804989999995 5.293763117720406e-09
4.4239317300000005 5.2926918389833845e-09
4.425282962 5.291654119909413e-09
4.426634193 5.290676802954235e-09
4.427985425 5.2897328757139935e-09
4.429336656 5.288849555277901e-09
4.430687887 5.28794989560375e-09
4.432039119 5.287048843743708e-09
4.43339035 5.2861730305817315e-09
4.434741582 5.285346202411965e-09
4.436092813 5.2845527710683005e-09
4.437444045 5.283791682558684e-09
4.438795276 5.283055103786318e-09
4.440146507000001 5.2823517884797235e-09
4.441497739000001 5.281738127090718e-09
4.44284897 5.281142207172613e-09
4.444200202 5.2805427184967686e-09
4.445551432999999 5.4895942754429607e-08
4.446902665 2.0167678664124508e-07
4.448253896 5.851255808897907e-09
4.449605128 5.277467675927019e-09
4.450956359 5.276681516823359e-09
4.45230759 5.2759028047842456e-09
4.453658822 5.275117317917357e-09
4.455010053 5.274335873546183e-09
4.456361285 5.273555424129784e-09
4.457712516 5.272776138080466e-09
4.459063747999999 5.2719962238396e-09
4.460414979 5.271216654454853e-09
4.4617662110000005 5.270476120478305e-09
4.463117442 5.26972825431899e-09
4.464468673000001 5.268983841831801e-09
4.465819905 5.26820802672967e-09
4.467171136 5.267435280527976e-09
4.468522368 5.266644182667251e-09
4.469873599 1.1615719143783127e-08
4.471224831000001 8.666714446564671e-07
4.472576062 7.885771224534343e-07
4.473927293 8.700812114084216e-08
4.475278524999999 5.262486804517511e-09
4.476629756 5.265254414440927e-09
4.4779809880000006 5.266498487906907e-09
4.479332219 5.26561020847368e-09
4.480683451 5.264689976447616e-09
4.482034682 5.263754171544521e-09
4.483385914 5.262780000568119e-09
4.484737145 5.266213653409513e-09
4.486088376 5.266773664660603e-09
4.487439608 5.265740974417956e-09
4.488790839 5.264688195335589e-09
4.490142071 5.263619441099075e-09
4.491493302 5.262493418845857e-09
4.492844534 5.261329370456779e-09
4.494195765000001 5.260139032116661e-09
4.495546996 5.258827624878935e-09
4.496898228 5.257520691233412e-09
4.498249458999999 5.256174197385553e-09
4.4996006909999995 5.254811893776662e-09
4.5009519220000005 5.2534875364755216e-09
4.502303154 5.2521860114869085e-09
4.503654385 5.2508487670175974e-09
4.505005617 5.249464629214885e-09
4.506356848 5.248060437276097e-09
4.507708079 5.246613203571868e-09
4.509059311 5.245136624094092e-09
4.510410542 5.2435924825426035e-09
4.511761774 5.242020089577026e-09
4.513113005 5.2404029544546335e-09
4.514464237 5.2387635218113495e-09
4.5158154679999996 5.237073307783073e-09
4.517166699000001 5.235347349985152e-09
4.518517931 1.6909085101409908e-08
4.519869162 2.222110640035186e-06
4.521220394 4.603684275885046e-06
4.522571624999999 2.7439921897318465e-06
4.523922857 1.9344186325688507e-06
4.525274088 1.9727566149370293e-06
4.52662532 2.1607545654309165e-06
4.527976551 2.5077223442740786e-06
4.529327782 1.4929194180657552e-06
4.530679014 1.1333139165500655e-07
4.532030245 5.214253061364215e-09
4.533381477 5.212060429193656e-09
4.534732708 5.209829987566786e-09
4.53608394 5.207612303951289e-09
4.537435171 5.205349888909158e-09
4.5387864030000005 5.203056944094708e-09
4.540137634 5.200728783338995e-09
4.541488865 5.1983970180461664e-09
4.542840097 5.196042429373876e-09
4.544191328 5.193631732580747e-09
4.5455425599999995 5.19117770031854e-09
4.5468937910000005 5.188668689757105e-09
4.548245023000001 5.186154263551762e-09
4.549596254 5.1835942579348905e-09
4.550947485 1.0577882055546864e-07
4.552298716999999 2.6434314964409843e-06
4.553649948 2.558586858339461e-06
4.5550011800000005 1.1160551735479915e-06
4.556352411 3.9660402850605545e-06
4.557703643 7.222287537580712e-06
4.559054874 1.2869730013042198e-05
4.560406106 2.6615413227502606e-05
4.561757337 4.4146657696002756e-05
4.563108568 6.693503348354646e-05
4.5644598 9.884864446999313e-05
4.565811031 0.00014223021028378116
4.567162263 0.00019440724985691132
4.568513493999999 0.00025955555789042365
4.569864726 0.00033831363106055215
4.571215957000001 0.0004317860953484794
4.572567188 0.0005469889866261566
4.57391842 0.0006868835508925144
4.575269650999999 0.000838253497261731
4.5766208829999995 0.001001117141465389
4.5779721140000005 0.0011699603475783854
4.579323346 0.0012972715169497148
4.580674577 0.0013969326023096846
4.582025809 0.0014617327255150732
4.58337704 0.0014565651549651223
4.584728271 0.001432344060927576
4.586079503 0.0013913185000197473
4.587430734 0.0013560400830036669
4.588781966 0.001335557225531138
4.590133197 0.0013288530794751839
4.591484429 0.001356880195251466
4.5928356599999995 0.001405019939894847
4.5941868910000005 0.0014748263795209895
4.595538123 0.001582523674897088
4.596889354 0.0017130005487565815
4.598240586 0.001870989036171444
4.599591817 0.0020807946437267767
4.6009430490000005 0.002333408489248618
4.60229428 0.002640056204845553
4.603645512 0.0030326793709413422
4.604996743 0.0035122354180595378
4.606347974 0.004105229669204395
4.607699206 0.004870600267066654
4.609050437 0.005821012410258303
4.610401669 0.007017425084080329
4.611752900000001 0.008578974074789551
4.613104132 0.010567513704592557
4.614455363 0.013143052482313872
4.6158065950000005 0.016575822916603828
4.617157826 0.02106740227061249
4.618509057 0.027057193340031222
4.619860289 0.03512941590229814
4.62121152 0.04578952994593389
4.622562751999999 0.05992696391276204
4.6239139830000004 0.07803404548926056
4.625265215000001 0.10088863047715636
4.626616446 0.12830311372877476
4.627967677 0.1588832401104324
4.629318908999999 0.193300721146416
4.63067014 0.2269870732509943
4.6320213720000005 0.25855236981077745
4.633372603 0.2888002341520808
4.634723835 0.3104644435367363
4.636075066 0.32688242014521385
4.637426298 0.33878100721184823
4.638777529 0.34277925771208956
4.64012876 0.3444943918113688
4.641479992 0.34408816185126845
4.642831223 0.3428519726198036
4.644182455 0.3421687798069223
4.645533685999999 0.34215175370060563
4.646884918 0.34371755454539366
4.648236149000001 0.34590814801666464
4.64958738 0.34888370611057523
4.650938612 0.35199149736791974
4.652289842999999 0.35525802020093783
4.6536410749999995 0.3574888285325789
4.6549923060000005 0.3585219329843853
4.656343538 0.3587885731148871
4.657694769 0.357614956909199
4.659046001 0.3556167799065038
4.660397232 0.3531579464160547
4.661748463 0.3504382849630036
4.663099695 0.3480776035965094
4.664450926000001 0.34601340109464984
4.665802158 0.3450302927525192
4.667153389 0.34417387310568703
4.668504621 0.3434651262028952
4.6698558519999995 0.3407794565973761
4.6712070830000005 0.33597823978357505
4.672558315 0.3276003163183165
4.673909546 0.31256041457149175
4.675260778 0.2941752212417048
4.676612009 0.26902448855067407
4.6779632410000005 0.23939460667771043
4.679314472 0.20935828033705356
4.680665704 0.17600653307808634
4.682016935 0.14502101369652165
4.683368166 0.11735090840326638
4.684719398 0.09212767060068856
4.686070629 0.07171039847279836
4.687421861 0.05515971907954042
4.688773092 0.04217499072082024
4.690124324 0.03224636973476568
4.691475555 0.024733853940623704
4.6928267869999996 0.019128493680706356
4.694178018 0.014877174792220527
4.695529249 0.011725832354460015
4.696880481 0.00932475587189666
4.698231712 0.00747897200727685
4.699582943999999 0.006079666895854056
4.700934175 0.004971758261399826
4.702285407000001 0.004099642200571727
4.703636638 0.0034171906385684473
4.704987869 0.002863273010630224
4.706339100999999 0.0024200423323928236
4.707690332 0.002060056675319028
4.7090415640000005 0.0017618524372583293
4.710392795 0.0015237192862125916
4.711744027 0.0013231214516876118
4.713095258 0.0011535940424353425
4.71444649 0.0010092177314402477
4.7157977209999995 0.0008848459315783008
4.717148952 0.0007787373851857802
4.718500184000001 0.0006868911658787903
4.719851415 0.0006065491558133566
4.721202647 0.0005362654459258153
4.722553877999999 0.00047573934794949683
4.72390511 0.0004231862027150697
4.725256341000001 0.0003781959423520537
4.726607572 0.00033958641862336694
4.727958804 0.00030717159166002665
4.729310035 0.00028284043581564927
4.730661267 0.00026251742900620337
4.7320124980000005 0.00024665228405397943
4.73336373 0.0002334271973329432
4.734714961 0.00022226230300283014
4.736066193 0.00021340235574753092
4.737417424 0.0002037651799836457
4.738768654999999 0.00019277366104192278
4.740119887 0.00018000302205296121
4.741471118000001 0.00016761284113326735
4.74282235 0.00015646831594164377
4.744173581 0.00014681726191487397
4.745524813 0.00013830051034163015
4.7468760439999995 0.00013190047729574647
4.748227276 0.00012537234193547205
4.749578507 0.00011835503345062171
4.750929738 0.00010678003827416277
4.75228097 9.430976998331464e-05
4.753632201 7.987747043819516e-05
4.7549834330000005 6.84335550268603e-05
4.756334664 5.932315710821455e-05
4.757685896 5.307083954832257e-05
4.759037127 4.781767104439847e-05
4.760388358 4.343027153233007e-05
4.76173959 3.9110096012713605e-05
4.763090821 3.488783321147954e-05
4.764442053 2.889543401612214e-05
4.765793284 2.283863717677452e-05
4.767144516 1.6908645547261217e-05
4.768495747 9.137325601075159e-06
4.7698469789999995 4.031406703987036e-06
4.77119821 8.849224530410863e-07
4.772549441 7.273112416189316e-08
4.773900673 5.0902795250900524e-09
4.775251904 4.729804863599046e-09
4.776603135999999 4.727112623842793e-09
4.777954367 4.724379580423631e-09
4.779305599000001 3.9247646219464226e-08
4.78065683 1.982362016730959e-06
4.782008061000001 3.038322481509459e-06
4.783359293 4.842622036153596e-06
4.784710524 4.948860565600248e-06
4.7860617560000005 5.798254517354193e-06
4.787412987 6.939603979449598e-06
4.788764219 8.363225639461733e-06
4.79011545 9.644170741837826e-06
4.791466682 1.1472233316111022e-05
4.7928179129999995 1.2277691136526058e-05
4.7941691440000005 1.1908915210787171e-05
4.795520376000001 1.057243390804586e-05
4.796871607 1.0239710733164596e-05
4.798222839 1.0911772643683531e-05
4.799574069999999 1.197337545468499e-05
4.800925302 1.245938813975997e-05
4.802276533000001 1.1266666209577309e-05
4.803627764 8.198763823379737e-06
4.804978996 6.249722081285283e-06
4.806330227 3.2896231972845785e-06
4.807681459 2.513021477890711e-06
4.80903269 1.2684138100903487e-06
4.810383922 4.5124626479293753e-07
4.811735153 2.5330935133468306e-07
4.813086384999999 1.121709864012377e-06
4.814437616 3.051569475098573e-06
4.815788846999999 3.932680904678171e-06
4.817140079 3.6623716003055487e-06
4.818491310000001 3.0622395967998856e-06
4.819842542 2.5705191755813627e-06
4.821193773 2.6405452957276107e-06
4.822545005 2.602811090008098e-06
4.8238962359999995 9.50615705873674e-08
4.825247468 4.6391192897174015e-09
4.826598699 4.637190731521069e-09
4.82794993 4.635321324144251e-09
4.829301162 4.633472148296908e-09
4.830652393 4.631600262544556e-09
4.8320036250000005 4.629711898059941e-09
4.833354856 4.627876504633424e-09
4.834706088 4.6260777673788235e-09
4.836057318999999 4.624259214544967e-09
4.83740855 4.622399818678766e-09
4.838759782 4.6205076469338754e-09
4.840111013 4.618610573884437e-09
4.841462245 4.616674101752929e-09
4.842813476 4.614654255248908e-09
4.844164708 4.612548137004824e-09
4.845515939 4.610375183565402e-09
4.8468671709999995 4.608164121757518e-09
4.8482184020000005 4.6058949287487156e-09
4.849569633 4.603502028490068e-09
4.850920865 4.601075259467242e-09
4.852272096 4.598592592458827e-09
4.853623327999999 4.596039137427725e-09
4.854974559 4.5933919837979424e-09
4.856325791000001 4.590583830597546e-09
4.857677022 4.587634731133858e-09
4.859028253 4.5845634464215265e-09
4.860379485 4.581381068147741e-09
4.861730716 4.578051518794382e-09
4.863081948 4.574532825136529e-09
4.864433179 2.0977562263858496e-08
4.865784411 7.669074497256064e-07
4.867135642 4.7380480695362885e-07
4.868486874 1.290914208436045e-07
4.8698381049999995 8.584236634940788e-09
4.8711893360000005 4.549821127546972e-09
4.872540568000001 4.545001535907402e-09
4.873891799 4.540021210647779e-09
4.875243031 4.534846483996306e-09
4.876594261999999 4.532394108191871e-09
4.8779454939999995 4.52882544711437e-09
4.879296725000001 4.521272610590227e-09
4.880647956 4.513531277740181e-09
4.881999188 4.5056420660584774e-09
4.883350419 4.497564876067565e-09
4.884701651 4.489335813634017e-09
4.8860528819999995 4.480984453584153e-09
4.887404114 4.47250952763925e-09
4.888755345 4.4638706961919934e-09
4.890106576999999 4.455071278702604e-09
4.891457808 4.446122818644751e-09
4.892809038999999 4.4370858019652566e-09
4.894160271 4.427956057648955e-09
4.895511502000001 4.418692001691484e-09
4.896862734 4.409308483195832e-09
4.898213965 4.399836184641726e-09
4.899565197 4.390319807207012e-09
4.900916428 4.380752000335789e-09
4.902267660000001 4.371101578287623e-09
4.903618891 4.361392188638834e-09
4.904970122 4.387644257976976e-09
4.906321354 2.264832369455117e-08
4.907672585 2.042995444138651e-07
4.9090238170000005 1.282412242986706e-06
4.910375048 4.2994893557857295e-06
4.91172628 6.264441967524963e-06
4.913077511 6.464720314663182e-06
4.914428742 6.221644174468906e-06
4.915779974 5.846341450664358e-06
4.917131205 5.536181367721854e-06
4.918482437 5.691617626378727e-06
4.919833668 3.942365098405829e-06
4.9211849 1.9150066434309974e-06
4.922536131 6.268702365711973e-08
4.9238873629999995 4.217286404398598e-09
4.9252385940000005 4.207829225422402e-09
4.926589825 1.145488320610793e-08
4.927941057 3.600269509077313e-07
4.929292288 8.353510643133473e-07
4.930643519999999 7.140480990513983e-07
4.931994751 2.138898523024757e-08
4.933345983000001 4.151355430859449e-09
4.934697214 4.141883809136031e-09
4.936048445 4.132317382586482e-09
4.937399677 4.122615298957339e-09
4.938750908 4.11280225405174e-09
4.94010214 4.102858284095333e-09
4.941453371 4.0947700968271345e-09
4.942804603 4.086840981815146e-09
4.944155834 4.076162886354414e-09
4.945507066 4.065217518340024e-09
4.9468582969999995 4.053938869355927e-09
4.9482095280000005 4.0423062748865095e-09
4.949560760000001 4.0302293020496425e-09
4.950911991 4.01767135193043e-09
4.952263223 4.004651025243033e-09
4.953614453999999 3.9910803676470405e-09
4.9549656859999995 3.976980414135737e-09
4.9563169170000005 3.962170689432821e-09
4.957668148 3.946686181844737e-09
4.95901938 3.930469853517746e-09
4.960370611 3.913499755377609e-09
4.961721843 3.895752362044367e-09
4.9630730739999995 3.877059616375591e-09
4.964424306 3.857501989796642e-09
4.965775537000001 3.836900450891317e-09
4.967126769 3.815384232614847e-09
4.968478 3.792805614039958e-09
4.969829230999999 3.769131041337816e-09
4.971180463 3.744414054491363e-09
4.972531694000001 3.718503353693154e-09
4.973882926 3.6915651951236582e-09
4.975234157 3.663334558512962e-09
4.976585389 3.6339870914567236e-09
4.97793662 3.603356875634466e-09
4.979287852000001 3.5715441510537792e-09
4.980639083 3.5385583939868008e-09
4.981990314 3.504329713510622e-09
4.983341545999999 3.46899250238775e-09
4.984692777 3.4323393161149635e-09
4.986044009 8.29158932450466e-09
4.98739524 7.370928832266001e-08
4.988746472 1.1972872428793699e-08
4.990097703 3.2751383950442185e-09
4.991448934 3.2332344863626126e-09
4.992800166 3.1904507993157613e-09
4.9941513969999995 3.146711392770392e-09
4.995502629 3.1022941340287005e-09
4.99685386 3.056985914683988e-09
4.998205092 3.0110355022751683e-09
4.999556323 2.964390885625771e-09
5.0009075549999995 2.917503778002369e-09
5.0022587860000005 2.8702774192272605e-09
5.003610017 2.8225584821993323e-09
5.004961249 2.7745070493533967e-09
5.006312479999999 2.7260314275492557e-09
5.007663711999999 2.6774306682199456e-09
5.009014943 2.6314590426249532e-09
5.010366175 2.5825095984393433e-09
5.011717406 2.533472656783556e-09
5.013068637 2.4844295447615034e-09
5.014419869 2.435480026662069e-09
5.0157711 2.386618123365158e-09
5.017122332 2.337981732758789e-09
5.018473563 2.289482649810411e-09
5.019824795000001 2.2412928374078518e-09
5.021176026 2.1933641120600187e-09
5.022527258 2.145818059771989e-09
5.0238784889999994 2.098633292955667e-09
5.0252297200000005 2.0518311126719825e-09
5.026580952000001 2.0054508385987626e-09
5.027932183 1.959468432817056e-09
5.029283415 1.9139891119274473e-09
5.030634646 1.8689178557226426e-09
5.031985878 1.8243447304878202e-09
5.033337109 1.7801711848949022e-09
5.034688341 1.7364774559552397e-09
5.036039572 1.6932373473116037e-09
5.037390803 1.650467810051155e-09
5.038742035 1.6081648446480941e-09
5.0400932659999995 1.5662790247094956e-09
5.041444498 1.5248822771330779e-09
5.042795729000001 1.4838897030150903e-09
5.044146961 1.4434193042321293e-09
5.045498192 1.4033395337850809e-09
5.046849422999999 1.363730422592401e-09
5.048200655 1.3245222777853024e-09
5.049551886000001 1.2857592822702963e-09
5.050903118 1.2474320255590526e-09
5.052254349 1.2095135421124145e-09
5.053605581 2.1839119269493756e-09
5.054956812 6.494194196654769e-08
5.056308044000001 3.773952878567382e-07
5.057659275 3.036317990326016e-07
5.059010506 2.3283754079030956e-08
5.060361737999999 1.2202893617591255e-09
5.061712969 9.560748744344662e-10
5.063064201 9.216578795500507e-10
5.064415432 8.88001964216926e-10
5.065766664 8.54852737820732e-10
5.067117895 8.221895995283153e-10
5.068469126 7.901034781198274e-10
5.069820358 7.585336698968985e-10
5.0711715889999995 7.27627828937104e-10
5.072522821 6.973098887464528e-10
5.073874052 6.676965803302531e-10
5.075225284 6.387264823551915e-10
5.076576515 6.10478522906395e-10
5.0779277469999995 5.835355236994091e-10
5.0792789780000005 5.567681041056053e-10
5.080630209 5.307268358321238e-10
5.081981441 5.054434547443414e-10
5.083332671999999 4.809709141670287e-10
5.084683904 4.5726891565505884e-10
5.086035135 4.344120629445786e-10
5.087386367 4.123502198402608e-10
5.088737598 3.9113167363520316e-10
5.090088829 3.707164369184455e-10
5.091440061 3.511322027911278e-10
5.092791292 3.323575993675713e-10
5.094142524 3.1439444188154583e-10
5.095493755000001 2.9722836372303235e-10
5.096844987000001 2.808384715548826e-10
5.098196218 2.652199684743805e-10
5.09954745 2.503415810857348e-10
