Filter Module   VEGAMAG ABMAG    STMAG  PHOTFLAM         PHOTFNU      Pivot_wave
F070W	A	26.7537	27.0479	27.5964	3.3224e-20	5.5063e-31    0.704
F090W	A	26.9246	27.4433	28.5306	1.4052e-20	3.8256e-31    0.903
F115W	A	26.7979	27.5811	29.2000	7.5861e-21	3.3695e-31    1.154
F140M	A	25.8438	26.9539	29.0017	9.1057e-21	6.0039e-31    1.406
F150W2	A	27.9608	29.1935	31.6005	8.3136e-22	7.6311e-32    1.659
F150W	A	26.6096	27.8205	30.0091	3.6006e-21	2.7027e-31    1.500
F162M	A	25.6517	27.0099	29.3756	6.4527e-21	5.7019e-31    1.628
F164N	A	23.2633	24.6613	27.0498	5.4966e-20	4.9598e-30    1.645
F182M	A	25.7818	27.3461	29.9843	3.6836e-21	4.1838e-31    1.845
F187N	A	23.1335	24.7623	27.4338	3.8592e-20	4.5196e-30    1.874
F200W	A	26.3237	28.0061	30.8069	1.7268e-21	2.2780e-31    1.989
F210M	A	25.2856	27.0719	29.9861	3.6775e-21	5.3855e-31    2.095
F212N	A	23.0596	24.8676	27.8092	2.7310e-20	4.1016e-30    2.122
F250M	A	24.4347	26.5578	29.8588	4.1349e-21	8.6475e-31    2.504
F277W	A	25.6622	27.9488	31.4534	9.5198e-22	2.4014e-31    2.750
F300M	A	24.4835	26.9427	30.6281	2.0359e-21	6.0661e-31    2.989
F322W2	A	26.2031	28.7427	32.5972	3.3200e-22	1.1559e-31    3.231
F323N	A	21.6987	24.3109	28.1692	1.9604e-20	6.8494e-30    3.236
F335M	A	24.4256	27.1108	31.0490	1.3817e-21	5.1963e-31    3.358
F356W	A	25.2161	28.0076	32.0754	5.3686e-22	2.2749e-31    3.564
F360M	A	24.3160	27.1541	31.2585	1.1392e-21	4.9928e-31    3.625
F405N	A	21.3971	24.4851	28.8307	1.0659e-20	5.8337e-30    4.051
F410M	A	24.1132	27.1865	31.5435	8.7620e-22	4.8461e-31    4.072
F430M	A	23.1967	26.3737	30.8400	1.6750e-21	1.0245e-30    4.282
F444W	A	24.8114	28.0016	32.5194	3.5665e-22	2.2874e-31    4.390
F460M	A	22.7885	26.1298	30.7680	1.7898e-21	1.2825e-30    4.636
F466N	A	20.8811	24.2628	28.9100	9.9084e-21	7.1596e-30    4.654
F470N	A	20.7252	24.0957	28.7680	1.1293e-20	8.3506e-30    4.708
F480M	A	22.7385	26.1427	30.8542	1.6532e-21	1.2674e-30    4.794
F070W	B	26.7336	27.0263	27.5713	3.4000e-20	5.6169e-31    0.703
F090W	B	26.9539	27.4706	28.5527	1.3770e-20	3.7305e-31    0.901
F115W	B	26.7809	27.5647	29.1850	7.6915e-21	3.4206e-31    1.155
F140M	B	25.8507	26.9593	29.0052	9.0763e-21	5.9744e-31    1.405
F150W2	B	27.9590	29.1915	31.5984	8.3296e-22	7.6451e-32    1.659
F150W	B	26.6047	27.8171	30.0075	3.6058e-21	2.7113e-31    1.501
F162M	B	25.6536	27.0113	29.3760	6.4503e-21	5.6949e-31    1.627
F164N	B	23.2672	24.6652	27.0533	5.4789e-20	4.9421e-30    1.644
F182M	B	25.7811	27.3452	29.9832	3.6875e-21	4.1873e-31    1.845
F187N	B	23.1268	24.7586	27.4304	3.8710e-20	4.5348e-30    1.874
F200W	B	26.3160	27.9981	30.7988	1.7398e-21	2.2949e-31    1.989
F210M	B	25.2677	27.0546	29.9690	3.7358e-21	5.4724e-31    2.096
F212N	B	23.0342	24.8409	27.7809	2.8030e-20	4.2039e-30    2.121
F250M	B	24.3338	26.4562	29.7564	4.5438e-21	9.4954e-31    2.503
F277W	B	25.5120	27.8174	31.3419	1.0550e-21	2.7104e-31    2.775
F300M	B	24.4096	26.8693	30.5555	2.1768e-21	6.4907e-31    2.990
F322W2	B	26.1782	28.7171	32.5733	3.3938e-22	1.1835e-31    3.233
F323N	B	21.6958	24.3086	28.1675	1.9633e-20	6.8638e-30    3.237
F335M	B	24.3212	27.0125	30.9567	1.5043e-21	5.6884e-31    3.367
F356W	B	25.2210	28.0157	32.0885	5.3040e-22	2.2580e-31    3.572
F360M	B	24.2882	27.1259	31.2297	1.1699e-21	5.1242e-31    3.624
F405N	B	21.5334	24.6209	28.9676	9.3963e-21	5.1478e-30    4.053
F410M	B	24.1090	27.1927	31.5606	8.6253e-22	4.8185e-31    4.092
F430M	B	23.3004	26.4772	30.9425	1.5241e-21	9.3138e-31    4.280
F444W	B	24.9889	28.1331	32.6687	3.1083e-22	2.0266e-31    4.425
F460M	B	22.8750	26.2122	30.8455	1.6665e-21	1.1889e-30    4.625
F466N	B	20.9758	24.3584	29.0057	9.0724e-21	6.5562e-30    4.655
F470N	B	20.8500	24.2208	28.8926	1.0069e-20	7.4420e-30    4.707
F480M	B	23.2413	26.5729	31.3022	1.0942e-21	8.5281e-31    4.870
